1,0,0,-706,706,0,0,-27026,27026,0,0,0,0,1,0
2,520,159,-772,613,0,6088,-29551,23462,0,0,0,0,1,0
3,1041,312,-808,496,0,11942,-30940,18997,0,0,0,0,1,0
4,1562,453,-813,360,0,17337,-31140,13802,0,0,0,0,1,0
5,2083,576,-787,211,0,22066,-30143,8077,0,0,0,0,1,0
6,2604,678,-731,53,0,25947,-27988,2041,0,0,0,0,1,0
7,3125,753,-647,-106,0,28831,-24758,-4073,0,0,0,0,1,0
8,3645,799,-537,-262,0,30607,-20576,-10031,0,0,0,0,1,0
9,4166,815,-407,-407,0,31207,-15603,-15603,0,0,0,0,1,0
10,4687,799,-262,-537,0,30607,-10031,-20576,0,0,0,0,1,0
11,5208,753,-106,-647,0,28831,-4073,-24758,0,0,0,0,1,0
12,5729,678,53,-731,0,25947,2041,-27988,0,0,0,0,1,0
13,6250,576,211,-787,0,22066,8077,-30143,0,0,0,0,1,0
14,6770,453,360,-813,0,17337,13802,-31140,0,0,0,0,1,0
15,7291,312,496,-808,0,11942,18997,-30940,0,0,0,0,1,0
16,7812,159,613,-772,0,6088,23462,-29551,0,0,0,0,1,0
17,8333,0,706,-706,0,0,27026,-27026,0,0,0,0,1,0
18,8854,-159,772,-613,0,-6088,29551,-23462,0,0,0,0,1,0
19,9375,-312,808,-496,0,-11942,30940,-18997,0,0,0,0,1,0
20,9895,-453,813,-360,0,-17337,31140,-13802,0,0,0,0,1,0
21,10416,-576,787,-211,0,-22066,30143,-8077,0,0,0,0,1,0
22,10937,-678,731,-53,0,-25947,27988,-2041,0,0,0,0,1,0
23,11458,-753,647,106,0,-28831,24758,4073,0,0,0,0,1,0
24,11979,-799,537,262,0,-30607,20576,10031,0,0,0,0,1,0
25,12500,-815,407,407,0,-31207,15603,15603,0,0,0,0,1,0
26,13020,-799,262,537,0,-30607,10031,20576,0,0,0,0,1,0
27,13541,-753,106,647,0,-28831,4073,24758,0,0,0,0,1,0
28,14062,-678,-53,731,0,-25947,-2041,27988,0,0,0,0,1,0
29,14583,-576,-211,787,0,-22066,-8077,30143,0,0,0,0,1,0
30,15104,-453,-360,813,0,-17337,-13802,31140,0,0,0,0,1,0
31,15625,-312,-496,808,0,-11942,-18997,30940,0,0,0,0,1,0
32,16145,-159,-613,772,0,-6088,-23462,29551,0,0,0,0,1,0
33,16666,0,-706,706,0,0,-27026,27026,0,0,0,0,1,0
34,17187,159,-772,613,0,6088,-29551,23462,0,0,0,0,1,0
35,17708,312,-808,496,0,11942,-30940,18997,0,0,0,0,1,0
36,18229,453,-813,360,0,17337,-31140,13802,0,0,0,0,1,0
37,18750,576,-787,211,0,22066,-30143,8077,0,0,0,0,1,0
38,19270,678,-731,53,0,25947,-27988,2041,0,0,0,0,1,0
39,19791,753,-647,-106,0,28831,-24758,-4073,0,0,0,0,1,0
40,20312,799,-537,-262,0,30607,-20576,-10031,0,0,0,0,1,0
41,20833,815,-407,-407,0,31207,-15603,-15603,0,0,0,0,1,0
42,21354,799,-262,-537,0,30607,-10031,-20576,0,0,0,0,1,0
43,21875,753,-106,-647,0,28831,-4073,-24758,0,0,0,0,1,0
44,22395,678,53,-731,0,25947,2041,-27988,0,0,0,0,1,0
45,22916,576,211,-787,0,22066,8077,-30143,0,0,0,0,1,0
46,23437,453,360,-813,0,17337,13802,-31140,0,0,0,0,1,0
47,23958,312,496,-808,0,11942,18997,-30940,0,0,0,0,1,0
48,24479,159,613,-772,0,6088,23462,-29551,0,0,0,0,1,0
49,25000,0,706,-706,0,0,27026,-27026,0,0,0,0,1,0
50,25520,-159,772,-613,0,-6088,29551,-23462,0,0,0,0,1,0
51,26041,-312,808,-496,0,-11942,30940,-18997,0,0,0,0,1,0
52,26562,-453,813,-360,0,-17337,31140,-13802,0,0,0,0,1,0
53,27083,-576,787,-211,0,-22066,30143,-8077,0,0,0,0,1,0
54,27604,-678,731,-53,0,-25947,27988,-2041,0,0,0,0,1,0
55,28125,-753,647,106,0,-28831,24758,4073,0,0,0,0,1,0
56,28645,-799,537,262,0,-30607,20576,10031,0,0,0,0,1,0
57,29166,-815,407,407,0,-31207,15603,15603,0,0,0,0,1,0
58,29687,-799,262,537,0,-30607,10031,20576,0,0,0,0,1,0
59,30208,-753,106,647,0,-28831,4073,24758,0,0,0,0,1,0
60,30729,-678,-53,731,0,-25947,-2041,27988,0,0,0,0,1,0
61,31250,-576,-211,787,0,-22066,-8077,30143,0,0,0,0,1,0
62,31770,-453,-360,813,0,-17337,-13802,31140,0,0,0,0,1,0
63,32291,-312,-496,808,0,-11942,-18997,30940,0,0,0,0,1,0
64,32812,-159,-613,772,0,-6088,-23462,29551,0,0,0,0,1,0
65,33333,0,-706,706,0,0,-27026,27026,0,0,0,0,1,0
66,33854,159,-772,613,0,6088,-29551,23462,0,0,0,0,1,0
67,34375,312,-808,496,0,11942,-30940,18997,0,0,0,0,1,0
68,34895,453,-813,360,0,17337,-31140,13802,0,0,0,0,1,0
69,35416,576,-787,211,0,22066,-30143,8077,0,0,0,0,1,0
70,35937,678,-731,53,0,25947,-27988,2041,0,0,0,0,1,0
71,36458,753,-647,-106,0,28831,-24758,-4073,0,0,0,0,1,0
72,36979,799,-537,-262,0,30607,-20576,-10031,0,0,0,0,1,0
73,37500,815,-407,-407,0,31207,-15603,-15603,0,0,0,0,1,0
74,38020,799,-262,-537,0,30607,-10031,-20576,0,0,0,0,1,0
75,38541,753,-106,-647,0,28831,-4073,-24758,0,0,0,0,1,0
76,39062,678,53,-731,0,25947,2041,-27988,0,0,0,0,1,0
77,39583,576,211,-787,0,22066,8077,-30143,0,0,0,0,1,0
78,40104,453,360,-813,0,17337,13802,-31140,0,0,0,0,1,0
79,40625,312,496,-808,0,11942,18997,-30940,0,0,0,0,1,0
80,41145,159,613,-772,0,6088,23462,-29551,0,0,0,0,1,0
81,41666,0,706,-706,0,0,27026,-27026,0,0,0,0,1,0
82,42187,-159,772,-613,0,-6088,29551,-23462,0,0,0,0,1,0
83,42708,-312,808,-496,0,-11942,30940,-18997,0,0,0,0,1,0
84,43229,-453,813,-360,0,-17337,31140,-13802,0,0,0,0,1,0
85,43750,-576,787,-211,0,-22066,30143,-8077,0,0,0,0,1,0
86,44270,-678,731,-53,0,-25947,27988,-2041,0,0,0,0,1,0
87,44791,-753,647,106,0,-28831,24758,4073,0,0,0,0,1,0
88,45312,-799,537,262,0,-30607,20576,10031,0,0,0,0,1,0
89,45833,-815,407,407,0,-31207,15603,15603,0,0,0,0,1,0
90,46354,-799,262,537,0,-30607,10031,20576,0,0,0,0,1,0
91,46875,-753,106,647,0,-28831,4073,24758,0,0,0,0,1,0
92,47395,-678,-53,731,0,-25947,-2041,27988,0,0,0,0,1,0
93,47916,-576,-211,787,0,-22066,-8077,30143,0,0,0,0,1,0
94,48437,-453,-360,813,0,-17337,-13802,31140,0,0,0,0,1,0
95,48958,-312,-496,808,0,-11942,-18997,30940,0,0,0,0,1,0
96,49479,-159,-613,772,0,-6088,-23462,29551,0,0,0,0,1,0
97,50000,16935,-25000,8065,0,0,-4054,4054,0,1,0,0,1,0
98,50520,20331,-25812,5481,0,913,-4433,3519,0,1,0,0,1,0
99,51041,23462,-25889,2427,0,1791,-4641,2850,0,1,0,0,1,0
100,51562,26198,-25226,-972,0,2601,-4671,2070,0,1,0,0,1,0
101,52083,28423,-23841,-4583,0,3310,-4521,1212,0,1,0,0,1,0
102,52604,30043,-21783,-8261,0,3892,-4198,306,0,1,0,0,1,0
103,53125,30986,-19127,-11860,0,4325,-3714,-611,0,1,0,0,1,0
104,53645,31207,-15970,-15237,0,4591,-3086,-1505,0,1,0,0,1,0
105,54166,30687,-12428,-18259,0,4681,-2341,-2340,0,1,0,0,1,0
106,54687,29438,-8634,-20803,0,4591,-1505,-3086,0,1,0,0,1,0
107,55208,27499,-4730,-22769,0,4325,-611,-3714,0,1,0,0,1,0
108,55729,24936,-859,-24077,0,3892,306,-4198,0,1,0,0,1,0
109,56250,21839,2832,-24671,0,3310,1212,-4521,0,1,0,0,1,0
110,56770,18319,6206,-24526,0,2601,2070,-4671,0,1,0,0,1,0
111,57291,14504,9138,-23641,0,1791,2850,-4641,0,1,0,0,1,0
112,57812,10530,11518,-22049,0,913,3519,-4433,0,1,0,0,1,0
113,58333,6545,13260,-19805,0,0,4054,-4054,0,1,0,0,1,0
114,58854,2693,14300,-16992,0,-913,4433,-3519,0,1,0,0,1,0
115,59375,-886,14601,-13715,0,-1791,4641,-2850,0,1,0,0,1,0
116,59895,-4061,14157,-10096,0,-2601,4671,-2070,0,1,0,0,1,0
117,60416,-6717,12987,-6271,0,-3310,4521,-1212,0,1,0,0,1,0
118,60937,-8759,11140,-2382,0,-3892,4198,-306,0,1,0,0,1,0
119,61458,-10116,8691,1424,0,-4325,3714,611,0,1,0,0,1,0
120,61979,-10742,5737,5005,0,-4591,3086,1505,0,1,0,0,1,0
121,62500,-10620,2395,8225,0,-4681,2341,2340,0,1,0,0,1,0
122,63020,-9761,-1204,10965,0,-4591,1505,3086,0,1,0,0,1,0
123,63541,-8205,-4918,13122,0,-4325,611,3714,0,1,0,0,1,0
124,64062,-6017,-8600,14617,0,-3892,-306,4198,0,1,0,0,1,0
125,64583,-3288,-12108,15396,0,-3310,-1212,4521,0,1,0,0,1,0
126,65104,-129,-15301,15430,0,-2601,-2070,4671,0,1,0,0,1,0
127,65625,3333,-18056,14723,0,-1791,-2850,4641,0,1,0,0,1,0
128,66145,6960,-20263,13304,0,-913,-3519,4433,0,1,0,0,1,0
129,66666,10605,-21835,11230,0,0,-4054,4054,0,1,0,0,1,0
130,67187,14124,-22708,8584,0,913,-4433,3519,0,1,0,0,1,0
131,67708,17376,-22846,5471,0,1791,-4641,2850,0,1,0,0,1,0
132,68229,20230,-22242,2012,0,2601,-4671,2070,0,1,0,0,1,0
133,68750,22571,-20915,-1657,0,3310,-4521,1212,0,1,0,0,1,0
134,69270,24305,-18914,-5391,0,3892,-4198,306,0,1,0,0,1,0
135,69791,25360,-16313,-9046,0,4325,-3714,-611,0,1,0,0,1,0
136,70312,25689,-13211,-12478,0,4591,-3086,-1505,0,1,0,0,1,0
137,70833,25277,-9723,-15554,0,4681,-2341,-2340,0,1,0,0,1,0
138,71354,24133,-5982,-18151,0,4591,-1505,-3086,0,1,0,0,1,0
139,71875,22297,-2129,-20169,0,4325,-611,-3714,0,1,0,0,1,0
140,72395,19836,1691,-21527,0,3892,306,-4198,0,1,0,0,1,0
141,72916,16838,5333,-22171,0,3310,1212,-4521,0,1,0,0,1,0
142,73437,13415,8658,-22073,0,2601,2070,-4671,0,1,0,0,1,0
143,73958,9695,11542,-21237,0,1791,2850,-4641,0,1,0,0,1,0
144,74479,5815,13876,-19691,0,913,3519,-4433,0,1,0,0,1,0
145,75000,1921,15572,-17493,0,0,4054,-4054,0,1,0,0,1,0
146,75520,-1841,16567,-14726,0,-913,4433,-3519,0,1,0,0,1,0
147,76041,-5332,16824,-11493,0,-1791,4641,-2850,0,1,0,0,1,0
148,76562,-8420,16337,-7917,0,-2601,4671,-2070,0,1,0,0,1,0
149,77083,-10991,15124,-4133,0,-3310,4521,-1212,0,1,0,0,1,0
150,77604,-12950,13236,-286,0,-3892,4198,-306,0,1,0,0,1,0
151,78125,-14225,10746,3479,0,-4325,3714,611,0,1,0,0,1,0
152,78645,-14772,7752,7020,0,-4591,3086,1505,0,1,0,0,1,0
153,79166,-14571,4371,10201,0,-4681,2341,2340,0,1,0,0,1,0
154,79687,-13636,733,12902,0,-4591,1505,3086,0,1,0,0,1,0
155,80208,-12004,-3018,15022,0,-4325,611,3714,0,1,0,0,1,0
156,80729,-9742,-6738,16480,0,-3892,-306,4198,0,1,0,0,1,0
157,81250,-6941,-10281,17222,0,-3310,-1212,4521,0,1,0,0,1,0
158,81770,-3711,-13510,17221,0,-2601,-2070,4671,0,1,0,0,1,0
159,82291,0,0,0,0,0,0,0,1,0,0,0,0,0
160,82812,0,0,0,0,0,0,0,1,0,0,0,0,0
161,83333,0,0,0,0,0,0,0,1,0,0,0,0,0
162,83854,0,0,0,0,0,0,0,1,0,0,0,0,0
163,84375,0,0,0,0,0,0,0,1,0,0,0,0,0
164,84895,0,0,0,0,0,0,0,1,0,0,0,0,0
165,85416,0,0,0,0,0,0,0,1,0,0,0,0,0
166,85937,0,0,0,0,0,0,0,1,0,0,0,0,0
167,86458,0,0,0,0,0,0,0,1,0,0,0,0,0
168,86979,0,0,0,0,0,0,0,1,0,0,0,0,0
169,87500,0,0,0,0,0,0,0,1,0,0,0,0,0
170,88020,0,0,0,0,0,0,0,1,0,0,0,0,0
171,88541,0,0,0,0,0,0,0,1,0,0,0,0,0
172,89062,0,0,0,0,0,0,0,1,0,0,0,0,0
173,89583,0,0,0,0,0,0,0,1,0,0,0,0,0
174,90104,0,0,0,0,0,0,0,1,0,0,0,0,0
175,90625,0,0,0,0,0,0,0,1,0,0,0,0,0
176,91145,0,0,0,0,0,0,0,1,0,0,0,0,0
177,91666,0,0,0,0,0,0,0,1,0,0,0,0,0
178,92187,0,0,0,0,0,0,0,1,0,0,0,0,0
179,92708,0,0,0,0,0,0,0,1,0,0,0,0,0
180,93229,0,0,0,0,0,0,0,1,0,0,0,0,0
181,93750,0,0,0,0,0,0,0,1,0,0,0,0,0
182,94270,0,0,0,0,0,0,0,1,0,0,0,0,0
183,94791,0,0,0,0,0,0,0,1,0,0,0,0,0
184,95312,0,0,0,0,0,0,0,1,0,0,0,0,0
185,95833,0,0,0,0,0,0,0,1,0,0,0,0,0
186,96354,0,0,0,0,0,0,0,1,0,0,0,0,0
187,96875,0,0,0,0,0,0,0,1,0,0,0,0,0
188,97395,0,0,0,0,0,0,0,1,0,0,0,0,0
189,97916,0,0,0,0,0,0,0,1,0,0,0,0,0
190,98437,0,0,0,0,0,0,0,1,0,0,0,0,0
191,98958,0,0,0,0,0,0,0,1,0,0,0,0,0
192,99479,0,0,0,0,0,0,0,1,0,0,0,0,0
193,100000,0,0,0,0,0,0,0,1,0,0,0,0,0
194,100520,0,0,0,0,0,0,0,1,0,0,0,0,0
195,101041,0,0,0,0,0,0,0,1,0,0,0,0,0
196,101562,0,0,0,0,0,0,0,1,0,0,0,0,0
197,102083,0,0,0,0,0,0,0,1,0,0,0,0,0
198,102604,0,0,0,0,0,0,0,1,0,0,0,0,0
199,103125,0,0,0,0,0,0,0,1,0,0,0,0,0
200,103645,0,0,0,0,0,0,0,1,0,0,0,0,0
201,104166,0,0,0,0,0,0,0,1,0,0,0,0,0
202,104687,0,0,0,0,0,0,0,1,0,0,0,0,0
203,105208,0,0,0,0,0,0,0,1,0,0,0,0,0
204,105729,0,0,0,0,0,0,0,1,0,0,0,0,0
205,106250,0,0,0,0,0,0,0,1,0,0,0,0,0
206,106770,0,0,0,0,0,0,0,1,0,0,0,0,0
207,107291,0,0,0,0,0,0,0,1,0,0,0,0,0
208,107812,0,0,0,0,0,0,0,1,0,0,0,0,0
209,108333,0,0,0,0,0,0,0,1,0,0,0,0,0
210,108854,0,0,0,0,0,0,0,1,0,0,0,0,0
211,109375,0,0,0,0,0,0,0,1,0,0,0,0,0
212,109895,0,0,0,0,0,0,0,1,0,0,0,0,0
213,110416,0,0,0,0,0,0,0,1,0,0,0,0,0
214,110937,0,0,0,0,0,0,0,1,0,0,0,0,0
215,111458,0,0,0,0,0,0,0,1,0,0,0,0,0
216,111979,0,0,0,0,0,0,0,1,0,0,0,0,0
217,112500,0,0,0,0,0,0,0,1,0,0,0,0,0
218,113020,0,0,0,0,0,0,0,1,0,0,0,0,0
219,113541,0,0,0,0,0,0,0,1,0,0,0,0,0
220,114062,0,0,0,0,0,0,0,1,0,0,0,0,0
221,114583,0,0,0,0,0,0,0,1,0,0,0,0,0
222,115104,0,0,0,0,0,0,0,1,0,0,0,0,0
223,115625,0,0,0,0,0,0,0,1,0,0,0,0,0
224,116145,0,0,0,0,0,0,0,1,0,0,0,0,0
225,116666,0,0,0,0,0,0,0,1,0,0,0,0,0
226,117187,0,0,0,0,0,0,0,1,0,0,0,0,0
227,117708,0,0,0,0,0,0,0,1,0,0,0,0,0
228,118229,0,0,0,0,0,0,0,1,0,0,0,0,0
229,118750,0,0,0,0,0,0,0,1,0,0,0,0,0
230,119270,0,0,0,0,0,0,0,1,0,0,0,0,0
231,119791,0,0,0,0,0,0,0,1,0,0,0,0,0
232,120312,0,0,0,0,0,0,0,1,0,0,0,0,0
233,120833,0,0,0,0,0,0,0,1,0,0,0,0,0
234,121354,0,0,0,0,0,0,0,1,0,0,0,0,0
235,121875,0,0,0,0,0,0,0,1,0,0,0,0,0
236,122395,0,0,0,0,0,0,0,1,0,0,0,0,0
237,122916,0,0,0,0,0,0,0,1,0,0,0,0,0
238,123437,0,0,0,0,0,0,0,1,0,0,0,0,0
239,123958,0,0,0,0,0,0,0,1,0,0,0,0,0
240,124479,0,0,0,0,0,0,0,1,0,0,0,0,0
241,125000,0,0,0,0,0,0,0,1,0,0,0,0,0
242,125520,0,0,0,0,0,0,0,1,0,0,0,0,0
243,126041,0,0,0,0,0,0,0,1,0,0,0,0,0
244,126562,0,0,0,0,0,0,0,1,0,0,0,0,0
245,127083,0,0,0,0,0,0,0,1,0,0,0,0,0
246,127604,0,0,0,0,0,0,0,1,0,0,0,0,0
247,128124,0,0,0,0,0,0,0,1,0,0,0,0,0
248,128645,0,0,0,0,0,0,0,1,0,0,0,0,0
249,129166,0,0,0,0,0,0,0,1,0,0,0,0,0
250,129687,0,0,0,0,0,0,0,1,0,0,0,0,0
251,130208,0,0,0,0,0,0,0,1,0,0,0,0,0
252,130729,0,0,0,0,0,0,0,1,0,0,0,0,0
253,131250,0,0,0,0,0,0,0,1,0,0,0,0,0
254,131770,0,0,0,0,0,0,0,1,0,0,0,0,0
255,132291,0,0,0,0,0,0,0,1,0,0,0,0,0
256,132812,0,0,0,0,0,0,0,1,0,0,0,0,0
257,133333,0,0,0,0,0,0,0,1,0,0,0,0,0
258,133854,0,0,0,0,0,0,0,1,0,0,0,0,0
259,134375,0,0,0,0,0,0,0,1,0,0,0,0,0
260,134895,0,0,0,0,0,0,0,1,0,0,0,0,0
261,135416,0,0,0,0,0,0,0,1,0,0,0,0,0
262,135937,0,0,0,0,0,0,0,1,0,0,0,0,0
263,136458,0,0,0,0,0,0,0,1,0,0,0,0,0
264,136979,0,0,0,0,0,0,0,1,0,0,0,0,0
265,137500,0,0,0,0,0,0,0,1,0,0,0,0,0
266,138020,0,0,0,0,0,0,0,1,0,0,0,0,0
267,138541,0,0,0,0,0,0,0,1,0,0,0,0,0
268,139062,0,0,0,0,0,0,0,1,0,0,0,0,0
269,139583,0,0,0,0,0,0,0,1,0,0,0,0,0
270,140104,0,0,0,0,0,0,0,1,0,0,0,0,0
271,140625,0,0,0,0,0,0,0,1,0,0,0,0,0
272,141145,0,0,0,0,0,0,0,1,0,0,0,0,0
273,141666,0,0,0,0,0,0,0,1,0,0,0,0,0
274,142187,0,0,0,0,0,0,0,1,0,0,0,0,0
275,142708,0,0,0,0,0,0,0,1,0,0,0,0,0
276,143229,0,0,0,0,0,0,0,1,0,0,0,0,0
277,143750,0,0,0,0,0,0,0,1,0,0,0,0,0
278,144270,0,0,0,0,0,0,0,1,0,0,0,0,0
279,144791,0,0,0,0,0,0,0,1,0,0,0,0,0
280,145312,0,0,0,0,0,0,0,1,0,0,0,0,0
281,145833,0,0,0,0,0,0,0,1,0,0,0,0,0
282,146354,0,0,0,0,0,0,0,1,0,0,0,0,0
283,146875,0,0,0,0,0,0,0,1,0,0,0,0,0
284,147395,0,0,0,0,0,0,0,1,0,0,0,0,0
285,147916,0,0,0,0,0,0,0,1,0,0,0,0,0
286,148437,0,0,0,0,0,0,0,1,0,0,0,0,0
287,148958,0,0,0,0,0,0,0,1,0,0,0,0,0
288,149479,0,0,0,0,0,0,0,1,0,0,0,0,0
289,150000,0,0,0,0,0,0,0,1,0,0,0,0,0
290,150520,0,0,0,0,0,0,0,1,0,0,0,0,0
291,151041,0,0,0,0,0,0,0,1,0,0,0,0,0
292,151562,0,0,0,0,0,0,0,1,0,0,0,0,0
293,152083,0,0,0,0,0,0,0,1,0,0,0,0,0
294,152604,0,0,0,0,0,0,0,1,0,0,0,0,0
295,153125,0,0,0,0,0,0,0,1,0,0,0,0,0
296,153645,0,0,0,0,0,0,0,1,0,0,0,0,0
297,154166,0,0,0,0,0,0,0,1,0,0,0,0,0
298,154687,0,0,0,0,0,0,0,1,0,0,0,0,0
299,155208,0,0,0,0,0,0,0,1,0,0,0,0,0
300,155729,0,0,0,0,0,0,0,1,0,0,0,0,0
301,156250,0,0,0,0,0,0,0,1,0,0,0,0,0
302,156770,0,0,0,0,0,0,0,1,0,0,0,0,0
303,157291,0,0,0,0,0,0,0,1,0,0,0,0,0
304,157812,0,0,0,0,0,0,0,1,0,0,0,0,0
305,158333,0,0,0,0,0,0,0,1,0,0,0,0,0
306,158854,0,0,0,0,0,0,0,1,0,0,0,0,0
307,159375,0,0,0,0,0,0,0,1,0,0,0,0,0
308,159895,0,0,0,0,0,0,0,1,0,0,0,0,0
309,160416,0,0,0,0,0,0,0,1,0,0,0,0,0
310,160937,0,0,0,0,0,0,0,1,0,0,0,0,0
311,161458,0,0,0,0,0,0,0,1,0,0,0,0,0
312,161979,0,0,0,0,0,0,0,1,0,0,0,0,0
313,162500,0,0,0,0,0,0,0,1,0,0,0,0,0
314,163020,0,0,0,0,0,0,0,1,0,0,0,0,0
315,163541,0,0,0,0,0,0,0,1,0,0,0,0,0
316,164062,0,0,0,0,0,0,0,1,0,0,0,0,0
317,164583,0,0,0,0,0,0,0,1,0,0,0,0,0
318,165104,0,0,0,0,0,0,0,1,0,0,0,0,0
319,165625,0,0,0,0,0,0,0,1,0,0,0,0,0
320,166145,0,0,0,0,0,0,0,1,0,0,0,0,0
321,166666,0,0,0,0,0,0,0,1,0,0,0,0,0
322,167187,0,0,0,0,0,0,0,1,0,0,0,0,0
323,167708,0,0,0,0,0,0,0,1,0,0,0,0,0
324,168229,0,0,0,0,0,0,0,1,0,0,0,0,0
325,168750,0,0,0,0,0,0,0,1,0,0,0,0,0
326,169270,0,0,0,0,0,0,0,1,0,0,0,0,0
327,169791,0,0,0,0,0,0,0,1,0,0,0,0,0
328,170312,0,0,0,0,0,0,0,1,0,0,0,0,0
329,170833,0,0,0,0,0,0,0,1,0,0,0,0,0
330,171354,0,0,0,0,0,0,0,1,0,0,0,0,0
331,171875,0,0,0,0,0,0,0,1,0,0,0,0,0
332,172395,0,0,0,0,0,0,0,1,0,0,0,0,0
333,172916,0,0,0,0,0,0,0,1,0,0,0,0,0
334,173437,0,0,0,0,0,0,0,1,0,0,0,0,0
335,173958,0,0,0,0,0,0,0,1,0,0,0,0,0
336,174479,0,0,0,0,0,0,0,1,0,0,0,0,0
337,175000,0,0,0,0,0,0,0,1,0,0,0,0,0
338,175520,0,0,0,0,0,0,0,1,0,0,0,0,0
339,176041,0,0,0,0,0,0,0,1,0,0,0,0,0
340,176562,0,0,0,0,0,0,0,1,0,0,0,0,0
341,177083,0,0,0,0,0,0,0,1,0,0,0,0,0
342,177604,0,0,0,0,0,0,0,1,0,0,0,0,0
343,178125,0,0,0,0,0,0,0,1,0,0,0,0,0
344,178645,0,0,0,0,0,0,0,1,0,0,0,0,0
345,179166,0,0,0,0,0,0,0,1,0,0,0,0,0
346,179687,0,0,0,0,0,0,0,1,0,0,0,0,0
347,180208,0,0,0,0,0,0,0,1,0,0,0,0,0
348,180729,0,0,0,0,0,0,0,1,0,0,0,0,0
349,181250,0,0,0,0,0,0,0,1,0,0,0,0,0
350,181770,0,0,0,0,0,0,0,1,0,0,0,0,0
351,182291,0,0,0,0,0,0,0,1,0,0,0,0,0
352,182812,0,0,0,0,0,0,0,1,0,0,0,0,0
353,183333,0,0,0,0,0,0,0,1,0,0,0,0,0
354,183854,0,0,0,0,0,0,0,1,0,0,0,0,0
355,184375,0,0,0,0,0,0,0,1,0,0,0,0,0
356,184895,0,0,0,0,0,0,0,1,0,0,0,0,0
357,185416,0,0,0,0,0,0,0,1,0,0,0,0,0
358,185937,0,0,0,0,0,0,0,1,0,0,0,0,0
359,186458,0,0,0,0,0,0,0,1,0,0,0,0,0
360,186979,0,0,0,0,0,0,0,1,0,0,0,0,0
361,187500,0,0,0,0,0,0,0,1,0,0,0,0,0
362,188020,0,0,0,0,0,0,0,1,0,0,0,0,0
363,188541,0,0,0,0,0,0,0,1,0,0,0,0,0
364,189062,0,0,0,0,0,0,0,1,0,0,0,0,0
365,189583,0,0,0,0,0,0,0,1,0,0,0,0,0
366,190104,0,0,0,0,0,0,0,1,0,0,0,0,0
367,190625,0,0,0,0,0,0,0,1,0,0,0,0,0
368,191145,0,0,0,0,0,0,0,1,0,0,0,0,0
369,191666,0,0,0,0,0,0,0,1,0,0,0,0,0
370,192187,0,0,0,0,0,0,0,1,0,0,0,0,0
371,192708,0,0,0,0,0,0,0,1,0,0,0,0,0
372,193229,0,0,0,0,0,0,0,1,0,0,0,0,0
373,193750,0,0,0,0,0,0,0,1,0,0,0,0,0
374,194270,0,0,0,0,0,0,0,1,0,0,0,0,0
375,194791,0,0,0,0,0,0,0,1,0,0,0,0,0
376,195312,0,0,0,0,0,0,0,1,0,0,0,0,0
377,195833,0,0,0,0,0,0,0,1,0,0,0,0,0
378,196354,0,0,0,0,0,0,0,1,0,0,0,0,0
379,196875,0,0,0,0,0,0,0,1,0,0,0,0,0
380,197395,0,0,0,0,0,0,0,1,0,0,0,0,0
381,197916,0,0,0,0,0,0,0,1,0,0,0,0,0
382,198437,0,0,0,0,0,0,0,1,0,0,0,0,0
383,198958,0,0,0,0,0,0,0,1,0,0,0,0,0
384,199479,0,0,0,0,0,0,0,1,0,0,0,0,0
385,200000,0,0,0,0,0,0,0,1,0,0,0,0,0
386,200520,0,0,0,0,0,0,0,1,0,0,0,0,0
387,201041,0,0,0,0,0,0,0,1,0,0,0,0,0
388,201562,0,0,0,0,0,0,0,1,0,0,0,0,0
389,202083,0,0,0,0,0,0,0,1,0,0,0,0,0
390,202604,0,0,0,0,0,0,0,1,0,0,0,0,0
391,203125,0,0,0,0,0,0,0,1,0,0,0,0,0
392,203645,0,0,0,0,0,0,0,1,0,0,0,0,0
393,204166,0,0,0,0,0,0,0,1,0,0,0,0,0
394,204687,0,0,0,0,0,0,0,1,0,0,0,0,0
395,205208,0,0,0,0,0,0,0,1,0,0,0,0,0
396,205729,0,0,0,0,0,0,0,1,0,0,0,0,0
397,206250,0,0,0,0,0,0,0,1,0,0,0,0,0
398,206770,0,0,0,0,0,0,0,1,0,0,0,0,0
399,207291,0,0,0,0,0,0,0,1,0,0,0,0,0
400,207812,0,0,0,0,0,0,0,1,0,0,0,0,0
401,208333,0,0,0,0,0,0,0,1,0,0,0,0,0
402,208854,0,0,0,0,0,0,0,1,0,0,0,0,0
403,209375,0,0,0,0,0,0,0,1,0,0,0,0,0
404,209895,0,0,0,0,0,0,0,1,0,0,0,0,0
405,210416,0,0,0,0,0,0,0,1,0,0,0,0,0
406,210937,0,0,0,0,0,0,0,1,0,0,0,0,0
407,211458,0,0,0,0,0,0,0,1,0,0,0,0,0
408,211979,0,0,0,0,0,0,0,1,0,0,0,0,0
409,212500,0,0,0,0,0,0,0,1,0,0,0,0,0
410,213020,0,0,0,0,0,0,0,1,0,0,0,0,0
411,213541,0,0,0,0,0,0,0,1,0,0,0,0,0
412,214062,0,0,0,0,0,0,0,1,0,0,0,0,0
413,214583,0,0,0,0,0,0,0,1,0,0,0,0,0
414,215104,0,0,0,0,0,0,0,1,0,0,0,0,0
415,215625,0,0,0,0,0,0,0,1,0,0,0,0,0
416,216145,0,0,0,0,0,0,0,1,0,0,0,0,0
417,216666,0,0,0,0,0,0,0,1,0,0,0,0,0
418,217187,0,0,0,0,0,0,0,1,0,0,0,0,0
419,217708,0,0,0,0,0,0,0,1,0,0,0,0,0
420,218229,0,0,0,0,0,0,0,1,0,0,0,0,0
421,218750,0,0,0,0,0,0,0,1,0,0,0,0,0
422,219270,0,0,0,0,0,0,0,1,0,0,0,0,0
423,219791,0,0,0,0,0,0,0,1,0,0,0,0,0
424,220312,0,0,0,0,0,0,0,1,0,0,0,0,0
425,220833,0,0,0,0,0,0,0,1,0,0,0,0,0
426,221354,0,0,0,0,0,0,0,1,0,0,0,0,0
427,221875,0,0,0,0,0,0,0,1,0,0,0,0,0
428,222395,0,0,0,0,0,0,0,1,0,0,0,0,0
429,222916,0,0,0,0,0,0,0,1,0,0,0,0,0
430,223437,0,0,0,0,0,0,0,1,0,0,0,0,0
431,223958,0,0,0,0,0,0,0,1,0,0,0,0,0
432,224479,0,0,0,0,0,0,0,1,0,0,0,0,0
433,225000,0,0,0,0,0,0,0,1,0,0,0,0,0
434,225520,0,0,0,0,0,0,0,1,0,0,0,0,0
435,226041,0,0,0,0,0,0,0,1,0,0,0,0,0
436,226562,0,0,0,0,0,0,0,1,0,0,0,0,0
437,227083,0,0,0,0,0,0,0,1,0,0,0,0,0
438,227604,0,0,0,0,0,0,0,1,0,0,0,0,0
439,228125,0,0,0,0,0,0,0,1,0,0,0,0,0
440,228645,0,0,0,0,0,0,0,1,0,0,0,0,0
441,229166,0,0,0,0,0,0,0,1,0,0,0,0,0
442,229687,0,0,0,0,0,0,0,1,0,0,0,0,0
443,230208,0,0,0,0,0,0,0,1,0,0,0,0,0
444,230729,0,0,0,0,0,0,0,1,0,0,0,0,0
445,231250,0,0,0,0,0,0,0,1,0,0,0,0,0
446,231770,0,0,0,0,0,0,0,1,0,0,0,0,0
447,232291,0,0,0,0,0,0,0,1,0,0,0,0,0
448,232812,0,0,0,0,0,0,0,1,0,0,0,0,0
449,233333,0,0,0,0,0,0,0,1,0,0,0,0,0
450,233854,0,0,0,0,0,0,0,1,0,0,0,0,0
451,234375,0,0,0,0,0,0,0,1,0,0,0,0,0
452,234895,0,0,0,0,0,0,0,1,0,0,0,0,0
453,235416,0,0,0,0,0,0,0,1,0,0,0,0,0
454,235937,0,0,0,0,0,0,0,1,0,0,0,0,0
455,236458,0,0,0,0,0,0,0,1,0,0,0,0,0
456,236979,0,0,0,0,0,0,0,1,0,0,0,0,0
457,237500,0,0,0,0,0,0,0,1,0,0,0,0,0
458,238020,0,0,0,0,0,0,0,1,0,0,0,0,0
459,238541,0,0,0,0,0,0,0,1,0,0,0,0,0
460,239062,0,0,0,0,0,0,0,1,0,0,0,0,0
461,239583,0,0,0,0,0,0,0,1,0,0,0,0,0
462,240104,0,0,0,0,0,0,0,1,0,0,0,0,0
463,240625,0,0,0,0,0,0,0,1,0,0,0,0,0
464,241145,0,0,0,0,0,0,0,1,0,0,0,0,0
465,241666,0,0,0,0,0,0,0,1,0,0,0,0,0
466,242187,0,0,0,0,0,0,0,1,0,0,0,0,0
467,242708,0,0,0,0,0,0,0,1,0,0,0,0,0
468,243229,0,0,0,0,0,0,0,1,0,0,0,0,0
469,243750,0,0,0,0,0,0,0,1,0,0,0,0,0
470,244270,0,0,0,0,0,0,0,1,0,0,0,0,0
471,244791,0,0,0,0,0,0,0,1,0,0,0,0,0
472,245312,0,0,0,0,0,0,0,1,0,0,0,0,0
473,245833,0,0,0,0,0,0,0,1,0,0,0,0,0
474,246354,0,0,0,0,0,0,0,1,0,0,0,0,0
475,246875,0,0,0,0,0,0,0,1,0,0,0,0,0
476,247395,0,0,0,0,0,0,0,1,0,0,0,0,0
477,247916,0,0,0,0,0,0,0,1,0,0,0,0,0
478,248437,0,0,0,0,0,0,0,1,0,0,0,0,0
479,248958,0,0,0,0,0,0,0,1,0,0,0,0,0
480,249479,0,0,0,0,0,0,0,1,0,0,0,0,0
481,250000,0,0,0,0,0,0,0,1,0,0,0,0,0
482,250520,0,0,0,0,0,0,0,1,0,0,0,0,0
483,251041,0,0,0,0,0,0,0,1,0,0,0,0,0
484,251562,0,0,0,0,0,0,0,1,0,0,0,0,0
485,252083,0,0,0,0,0,0,0,1,0,0,0,0,0
486,252604,0,0,0,0,0,0,0,1,0,0,0,0,0
487,253125,0,0,0,0,0,0,0,1,0,0,0,0,0
488,253645,0,0,0,0,0,0,0,1,0,0,0,0,0
489,254166,0,0,0,0,0,0,0,1,0,0,0,0,0
490,254687,0,0,0,0,0,0,0,1,0,0,0,0,0
491,255208,0,0,0,0,0,0,0,1,0,0,0,0,0
492,255729,0,0,0,0,0,0,0,1,0,0,0,0,0
493,256249,0,0,0,0,0,0,0,1,0,0,0,0,0
494,256770,0,0,0,0,0,0,0,1,0,0,0,0,0
495,257291,0,0,0,0,0,0,0,1,0,0,0,0,0
496,257812,0,0,0,0,0,0,0,1,0,0,0,0,0
497,258333,0,0,0,0,0,0,0,1,0,0,0,0,0
498,258854,0,0,0,0,0,0,0,1,0,0,0,0,0
499,259375,0,0,0,0,0,0,0,1,0,0,0,0,0
500,259895,0,0,0,0,0,0,0,1,0,0,0,0,0
501,260416,0,0,0,0,0,0,0,1,0,0,0,0,0
502,260937,0,0,0,0,0,0,0,1,0,0,0,0,0
503,261458,0,0,0,0,0,0,0,1,0,0,0,0,0
504,261979,0,0,0,0,0,0,0,1,0,0,0,0,0
505,262500,0,0,0,0,0,0,0,1,0,0,0,0,0
506,263020,0,0,0,0,0,0,0,1,0,0,0,0,0
507,263541,0,0,0,0,0,0,0,1,0,0,0,0,0
508,264062,0,0,0,0,0,0,0,1,0,0,0,0,0
509,264583,0,0,0,0,0,0,0,1,0,0,0,0,0
510,265104,0,0,0,0,0,0,0,1,0,0,0,0,0
511,265625,0,0,0,0,0,0,0,1,0,0,0,0,0
512,266145,0,0,0,0,0,0,0,1,0,0,0,0,0
513,266666,0,0,0,0,0,0,0,1,0,0,0,0,0
514,267187,0,0,0,0,0,0,0,1,0,0,0,0,0
515,267708,0,0,0,0,0,0,0,1,0,0,0,0,0
516,268229,0,0,0,0,0,0,0,1,0,0,0,0,0
517,268750,0,0,0,0,0,0,0,1,0,0,0,0,0
518,269270,0,0,0,0,0,0,0,1,0,0,0,0,0
519,269791,0,0,0,0,0,0,0,1,0,0,0,0,0
520,270312,0,0,0,0,0,0,0,1,0,0,0,0,0
521,270833,0,0,0,0,0,0,0,1,0,0,0,0,0
522,271354,0,0,0,0,0,0,0,1,0,0,0,0,0
523,271875,0,0,0,0,0,0,0,1,0,0,0,0,0
524,272395,0,0,0,0,0,0,0,1,0,0,0,0,0
525,272916,0,0,0,0,0,0,0,1,0,0,0,0,0
526,273437,0,0,0,0,0,0,0,1,0,0,0,0,0
527,273958,0,0,0,0,0,0,0,1,0,0,0,0,0
528,274479,0,0,0,0,0,0,0,1,0,0,0,0,0
529,275000,0,0,0,0,0,0,0,1,0,0,0,0,0
530,275520,0,0,0,0,0,0,0,1,0,0,0,0,0
531,276041,0,0,0,0,0,0,0,1,0,0,0,0,0
532,276562,0,0,0,0,0,0,0,1,0,0,0,0,0
533,277083,0,0,0,0,0,0,0,1,0,0,0,0,0
534,277604,0,0,0,0,0,0,0,1,0,0,0,0,0
535,278125,0,0,0,0,0,0,0,1,0,0,0,0,0
536,278645,0,0,0,0,0,0,0,1,0,0,0,0,0
537,279166,0,0,0,0,0,0,0,1,0,0,0,0,0
538,279687,0,0,0,0,0,0,0,1,0,0,0,0,0
539,280208,0,0,0,0,0,0,0,1,0,0,0,0,0
540,280729,0,0,0,0,0,0,0,1,0,0,0,0,0
541,281250,0,0,0,0,0,0,0,1,0,0,0,0,0
542,281770,0,0,0,0,0,0,0,1,0,0,0,0,0
543,282291,0,0,0,0,0,0,0,1,0,0,0,0,0
544,282812,0,0,0,0,0,0,0,1,0,0,0,0,0
545,283333,0,0,0,0,0,0,0,1,0,0,0,0,0
546,283854,0,0,0,0,0,0,0,1,0,0,0,0,0
547,284375,0,0,0,0,0,0,0,1,0,0,0,0,0
548,284895,0,0,0,0,0,0,0,1,0,0,0,0,0
549,285416,0,0,0,0,0,0,0,1,0,0,0,0,0
550,285937,0,0,0,0,0,0,0,1,0,0,0,0,0
551,286458,0,0,0,0,0,0,0,1,0,0,0,0,0
552,286979,0,0,0,0,0,0,0,1,0,0,0,0,0
553,287500,0,0,0,0,0,0,0,1,0,0,0,0,0
554,288020,0,0,0,0,0,0,0,1,0,0,0,0,0
555,288541,0,0,0,0,0,0,0,1,0,0,0,0,0
556,289062,0,0,0,0,0,0,0,1,0,0,0,0,0
557,289583,0,0,0,0,0,0,0,1,0,0,0,0,0
558,290104,0,0,0,0,0,0,0,1,0,0,0,0,0
559,290625,0,0,0,0,0,0,0,1,0,0,0,0,0
560,291145,0,0,0,0,0,0,0,1,0,0,0,0,0
561,291666,0,0,0,0,0,0,0,1,0,0,0,0,0
562,292187,0,0,0,0,0,0,0,1,0,0,0,0,0
563,292708,0,0,0,0,0,0,0,1,0,0,0,0,0
564,293229,0,0,0,0,0,0,0,1,0,0,0,0,0
565,293750,0,0,0,0,0,0,0,1,0,0,0,0,0
566,294270,0,0,0,0,0,0,0,1,0,0,0,0,0
567,294791,0,0,0,0,0,0,0,1,0,0,0,0,0
568,295312,0,0,0,0,0,0,0,1,0,0,0,0,0
569,295833,0,0,0,0,0,0,0,1,0,0,0,0,0
570,296354,0,0,0,0,0,0,0,1,0,0,0,0,0
571,296875,0,0,0,0,0,0,0,1,0,0,0,0,0
572,297395,0,0,0,0,0,0,0,1,0,0,0,0,0
573,297916,0,0,0,0,0,0,0,1,0,0,0,0,0
574,298437,0,0,0,0,0,0,0,1,0,0,0,0,0
575,298958,0,0,0,0,0,0,0,1,0,0,0,0,0
576,299479,0,0,0,0,0,0,0,1,0,0,0,0,0
577,300000,0,0,0,0,0,0,0,1,0,0,0,0,0
578,300520,0,0,0,0,0,0,0,1,0,0,0,0,0
579,301041,0,0,0,0,0,0,0,1,0,0,0,0,0
580,301562,0,0,0,0,0,0,0,1,0,0,0,0,0
581,302083,0,0,0,0,0,0,0,1,0,0,0,0,0
582,302604,0,0,0,0,0,0,0,1,0,0,0,0,0
583,303125,0,0,0,0,0,0,0,1,0,0,0,0,0
584,303645,0,0,0,0,0,0,0,1,0,0,0,0,0
585,304166,0,0,0,0,0,0,0,1,0,0,0,0,0
586,304687,0,0,0,0,0,0,0,1,0,0,0,0,0
587,305208,0,0,0,0,0,0,0,1,0,0,0,0,0
588,305729,0,0,0,0,0,0,0,1,0,0,0,0,0
589,306250,0,0,0,0,0,0,0,1,0,0,0,0,0
590,306770,0,0,0,0,0,0,0,1,0,0,0,0,0
591,307291,0,0,0,0,0,0,0,1,0,0,0,0,0
592,307812,0,0,0,0,0,0,0,1,0,0,0,0,0
593,308333,0,0,0,0,0,0,0,1,0,0,0,0,0
594,308854,0,0,0,0,0,0,0,1,0,0,0,0,0
595,309375,0,0,0,0,0,0,0,1,0,0,0,0,0
596,309895,0,0,0,0,0,0,0,1,0,0,0,0,0
597,310416,0,0,0,0,0,0,0,1,0,0,0,0,0
598,310937,0,0,0,0,0,0,0,1,0,0,0,0,0
599,311458,0,0,0,0,0,0,0,1,0,0,0,0,0
600,311979,0,0,0,0,0,0,0,1,0,0,0,0,0
601,312500,0,0,0,0,0,0,0,1,0,0,0,0,0
602,313020,0,0,0,0,0,0,0,1,0,0,0,0,0
603,313541,0,0,0,0,0,0,0,1,0,0,0,0,0
604,314062,0,0,0,0,0,0,0,1,0,0,0,0,0
605,314583,0,0,0,0,0,0,0,1,0,0,0,0,0
606,315104,0,0,0,0,0,0,0,1,0,0,0,0,0
607,315625,0,0,0,0,0,0,0,1,0,0,0,0,0
608,316145,0,0,0,0,0,0,0,1,0,0,0,0,0
609,316666,0,0,0,0,0,0,0,1,0,0,0,0,0
610,317187,0,0,0,0,0,0,0,1,0,0,0,0,0
611,317708,0,0,0,0,0,0,0,1,0,0,0,0,0
612,318229,0,0,0,0,0,0,0,1,0,0,0,0,0
613,318750,0,0,0,0,0,0,0,1,0,0,0,0,0
614,319270,0,0,0,0,0,0,0,1,0,0,0,0,0
615,319791,0,0,0,0,0,0,0,1,0,0,0,0,0
616,320312,0,0,0,0,0,0,0,1,0,0,0,0,0
617,320833,0,0,0,0,0,0,0,1,0,0,0,0,0
618,321354,0,0,0,0,0,0,0,1,0,0,0,0,0
619,321875,0,0,0,0,0,0,0,1,0,0,0,0,0
620,322395,0,0,0,0,0,0,0,1,0,0,0,0,0
621,322916,0,0,0,0,0,0,0,1,0,0,0,0,0
622,323437,0,0,0,0,0,0,0,1,0,0,0,0,0
623,323958,0,0,0,0,0,0,0,1,0,0,0,0,0
624,324479,0,0,0,0,0,0,0,1,0,0,0,0,0
625,325000,0,0,0,0,0,0,0,1,0,0,0,0,0
626,325520,0,0,0,0,0,0,0,1,0,0,0,0,0
627,326041,0,0,0,0,0,0,0,1,0,0,0,0,0
628,326562,0,0,0,0,0,0,0,1,0,0,0,0,0
629,327083,0,0,0,0,0,0,0,1,0,0,0,0,0
630,327604,0,0,0,0,0,0,0,1,0,0,0,0,0
631,328125,0,0,0,0,0,0,0,1,0,0,0,0,0
632,328645,0,0,0,0,0,0,0,1,0,0,0,0,0
633,329166,0,0,0,0,0,0,0,1,0,0,0,0,0
634,329687,0,0,0,0,0,0,0,1,0,0,0,0,0
635,330208,0,0,0,0,0,0,0,1,0,0,0,0,0
636,330729,0,0,0,0,0,0,0,1,0,0,0,0,0
637,331250,0,0,0,0,0,0,0,1,0,0,0,0,0
638,331770,0,0,0,0,0,0,0,1,0,0,0,0,0
639,332291,0,0,0,0,0,0,0,1,0,0,0,0,0
640,332812,0,0,0,0,0,0,0,1,0,0,0,0,0
641,333333,0,0,0,0,0,0,0,1,0,0,0,0,0
642,333854,0,0,0,0,0,0,0,1,0,0,0,0,0
643,334375,0,0,0,0,0,0,0,1,0,0,0,0,0
644,334895,0,0,0,0,0,0,0,1,0,0,0,0,0
645,335416,0,0,0,0,0,0,0,1,0,0,0,0,0
646,335937,0,0,0,0,0,0,0,1,0,0,0,0,0
647,336458,0,0,0,0,0,0,0,1,0,0,0,0,0
648,336979,0,0,0,0,0,0,0,1,0,0,0,0,0
649,337500,0,0,0,0,0,0,0,1,0,0,0,0,0
650,338020,0,0,0,0,0,0,0,1,0,0,0,0,0
651,338541,0,0,0,0,0,0,0,1,0,0,0,0,0
652,339062,0,0,0,0,0,0,0,1,0,0,0,0,0
653,339583,0,0,0,0,0,0,0,1,0,0,0,0,0
654,340104,0,0,0,0,0,0,0,1,0,0,0,0,0
655,340625,0,0,0,0,0,0,0,1,0,0,0,0,0
656,341145,0,0,0,0,0,0,0,1,0,0,0,0,0
657,341666,0,0,0,0,0,0,0,1,0,0,0,0,0
658,342187,0,0,0,0,0,0,0,1,0,0,0,0,0
659,342708,0,0,0,0,0,0,0,1,0,0,0,0,0
660,343229,0,0,0,0,0,0,0,1,0,0,0,0,0
661,343750,0,0,0,0,0,0,0,1,0,0,0,0,0
662,344270,0,0,0,0,0,0,0,1,0,0,0,0,0
663,344791,0,0,0,0,0,0,0,1,0,0,0,0,0
664,345312,0,0,0,0,0,0,0,1,0,0,0,0,0
665,345833,0,0,0,0,0,0,0,1,0,0,0,0,0
666,346354,0,0,0,0,0,0,0,1,0,0,0,0,0
667,346875,0,0,0,0,0,0,0,1,0,0,0,0,0
668,347395,0,0,0,0,0,0,0,1,0,0,0,0,0
669,347916,0,0,0,0,0,0,0,1,0,0,0,0,0
670,348437,0,0,0,0,0,0,0,1,0,0,0,0,0
671,348958,0,0,0,0,0,0,0,1,0,0,0,0,0
672,349479,0,0,0,0,0,0,0,1,0,0,0,0,0
673,350000,0,0,0,0,0,0,0,1,0,0,0,0,0
674,350520,0,0,0,0,0,0,0,1,0,0,0,0,0
675,351041,0,0,0,0,0,0,0,1,0,0,0,0,0
676,351562,0,0,0,0,0,0,0,1,0,0,0,0,0
677,352083,0,0,0,0,0,0,0,1,0,0,0,0,0
678,352604,0,0,0,0,0,0,0,1,0,0,0,0,0
679,353125,0,0,0,0,0,0,0,1,0,0,0,0,0
680,353645,0,0,0,0,0,0,0,1,0,0,0,0,0
681,354166,0,0,0,0,0,0,0,1,0,0,0,0,0
682,354687,0,0,0,0,0,0,0,1,0,0,0,0,0
683,355208,0,0,0,0,0,0,0,1,0,0,0,0,0
684,355729,0,0,0,0,0,0,0,1,0,0,0,0,0
685,356250,0,0,0,0,0,0,0,1,0,0,0,0,0
686,356770,0,0,0,0,0,0,0,1,0,0,0,0,0
687,357291,0,0,0,0,0,0,0,1,0,0,0,0,0
688,357812,0,0,0,0,0,0,0,1,0,0,0,0,0
689,358333,0,0,0,0,0,0,0,1,0,0,0,0,0
690,358854,0,0,0,0,0,0,0,1,0,0,0,0,0
691,359375,0,0,0,0,0,0,0,1,0,0,0,0,0
692,359895,0,0,0,0,0,0,0,1,0,0,0,0,0
693,360416,0,0,0,0,0,0,0,1,0,0,0,0,0
694,360937,0,0,0,0,0,0,0,1,0,0,0,0,0
695,361458,0,0,0,0,0,0,0,1,0,0,0,0,0
696,361979,0,0,0,0,0,0,0,1,0,0,0,0,0
697,362500,0,0,0,0,0,0,0,1,0,0,0,0,0
698,363020,0,0,0,0,0,0,0,1,0,0,0,0,0
699,363541,0,0,0,0,0,0,0,1,0,0,0,0,0
700,364062,0,0,0,0,0,0,0,1,0,0,0,0,0
701,364583,0,0,0,0,0,0,0,1,0,0,0,0,0
702,365104,0,0,0,0,0,0,0,1,0,0,0,0,0
703,365625,0,0,0,0,0,0,0,1,0,0,0,0,0
704,366145,0,0,0,0,0,0,0,1,0,0,0,0,0
705,366666,0,0,0,0,0,0,0,1,0,0,0,0,0
706,367187,0,0,0,0,0,0,0,1,0,0,0,0,0
707,367708,0,0,0,0,0,0,0,1,0,0,0,0,0
708,368229,0,0,0,0,0,0,0,1,0,0,0,0,0
709,368750,0,0,0,0,0,0,0,1,0,0,0,0,0
710,369270,0,0,0,0,0,0,0,1,0,0,0,0,0
711,369791,0,0,0,0,0,0,0,1,0,0,0,0,0
712,370312,0,0,0,0,0,0,0,1,0,0,0,0,0
713,370833,0,0,0,0,0,0,0,1,0,0,0,0,0
714,371354,0,0,0,0,0,0,0,1,0,0,0,0,0
715,371875,0,0,0,0,0,0,0,1,0,0,0,0,0
716,372395,0,0,0,0,0,0,0,1,0,0,0,0,0
717,372916,0,0,0,0,0,0,0,1,0,0,0,0,0
718,373437,0,0,0,0,0,0,0,1,0,0,0,0,0
719,373958,0,0,0,0,0,0,0,1,0,0,0,0,0
720,374479,0,0,0,0,0,0,0,1,0,0,0,0,0
721,375000,0,0,0,0,0,0,0,1,0,0,0,0,0
722,375520,0,0,0,0,0,0,0,1,0,0,0,0,0
723,376041,0,0,0,0,0,0,0,1,0,0,0,0,0
724,376562,0,0,0,0,0,0,0,1,0,0,0,0,0
725,377083,0,0,0,0,0,0,0,1,0,0,0,0,0
726,377604,0,0,0,0,0,0,0,1,0,0,0,0,0
727,378125,0,0,0,0,0,0,0,1,0,0,0,0,0
728,378645,0,0,0,0,0,0,0,1,0,0,0,0,0
729,379166,0,0,0,0,0,0,0,1,0,0,0,0,0
730,379687,0,0,0,0,0,0,0,1,0,0,0,0,0
731,380208,0,0,0,0,0,0,0,1,0,0,0,0,0
732,380729,0,0,0,0,0,0,0,1,0,0,0,0,0
733,381250,0,0,0,0,0,0,0,1,0,0,0,0,0
734,381770,0,0,0,0,0,0,0,1,0,0,0,0,0
735,382291,0,0,0,0,0,0,0,1,0,0,0,0,0
736,382812,0,0,0,0,0,0,0,1,0,0,0,0,0
737,383333,0,0,0,0,0,0,0,1,0,0,0,0,0
738,383854,0,0,0,0,0,0,0,1,0,0,0,0,0
739,384375,0,0,0,0,0,0,0,1,0,0,0,0,0
740,384895,0,0,0,0,0,0,0,1,0,0,0,0,0
741,385416,0,0,0,0,0,0,0,1,0,0,0,0,0
742,385937,0,0,0,0,0,0,0,1,0,0,0,0,0
743,386458,0,0,0,0,0,0,0,1,0,0,0,0,0
744,386979,0,0,0,0,0,0,0,1,0,0,0,0,0
745,387500,0,0,0,0,0,0,0,1,0,0,0,0,0
746,388020,0,0,0,0,0,0,0,1,0,0,0,0,0
747,388541,0,0,0,0,0,0,0,1,0,0,0,0,0
748,389062,0,0,0,0,0,0,0,1,0,0,0,0,0
749,389583,0,0,0,0,0,0,0,1,0,0,0,0,0
750,390104,0,0,0,0,0,0,0,1,0,0,0,0,0
751,390625,0,0,0,0,0,0,0,1,0,0,0,0,0
752,391145,0,0,0,0,0,0,0,1,0,0,0,0,0
753,391666,0,0,0,0,0,0,0,1,0,0,0,0,0
754,392187,0,0,0,0,0,0,0,1,0,0,0,0,0
755,392708,0,0,0,0,0,0,0,1,0,0,0,0,0
756,393229,0,0,0,0,0,0,0,1,0,0,0,0,0
757,393750,0,0,0,0,0,0,0,1,0,0,0,0,0
758,394270,0,0,0,0,0,0,0,1,0,0,0,0,0
759,394791,0,0,0,0,0,0,0,1,0,0,0,0,0
760,395312,0,0,0,0,0,0,0,1,0,0,0,0,0
761,395833,0,0,0,0,0,0,0,1,0,0,0,0,0
762,396354,0,0,0,0,0,0,0,1,0,0,0,0,0
763,396875,0,0,0,0,0,0,0,1,0,0,0,0,0
764,397395,0,0,0,0,0,0,0,1,0,0,0,0,0
765,397916,0,0,0,0,0,0,0,1,0,0,0,0,0
766,398437,0,0,0,0,0,0,0,1,0,0,0,0,0
767,398958,0,0,0,0,0,0,0,1,0,0,0,0,0
768,399479,0,0,0,0,0,0,0,1,0,0,0,0,0
769,400000,0,0,0,0,0,0,0,1,0,0,0,0,0
770,400520,0,0,0,0,0,0,0,1,0,0,0,0,0
771,401041,0,0,0,0,0,0,0,1,0,0,0,0,0
772,401562,0,0,0,0,0,0,0,1,0,0,0,0,0
773,402083,0,0,0,0,0,0,0,1,0,0,0,0,0
774,402604,0,0,0,0,0,0,0,1,0,0,0,0,0
775,403125,0,0,0,0,0,0,0,1,0,0,0,0,0
776,403645,0,0,0,0,0,0,0,1,0,0,0,0,0
777,404166,0,0,0,0,0,0,0,1,0,0,0,0,0
778,404687,0,0,0,0,0,0,0,1,0,0,0,0,0
779,405208,0,0,0,0,0,0,0,1,0,0,0,0,0
780,405729,0,0,0,0,0,0,0,1,0,0,0,0,0
781,406250,0,0,0,0,0,0,0,1,0,0,0,0,0
782,406770,0,0,0,0,0,0,0,1,0,0,0,0,0
783,407291,0,0,0,0,0,0,0,1,0,0,0,0,0
784,407812,0,0,0,0,0,0,0,1,0,0,0,0,0
785,408333,0,0,0,0,0,0,0,1,0,0,0,0,0
786,408854,0,0,0,0,0,0,0,1,0,0,0,0,0
787,409375,0,0,0,0,0,0,0,1,0,0,0,0,0
788,409895,0,0,0,0,0,0,0,1,0,0,0,0,0
789,410416,0,0,0,0,0,0,0,1,0,0,0,0,0
790,410937,0,0,0,0,0,0,0,1,0,0,0,0,0
791,411458,0,0,0,0,0,0,0,1,0,0,0,0,0
792,411979,0,0,0,0,0,0,0,1,0,0,0,0,0
793,412500,0,0,0,0,0,0,0,1,0,0,0,0,0
794,413020,0,0,0,0,0,0,0,1,0,0,0,0,0
795,413541,0,0,0,0,0,0,0,1,0,0,0,0,0
796,414062,0,0,0,0,0,0,0,1,0,0,0,0,0
797,414583,0,0,0,0,0,0,0,1,0,0,0,0,0
798,415104,0,0,0,0,0,0,0,1,0,0,0,0,0
799,415625,0,0,0,0,0,0,0,1,0,0,0,0,0
800,416145,0,0,0,0,0,0,0,1,0,0,0,0,0
801,416666,0,0,0,0,0,0,0,1,0,0,0,0,0
802,417187,0,0,0,0,0,0,0,1,0,0,0,0,0
803,417708,0,0,0,0,0,0,0,1,0,0,0,0,0
804,418229,0,0,0,0,0,0,0,1,0,0,0,0,0
805,418750,0,0,0,0,0,0,0,1,0,0,0,0,0
806,419270,0,0,0,0,0,0,0,1,0,0,0,0,0
807,419791,0,0,0,0,0,0,0,1,0,0,0,0,0
808,420312,0,0,0,0,0,0,0,1,0,0,0,0,0
809,420833,0,0,0,0,0,0,0,1,0,0,0,0,0
810,421354,0,0,0,0,0,0,0,1,0,0,0,0,0
811,421875,0,0,0,0,0,0,0,1,0,0,0,0,0
812,422395,0,0,0,0,0,0,0,1,0,0,0,0,0
813,422916,0,0,0,0,0,0,0,1,0,0,0,0,0
814,423437,0,0,0,0,0,0,0,1,0,0,0,0,0
815,423958,0,0,0,0,0,0,0,1,0,0,0,0,0
816,424479,0,0,0,0,0,0,0,1,0,0,0,0,0
817,425000,0,0,0,0,0,0,0,1,0,0,0,0,0
818,425520,0,0,0,0,0,0,0,1,0,0,0,0,0
819,426041,0,0,0,0,0,0,0,1,0,0,0,0,0
820,426562,0,0,0,0,0,0,0,1,0,0,0,0,0
821,427083,0,0,0,0,0,0,0,1,0,0,0,0,0
822,427604,0,0,0,0,0,0,0,1,0,0,0,0,0
823,428125,0,0,0,0,0,0,0,1,0,0,0,0,0
824,428645,0,0,0,0,0,0,0,1,0,0,0,0,0
825,429166,0,0,0,0,0,0,0,1,0,0,0,0,0
826,429687,0,0,0,0,0,0,0,1,0,0,0,0,0
827,430208,0,0,0,0,0,0,0,1,0,0,0,0,0
828,430729,0,0,0,0,0,0,0,1,0,0,0,0,0
829,431250,0,0,0,0,0,0,0,1,0,0,0,0,0
830,431770,0,0,0,0,0,0,0,1,0,0,0,0,0
831,432291,0,0,0,0,0,0,0,1,0,0,0,0,0
832,432812,0,0,0,0,0,0,0,1,0,0,0,0,0
833,433333,0,0,0,0,0,0,0,1,0,0,0,0,0
834,433854,0,0,0,0,0,0,0,1,0,0,0,0,0
835,434375,0,0,0,0,0,0,0,1,0,0,0,0,0
836,434895,0,0,0,0,0,0,0,1,0,0,0,0,0
837,435416,0,0,0,0,0,0,0,1,0,0,0,0,0
838,435937,0,0,0,0,0,0,0,1,0,0,0,0,0
839,436458,0,0,0,0,0,0,0,1,0,0,0,0,0
840,436979,0,0,0,0,0,0,0,1,0,0,0,0,0
841,437500,0,0,0,0,0,0,0,1,0,0,0,0,0
842,438020,0,0,0,0,0,0,0,1,0,0,0,0,0
843,438541,0,0,0,0,0,0,0,1,0,0,0,0,0
844,439062,0,0,0,0,0,0,0,1,0,0,0,0,0
845,439583,0,0,0,0,0,0,0,1,0,0,0,0,0
846,440104,0,0,0,0,0,0,0,1,0,0,0,0,0
847,440625,0,0,0,0,0,0,0,1,0,0,0,0,0
848,441145,0,0,0,0,0,0,0,1,0,0,0,0,0
849,441666,0,0,0,0,0,0,0,1,0,0,0,0,0
850,442187,0,0,0,0,0,0,0,1,0,0,0,0,0
851,442708,0,0,0,0,0,0,0,1,0,0,0,0,0
852,443229,0,0,0,0,0,0,0,1,0,0,0,0,0
853,443750,0,0,0,0,0,0,0,1,0,0,0,0,0
854,444270,0,0,0,0,0,0,0,1,0,0,0,0,0
855,444791,0,0,0,0,0,0,0,1,0,0,0,0,0
856,445312,0,0,0,0,0,0,0,1,0,0,0,0,0
857,445833,0,0,0,0,0,0,0,1,0,0,0,0,0
858,446354,0,0,0,0,0,0,0,1,0,0,0,0,0
859,446875,0,0,0,0,0,0,0,1,0,0,0,0,0
860,447395,0,0,0,0,0,0,0,1,0,0,0,0,0
861,447916,0,0,0,0,0,0,0,1,0,0,0,0,0
862,448437,0,0,0,0,0,0,0,1,0,0,0,0,0
863,448958,0,0,0,0,0,0,0,1,0,0,0,0,0
864,449479,0,0,0,0,0,0,0,1,0,0,0,0,0
865,450000,0,0,0,0,0,0,0,1,0,0,0,0,0
866,450520,0,0,0,0,0,0,0,1,0,0,0,0,0
867,451041,0,0,0,0,0,0,0,1,0,0,0,0,0
868,451562,0,0,0,0,0,0,0,1,0,0,0,0,0
869,452083,0,0,0,0,0,0,0,1,0,0,0,0,0
870,452604,0,0,0,0,0,0,0,1,0,0,0,0,0
871,453125,0,0,0,0,0,0,0,1,0,0,0,0,0
872,453645,0,0,0,0,0,0,0,1,0,0,0,0,0
873,454166,0,0,0,0,0,0,0,1,0,0,0,0,0
874,454687,0,0,0,0,0,0,0,1,0,0,0,0,0
875,455208,0,0,0,0,0,0,0,1,0,0,0,0,0
876,455729,0,0,0,0,0,0,0,1,0,0,0,0,0
877,456250,0,0,0,0,0,0,0,1,0,0,0,0,0
878,456770,0,0,0,0,0,0,0,1,0,0,0,0,0
879,457291,0,0,0,0,0,0,0,1,0,0,0,0,0
880,457812,0,0,0,0,0,0,0,1,0,0,0,0,0
881,458333,0,0,0,0,0,0,0,1,0,0,0,0,0
882,458854,0,0,0,0,0,0,0,1,0,0,0,0,0
883,459375,0,0,0,0,0,0,0,1,0,0,0,0,0
884,459895,0,0,0,0,0,0,0,1,0,0,0,0,0
885,460416,0,0,0,0,0,0,0,1,0,0,0,0,0
886,460937,0,0,0,0,0,0,0,1,0,0,0,0,0
887,461458,0,0,0,0,0,0,0,1,0,0,0,0,0
888,461979,0,0,0,0,0,0,0,1,0,0,0,0,0
889,462500,0,0,0,0,0,0,0,1,0,0,0,0,0
890,463020,0,0,0,0,0,0,0,1,0,0,0,0,0
891,463541,0,0,0,0,0,0,0,1,0,0,0,0,0
892,464062,0,0,0,0,0,0,0,1,0,0,0,0,0
893,464583,0,0,0,0,0,0,0,1,0,0,0,0,0
894,465104,0,0,0,0,0,0,0,1,0,0,0,0,0
895,465625,0,0,0,0,0,0,0,1,0,0,0,0,0
896,466145,0,0,0,0,0,0,0,1,0,0,0,0,0
897,466666,0,0,0,0,0,0,0,1,0,0,0,0,0
898,467187,0,0,0,0,0,0,0,1,0,0,0,0,0
899,467708,0,0,0,0,0,0,0,1,0,0,0,0,0
900,468229,0,0,0,0,0,0,0,1,0,0,0,0,0
901,468750,0,0,0,0,0,0,0,1,0,0,0,0,0
902,469270,0,0,0,0,0,0,0,1,0,0,0,0,0
903,469791,0,0,0,0,0,0,0,1,0,0,0,0,0
904,470312,0,0,0,0,0,0,0,1,0,0,0,0,0
905,470833,0,0,0,0,0,0,0,1,0,0,0,0,0
906,471354,0,0,0,0,0,0,0,1,0,0,0,0,0
907,471875,0,0,0,0,0,0,0,1,0,0,0,0,0
908,472395,0,0,0,0,0,0,0,1,0,0,0,0,0
909,472916,0,0,0,0,0,0,0,1,0,0,0,0,0
910,473437,0,0,0,0,0,0,0,1,0,0,0,0,0
911,473958,0,0,0,0,0,0,0,1,0,0,0,0,0
912,474479,0,0,0,0,0,0,0,1,0,0,0,0,0
913,475000,0,0,0,0,0,0,0,1,0,0,0,0,0
914,475520,0,0,0,0,0,0,0,1,0,0,0,0,0
915,476041,0,0,0,0,0,0,0,1,0,0,0,0,0
916,476562,0,0,0,0,0,0,0,1,0,0,0,0,0
917,477083,0,0,0,0,0,0,0,1,0,0,0,0,0
918,477604,0,0,0,0,0,0,0,1,0,0,0,0,0
919,478125,0,0,0,0,0,0,0,1,0,0,0,0,0
920,478645,0,0,0,0,0,0,0,1,0,0,0,0,0
921,479166,0,0,0,0,0,0,0,1,0,0,0,0,0
922,479687,0,0,0,0,0,0,0,1,0,0,0,0,0
923,480208,0,0,0,0,0,0,0,1,0,0,0,0,0
924,480729,0,0,0,0,0,0,0,1,0,0,0,0,0
925,481250,0,0,0,0,0,0,0,1,0,0,0,0,0
926,481770,0,0,0,0,0,0,0,1,0,0,0,0,0
927,482291,0,0,0,0,0,0,0,1,0,0,0,0,0
928,482812,0,0,0,0,0,0,0,1,0,0,0,0,0
929,483333,0,0,0,0,0,0,0,1,0,0,0,0,0
930,483854,0,0,0,0,0,0,0,1,0,0,0,0,0
931,484375,0,0,0,0,0,0,0,1,0,0,0,0,0
932,484895,0,0,0,0,0,0,0,1,0,0,0,0,0
933,485416,0,0,0,0,0,0,0,1,0,0,0,0,0
934,485937,0,0,0,0,0,0,0,1,0,0,0,0,0
935,486458,0,0,0,0,0,0,0,1,0,0,0,0,0
936,486979,0,0,0,0,0,0,0,1,0,0,0,0,0
937,487500,0,0,0,0,0,0,0,1,0,0,0,0,0
938,488020,0,0,0,0,0,0,0,1,0,0,0,0,0
939,488541,0,0,0,0,0,0,0,1,0,0,0,0,0
940,489062,0,0,0,0,0,0,0,1,0,0,0,0,0
941,489583,0,0,0,0,0,0,0,1,0,0,0,0,0
942,490104,0,0,0,0,0,0,0,1,0,0,0,0,0
943,490625,0,0,0,0,0,0,0,1,0,0,0,0,0
944,491145,0,0,0,0,0,0,0,1,0,0,0,0,0
945,491666,0,0,0,0,0,0,0,1,0,0,0,0,0
946,492187,0,0,0,0,0,0,0,1,0,0,0,0,0
947,492708,0,0,0,0,0,0,0,1,0,0,0,0,0
948,493229,0,0,0,0,0,0,0,1,0,0,0,0,0
949,493750,0,0,0,0,0,0,0,1,0,0,0,0,0
950,494270,0,0,0,0,0,0,0,1,0,0,0,0,0
951,494791,0,0,0,0,0,0,0,1,0,0,0,0,0
952,495312,0,0,0,0,0,0,0,1,0,0,0,0,0
953,495833,0,0,0,0,0,0,0,1,0,0,0,0,0
954,496354,0,0,0,0,0,0,0,1,0,0,0,0,0
955,496875,0,0,0,0,0,0,0,1,0,0,0,0,0
956,497395,0,0,0,0,0,0,0,1,0,0,0,0,0
957,497916,0,0,0,0,0,0,0,1,0,0,0,0,0
958,498437,0,0,0,0,0,0,0,1,0,0,0,0,0
959,498958,0,0,0,0,0,0,0,1,0,0,0,0,0
960,499479,0,0,0,0,0,0,0,1,0,0,0,0,0
961,500000,0,0,0,0,0,0,0,1,0,0,0,0,0
962,500520,0,0,0,0,0,0,0,1,0,0,0,0,0
963,501041,0,0,0,0,0,0,0,1,0,0,0,0,0
964,501562,0,0,0,0,0,0,0,1,0,0,0,0,0
965,502083,0,0,0,0,0,0,0,1,0,0,0,0,0
966,502604,0,0,0,0,0,0,0,1,0,0,0,0,0
967,503125,0,0,0,0,0,0,0,1,0,0,0,0,0
968,503645,0,0,0,0,0,0,0,1,0,0,0,0,0
969,504166,0,0,0,0,0,0,0,1,0,0,0,0,0
970,504687,0,0,0,0,0,0,0,1,0,0,0,0,0
971,505208,0,0,0,0,0,0,0,1,0,0,0,0,0
972,505729,0,0,0,0,0,0,0,1,0,0,0,0,0
973,506250,0,0,0,0,0,0,0,1,0,0,0,0,0
974,506770,0,0,0,0,0,0,0,1,0,0,0,0,0
975,507291,0,0,0,0,0,0,0,1,0,0,0,0,0
976,507812,0,0,0,0,0,0,0,1,0,0,0,0,0
977,508333,0,0,0,0,0,0,0,1,0,0,0,0,0
978,508854,0,0,0,0,0,0,0,1,0,0,0,0,0
979,509375,0,0,0,0,0,0,0,1,0,0,0,0,0
980,509895,0,0,0,0,0,0,0,1,0,0,0,0,0
981,510416,0,0,0,0,0,0,0,1,0,0,0,0,0
982,510937,0,0,0,0,0,0,0,1,0,0,0,0,0
983,511458,0,0,0,0,0,0,0,1,0,0,0,0,0
984,511979,0,0,0,0,0,0,0,1,0,0,0,0,0
985,512499,0,0,0,0,0,0,0,1,0,0,0,0,0
986,513020,0,0,0,0,0,0,0,1,0,0,0,0,0
987,513541,0,0,0,0,0,0,0,1,0,0,0,0,0
988,514062,0,0,0,0,0,0,0,1,0,0,0,0,0
989,514583,0,0,0,0,0,0,0,1,0,0,0,0,0
990,515104,0,0,0,0,0,0,0,1,0,0,0,0,0
991,515625,0,0,0,0,0,0,0,1,0,0,0,0,0
992,516145,0,0,0,0,0,0,0,1,0,0,0,0,0
993,516666,0,0,0,0,0,0,0,1,0,0,0,0,0
994,517187,0,0,0,0,0,0,0,1,0,0,0,0,0
995,517708,0,0,0,0,0,0,0,1,0,0,0,0,0
996,518229,0,0,0,0,0,0,0,1,0,0,0,0,0
997,518750,0,0,0,0,0,0,0,1,0,0,0,0,0
998,519270,0,0,0,0,0,0,0,1,0,0,0,0,0
999,519791,0,0,0,0,0,0,0,1,0,0,0,0,0
1000,520312,0,0,0,0,0,0,0,1,0,0,0,0,0
1001,520833,0,0,0,0,0,0,0,1,0,0,0,0,0
1002,521354,0,0,0,0,0,0,0,1,0,0,0,0,0
1003,521875,0,0,0,0,0,0,0,1,0,0,0,0,0
1004,522395,0,0,0,0,0,0,0,1,0,0,0,0,0
1005,522916,0,0,0,0,0,0,0,1,0,0,0,0,0
1006,523437,0,0,0,0,0,0,0,1,0,0,0,0,0
1007,523958,0,0,0,0,0,0,0,1,0,0,0,0,0
1008,524479,0,0,0,0,0,0,0,1,0,0,0,0,0
1009,525000,0,0,0,0,0,0,0,1,0,0,0,0,0
1010,525520,0,0,0,0,0,0,0,1,0,0,0,0,0
1011,526041,0,0,0,0,0,0,0,1,0,0,0,0,0
1012,526562,0,0,0,0,0,0,0,1,0,0,0,0,0
1013,527083,0,0,0,0,0,0,0,1,0,0,0,0,0
1014,527604,0,0,0,0,0,0,0,1,0,0,0,0,0
1015,528125,0,0,0,0,0,0,0,1,0,0,0,0,0
1016,528645,0,0,0,0,0,0,0,1,0,0,0,0,0
1017,529166,0,0,0,0,0,0,0,1,0,0,0,0,0
1018,529687,0,0,0,0,0,0,0,1,0,0,0,0,0
1019,530208,0,0,0,0,0,0,0,1,0,0,0,0,0
1020,530729,0,0,0,0,0,0,0,1,0,0,0,0,0
1021,531250,0,0,0,0,0,0,0,1,0,0,0,0,0
1022,531770,0,0,0,0,0,0,0,1,0,0,0,0,0
1023,532291,0,0,0,0,0,0,0,1,0,0,0,0,0
1024,532812,0,0,0,0,0,0,0,1,0,0,0,0,0
1025,533333,0,0,0,0,0,0,0,1,0,0,0,0,0
1026,533854,0,0,0,0,0,0,0,1,0,0,0,0,0
1027,534375,0,0,0,0,0,0,0,1,0,0,0,0,0
1028,534895,0,0,0,0,0,0,0,1,0,0,0,0,0
1029,535416,0,0,0,0,0,0,0,1,0,0,0,0,0
1030,535937,0,0,0,0,0,0,0,1,0,0,0,0,0
1031,536458,0,0,0,0,0,0,0,1,0,0,0,0,0
1032,536979,0,0,0,0,0,0,0,1,0,0,0,0,0
1033,537500,0,0,0,0,0,0,0,1,0,0,0,0,0
1034,538020,0,0,0,0,0,0,0,1,0,0,0,0,0
1035,538541,0,0,0,0,0,0,0,1,0,0,0,0,0
1036,539062,0,0,0,0,0,0,0,1,0,0,0,0,0
1037,539583,0,0,0,0,0,0,0,1,0,0,0,0,0
1038,540104,0,0,0,0,0,0,0,1,0,0,0,0,0
1039,540625,0,0,0,0,0,0,0,1,0,0,0,0,0
1040,541145,0,0,0,0,0,0,0,1,0,0,0,0,0
1041,541666,0,0,0,0,0,0,0,1,0,0,0,0,0
1042,542187,0,0,0,0,0,0,0,1,0,0,0,0,0
1043,542708,0,0,0,0,0,0,0,1,0,0,0,0,0
1044,543229,0,0,0,0,0,0,0,1,0,0,0,0,0
1045,543750,0,0,0,0,0,0,0,1,0,0,0,0,0
1046,544270,0,0,0,0,0,0,0,1,0,0,0,0,0
1047,544791,0,0,0,0,0,0,0,1,0,0,0,0,0
1048,545312,0,0,0,0,0,0,0,1,0,0,0,0,0
1049,545833,0,0,0,0,0,0,0,1,0,0,0,0,0
1050,546354,0,0,0,0,0,0,0,1,0,0,0,0,0
1051,546875,0,0,0,0,0,0,0,1,0,0,0,0,0
1052,547395,0,0,0,0,0,0,0,1,0,0,0,0,0
1053,547916,0,0,0,0,0,0,0,1,0,0,0,0,0
1054,548437,0,0,0,0,0,0,0,1,0,0,0,0,0
1055,548958,-312,-496,808,0,-11942,-18997,30940,0,0,0,1,1,0
1056,549479,-159,-613,772,0,-6088,-23462,29551,0,0,0,1,1,0
1057,550000,0,-706,706,0,0,-27026,27026,0,0,0,1,1,0
1058,550520,159,-772,613,0,6088,-29551,23462,0,0,0,1,1,0
1059,551041,312,-808,496,0,11942,-30940,18997,0,0,0,1,1,0
1060,551562,453,-813,360,0,17337,-31140,13802,0,0,0,1,1,0
1061,552083,576,-787,211,0,22066,-30143,8077,0,0,0,1,1,0
1062,552604,678,-731,53,0,25947,-27988,2041,0,0,0,1,1,0
1063,553125,753,-647,-106,0,28831,-24758,-4073,0,0,0,1,1,0
1064,553645,799,-537,-262,0,30607,-20576,-10031,0,0,0,1,1,0
1065,554166,815,-407,-407,0,31207,-15603,-15603,0,0,0,1,1,0
1066,554687,799,-262,-537,0,30607,-10031,-20576,0,0,0,1,1,0
1067,555208,753,-106,-647,0,28831,-4073,-24758,0,0,0,1,1,0
1068,555729,678,53,-731,0,25947,2041,-27988,0,0,0,1,1,0
1069,556250,576,211,-787,0,22066,8077,-30143,0,0,0,1,1,0
1070,556770,453,360,-813,0,17337,13802,-31140,0,0,0,1,1,0
1071,557291,312,496,-808,0,11942,18997,-30940,0,0,0,1,1,0
1072,557812,159,613,-772,0,6088,23462,-29551,0,0,0,1,1,0
1073,558333,0,706,-706,0,0,27026,-27026,0,0,0,1,1,0
1074,558854,-159,772,-613,0,-6088,29551,-23462,0,0,0,0,1,0
1075,559375,-312,808,-496,0,-11942,30940,-18997,0,0,0,0,1,0
1076,559895,-453,813,-360,0,-17337,31140,-13802,0,0,0,0,1,0
1077,560416,-576,787,-211,0,-22066,30143,-8077,0,0,0,0,1,0
1078,560937,-678,731,-53,0,-25947,27988,-2041,0,0,0,0,1,0
1079,561458,-753,647,106,0,-28831,24758,4073,0,0,0,0,1,0
1080,561979,-799,537,262,0,-30607,20576,10031,0,0,0,0,1,0
1081,562500,-815,407,407,0,-31207,15603,15603,0,0,0,0,1,0
1082,563020,-799,262,537,0,-30607,10031,20576,0,0,0,0,1,0
1083,563541,-753,106,647,0,-28831,4073,24758,0,0,0,0,1,0
1084,564062,-678,-53,731,0,-25947,-2041,27988,0,0,0,0,1,0
1085,564583,-576,-211,787,0,-22066,-8077,30143,0,0,0,0,1,0
1086,565104,-453,-360,813,0,-17337,-13802,31140,0,0,0,0,1,0
1087,565625,-312,-496,808,0,-11942,-18997,30940,0,0,0,0,1,0
1088,566145,12302,-22114,9812,0,-913,-3519,4433,0,0,1,0,1,0
1089,566666,15659,-23554,7895,0,0,-4054,4054,0,0,1,0,1,0
1090,567187,18897,-24330,5433,0,913,-4433,3519,0,0,1,0,1,0
1091,567708,21884,-24408,2525,0,1791,-4641,2850,0,0,1,0,1,0
1092,568229,24494,-23781,-713,0,2601,-4671,2070,0,0,1,0,1,0
1093,568750,26619,-22468,-4151,0,3310,-4521,1212,0,0,1,0,1,0
1094,569270,28168,-20515,-7653,0,3892,-4198,306,0,0,1,0,1,0
1095,569791,29073,-17992,-11080,0,4325,-3714,-611,0,0,1,0,1,0
1096,570312,29290,-14993,-14297,0,4591,-3086,-1505,0,0,1,0,1,0
1097,570833,28803,-11629,-17174,0,4681,-2341,-2340,0,0,1,0,1,0
1098,571354,27623,-8024,-19598,0,4591,-1505,-3086,0,0,1,0,1,0
1099,571875,25786,-4314,-21472,0,4325,-611,-3714,0,0,1,0,1,0
1100,572395,23356,-636,-22719,0,3892,306,-4198,0,0,1,0,1,0
1101,572916,20417,2871,-23288,0,3310,1212,-4521,0,0,1,0,1,0
1102,573437,17076,6077,-23153,0,2601,2070,-4671,0,0,1,0,1,0
1103,573958,13454,8862,-22315,0,1791,2850,-4641,0,0,1,0,1,0
1104,574479,9681,11123,-20804,0,913,3519,-4433,0,0,1,0,1,0
1105,575000,5897,12776,-18673,0,0,4054,-4054,0,0,1,0,1,0
1106,575520,2239,13762,-16001,0,-913,4433,-3519,0,0,1,0,1,0
1107,576041,-1158,14046,-12887,0,-1791,4641,-2850,0,0,1,0,1,0
1108,576562,-4171,13620,-9448,0,-2601,4671,-2070,0,0,1,0,1,0
1109,577083,-6692,12504,-5813,0,-3310,4521,-1212,0,0,1,0,1,0
1110,577604,-8628,10745,-2117,0,-3892,4198,-306,0,0,1,0,1,0
1111,578125,-9913,8412,1500,0,-4325,3714,611,0,0,1,0,1,0
1112,578645,-10503,5600,4903,0,-4591,3086,1505,0,0,1,0,1,0
1113,579166,-10381,2418,7963,0,-4681,2341,2341,0,0,1,0,1,0
1114,579687,-9559,-1008,10567,0,-4591,1505,3086,0,0,1,0,1,0
1115,580208,-8073,-4542,12616,0,-4325,611,3714,0,0,1,0,1,0
1116,580729,-5987,-8048,14035,0,-3892,-306,4198,0,0,1,0,1,0
1117,581250,-3387,-11386,14773,0,-3310,-1212,4521,0,0,1,0,1,0
1118,581770,-377,-14427,14803,0,-2601,-2070,4671,0,0,1,0,1,0
1119,582291,2921,-17049,14128,0,-1791,-2850,4641,0,0,1,0,1,0
1120,582812,6375,-19151,12776,0,-913,-3519,4433,0,0,1,0,1,0
1121,583333,9847,-20648,10801,0,0,-4054,4054,0,0,1,0,1,0
1122,583854,13199,-21481,8282,0,913,-4433,3519,0,0,1,0,1,0
1123,584375,16296,-21615,5319,0,1791,-4641,2850,0,0,1,0,1,0
1124,584895,19015,-21042,2027,0,2601,-4671,2070,0,0,1,0,1,0
1125,585416,21247,-19782,-1465,0,3310,-4521,1212,0,0,1,0,1,0
1126,585937,22900,-17881,-5019,0,3892,-4198,306,0,0,1,0,1,0
1127,586458,23907,-15410,-8498,0,4325,-3714,-611,0,0,1,0,1,0
1128,586979,24225,-12461,-11764,0,4591,-3086,-1505,0,0,1,0,1,0
1129,587500,23837,-9146,-14691,0,4681,-2341,-2340,0,0,1,0,1,0
1130,588020,22753,-5589,-17163,0,4591,-1505,-3086,0,0,1,0,1,0
1131,588541,21011,-1926,-19084,0,4325,-611,-3714,0,0,1,0,1,0
1132,589062,18673,1705,-20378,0,3892,306,-4198,0,0,1,0,1,0
1133,589583,15826,5167,-20992,0,3310,1212,-4521,0,0,1,0,1,0
1134,590104,12574,8328,-20902,0,2601,2070,-4671,0,0,1,0,1,0
1135,590625,9039,11069,-20108,0,1791,2850,-4641,0,0,1,0,1,0
1136,591145,5352,13287,-18640,0,913,3519,-4433,0,0,1,0,1,0
1137,591666,1652,14898,-16551,0,0,4054,-4054,0,0,1,0,1,0
1138,592187,-1923,15843,-13920,0,-913,4433,-3519,0,0,1,0,1,0
1139,592708,-5239,16086,-10847,0,-1791,4641,-2850,0,0,1,0,1,0
1140,593229,-8173,15621,-7447,0,-2601,4671,-2070,0,0,1,0,1,0
1141,593750,-10616,14466,-3851,0,-3310,4521,-1212,0,0,1,0,1,0
1142,594270,-12476,12669,-193,0,-3892,4198,-306,0,0,1,0,1,0
1143,594791,-13686,10299,3387,0,-4325,3714,611,0,0,1,0,1,0
1144,595312,-14202,7449,6753,0,-4591,3086,1505,0,0,1,0,1,0
1145,595833,-14009,4232,9777,0,-4681,2341,2340,0,0,1,0,1,0
1146,596354,-13116,771,12345,0,-4591,1505,3086,0,0,1,0,1,0
1147,596875,-11561,-2799,14360,0,-4325,611,3714,0,0,1,0,1,0
1148,597395,-9407,-6338,15745,0,-3892,-306,4198,0,0,1,0,1,0
1149,597916,-6740,-9709,16450,0,-3310,-1212,4521,0,0,1,0,1,0
1150,598437,-3665,-12782,16447,0,-2601,-2070,4671,0,0,1,0,1,0
1151,598958,-303,-15437,15740,0,-1791,-2850,4641,0,0,1,0,1,0
1152,599479,3213,-17570,14357,0,-913,-3519,4433,0,0,1,0,1,0
1153,600000,6747,-19098,12351,0,0,-4054,4054,0,0,1,0,1,0
1154,600520,10159,-19961,9802,0,913,-4433,3519,0,0,1,0,1,0
1155,601041,13315,-20124,6809,0,1791,-4641,2850,0,0,1,0,1,0
1156,601562,16092,-19580,3488,0,2601,-4671,2070,0,0,1,0,1,0
1157,602083,18380,-18349,-32,0,3310,-4521,1212,0,0,1,0,1,0
1158,602604,20090,-16476,-3614,0,3892,-4198,306,0,0,1,0,1,0
1159,603125,21152,-14032,-7120,0,4325,-3714,-611,0,0,1,0,1,0
1160,603645,21523,-11110,-10413,0,4591,-3086,-1505,0,0,1,0,1,0
1161,604166,21187,-7821,-13366,0,4681,-2341,-2340,0,0,1,0,1,0
1162,604687,20155,-4290,-15864,0,4591,-1505,-3086,0,0,1,0,1,0
1163,605208,18463,-652,-17811,0,4325,-611,-3714,0,0,1,0,1,0
1164,605729,16175,2954,-19129,0,3892,306,-4198,0,0,1,0,1,0
1165,606250,13376,6391,-19768,0,3310,1212,-4521,0,0,1,0,1,0
1166,606770,10172,9529,-19701,0,2601,2070,-4671,0,0,1,0,1,0
1167,607291,6684,12247,-18931,0,1791,2850,-4641,0,0,1,0,1,0
1168,607812,3043,14442,-17485,0,913,3519,-4433,0,0,1,0,1,0
1169,608333,-612,16031,-15419,0,0,4054,-4054,0,0,1,0,1,0
1170,608854,-4143,16953,-12810,0,-913,4433,-3519,0,0,1,0,1,0
1171,609375,-7417,17175,-9758,0,-1791,4641,-2850,0,0,1,0,1,0
1172,609895,-10308,16688,-6380,0,-2601,4671,-2070,0,0,1,0,1,0
1173,610416,-12709,15513,-2804,0,-3310,4521,-1212,0,0,1,0,1,0
1174,610937,-14528,13695,834,0,-3892,4198,-306,0,0,1,0,1,0
1175,611458,-15698,11305,4393,0,-4325,3714,611,0,0,1,0,1,0
1176,611979,-16176,8436,7740,0,-4591,3086,1505,0,0,1,0,1,0
1177,612500,-15944,5199,10745,0,-4681,2341,2341,0,0,1,0,1,0
1178,613020,-15014,1720,13294,0,-4591,1505,3086,0,0,1,0,1,0
1179,613541,-13422,-1868,15290,0,-4325,611,3714,0,0,1,0,1,0
1180,614062,-11232,-5426,16657,0,-3892,-306,4198,0,0,1,0,1,0
1181,614583,-8529,-8815,17344,0,-3310,-1212,4521,0,0,1,0,1,0
1182,615104,-5419,-11905,17325,0,-2601,-2070,4671,0,0,1,0,1,0
1183,615625,-2023,-14577,16600,0,-1791,-2850,4641,0,0,1,0,1,0
1184,616145,1527,-16727,15200,0,-913,-3519,4433,0,0,1,0,1,0
1185,616666,5093,-18271,13178,0,0,-4054,4054,0,0,1,0,1,0
1186,617187,8537,-19150,10613,0,913,-4433,3519,0,0,1,0,1,0
1187,617708,11725,-19329,7604,0,1791,-4641,2850,0,0,1,0,1,0
1188,618229,14533,-18800,4268,0,2601,-4671,2070,0,0,1,0,1,0
1189,618750,16851,-17584,733,0,3310,-4521,1212,0,0,1,0,1,0
1190,619270,18590,-15726,-2864,0,3892,-4198,306,0,0,1,0,1,0
1191,619791,19681,-13297,-6385,0,4325,-3714,-611,0,0,1,0,1,0
1192,620312,20081,-10389,-9692,0,4591,-3086,-1505,0,0,1,0,1,0
1193,620833,19774,-7114,-12659,0,4681,-2341,-2341,0,0,1,0,1,0
1194,621354,18769,-3597,-15171,0,4591,-1505,-3086,0,0,1,0,1,0
1195,621875,17104,27,-17131,0,4325,-611,-3714,0,0,1,0,1,0
1196,622395,14842,3620,-18463,0,3892,306,-4198,0,0,1,0,1,0
1197,622916,12070,7045,-19114,0,3310,1212,-4521,0,0,1,0,1,0
1198,623437,8891,10169,-19060,0,2601,2070,-4671,0,0,1,0,1,0
1199,623958,5427,12875,-18302,0,1791,2850,-4641,0,0,1,0,1,0
1200,624479,1811,15058,-16869,0,913,3519,-4433,0,0,1,0,1,0
1201,625000,-1820,16635,-14814,0,0,4054,-4054,0,0,1,0,1,0
1202,625520,-5328,17545,-12218,0,-913,4433,-3519,0,0,1,0,1,0
1203,626041,-8578,17756,-9178,0,-1791,4641,-2850,0,0,1,0,1,0
1204,626562,-11447,17258,-5811,0,-2601,4671,-2070,0,0,1,0,1,0
1205,627083,-13826,16071,-2245,0,-3310,4521,-1212,0,0,1,0,1,0
1206,627604,-15624,14242,1381,0,-3892,4198,-306,0,0,1,0,1,0
1207,628125,-16772,11842,4930,0,-4325,3714,611,0,0,1,0,1,0
1208,628645,-17229,8963,8266,0,-4591,3086,1505,0,0,1,0,1,0
1209,629166,-16976,5716,11261,0,-4681,2341,2340,0,0,1,0,1,0
1210,629687,-16026,2226,13800,0,-4591,1505,3086,0,0,1,0,1,0
1211,630208,-14415,-1372,15786,0,-4325,611,3714,0,0,1,0,1,0
1212,630729,-12205,-4939,17144,0,-3892,-306,4198,0,0,1,0,1,0
1213,631250,-9484,-8338,17821,0,-3310,-1212,4521,0,0,1,0,1,0
1214,631770,-6355,-11437,17793,0,-2601,-2070,4671,0,0,1,0,1,0
1215,632291,-2941,-14118,17059,0,-1791,-2850,4641,0,0,1,0,1,0
1216,632812,627,-16277,15650,0,-913,-3519,4433,0,0,1,0,1,0
1217,633333,4211,-17830,13619,0,0,-4054,4054,0,0,1,0,1,0
1218,633854,7672,-18717,11046,0,913,-4433,3519,0,0,1,0,1,0
1219,634375,10877,-18905,8028,0,1791,-4641,2850,0,0,1,0,1,0
1220,634895,13701,-18385,4684,0,2601,-4671,2070,0,0,1,0,1,0
1221,635416,16036,-17176,1140,0,3310,-4521,1212,0,0,1,0,1,0
1222,635937,17790,-15326,-2465,0,3892,-4198,306,0,0,1,0,1,0
1223,636458,18897,-12904,-5993,0,4325,-3714,-611,0,0,1,0,1,0
1224,636979,19312,-10004,-9308,0,4591,-3086,-1505,0,0,1,0,1,0
1225,637500,19019,-6737,-12282,0,4681,-2341,-2340,0,0,1,0,1,0
1226,638020,18029,-3228,-14802,0,4591,-1505,-3086,0,0,1,0,1,0
1227,638541,16379,390,-16769,0,4325,-611,-3714,0,0,1,0,1,0
1228,639062,14131,3976,-18107,0,3892,306,-4198,0,0,1,0,1,0
1229,639583,11372,7393,-18766,0,3310,1212,-4521,0,0,1,0,1,0
1230,640104,8207,10511,-18719,0,2601,2070,-4671,0,0,1,0,1,0
1231,640625,4757,13210,-17967,0,1791,2850,-4641,0,0,1,0,1,0
1232,641145,1154,15386,-16540,0,913,3519,-4433,0,0,1,0,1,0
1233,641666,-2465,16957,-14492,0,0,4054,-4054,0,0,1,0,1,0
1234,642187,-5960,17861,-11902,0,-913,4433,-3519,0,0,1,0,1,0
1235,642708,-9198,18065,-8868,0,-1791,4641,-2850,0,0,1,0,1,0
1236,643229,-12055,17561,-5507,0,-2601,4671,-2070,0,0,1,0,1,0
1237,643750,-14422,16369,-1948,0,-3310,4521,-1212,0,0,1,0,1,0
1238,644270,-16208,14535,1673,0,-3892,4198,-306,0,0,1,0,1,0
1239,644791,-17345,12128,5217,0,-4325,3714,611,0,0,1,0,1,0
1240,645312,-17790,9244,8547,0,-4591,3086,1505,0,0,1,0,1,0
1241,645833,-17527,5991,11536,0,-4681,2341,2341,0,0,1,0,1,0
1242,646354,-16566,2496,14070,0,-4591,1505,3086,0,0,1,0,1,0
1243,646875,-14944,-1107,16051,0,-4325,611,3714,0,0,1,0,1,0
1244,647395,-12725,-4679,17404,0,-3892,-306,4198,0,0,1,0,1,0
1245,647916,-9993,-8083,18076,0,-3310,-1212,4521,0,0,1,0,1,0
1246,648437,-6855,-11188,18042,0,-2601,-2070,4671,0,0,1,0,1,0
1247,648958,-3431,-13873,17304,0,-1791,-2850,4641,0,0,1,0,1,0
1248,649479,147,-16037,15890,0,-913,-3519,4433,0,0,1,0,1,0
1249,650000,3740,-17594,13855,0,0,-4054,4054,0,0,1,0,1,0
1250,650520,7210,-18487,11276,0,913,-4433,3519,0,0,1,0,1,0
1251,651041,10424,-18678,8255,0,1791,-4641,2850,0,0,1,0,1,0
1252,651562,13257,-18163,4906,0,2601,-4671,2070,0,0,1,0,1,0
1253,652083,15601,-16959,1358,0,3310,-4521,1212,0,0,1,0,1,0
1254,652604,17364,-15113,-2251,0,3892,-4198,306,0,0,1,0,1,0
1255,653125,18479,-12695,-5783,0,4325,-3714,-611,0,0,1,0,1,0
1256,653645,18902,-9799,-9103,0,4591,-3086,-1505,0,0,1,0,1,0
1257,654166,18617,-6536,-12081,0,4681,-2341,-2340,0,0,1,0,1,0
1258,654687,17635,-3030,-14604,0,4591,-1505,-3086,0,0,1,0,1,0
1259,655208,15992,583,-16575,0,4325,-611,-3714,0,0,1,0,1,0
1260,655729,13752,4165,-17918,0,3892,306,-4198,0,0,1,0,1,0
1261,656250,11000,7579,-18580,0,3310,1212,-4521,0,0,1,0,1,0
1262,656770,7843,10694,-18536,0,2601,2070,-4671,0,0,1,0,1,0
1263,657291,4399,13389,-17788,0,1791,2850,-4641,0,0,1,0,1,0
1264,657812,803,15562,-16365,0,913,3519,-4433,0,0,1,0,1,0
1265,658333,-2808,17129,-14320,0,0,4054,-4054,0,0,1,0,1,0
1266,658854,-6297,18030,-11733,0,-913,4433,-3519,0,0,1,0,1,0
1267,659375,-9528,18231,-8702,0,-1791,4641,-2850,0,0,1,0,1,0
1268,659895,-12379,17724,-5345,0,-2601,4671,-2070,0,0,1,0,1,0
1269,660416,-14739,16528,-1789,0,-3310,4521,-1212,0,0,1,0,1,0
1270,660937,-16519,14690,1829,0,-3892,4198,-306,0,0,1,0,1,0
1271,661458,-17651,12281,5369,0,-4325,3714,611,0,0,1,0,1,0
1272,661979,-18090,9393,8697,0,-4591,3086,1505,0,0,1,0,1,0
1273,662500,-17821,6138,11683,0,-4681,2341,2340,0,0,1,0,1,0
1274,663020,-16854,2640,14214,0,-4591,1505,3086,0,0,1,0,1,0
1275,663541,-15227,-966,16192,0,-4325,611,3714,0,0,1,0,1,0
1276,664062,-13002,-4541,17542,0,-3892,-306,4198,0,0,1,0,1,0
1277,664583,-10265,-7947,18212,0,-3310,-1212,4521,0,0,1,0,1,0
1278,665104,-7121,-11054,18175,0,-2601,-2070,4671,0,0,1,0,1,0
1279,665625,-3692,-13743,17435,0,-1791,-2850,4641,0,0,1,0,1,0
1280,666145,-109,-15909,16018,0,-913,-3519,4433,0,0,1,0,1,0
1281,666666,3489,-17469,13980,0,0,-4054,4054,0,0,1,0,1,0
1282,667187,6964,-18363,11399,0,913,-4433,3519,0,0,1,0,1,0
1283,667708,10182,-18558,8375,0,1791,-4641,2850,0,0,1,0,1,0
1284,668229,13020,-18044,5024,0,2601,-4671,2070,0,0,1,0,1,0
1285,668750,15368,-16843,1474,0,3310,-4521,1212,0,0,1,0,1,0
1286,669270,17136,-14999,-2137,0,3892,-4198,306,0,0,1,0,1,0
1287,669791,18255,-12584,-5672,0,4325,-3714,-611,0,0,1,0,1,0
1288,670312,18683,-9690,-8993,0,4591,-3086,-1505,0,0,1,0,1,0
1289,670833,18403,-6429,-11974,0,4681,-2341,-2340,0,0,1,0,1,0
1290,671354,17424,-2925,-14499,0,4591,-1505,-3086,0,0,1,0,1,0
1291,671875,15786,686,-16472,0,4325,-611,-3714,0,0,1,0,1,0
1292,672395,13550,4267,-17816,0,3892,306,-4198,0,0,1,0,1,0
1293,672916,10802,7678,-18481,0,3310,1212,-4521,0,0,1,0,1,0
1294,673437,7648,10791,-18439,0,2601,2070,-4671,0,0,1,0,1,0
1295,673958,4209,13484,-17693,0,1791,2850,-4641,0,0,1,0,1,0
1296,674479,616,15655,-16271,0,913,3519,-4433,0,0,1,0,1,0
1297,675000,-2992,17220,-14229,0,0,4054,-4054,0,0,1,0,1,0
1298,675520,-6477,18120,-11643,0,-913,4433,-3519,0,0,1,0,1,0
1299,676041,-9705,18319,-8614,0,-1791,4641,-2850,0,0,1,0,1,0
1300,676562,-12552,17810,-5258,0,-2601,4671,-2070,0,0,1,0,1,0
1301,677083,-14909,16613,-1704,0,-3310,4521,-1212,0,0,1,0,1,0
1302,677604,-16686,14774,1912,0,-3892,4198,-306,0,0,1,0,1,0
1303,678125,-17814,12363,5451,0,-4325,3714,611,0,0,1,0,1,0
1304,678645,-18250,9473,8777,0,-4591,3086,1505,0,0,1,0,1,0
1305,679166,-17978,6216,11762,0,-4681,2341,2340,0,0,1,0,1,0
1306,679687,-17008,2717,14291,0,-4591,1505,3086,0,0,1,0,1,0
1307,680208,-15377,-890,16268,0,-4325,611,3714,0,0,1,0,1,0
1308,680729,-13149,-4467,17616,0,-3892,-306,4198,0,0,1,0,1,0
1309,681250,-10409,-7875,18284,0,-3310,-1212,4521,0,0,1,0,1,0
1310,681770,-7263,-10983,18246,0,-2601,-2070,4671,0,0,1,0,1,0
1311,682291,-3831,-13673,17504,0,-1791,-2850,4641,0,0,1,0,1,0
1312,682812,-246,-15840,16086,0,-913,-3519,4433,0,0,1,0,1,0
1313,683333,3355,-17402,14047,0,0,-4054,4054,0,0,1,0,1,0
1314,683854,6833,-18298,11465,0,913,-4433,3519,0,0,1,0,1,0
1315,684375,10054,-18493,8440,0,1791,-4641,2850,0,0,1,0,1,0
1316,684895,12894,-17981,5087,0,2601,-4671,2070,0,0,1,0,1,0
1317,685416,15245,-16781,1536,0,3310,-4521,1212,0,0,1,0,1,0
1318,685937,17015,-14938,-2077,0,3892,-4198,306,0,0,1,0,1,0
1319,686458,18136,-12524,-5612,0,4325,-3714,-611,0,0,1,0,1,0
1320,686979,18566,-9632,-8935,0,4591,-3086,-1505,0,0,1,0,1,0
1321,687500,18288,-6371,-11917,0,4681,-2341,-2340,0,0,1,0,1,0
1322,688020,17312,-2869,-14443,0,4591,-1505,-3086,0,0,1,0,1,0
1323,688541,15676,741,-16417,0,4325,-611,-3714,0,0,1,0,1,0
1324,689062,13442,4321,-17762,0,3892,306,-4198,0,0,1,0,1,0
1325,689583,10696,7731,-18428,0,3310,1212,-4521,0,0,1,0,1,0
1326,690104,7544,10843,-18387,0,2601,2070,-4671,0,0,1,0,1,0
1327,690625,4107,13535,-17642,0,1791,2850,-4641,0,0,1,0,1,0
1328,691145,516,15705,-16221,0,913,3519,-4433,0,0,1,0,1,0
1329,691666,-3090,17269,-14180,0,0,4054,-4054,0,0,1,0,1,0
1330,692187,-6573,18168,-11595,0,-913,4433,-3519,0,0,1,0,1,0
1331,692708,-9799,18366,-8567,0,-1791,4641,-2850,0,0,1,0,1,0
1332,693229,-12644,17856,-5212,0,-2601,4671,-2070,0,0,1,0,1,0
1333,693750,-14999,16658,-1659,0,-3310,4521,-1212,0,0,1,0,1,0
1334,694270,-16774,14818,1956,0,-3892,4198,-306,0,0,1,0,1,0
1335,694791,-17901,12406,5494,0,-4325,3714,611,0,0,1,0,1,0
1336,695312,-18335,9516,8819,0,-4591,3086,1505,0,0,1,0,1,0
1337,695833,-18061,6258,11803,0,-4681,2341,2340,0,0,1,0,1,0
1338,696354,-17090,2758,14332,0,-4591,1505,3086,0,0,1,0,1,0
1339,696875,-15458,-850,16308,0,-4325,611,3714,0,0,1,0,1,0
1340,697395,-13228,-4427,17656,0,-3892,-306,4198,0,0,1,0,1,0
1341,697916,-10487,-7836,18323,0,-3310,-1212,4521,0,0,1,0,1,0
1342,698437,-7339,-10945,18284,0,-2601,-2070,4671,0,0,1,0,1,0
1343,698958,-3906,-13636,17541,0,-1791,-2850,4641,0,0,1,0,1,0
1344,699479,-319,-15804,16123,0,-913,-3519,4433,0,0,1,0,1,0
1345,700000,3283,-17366,14083,0,0,-4054,4054,0,0,1,0,1,0
1346,700520,6763,-18263,11500,0,913,-4433,3519,0,0,1,0,1,0
1347,701041,9985,-18459,8474,0,1791,-4641,2850,0,0,1,0,1,0
1348,701562,12827,-17947,5121,0,2601,-4671,2070,0,0,1,0,1,0
1349,702083,15178,-16748,1569,0,3310,-4521,1212,0,0,1,0,1,0
1350,702604,16950,-14906,-2044,0,3892,-4198,306,0,0,1,0,1,0
1351,703125,18073,-12492,-5581,0,4325,-3714,-611,0,0,1,0,1,0
1352,703645,18504,-9600,-8904,0,4591,-3086,-1505,0,0,1,0,1,0
1353,704166,18227,-6341,-11886,0,4681,-2341,-2341,0,0,1,0,1,0
1354,704687,17252,-2839,-14413,0,4591,-1505,-3086,0,0,1,0,1,0
1355,705208,15617,771,-16388,0,4325,-611,-3714,0,0,1,0,1,0
1356,705729,13384,4349,-17734,0,3892,306,-4198,0,0,1,0,1,0
1357,706250,10640,7760,-18399,0,3310,1212,-4521,0,0,1,0,1,0
1358,706770,7489,10870,-18359,0,2601,2070,-4671,0,0,1,0,1,0
1359,707291,4053,13562,-17615,0,1791,2850,-4641,0,0,1,0,1,0
1360,707812,463,15732,-16195,0,913,3519,-4433,0,0,1,0,1,0
1361,708333,-3142,17295,-14154,0,0,4054,-4054,0,0,1,0,1,0
1362,708854,-6624,18193,-11570,0,-913,4433,-3519,0,0,1,0,1,0
1363,709375,-9849,18391,-8542,0,-1791,4641,-2850,0,0,1,0,1,0
1364,709895,-12693,17881,-5187,0,-2601,4671,-2070,0,0,1,0,1,0
1365,710416,-15048,16682,-1635,0,-3310,4521,-1212,0,0,1,0,1,0
1366,710937,-16822,14842,1980,0,-3892,4198,-306,0,0,1,0,1,0
1367,711458,-17947,12429,5518,0,-4325,3714,611,0,0,1,0,1,0
1368,711979,-18381,9539,8842,0,-4591,3086,1505,0,0,1,0,1,0
1369,712500,-18106,6280,11826,0,-4681,2341,2340,0,0,1,0,1,0
1370,713020,-17134,2780,14354,0,-4591,1505,3086,0,0,1,0,1,0
1371,713541,-15501,-829,16329,0,-4325,611,3714,0,0,1,0,1,0
1372,714062,-13270,-4406,17677,0,-3892,-306,4198,0,0,1,0,1,0
1373,714583,-10528,-7815,18343,0,-3310,-1212,4521,0,0,1,0,1,0
1374,715104,-7379,-10925,18305,0,-2601,-2070,4671,0,0,1,0,1,0
1375,715625,-3945,-13616,17561,0,-1791,-2850,4641,0,0,1,0,1,0
1376,716145,-358,-15784,16142,0,-913,-3519,4433,0,0,1,0,1,0
1377,716666,3245,-17347,14102,0,0,-4054,4054,0,0,1,0,1,0
1378,717187,6725,-18244,11519,0,913,-4433,3519,0,0,1,0,1,0
1379,717708,9948,-18441,8492,0,1791,-4641,2850,0,0,1,0,1,0
1380,718229,12791,-17929,5139,0,2601,-4671,2070,0,0,1,0,1,0
1381,718750,15143,-16730,1587,0,3310,-4521,1212,0,0,1,0,1,0
1382,719270,16915,-14888,-2027,0,3892,-4198,306,0,0,1,0,1,0
1383,719791,18039,-12475,-5564,0,4325,-3714,-611,0,0,1,0,1,0
1384,720312,18471,-9584,-8887,0,4591,-3086,-1505,0,0,1,0,1,0
1385,720833,18194,-6325,-11870,0,4681,-2341,-2340,0,0,1,0,1,0
1386,721354,17220,-2823,-14397,0,4591,-1505,-3086,0,0,1,0,1,0
1387,721875,15586,786,-16372,0,4325,-611,-3714,0,0,1,0,1,0
1388,722395,13354,4365,-17718,0,3892,306,-4198,0,0,1,0,1,0
1389,722916,10610,7775,-18384,0,3310,1212,-4521,0,0,1,0,1,0
1390,723437,7459,10885,-18345,0,2601,2070,-4671,0,0,1,0,1,0
1391,723958,4024,13577,-17600,0,1791,2850,-4641,0,0,1,0,1,0
1392,724479,435,15746,-16181,0,913,3519,-4433,0,0,1,0,1,0
1393,725000,-3170,17309,-14140,0,0,4054,-4054,0,0,1,0,1,0
1394,725520,-6651,18207,-11556,0,-913,4433,-3519,0,0,1,0,1,0
1395,726041,-9876,18404,-8529,0,-1791,4641,-2850,0,0,1,0,1,0
1396,726562,-12720,17894,-5174,0,-2601,4671,-2070,0,0,1,0,1,0
1397,727083,-15073,16695,-1622,0,-3310,4521,-1212,0,0,1,0,1,0
1398,727604,-16847,14854,1993,0,-3892,4198,-306,0,0,1,0,1,0
1399,728125,-17972,12442,5530,0,-4325,3714,611,0,0,1,0,1,0
1400,728645,-18405,9551,8854,0,-4591,3086,1505,0,0,1,0,1,0
1401,729166,-18130,6292,11838,0,-4681,2341,2340,0,0,1,0,1,0
1402,729687,-17157,2791,14366,0,-4591,1505,3086,0,0,1,0,1,0
1403,730208,-15524,-817,16341,0,-4325,611,3714,0,0,1,0,1,0
1404,730729,-13293,-4395,17688,0,-3892,-306,4198,0,0,1,0,1,0
1405,731250,-10550,-7804,18354,0,-3310,-1212,4521,0,0,1,0,1,0
1406,731770,-7401,-10914,18315,0,-2601,-2070,4671,0,0,1,0,1,0
1407,732291,-3966,-13605,17572,0,-1791,-2850,4641,0,0,1,0,1,0
1408,732812,-378,-15774,16153,0,-913,-3519,4433,0,0,1,0,1,0
1409,733333,3225,-17337,14112,0,0,-4054,4054,0,0,1,0,1,0
1410,733854,6705,-18234,11529,0,913,-4433,3519,0,0,1,0,1,0
1411,734375,9929,-18431,8502,0,1791,-4641,2850,0,0,1,0,1,0
1412,734895,12772,-17920,5148,0,2601,-4671,2070,0,0,1,0,1,0
1413,735416,15124,-16721,1596,0,3310,-4521,1212,0,0,1,0,1,0
1414,735937,16897,-14879,-2018,0,3892,-4198,306,0,0,1,0,1,0
1415,736458,18021,-12466,-5555,0,4325,-3714,-611,0,0,1,0,1,0
1416,736979,18453,-9575,-8878,0,4591,-3086,-1505,0,0,1,0,1,0
1417,737500,18177,-6316,-11861,0,4681,-2340,-2341,0,0,1,0,1,0
1418,738020,17203,-2814,-14389,0,4591,-1505,-3086,0,0,1,0,1,0
1419,738541,15569,795,-16364,0,4325,-611,-3714,0,0,1,0,1,0
1420,739062,13337,4373,-17710,0,3892,306,-4198,0,0,1,0,1,0
1421,739583,10594,7783,-18376,0,3310,1212,-4521,0,0,1,0,1,0
1422,740104,7444,10893,-18337,0,2601,2070,-4671,0,0,1,0,1,0
1423,740625,4008,13585,-17593,0,1791,2850,-4641,0,0,1,0,1,0
1424,741145,420,15754,-16173,0,913,3519,-4433,0,0,1,0,1,0
1425,741666,-3185,17317,-14132,0,0,4054,-4054,0,0,1,0,1,0
1426,742187,-6666,18214,-11549,0,-913,4433,-3519,0,0,1,0,1,0
1427,742708,-9890,18412,-8522,0,-1791,4641,-2850,0,0,1,0,1,0
1428,743229,-12734,17901,-5167,0,-2601,4671,-2070,0,0,1,0,1,0
1429,743750,-15087,16702,-1615,0,-3310,4521,-1212,0,0,1,0,1,0
1430,744270,-16860,14861,2000,0,-3892,4198,-306,0,0,1,0,1,0
1431,744791,-17985,12448,5537,0,-4325,3714,611,0,0,1,0,1,0
1432,745312,-18418,9557,8861,0,-4591,3086,1505,0,0,1,0,1,0
1433,745833,-18143,6299,11844,0,-4681,2341,2341,0,0,1,0,1,0
1434,746354,-17169,2798,14372,0,-4591,1505,3086,0,0,1,0,1,0
1435,746875,-15536,-811,16347,0,-4325,611,3714,0,0,1,0,1,0
1436,747395,-13305,-4389,17694,0,-3892,-306,4198,0,0,1,0,1,0
1437,747916,-10562,-7799,18360,0,-3310,-1212,4521,0,0,1,0,1,0
1438,748437,-7412,-10909,18321,0,-2601,-2070,4671,0,0,1,0,1,0
1439,748958,-3978,-13600,17577,0,-1791,-2850,4641,0,0,1,0,1,0
1440,749479,-390,-15769,16158,0,-913,-3519,4433,0,0,1,0,1,0
1441,750000,3214,-17332,14118,0,0,-4054,4054,0,0,1,0,1,0
1442,750520,6695,-18229,11534,0,913,-4433,3519,0,0,1,0,1,0
1443,751041,9918,-18426,8507,0,1791,-4641,2850,0,0,1,0,1,0
1444,751562,12761,-17915,5153,0,2601,-4671,2070,0,0,1,0,1,0
1445,752083,15114,-16716,1601,0,3310,-4521,1212,0,0,1,0,1,0
1446,752604,16887,-14874,-2013,0,3892,-4198,306,0,0,1,0,1,0
1447,753125,18011,-12462,-5550,0,4325,-3714,-611,0,0,1,0,1,0
1448,753645,18444,-9570,-8874,0,4591,-3086,-1505,0,0,1,0,1,0
1449,754166,18168,-6311,-11857,0,4681,-2341,-2340,0,0,1,0,1,0
1450,754687,17194,-2810,-14384,0,4591,-1505,-3086,0,0,1,0,1,0
1451,755208,15560,799,-16359,0,4325,-611,-3714,0,0,1,0,1,0
1452,755729,13328,4377,-17706,0,3892,306,-4198,0,0,1,0,1,0
1453,756250,10585,7787,-18372,0,3310,1212,-4521,0,0,1,0,1,0
1454,756770,7435,10897,-18332,0,2601,2070,-4671,0,0,1,0,1,0
1455,757291,4000,13589,-17589,0,1791,2850,-4641,0,0,1,0,1,0
1456,757812,411,15758,-16169,0,913,3519,-4433,0,0,1,0,1,0
1457,758333,-3193,17321,-14128,0,0,4054,-4054,0,0,1,0,1,0
1458,758854,-6673,18218,-11545,0,-913,4433,-3519,0,0,1,0,1,0
1459,759375,-9898,18415,-8518,0,-1791,4641,-2850,0,0,1,0,1,0
1460,759895,-12741,17905,-5164,0,-2601,4671,-2070,0,0,1,0,1,0
1461,760416,-15095,16706,-1611,0,-3310,4521,-1212,0,0,1,0,1,0
1462,760937,-16868,14864,2003,0,-3892,4198,-306,0,0,1,0,1,0
1463,761458,-17992,12452,5540,0,-4325,3714,611,0,0,1,0,1,0
1464,761979,-18425,9561,8864,0,-4591,3086,1505,0,0,1,0,1,0
1465,762500,-18149,6302,11847,0,-4681,2341,2340,0,0,1,0,1,0
1466,763020,-17176,2801,14375,0,-4591,1505,3086,0,0,1,0,1,0
1467,763541,-15542,-808,16350,0,-4325,611,3714,0,0,1,0,1,0
1468,764062,-13311,-4386,17697,0,-3892,-306,4198,0,0,1,0,1,0
1469,764583,-10568,-7795,18363,0,-3310,-1212,4521,0,0,1,0,1,0
1470,765104,-7419,-10906,18324,0,-2601,-2070,4671,0,0,1,0,1,0
1471,765625,-3984,-13597,17580,0,-1791,-2850,4641,0,0,1,0,1,0
1472,766145,-395,-15766,16161,0,-913,-3519,4433,0,0,1,0,1,0
1473,766666,3208,-17329,14120,0,0,-4054,4054,0,0,1,0,1,0
1474,767187,6689,-18226,11537,0,913,-4433,3519,0,0,1,0,1,0
1475,767708,9913,-18423,8510,0,1791,-4641,2850,0,0,1,0,1,0
1476,768229,12756,-17912,5156,0,2601,-4671,2070,0,0,1,0,1,0
1477,768750,15109,-16713,1604,0,3310,-4521,1212,0,0,1,0,1,0
1478,769270,16882,-14872,-2010,0,3892,-4198,306,0,0,1,0,1,0
1479,769791,18006,-12459,-5547,0,4325,-3714,-611,0,0,1,0,1,0
1480,770312,18439,-9568,-8871,0,4591,-3086,-1505,0,0,1,0,1,0
1481,770833,18163,-6309,-11854,0,4681,-2341,-2340,0,0,1,0,1,0
1482,771354,17189,-2808,-14382,0,4591,-1505,-3086,0,0,1,0,1,0
1483,771875,15555,802,-16357,0,4325,-611,-3714,0,0,1,0,1,0
1484,772395,13324,4380,-17703,0,3892,306,-4198,0,0,1,0,1,0
1485,772916,10580,7789,-18370,0,3310,1212,-4521,0,0,1,0,1,0
1486,773437,7431,10900,-18330,0,2601,2070,-4671,0,0,1,0,1,0
1487,773958,3996,13591,-17586,0,1791,2850,-4641,0,0,1,0,1,0
1488,774479,407,15760,-16167,0,913,3519,-4433,0,0,1,0,1,0
1489,775000,-3197,17323,-14126,0,0,4054,-4054,0,0,1,0,1,0
1490,775520,-6678,18220,-11543,0,-913,4433,-3519,0,0,1,0,1,0
1491,776041,-9902,18417,-8516,0,-1791,4641,-2850,0,0,1,0,1,0
1492,776562,-12745,17907,-5162,0,-2601,4671,-2070,0,0,1,0,1,0
1493,777083,-15098,16708,-1609,0,-3310,4521,-1212,0,0,1,0,1,0
1494,777604,-16871,14866,2005,0,-3892,4198,-306,0,0,1,0,1,0
1495,778125,-17996,12454,5542,0,-4325,3714,611,0,0,1,0,1,0
1496,778645,-18429,9563,8866,0,-4591,3086,1505,0,0,1,0,1,0
1497,779166,-18153,6304,11849,0,-4681,2341,2340,0,0,1,0,1,0
1498,779687,-17180,2803,14377,0,-4591,1505,3086,0,0,1,0,1,0
1499,780208,-15546,-806,16352,0,-4325,611,3714,0,0,1,0,1,0
1500,780729,-13314,-4384,17699,0,-3892,-306,4198,0,0,1,0,1,0
1501,781250,-10571,-7794,18365,0,-3310,-1212,4521,0,0,1,0,1,0
1502,781770,-7422,-10904,18326,0,-2601,-2070,4671,0,0,1,0,1,0
1503,782291,-3987,-13595,17582,0,-1791,-2850,4641,0,0,1,0,1,0
1504,782812,-399,-15764,16163,0,-913,-3519,4433,0,0,1,0,1,0
1505,783333,3205,-17327,14122,0,0,-4054,4054,0,0,1,0,1,0
1506,783854,6686,-18224,11539,0,913,-4433,3519,0,0,1,0,1,0
1507,784375,9910,-18421,8512,0,1791,-4641,2850,0,0,1,0,1,0
1508,784895,12753,-17911,5158,0,2601,-4671,2070,0,0,1,0,1,0
1509,785416,15106,-16711,1605,0,3310,-4521,1212,0,0,1,0,1,0
1510,785937,16879,-14870,-2009,0,3892,-4198,306,0,0,1,0,1,0
1511,786458,18003,-12458,-5546,0,4325,-3714,-611,0,0,1,0,1,0
1512,786979,18436,-9566,-8870,0,4591,-3086,-1505,0,0,1,0,1,0
1513,787500,18160,-6307,-11853,0,4681,-2341,-2340,0,0,1,0,1,0
1514,788020,17187,-2806,-14380,0,4591,-1505,-3086,0,0,1,0,1,0
1515,788541,15553,803,-16355,0,4325,-611,-3714,0,0,1,0,1,0
1516,789062,13321,4381,-17702,0,3892,306,-4198,0,0,1,0,1,0
1517,789583,10578,7791,-18368,0,3310,1212,-4521,0,0,1,0,1,0
1518,790104,7428,10901,-18329,0,2601,2070,-4671,0,0,1,0,1,0
1519,790625,3993,13592,-17585,0,1791,2850,-4641,0,0,1,0,1,0
1520,791145,405,15761,-16166,0,913,3519,-4433,0,0,1,0,1,0
1521,791666,-3199,17324,-14125,0,0,4054,-4054,0,0,1,0,1,0
1522,792187,-6680,18221,-11542,0,-913,4433,-3519,0,0,1,0,1,0
1523,792708,-9904,18418,-8515,0,-1791,4641,-2850,0,0,1,0,1,0
1524,793229,-12747,17908,-5160,0,-2601,4671,-2070,0,0,1,0,1,0
1525,793750,-15101,16709,-1608,0,-3310,4521,-1212,0,0,1,0,1,0
1526,794270,-16873,14867,2006,0,-3892,4198,-306,0,0,1,0,1,0
1527,794791,-17998,12455,5543,0,-4325,3714,611,0,0,1,0,1,0
1528,795312,-18431,9564,8867,0,-4591,3086,1505,0,0,1,0,1,0
1529,795833,-18155,6305,11850,0,-4681,2341,2340,0,0,1,0,1,0
1530,796354,-17181,2804,14378,0,-4591,1505,3086,0,0,1,0,1,0
1531,796875,-15548,-805,16353,0,-4325,611,3714,0,0,1,0,1,0
1532,797395,-13316,-4383,17700,0,-3892,-306,4198,0,0,1,0,1,0
1533,797916,-10573,-7793,18366,0,-3310,-1212,4521,0,0,1,0,1,0
1534,798437,-7424,-10903,18327,0,-2601,-2070,4671,0,0,1,0,1,0
1535,798958,-3989,-13594,17583,0,-1791,-2850,4641,0,0,1,0,1,0
1536,799479,-400,-15763,16163,0,-913,-3519,4433,0,0,1,0,1,0
1537,800000,3203,-17326,14123,0,0,-4054,4054,0,0,1,0,1,0
1538,800520,6684,-18224,11539,0,913,-4433,3519,0,0,1,0,1,0
1539,801041,9908,-18421,8512,0,1791,-4641,2850,0,0,1,0,1,0
1540,801562,12751,-17910,5158,0,2601,-4671,2070,0,0,1,0,1,0
1541,802083,15105,-16711,1606,0,3310,-4521,1212,0,0,1,0,1,0
1542,802604,16878,-14869,-2008,0,3892,-4198,306,0,0,1,0,1,0
1543,803125,18002,-12457,-5545,0,4325,-3714,-611,0,0,1,0,1,0
1544,803645,18434,-9566,-8869,0,4591,-3086,-1505,0,0,1,0,1,0
1545,804166,18159,-6307,-11852,0,4681,-2341,-2340,0,0,1,0,1,0
1546,804687,17185,-2806,-14380,0,4591,-1505,-3086,0,0,1,0,1,0
1547,805208,15551,803,-16355,0,4325,-611,-3714,0,0,1,0,1,0
1548,805729,13320,4382,-17701,0,3892,306,-4198,0,0,1,0,1,0
1549,806250,10577,7791,-18368,0,3310,1212,-4521,0,0,1,0,1,0
1550,806770,7427,10901,-18328,0,2601,2070,-4671,0,0,1,0,1,0
1551,807291,3992,13593,-17585,0,1791,2850,-4641,0,0,1,0,1,0
1552,807812,404,15762,-16165,0,913,3519,-4433,0,0,1,0,1,0
1553,808333,-3200,17325,-14124,0,0,4054,-4054,0,0,1,0,1,0
1554,808854,-6681,18222,-11541,0,-913,4433,-3519,0,0,1,0,1,0
1555,809375,-9905,18419,-8514,0,-1791,4641,-2850,0,0,1,0,1,0
1556,809895,-12748,17908,-5160,0,-2601,4671,-2070,0,0,1,0,1,0
1557,810416,-15102,16709,-1608,0,-3310,4521,-1212,0,0,1,0,1,0
1558,810937,-16875,14868,2007,0,-3892,4198,-306,0,0,1,0,1,0
1559,811458,-17999,12455,5544,0,-4325,3714,611,0,0,1,0,1,0
1560,811979,-18432,9564,8868,0,-4591,3086,1505,0,0,1,0,1,0
1561,812500,-18156,6305,11851,0,-4681,2341,2340,0,0,1,0,1,0
1562,813020,-17182,2804,14378,0,-4591,1505,3086,0,0,1,0,1,0
1563,813541,-15549,-805,16353,0,-4325,611,3714,0,0,1,0,1,0
1564,814062,-13317,-4383,17700,0,-3892,-306,4198,0,0,1,0,1,0
1565,814583,-10574,-7792,18367,0,-3310,-1212,4521,0,0,1,0,1,0
1566,815104,-7424,-10903,18327,0,-2601,-2070,4671,0,0,1,0,1,0
1567,815625,-3990,-13594,17583,0,-1791,-2850,4641,0,0,1,0,1,0
1568,816145,-401,-15763,16164,0,-913,-3519,4433,0,0,1,0,1,0
1569,816666,3203,-17326,14123,0,0,-4054,4054,0,0,1,0,1,0
1570,817187,6683,-18223,11540,0,913,-4433,3519,0,0,1,0,1,0
1571,817708,9907,-18420,8513,0,1791,-4641,2850,0,0,1,0,1,0
1572,818229,12751,-17909,5159,0,2601,-4671,2070,0,0,1,0,1,0
1573,818750,0,0,0,0,0,0,0,1,0,0,0,0,1
1574,819270,0,0,0,0,0,0,0,1,0,0,0,0,1
1575,819791,0,0,0,0,0,0,0,1,0,0,0,0,1
1576,820312,0,0,0,0,0,0,0,1,0,0,0,0,1
1577,820833,0,0,0,0,0,0,0,1,0,0,0,0,1
1578,821354,0,0,0,0,0,0,0,1,0,0,0,0,1
1579,821875,0,0,0,0,0,0,0,1,0,0,0,0,1
1580,822395,0,0,0,0,0,0,0,1,0,0,0,0,1
1581,822916,0,0,0,0,0,0,0,1,0,0,0,0,1
1582,823437,0,0,0,0,0,0,0,1,0,0,0,0,1
1583,823958,0,0,0,0,0,0,0,1,0,0,0,0,1
1584,824479,0,0,0,0,0,0,0,1,0,0,0,0,1
1585,825000,0,0,0,0,0,0,0,1,0,0,0,0,1
1586,825520,0,0,0,0,0,0,0,1,0,0,0,0,1
1587,826041,0,0,0,0,0,0,0,1,0,0,0,0,1
1588,826562,0,0,0,0,0,0,0,1,0,0,0,0,1
1589,827083,0,0,0,0,0,0,0,1,0,0,0,0,1
1590,827604,0,0,0,0,0,0,0,1,0,0,0,0,1
1591,828125,0,0,0,0,0,0,0,1,0,0,0,0,1
1592,828645,0,0,0,0,0,0,0,1,0,0,0,0,1
1593,829166,0,0,0,0,0,0,0,1,0,0,0,0,1
1594,829687,0,0,0,0,0,0,0,1,0,0,0,0,1
1595,830208,0,0,0,0,0,0,0,1,0,0,0,0,1
1596,830729,0,0,0,0,0,0,0,1,0,0,0,0,1
1597,831250,0,0,0,0,0,0,0,1,0,0,0,0,1
1598,831770,0,0,0,0,0,0,0,1,0,0,0,0,1
1599,832291,0,0,0,0,0,0,0,1,0,0,0,0,1
1600,832812,0,0,0,0,0,0,0,1,0,0,0,0,1
1601,833333,0,0,0,0,0,0,0,1,0,0,0,0,1
1602,833854,0,0,0,0,0,0,0,1,0,0,0,0,1
1603,834375,0,0,0,0,0,0,0,1,0,0,0,0,1
1604,834895,0,0,0,0,0,0,0,1,0,0,0,0,1
1605,835416,0,0,0,0,0,0,0,1,0,0,0,0,1
1606,835937,0,0,0,0,0,0,0,1,0,0,0,0,1
1607,836458,0,0,0,0,0,0,0,1,0,0,0,0,1
1608,836979,0,0,0,0,0,0,0,1,0,0,0,0,1
1609,837500,0,0,0,0,0,0,0,1,0,0,0,0,1
1610,838020,0,0,0,0,0,0,0,1,0,0,0,0,1
1611,838541,0,0,0,0,0,0,0,1,0,0,0,0,1
1612,839062,0,0,0,0,0,0,0,1,0,0,0,0,1
1613,839583,0,0,0,0,0,0,0,1,0,0,0,0,1
1614,840104,0,0,0,0,0,0,0,1,0,0,0,0,1
1615,840625,0,0,0,0,0,0,0,1,0,0,0,0,1
1616,841145,0,0,0,0,0,0,0,1,0,0,0,0,1
1617,841666,0,0,0,0,0,0,0,1,0,0,0,0,1
1618,842187,0,0,0,0,0,0,0,1,0,0,0,0,1
1619,842708,0,0,0,0,0,0,0,1,0,0,0,0,1
1620,843229,0,0,0,0,0,0,0,1,0,0,0,0,1
1621,843750,0,0,0,0,0,0,0,1,0,0,0,0,1
1622,844270,0,0,0,0,0,0,0,1,0,0,0,0,1
1623,844791,0,0,0,0,0,0,0,1,0,0,0,0,1
1624,845312,0,0,0,0,0,0,0,1,0,0,0,0,1
1625,845833,0,0,0,0,0,0,0,1,0,0,0,0,1
1626,846354,0,0,0,0,0,0,0,1,0,0,0,0,1
1627,846875,0,0,0,0,0,0,0,1,0,0,0,0,1
1628,847395,0,0,0,0,0,0,0,1,0,0,0,0,1
1629,847916,0,0,0,0,0,0,0,1,0,0,0,0,1
1630,848437,0,0,0,0,0,0,0,1,0,0,0,0,1
1631,848958,0,0,0,0,0,0,0,1,0,0,0,0,1
1632,849479,0,0,0,0,0,0,0,1,0,0,0,0,1
1633,850000,0,0,0,0,0,0,0,1,0,0,0,0,1
1634,850520,0,0,0,0,0,0,0,1,0,0,0,0,1
1635,851041,0,0,0,0,0,0,0,1,0,0,0,0,1
1636,851562,0,0,0,0,0,0,0,1,0,0,0,0,1
1637,852083,0,0,0,0,0,0,0,1,0,0,0,0,1
1638,852604,0,0,0,0,0,0,0,1,0,0,0,0,1
1639,853125,0,0,0,0,0,0,0,1,0,0,0,0,1
1640,853645,0,0,0,0,0,0,0,1,0,0,0,0,1
1641,854166,0,0,0,0,0,0,0,1,0,0,0,0,1
1642,854687,0,0,0,0,0,0,0,1,0,0,0,0,1
1643,855208,0,0,0,0,0,0,0,1,0,0,0,0,1
1644,855729,0,0,0,0,0,0,0,1,0,0,0,0,1
1645,856250,0,0,0,0,0,0,0,1,0,0,0,0,1
1646,856770,0,0,0,0,0,0,0,1,0,0,0,0,1
1647,857291,0,0,0,0,0,0,0,1,0,0,0,0,1
1648,857812,0,0,0,0,0,0,0,1,0,0,0,0,1
1649,858333,0,0,0,0,0,0,0,1,0,0,0,0,1
1650,858854,0,0,0,0,0,0,0,1,0,0,0,0,1
1651,859375,0,0,0,0,0,0,0,1,0,0,0,0,1
1652,859895,0,0,0,0,0,0,0,1,0,0,0,0,1
1653,860416,0,0,0,0,0,0,0,1,0,0,0,0,1
1654,860937,0,0,0,0,0,0,0,1,0,0,0,0,1
1655,861458,0,0,0,0,0,0,0,1,0,0,0,0,1
1656,861979,0,0,0,0,0,0,0,1,0,0,0,0,1
1657,862500,0,0,0,0,0,0,0,1,0,0,0,0,1
1658,863020,0,0,0,0,0,0,0,1,0,0,0,0,1
1659,863541,0,0,0,0,0,0,0,1,0,0,0,0,1
1660,864062,0,0,0,0,0,0,0,1,0,0,0,0,1
1661,864583,0,0,0,0,0,0,0,1,0,0,0,0,1
1662,865104,0,0,0,0,0,0,0,1,0,0,0,0,1
1663,865625,0,0,0,0,0,0,0,1,0,0,0,0,1
1664,866145,0,0,0,0,0,0,0,1,0,0,0,0,1
1665,866666,0,0,0,0,0,0,0,1,0,0,0,0,1
1666,867187,0,0,0,0,0,0,0,1,0,0,0,0,1
1667,867708,0,0,0,0,0,0,0,1,0,0,0,0,1
1668,868229,0,0,0,0,0,0,0,1,0,0,0,0,1
1669,868750,0,0,0,0,0,0,0,1,0,0,0,0,1
1670,869270,0,0,0,0,0,0,0,1,0,0,0,0,1
1671,869791,0,0,0,0,0,0,0,1,0,0,0,0,1
1672,870312,0,0,0,0,0,0,0,1,0,0,0,0,1
1673,870833,0,0,0,0,0,0,0,1,0,0,0,0,1
1674,871354,0,0,0,0,0,0,0,1,0,0,0,0,1
1675,871875,0,0,0,0,0,0,0,1,0,0,0,0,1
1676,872395,0,0,0,0,0,0,0,1,0,0,0,0,1
1677,872916,0,0,0,0,0,0,0,1,0,0,0,0,1
1678,873437,0,0,0,0,0,0,0,1,0,0,0,0,1
1679,873958,0,0,0,0,0,0,0,1,0,0,0,0,1
1680,874479,0,0,0,0,0,0,0,1,0,0,0,0,1
1681,875000,0,0,0,0,0,0,0,1,0,0,0,0,1
1682,875520,0,0,0,0,0,0,0,1,0,0,0,0,1
1683,876041,0,0,0,0,0,0,0,1,0,0,0,0,1
1684,876562,0,0,0,0,0,0,0,1,0,0,0,0,1
1685,877083,0,0,0,0,0,0,0,1,0,0,0,0,1
1686,877604,0,0,0,0,0,0,0,1,0,0,0,0,1
1687,878125,0,0,0,0,0,0,0,1,0,0,0,0,1
1688,878645,0,0,0,0,0,0,0,1,0,0,0,0,1
1689,879166,0,0,0,0,0,0,0,1,0,0,0,0,1
1690,879687,0,0,0,0,0,0,0,1,0,0,0,0,1
1691,880208,0,0,0,0,0,0,0,1,0,0,0,0,1
1692,880729,0,0,0,0,0,0,0,1,0,0,0,0,1
1693,881250,0,0,0,0,0,0,0,1,0,0,0,0,1
1694,881770,0,0,0,0,0,0,0,1,0,0,0,0,1
1695,882291,0,0,0,0,0,0,0,1,0,0,0,0,1
1696,882812,0,0,0,0,0,0,0,1,0,0,0,0,1
1697,883333,0,0,0,0,0,0,0,1,0,0,0,0,1
1698,883854,0,0,0,0,0,0,0,1,0,0,0,0,1
1699,884375,0,0,0,0,0,0,0,1,0,0,0,0,1
1700,884895,0,0,0,0,0,0,0,1,0,0,0,0,1
1701,885416,0,0,0,0,0,0,0,1,0,0,0,0,1
1702,885937,0,0,0,0,0,0,0,1,0,0,0,0,1
1703,886458,0,0,0,0,0,0,0,1,0,0,0,0,1
1704,886979,0,0,0,0,0,0,0,1,0,0,0,0,1
1705,887500,0,0,0,0,0,0,0,1,0,0,0,0,1
1706,888020,0,0,0,0,0,0,0,1,0,0,0,0,1
1707,888541,0,0,0,0,0,0,0,1,0,0,0,0,1
1708,889062,0,0,0,0,0,0,0,1,0,0,0,0,1
1709,889583,0,0,0,0,0,0,0,1,0,0,0,0,1
1710,890104,0,0,0,0,0,0,0,1,0,0,0,0,1
1711,890625,0,0,0,0,0,0,0,1,0,0,0,0,1
1712,891145,0,0,0,0,0,0,0,1,0,0,0,0,1
1713,891666,0,0,0,0,0,0,0,1,0,0,0,0,1
1714,892187,0,0,0,0,0,0,0,1,0,0,0,0,1
1715,892708,0,0,0,0,0,0,0,1,0,0,0,0,1
1716,893229,0,0,0,0,0,0,0,1,0,0,0,0,1
1717,893750,0,0,0,0,0,0,0,1,0,0,0,0,1
1718,894270,0,0,0,0,0,0,0,1,0,0,0,0,1
1719,894791,0,0,0,0,0,0,0,1,0,0,0,0,1
1720,895312,0,0,0,0,0,0,0,1,0,0,0,0,1
1721,895833,0,0,0,0,0,0,0,1,0,0,0,0,1
1722,896354,0,0,0,0,0,0,0,1,0,0,0,0,1
1723,896875,0,0,0,0,0,0,0,1,0,0,0,0,1
1724,897395,0,0,0,0,0,0,0,1,0,0,0,0,1
1725,897916,0,0,0,0,0,0,0,1,0,0,0,0,1
1726,898437,0,0,0,0,0,0,0,1,0,0,0,0,1
1727,898958,0,0,0,0,0,0,0,1,0,0,0,0,1
1728,899479,0,0,0,0,0,0,0,1,0,0,0,0,1
1729,900000,0,0,0,0,0,0,0,1,0,0,0,0,1
1730,900520,0,0,0,0,0,0,0,1,0,0,0,0,1
1731,901041,0,0,0,0,0,0,0,1,0,0,0,0,1
1732,901562,0,0,0,0,0,0,0,1,0,0,0,0,1
1733,902083,0,0,0,0,0,0,0,1,0,0,0,0,1
1734,902604,0,0,0,0,0,0,0,1,0,0,0,0,1
1735,903125,0,0,0,0,0,0,0,1,0,0,0,0,1
1736,903645,0,0,0,0,0,0,0,1,0,0,0,0,1
1737,904166,0,0,0,0,0,0,0,1,0,0,0,0,1
1738,904687,0,0,0,0,0,0,0,1,0,0,0,0,1
1739,905208,0,0,0,0,0,0,0,1,0,0,0,0,1
1740,905729,0,0,0,0,0,0,0,1,0,0,0,0,1
1741,906250,0,0,0,0,0,0,0,1,0,0,0,0,1
1742,906770,0,0,0,0,0,0,0,1,0,0,0,0,1
1743,907291,0,0,0,0,0,0,0,1,0,0,0,0,1
1744,907812,0,0,0,0,0,0,0,1,0,0,0,0,1
1745,908333,0,0,0,0,0,0,0,1,0,0,0,0,1
1746,908854,0,0,0,0,0,0,0,1,0,0,0,0,1
1747,909375,0,0,0,0,0,0,0,1,0,0,0,0,1
1748,909895,0,0,0,0,0,0,0,1,0,0,0,0,1
1749,910416,0,0,0,0,0,0,0,1,0,0,0,0,1
1750,910937,0,0,0,0,0,0,0,1,0,0,0,0,1
1751,911458,0,0,0,0,0,0,0,1,0,0,0,0,1
1752,911979,0,0,0,0,0,0,0,1,0,0,0,0,1
1753,912500,0,0,0,0,0,0,0,1,0,0,0,0,1
1754,913020,0,0,0,0,0,0,0,1,0,0,0,0,1
1755,913541,0,0,0,0,0,0,0,1,0,0,0,0,1
1756,914062,0,0,0,0,0,0,0,1,0,0,0,0,1
1757,914583,0,0,0,0,0,0,0,1,0,0,0,0,1
1758,915104,0,0,0,0,0,0,0,1,0,0,0,0,1
1759,915625,0,0,0,0,0,0,0,1,0,0,0,0,1
1760,916145,0,0,0,0,0,0,0,1,0,0,0,0,1
1761,916666,0,0,0,0,0,0,0,1,0,0,0,0,1
1762,917187,0,0,0,0,0,0,0,1,0,0,0,0,1
1763,917708,0,0,0,0,0,0,0,1,0,0,0,0,1
1764,918229,0,0,0,0,0,0,0,1,0,0,0,0,1
1765,918750,0,0,0,0,0,0,0,1,0,0,0,0,1
1766,919270,0,0,0,0,0,0,0,1,0,0,0,0,1
1767,919791,0,0,0,0,0,0,0,1,0,0,0,0,1
1768,920312,0,0,0,0,0,0,0,1,0,0,0,0,1
1769,920833,0,0,0,0,0,0,0,1,0,0,0,0,1
1770,921354,0,0,0,0,0,0,0,1,0,0,0,0,1
1771,921875,0,0,0,0,0,0,0,1,0,0,0,0,1
1772,922395,0,0,0,0,0,0,0,1,0,0,0,0,1
1773,922916,0,0,0,0,0,0,0,1,0,0,0,0,1
1774,923437,0,0,0,0,0,0,0,1,0,0,0,0,1
1775,923958,0,0,0,0,0,0,0,1,0,0,0,0,1
1776,924479,0,0,0,0,0,0,0,1,0,0,0,0,1
1777,925000,0,0,0,0,0,0,0,1,0,0,0,0,1
1778,925520,0,0,0,0,0,0,0,1,0,0,0,0,1
1779,926041,0,0,0,0,0,0,0,1,0,0,0,0,1
1780,926562,0,0,0,0,0,0,0,1,0,0,0,0,1
1781,927083,0,0,0,0,0,0,0,1,0,0,0,0,1
1782,927604,0,0,0,0,0,0,0,1,0,0,0,0,1
1783,928125,0,0,0,0,0,0,0,1,0,0,0,0,1
1784,928645,0,0,0,0,0,0,0,1,0,0,0,0,1
1785,929166,0,0,0,0,0,0,0,1,0,0,0,0,1
1786,929687,0,0,0,0,0,0,0,1,0,0,0,0,1
1787,930208,0,0,0,0,0,0,0,1,0,0,0,0,1
1788,930729,0,0,0,0,0,0,0,1,0,0,0,0,1
1789,931250,0,0,0,0,0,0,0,1,0,0,0,0,1
1790,931770,0,0,0,0,0,0,0,1,0,0,0,0,1
1791,932291,0,0,0,0,0,0,0,1,0,0,0,0,1
1792,932812,0,0,0,0,0,0,0,1,0,0,0,0,1
1793,933333,0,0,0,0,0,0,0,1,0,0,0,0,1
1794,933854,0,0,0,0,0,0,0,1,0,0,0,0,1
1795,934375,0,0,0,0,0,0,0,1,0,0,0,0,1
1796,934895,0,0,0,0,0,0,0,1,0,0,0,0,1
1797,935416,0,0,0,0,0,0,0,1,0,0,0,0,1
1798,935937,0,0,0,0,0,0,0,1,0,0,0,0,1
1799,936458,0,0,0,0,0,0,0,1,0,0,0,0,1
1800,936979,0,0,0,0,0,0,0,1,0,0,0,0,1
1801,937500,0,0,0,0,0,0,0,1,0,0,0,0,1
1802,938020,0,0,0,0,0,0,0,1,0,0,0,0,1
1803,938541,0,0,0,0,0,0,0,1,0,0,0,0,1
1804,939062,0,0,0,0,0,0,0,1,0,0,0,0,1
1805,939583,0,0,0,0,0,0,0,1,0,0,0,0,1
1806,940104,0,0,0,0,0,0,0,1,0,0,0,0,1
1807,940625,0,0,0,0,0,0,0,1,0,0,0,0,1
1808,941145,0,0,0,0,0,0,0,1,0,0,0,0,1
1809,941666,0,0,0,0,0,0,0,1,0,0,0,0,1
1810,942187,0,0,0,0,0,0,0,1,0,0,0,0,1
1811,942708,0,0,0,0,0,0,0,1,0,0,0,0,1
1812,943229,0,0,0,0,0,0,0,1,0,0,0,0,1
1813,943750,0,0,0,0,0,0,0,1,0,0,0,0,1
1814,944270,0,0,0,0,0,0,0,1,0,0,0,0,1
1815,944791,0,0,0,0,0,0,0,1,0,0,0,0,1
1816,945312,0,0,0,0,0,0,0,1,0,0,0,0,1
1817,945833,0,0,0,0,0,0,0,1,0,0,0,0,1
1818,946354,0,0,0,0,0,0,0,1,0,0,0,0,1
1819,946875,0,0,0,0,0,0,0,1,0,0,0,0,1
1820,947395,0,0,0,0,0,0,0,1,0,0,0,0,1
1821,947916,0,0,0,0,0,0,0,1,0,0,0,0,1
1822,948437,0,0,0,0,0,0,0,1,0,0,0,0,1
1823,948958,0,0,0,0,0,0,0,1,0,0,0,0,1
1824,949479,0,0,0,0,0,0,0,1,0,0,0,0,1
1825,950000,0,0,0,0,0,0,0,1,0,0,0,0,1
1826,950520,0,0,0,0,0,0,0,1,0,0,0,0,1
1827,951041,0,0,0,0,0,0,0,1,0,0,0,0,1
1828,951562,0,0,0,0,0,0,0,1,0,0,0,0,1
1829,952083,0,0,0,0,0,0,0,1,0,0,0,0,1
1830,952604,0,0,0,0,0,0,0,1,0,0,0,0,1
1831,953125,0,0,0,0,0,0,0,1,0,0,0,0,1
1832,953645,0,0,0,0,0,0,0,1,0,0,0,0,1
1833,954166,0,0,0,0,0,0,0,1,0,0,0,0,1
1834,954687,0,0,0,0,0,0,0,1,0,0,0,0,1
1835,955208,0,0,0,0,0,0,0,1,0,0,0,0,1
1836,955729,0,0,0,0,0,0,0,1,0,0,0,0,1
1837,956250,0,0,0,0,0,0,0,1,0,0,0,0,1
1838,956770,0,0,0,0,0,0,0,1,0,0,0,0,1
1839,957291,0,0,0,0,0,0,0,1,0,0,0,0,1
1840,957812,0,0,0,0,0,0,0,1,0,0,0,0,1
1841,958333,0,0,0,0,0,0,0,1,0,0,0,0,1
1842,958854,0,0,0,0,0,0,0,1,0,0,0,0,1
1843,959375,0,0,0,0,0,0,0,1,0,0,0,0,1
1844,959895,0,0,0,0,0,0,0,1,0,0,0,0,1
1845,960416,0,0,0,0,0,0,0,1,0,0,0,0,1
1846,960937,0,0,0,0,0,0,0,1,0,0,0,0,1
1847,961458,0,0,0,0,0,0,0,1,0,0,0,0,1
1848,961979,0,0,0,0,0,0,0,1,0,0,0,0,1
1849,962500,0,0,0,0,0,0,0,1,0,0,0,0,1
1850,963020,0,0,0,0,0,0,0,1,0,0,0,0,1
1851,963541,0,0,0,0,0,0,0,1,0,0,0,0,1
1852,964062,0,0,0,0,0,0,0,1,0,0,0,0,1
1853,964583,0,0,0,0,0,0,0,1,0,0,0,0,1
1854,965104,0,0,0,0,0,0,0,1,0,0,0,0,1
1855,965625,0,0,0,0,0,0,0,1,0,0,0,0,1
1856,966145,0,0,0,0,0,0,0,1,0,0,0,0,1
1857,966666,0,0,0,0,0,0,0,1,0,0,0,0,1
1858,967187,0,0,0,0,0,0,0,1,0,0,0,0,1
1859,967708,0,0,0,0,0,0,0,1,0,0,0,0,1
1860,968229,0,0,0,0,0,0,0,1,0,0,0,0,1
1861,968750,0,0,0,0,0,0,0,1,0,0,0,0,1
1862,969270,0,0,0,0,0,0,0,1,0,0,0,0,1
1863,969791,0,0,0,0,0,0,0,1,0,0,0,0,1
1864,970312,0,0,0,0,0,0,0,1,0,0,0,0,1
1865,970833,0,0,0,0,0,0,0,1,0,0,0,0,1
1866,971354,0,0,0,0,0,0,0,1,0,0,0,0,1
1867,971875,0,0,0,0,0,0,0,1,0,0,0,0,1
1868,972395,0,0,0,0,0,0,0,1,0,0,0,0,1
1869,972916,0,0,0,0,0,0,0,1,0,0,0,0,1
1870,973437,0,0,0,0,0,0,0,1,0,0,0,0,1
1871,973958,0,0,0,0,0,0,0,1,0,0,0,0,1
1872,974479,0,0,0,0,0,0,0,1,0,0,0,0,1
1873,975000,0,0,0,0,0,0,0,1,0,0,0,0,1
1874,975520,0,0,0,0,0,0,0,1,0,0,0,0,1
1875,976041,0,0,0,0,0,0,0,1,0,0,0,0,1
1876,976562,0,0,0,0,0,0,0,1,0,0,0,0,1
1877,977083,0,0,0,0,0,0,0,1,0,0,0,0,1
1878,977604,0,0,0,0,0,0,0,1,0,0,0,0,1
1879,978125,0,0,0,0,0,0,0,1,0,0,0,0,1
1880,978645,0,0,0,0,0,0,0,1,0,0,0,0,1
1881,979166,0,0,0,0,0,0,0,1,0,0,0,0,1
1882,979687,0,0,0,0,0,0,0,1,0,0,0,0,1
1883,980208,0,0,0,0,0,0,0,1,0,0,0,0,1
1884,980729,0,0,0,0,0,0,0,1,0,0,0,0,1
1885,981250,0,0,0,0,0,0,0,1,0,0,0,0,1
1886,981770,0,0,0,0,0,0,0,1,0,0,0,0,1
1887,982291,0,0,0,0,0,0,0,1,0,0,0,0,1
1888,982812,0,0,0,0,0,0,0,1,0,0,0,0,1
1889,983333,0,0,0,0,0,0,0,1,0,0,0,0,1
1890,983854,0,0,0,0,0,0,0,1,0,0,0,0,1
1891,984375,0,0,0,0,0,0,0,1,0,0,0,0,1
1892,984895,0,0,0,0,0,0,0,1,0,0,0,0,1
1893,985416,0,0,0,0,0,0,0,1,0,0,0,0,1
1894,985937,0,0,0,0,0,0,0,1,0,0,0,0,1
1895,986458,0,0,0,0,0,0,0,1,0,0,0,0,1
1896,986979,0,0,0,0,0,0,0,1,0,0,0,0,1
1897,987500,0,0,0,0,0,0,0,1,0,0,0,0,1
1898,988020,0,0,0,0,0,0,0,1,0,0,0,0,1
1899,988541,0,0,0,0,0,0,0,1,0,0,0,0,1
1900,989062,0,0,0,0,0,0,0,1,0,0,0,0,1
1901,989583,0,0,0,0,0,0,0,1,0,0,0,0,1
1902,990104,0,0,0,0,0,0,0,1,0,0,0,0,1
1903,990625,0,0,0,0,0,0,0,1,0,0,0,0,1
1904,991145,0,0,0,0,0,0,0,1,0,0,0,0,1
1905,991666,0,0,0,0,0,0,0,1,0,0,0,0,1
1906,992187,0,0,0,0,0,0,0,1,0,0,0,0,1
1907,992708,0,0,0,0,0,0,0,1,0,0,0,0,1
1908,993229,0,0,0,0,0,0,0,1,0,0,0,0,1
1909,993750,0,0,0,0,0,0,0,1,0,0,0,0,1
1910,994270,0,0,0,0,0,0,0,1,0,0,0,0,1
1911,994791,0,0,0,0,0,0,0,1,0,0,0,0,1
1912,995312,0,0,0,0,0,0,0,1,0,0,0,0,1
1913,995833,0,0,0,0,0,0,0,1,0,0,0,0,1
1914,996354,0,0,0,0,0,0,0,1,0,0,0,0,1
1915,996875,0,0,0,0,0,0,0,1,0,0,0,0,1
1916,997395,0,0,0,0,0,0,0,1,0,0,0,0,1
1917,997916,0,0,0,0,0,0,0,1,0,0,0,0,1
1918,998437,0,0,0,0,0,0,0,1,0,0,0,0,1
1919,998958,0,0,0,0,0,0,0,1,0,0,0,0,1
1920,999479,0,0,0,0,0,0,0,1,0,0,0,0,1
1921,1000000,0,0,0,0,0,0,0,1,0,0,0,0,1
1922,1000520,0,0,0,0,0,0,0,1,0,0,0,0,1
1923,1001041,0,0,0,0,0,0,0,1,0,0,0,0,1
1924,1001562,0,0,0,0,0,0,0,1,0,0,0,0,1
1925,1002083,0,0,0,0,0,0,0,1,0,0,0,0,1
1926,1002604,0,0,0,0,0,0,0,1,0,0,0,0,1
1927,1003125,0,0,0,0,0,0,0,1,0,0,0,0,1
1928,1003645,0,0,0,0,0,0,0,1,0,0,0,0,1
1929,1004166,0,0,0,0,0,0,0,1,0,0,0,0,1
1930,1004687,0,0,0,0,0,0,0,1,0,0,0,0,1
1931,1005208,0,0,0,0,0,0,0,1,0,0,0,0,1
1932,1005729,0,0,0,0,0,0,0,1,0,0,0,0,1
1933,1006250,0,0,0,0,0,0,0,1,0,0,0,0,1
1934,1006770,0,0,0,0,0,0,0,1,0,0,0,0,1
1935,1007291,0,0,0,0,0,0,0,1,0,0,0,0,1
1936,1007812,0,0,0,0,0,0,0,1,0,0,0,0,1
1937,1008333,0,0,0,0,0,0,0,1,0,0,0,0,1
1938,1008854,0,0,0,0,0,0,0,1,0,0,0,0,1
1939,1009374,0,0,0,0,0,0,0,1,0,0,0,0,1
1940,1009895,0,0,0,0,0,0,0,1,0,0,0,0,1
1941,1010416,0,0,0,0,0,0,0,1,0,0,0,0,1
1942,1010937,0,0,0,0,0,0,0,1,0,0,0,0,1
1943,1011458,0,0,0,0,0,0,0,1,0,0,0,0,1
1944,1011979,0,0,0,0,0,0,0,1,0,0,0,0,1
1945,1012500,0,0,0,0,0,0,0,1,0,0,0,0,1
1946,1013020,0,0,0,0,0,0,0,1,0,0,0,0,1
1947,1013541,0,0,0,0,0,0,0,1,0,0,0,0,1
1948,1014062,0,0,0,0,0,0,0,1,0,0,0,0,1
1949,1014583,0,0,0,0,0,0,0,1,0,0,0,0,1
1950,1015104,0,0,0,0,0,0,0,1,0,0,0,0,1
1951,1015625,0,0,0,0,0,0,0,1,0,0,0,0,1
1952,1016145,0,0,0,0,0,0,0,1,0,0,0,0,1
1953,1016666,0,0,0,0,0,0,0,1,0,0,0,0,1
1954,1017187,0,0,0,0,0,0,0,1,0,0,0,0,1
1955,1017708,0,0,0,0,0,0,0,1,0,0,0,0,1
1956,1018229,0,0,0,0,0,0,0,1,0,0,0,0,1
1957,1018750,0,0,0,0,0,0,0,1,0,0,0,0,1
1958,1019270,0,0,0,0,0,0,0,1,0,0,0,0,1
1959,1019791,0,0,0,0,0,0,0,1,0,0,0,0,1
1960,1020312,0,0,0,0,0,0,0,1,0,0,0,0,1
1961,1020833,0,0,0,0,0,0,0,1,0,0,0,0,1
1962,1021354,0,0,0,0,0,0,0,1,0,0,0,0,1
1963,1021875,0,0,0,0,0,0,0,1,0,0,0,0,1
1964,1022395,0,0,0,0,0,0,0,1,0,0,0,0,1
1965,1022916,0,0,0,0,0,0,0,1,0,0,0,0,1
1966,1023437,0,0,0,0,0,0,0,1,0,0,0,0,1
1967,1023958,0,0,0,0,0,0,0,1,0,0,0,0,1
1968,1024479,0,0,0,0,0,0,0,1,0,0,0,0,1
1969,1024999,0,0,0,0,0,0,0,1,0,0,0,0,1
1970,1025520,0,0,0,0,0,0,0,1,0,0,0,0,1
1971,1026041,0,0,0,0,0,0,0,1,0,0,0,0,1
1972,1026562,0,0,0,0,0,0,0,1,0,0,0,0,1
1973,1027083,0,0,0,0,0,0,0,1,0,0,0,0,1
1974,1027604,0,0,0,0,0,0,0,1,0,0,0,0,1
1975,1028125,0,0,0,0,0,0,0,1,0,0,0,0,1
1976,1028645,0,0,0,0,0,0,0,1,0,0,0,0,1
1977,1029166,0,0,0,0,0,0,0,1,0,0,0,0,1
1978,1029687,0,0,0,0,0,0,0,1,0,0,0,0,1
1979,1030208,0,0,0,0,0,0,0,1,0,0,0,0,1
1980,1030729,0,0,0,0,0,0,0,1,0,0,0,0,1
1981,1031250,0,0,0,0,0,0,0,1,0,0,0,0,1
1982,1031770,0,0,0,0,0,0,0,1,0,0,0,0,1
1983,1032291,0,0,0,0,0,0,0,1,0,0,0,0,1
1984,1032812,0,0,0,0,0,0,0,1,0,0,0,0,1
1985,1033333,0,0,0,0,0,0,0,1,0,0,0,0,1
1986,1033854,0,0,0,0,0,0,0,1,0,0,0,0,1
1987,1034375,0,0,0,0,0,0,0,1,0,0,0,0,1
1988,1034895,0,0,0,0,0,0,0,1,0,0,0,0,1
1989,1035416,0,0,0,0,0,0,0,1,0,0,0,0,1
1990,1035937,0,0,0,0,0,0,0,1,0,0,0,0,1
1991,1036458,0,0,0,0,0,0,0,1,0,0,0,0,1
1992,1036979,0,0,0,0,0,0,0,1,0,0,0,0,1
1993,1037500,0,0,0,0,0,0,0,1,0,0,0,0,1
1994,1038020,0,0,0,0,0,0,0,1,0,0,0,0,1
1995,1038541,0,0,0,0,0,0,0,1,0,0,0,0,1
1996,1039062,0,0,0,0,0,0,0,1,0,0,0,0,1
1997,1039583,0,0,0,0,0,0,0,1,0,0,0,0,1
1998,1040104,0,0,0,0,0,0,0,1,0,0,0,0,1
1999,1040624,0,0,0,0,0,0,0,1,0,0,0,0,1
2000,1041145,0,0,0,0,0,0,0,1,0,0,0,0,1
2001,1041666,0,0,0,0,0,0,0,1,0,0,0,0,1
2002,1042187,0,0,0,0,0,0,0,1,0,0,0,0,1
2003,1042708,0,0,0,0,0,0,0,1,0,0,0,0,1
2004,1043229,0,0,0,0,0,0,0,1,0,0,0,0,1
2005,1043750,0,0,0,0,0,0,0,1,0,0,0,0,1
2006,1044270,0,0,0,0,0,0,0,1,0,0,0,0,1
2007,1044791,0,0,0,0,0,0,0,1,0,0,0,0,1
2008,1045312,0,0,0,0,0,0,0,1,0,0,0,0,1
2009,1045833,0,0,0,0,0,0,0,1,0,0,0,0,1
2010,1046354,0,0,0,0,0,0,0,1,0,0,0,0,1
2011,1046875,0,0,0,0,0,0,0,1,0,0,0,0,1
2012,1047395,0,0,0,0,0,0,0,1,0,0,0,0,1
2013,1047916,0,0,0,0,0,0,0,1,0,0,0,0,1
2014,1048437,0,0,0,0,0,0,0,1,0,0,0,0,1
2015,1048958,0,0,0,0,0,0,0,1,0,0,0,0,1
2016,1049479,0,0,0,0,0,0,0,1,0,0,0,0,1
2017,1050000,0,0,0,0,0,0,0,1,0,0,0,0,1
2018,1050520,0,0,0,0,0,0,0,1,0,0,0,0,1
2019,1051041,0,0,0,0,0,0,0,1,0,0,0,0,1
2020,1051562,0,0,0,0,0,0,0,1,0,0,0,0,1
2021,1052083,0,0,0,0,0,0,0,1,0,0,0,0,1
2022,1052604,0,0,0,0,0,0,0,1,0,0,0,0,1
2023,1053125,0,0,0,0,0,0,0,1,0,0,0,0,1
2024,1053645,0,0,0,0,0,0,0,1,0,0,0,0,1
2025,1054166,0,0,0,0,0,0,0,1,0,0,0,0,1
2026,1054687,0,0,0,0,0,0,0,1,0,0,0,0,1
2027,1055208,0,0,0,0,0,0,0,1,0,0,0,0,1
2028,1055729,0,0,0,0,0,0,0,1,0,0,0,0,1
2029,1056250,0,0,0,0,0,0,0,1,0,0,0,0,1
2030,1056770,0,0,0,0,0,0,0,1,0,0,0,0,1
2031,1057291,0,0,0,0,0,0,0,1,0,0,0,0,1
2032,1057812,0,0,0,0,0,0,0,1,0,0,0,0,1
2033,1058333,0,0,0,0,0,0,0,1,0,0,0,0,1
2034,1058854,0,0,0,0,0,0,0,1,0,0,0,0,1
2035,1059375,0,0,0,0,0,0,0,1,0,0,0,0,1
2036,1059895,0,0,0,0,0,0,0,1,0,0,0,0,1
2037,1060416,0,0,0,0,0,0,0,1,0,0,0,0,1
2038,1060937,0,0,0,0,0,0,0,1,0,0,0,0,1
2039,1061458,0,0,0,0,0,0,0,1,0,0,0,0,1
2040,1061979,0,0,0,0,0,0,0,1,0,0,0,0,1
2041,1062500,0,0,0,0,0,0,0,1,0,0,0,0,1
2042,1063020,0,0,0,0,0,0,0,1,0,0,0,0,1
2043,1063541,0,0,0,0,0,0,0,1,0,0,0,0,1
2044,1064062,0,0,0,0,0,0,0,1,0,0,0,0,1
2045,1064583,0,0,0,0,0,0,0,1,0,0,0,0,1
2046,1065104,0,0,0,0,0,0,0,1,0,0,0,0,1
2047,1065625,0,0,0,0,0,0,0,1,0,0,0,0,1
2048,1066145,0,0,0,0,0,0,0,1,0,0,0,0,1
2049,1066666,0,0,0,0,0,0,0,1,0,0,0,0,1
2050,1067187,0,0,0,0,0,0,0,1,0,0,0,0,1
2051,1067708,0,0,0,0,0,0,0,1,0,0,0,0,1
2052,1068229,0,0,0,0,0,0,0,1,0,0,0,0,1
2053,1068750,0,0,0,0,0,0,0,1,0,0,0,0,1
2054,1069270,0,0,0,0,0,0,0,1,0,0,0,0,1
2055,1069791,0,0,0,0,0,0,0,1,0,0,0,0,1
2056,1070312,0,0,0,0,0,0,0,1,0,0,0,0,1
2057,1070833,0,0,0,0,0,0,0,1,0,0,0,0,1
2058,1071354,0,0,0,0,0,0,0,1,0,0,0,0,1
2059,1071875,0,0,0,0,0,0,0,1,0,0,0,0,1
2060,1072395,0,0,0,0,0,0,0,1,0,0,0,0,1
2061,1072916,0,0,0,0,0,0,0,1,0,0,0,0,1
2062,1073437,0,0,0,0,0,0,0,1,0,0,0,0,1
2063,1073958,0,0,0,0,0,0,0,1,0,0,0,0,1
2064,1074479,0,0,0,0,0,0,0,1,0,0,0,0,1
2065,1075000,0,0,0,0,0,0,0,1,0,0,0,0,1
2066,1075520,0,0,0,0,0,0,0,1,0,0,0,0,1
2067,1076041,0,0,0,0,0,0,0,1,0,0,0,0,1
2068,1076562,0,0,0,0,0,0,0,1,0,0,0,0,1
2069,1077083,0,0,0,0,0,0,0,1,0,0,0,0,1
2070,1077604,0,0,0,0,0,0,0,1,0,0,0,0,1
2071,1078125,0,0,0,0,0,0,0,1,0,0,0,0,1
2072,1078645,0,0,0,0,0,0,0,1,0,0,0,0,1
2073,1079166,0,0,0,0,0,0,0,1,0,0,0,0,1
2074,1079687,0,0,0,0,0,0,0,1,0,0,0,0,1
2075,1080208,0,0,0,0,0,0,0,1,0,0,0,0,1
2076,1080729,0,0,0,0,0,0,0,1,0,0,0,0,1
2077,1081250,0,0,0,0,0,0,0,1,0,0,0,0,1
2078,1081770,0,0,0,0,0,0,0,1,0,0,0,0,1
2079,1082291,0,0,0,0,0,0,0,1,0,0,0,0,1
2080,1082812,0,0,0,0,0,0,0,1,0,0,0,0,1
2081,1083333,0,0,0,0,0,0,0,1,0,0,0,0,1
2082,1083854,0,0,0,0,0,0,0,1,0,0,0,0,1
2083,1084375,0,0,0,0,0,0,0,1,0,0,0,0,1
2084,1084895,0,0,0,0,0,0,0,1,0,0,0,0,1
2085,1085416,0,0,0,0,0,0,0,1,0,0,0,0,1
2086,1085937,0,0,0,0,0,0,0,1,0,0,0,0,1
2087,1086458,0,0,0,0,0,0,0,1,0,0,0,0,1
2088,1086979,0,0,0,0,0,0,0,1,0,0,0,0,1
2089,1087500,0,0,0,0,0,0,0,1,0,0,0,0,1
2090,1088020,0,0,0,0,0,0,0,1,0,0,0,0,1
2091,1088541,0,0,0,0,0,0,0,1,0,0,0,0,1
2092,1089062,0,0,0,0,0,0,0,1,0,0,0,0,1
2093,1089583,0,0,0,0,0,0,0,1,0,0,0,0,1
2094,1090104,0,0,0,0,0,0,0,1,0,0,0,0,1
2095,1090625,0,0,0,0,0,0,0,1,0,0,0,0,1
2096,1091145,0,0,0,0,0,0,0,1,0,0,0,0,1
2097,1091666,0,0,0,0,0,0,0,1,0,0,0,0,1
2098,1092187,0,0,0,0,0,0,0,1,0,0,0,0,1
2099,1092708,0,0,0,0,0,0,0,1,0,0,0,0,1
2100,1093229,0,0,0,0,0,0,0,1,0,0,0,0,1
2101,1093750,0,0,0,0,0,0,0,1,0,0,0,0,1
2102,1094270,0,0,0,0,0,0,0,1,0,0,0,0,1
2103,1094791,0,0,0,0,0,0,0,1,0,0,0,0,1
2104,1095312,0,0,0,0,0,0,0,1,0,0,0,0,1
2105,1095833,0,0,0,0,0,0,0,1,0,0,0,0,1
2106,1096354,0,0,0,0,0,0,0,1,0,0,0,0,1
2107,1096875,0,0,0,0,0,0,0,1,0,0,0,0,1
2108,1097395,0,0,0,0,0,0,0,1,0,0,0,0,1
2109,1097916,0,0,0,0,0,0,0,1,0,0,0,0,1
2110,1098437,0,0,0,0,0,0,0,1,0,0,0,0,1
2111,1098958,0,0,0,0,0,0,0,1,0,0,0,0,1
2112,1099479,0,0,0,0,0,0,0,1,0,0,0,0,1
2113,1100000,0,0,0,0,0,0,0,1,0,0,0,0,1
2114,1100520,0,0,0,0,0,0,0,1,0,0,0,0,1
2115,1101041,0,0,0,0,0,0,0,1,0,0,0,0,1
2116,1101562,0,0,0,0,0,0,0,1,0,0,0,0,1
2117,1102083,0,0,0,0,0,0,0,1,0,0,0,0,1
2118,1102604,0,0,0,0,0,0,0,1,0,0,0,0,1
2119,1103125,0,0,0,0,0,0,0,1,0,0,0,0,1
2120,1103645,0,0,0,0,0,0,0,1,0,0,0,0,1
2121,1104166,0,0,0,0,0,0,0,1,0,0,0,0,1
2122,1104687,0,0,0,0,0,0,0,1,0,0,0,0,1
2123,1105208,0,0,0,0,0,0,0,1,0,0,0,0,1
2124,1105729,0,0,0,0,0,0,0,1,0,0,0,0,1
2125,1106250,0,0,0,0,0,0,0,1,0,0,0,0,1
2126,1106770,0,0,0,0,0,0,0,1,0,0,0,0,1
2127,1107291,0,0,0,0,0,0,0,1,0,0,0,0,1
2128,1107812,0,0,0,0,0,0,0,1,0,0,0,0,1
2129,1108333,0,0,0,0,0,0,0,1,0,0,0,0,1
2130,1108854,0,0,0,0,0,0,0,1,0,0,0,0,1
2131,1109375,0,0,0,0,0,0,0,1,0,0,0,0,1
2132,1109895,0,0,0,0,0,0,0,1,0,0,0,0,1
2133,1110416,0,0,0,0,0,0,0,1,0,0,0,0,1
2134,1110937,0,0,0,0,0,0,0,1,0,0,0,0,1
2135,1111458,0,0,0,0,0,0,0,1,0,0,0,0,1
2136,1111979,0,0,0,0,0,0,0,1,0,0,0,0,1
2137,1112500,0,0,0,0,0,0,0,1,0,0,0,0,1
2138,1113020,0,0,0,0,0,0,0,1,0,0,0,0,1
2139,1113541,0,0,0,0,0,0,0,1,0,0,0,0,1
2140,1114062,0,0,0,0,0,0,0,1,0,0,0,0,1
2141,1114583,0,0,0,0,0,0,0,1,0,0,0,0,1
2142,1115104,0,0,0,0,0,0,0,1,0,0,0,0,1
2143,1115625,0,0,0,0,0,0,0,1,0,0,0,0,1
2144,1116145,0,0,0,0,0,0,0,1,0,0,0,0,1
2145,1116666,0,0,0,0,0,0,0,1,0,0,0,0,1
2146,1117187,0,0,0,0,0,0,0,1,0,0,0,0,1
2147,1117708,0,0,0,0,0,0,0,1,0,0,0,0,1
2148,1118229,0,0,0,0,0,0,0,1,0,0,0,0,1
2149,1118750,0,0,0,0,0,0,0,1,0,0,0,0,1
2150,1119270,0,0,0,0,0,0,0,1,0,0,0,0,1
2151,1119791,0,0,0,0,0,0,0,1,0,0,0,0,1
2152,1120312,0,0,0,0,0,0,0,1,0,0,0,0,1
2153,1120833,0,0,0,0,0,0,0,1,0,0,0,0,1
2154,1121354,0,0,0,0,0,0,0,1,0,0,0,0,1
2155,1121875,0,0,0,0,0,0,0,1,0,0,0,0,1
