1,0,0,-733,733,0,0,-25024,25024,0,0,0,0,1,0
2,260,83,-771,688,0,2832,-26319,23487,0,0,0,0,1,0
3,520,165,-801,636,0,5637,-27362,21724,0,0,0,0,1,0
4,781,246,-824,579,0,8388,-28140,19752,0,0,0,0,1,0
5,1041,324,-839,515,0,11058,-28648,17590,0,0,0,0,1,0
6,1302,399,-846,447,0,13621,-28880,15259,0,0,0,0,1,0
7,1562,470,-844,374,0,16053,-28833,12780,0,0,0,0,1,0
8,1822,537,-835,298,0,18331,-28509,10178,0,0,0,0,1,0
9,2083,598,-817,219,0,20432,-27910,7479,0,0,0,0,1,0
10,2343,654,-792,138,0,22336,-27043,4707,0,0,0,0,1,0
11,2604,704,-759,55,0,24025,-25915,1890,0,0,0,0,1,0
12,2864,746,-719,-28,0,25483,-24538,-945,0,0,0,0,1,0
13,3125,782,-671,-110,0,26696,-22924,-3772,0,0,0,0,1,0
14,3385,810,-618,-192,0,27651,-21089,-6561,0,0,0,0,1,0
15,3645,830,-558,-272,0,28340,-19052,-9288,0,0,0,0,1,0
16,3906,842,-493,-349,0,28756,-16831,-11925,0,0,0,0,1,0
17,4166,846,-423,-423,0,28895,-14448,-14448,0,0,0,0,1,0
18,4427,842,-349,-493,0,28756,-11925,-16831,0,0,0,0,1,0
19,4687,830,-272,-558,0,28340,-9288,-19052,0,0,0,0,1,0
20,4947,810,-192,-618,0,27651,-6561,-21089,0,0,0,0,1,0
21,5208,782,-110,-671,0,26696,-3772,-22924,0,0,0,0,1,0
22,5468,746,-28,-719,0,25483,-945,-24538,0,0,0,0,1,0
23,5729,704,55,-759,0,24025,1890,-25915,0,0,0,0,1,0
24,5989,654,138,-792,0,22336,4707,-27043,0,0,0,0,1,0
25,6250,598,219,-817,0,20432,7479,-27910,0,0,0,0,1,0
26,6510,537,298,-835,0,18331,10178,-28509,0,0,0,0,1,0
27,6770,470,374,-844,0,16053,12780,-28833,0,0,0,0,1,0
28,7031,399,447,-846,0,13621,15259,-28880,0,0,0,0,1,0
29,7291,324,515,-839,0,11058,17590,-28648,0,0,0,0,1,0
30,7552,246,579,-824,0,8388,19752,-28140,0,0,0,0,1,0
31,7812,165,636,-801,0,5637,21724,-27362,0,0,0,0,1,0
32,8072,83,688,-771,0,2832,23487,-26319,0,0,0,0,1,0
33,8333,0,733,-733,0,0,25024,-25024,0,0,0,0,1,0
34,8593,-83,771,-688,0,-2832,26319,-23487,0,0,0,0,1,0
35,8854,-165,801,-636,0,-5637,27362,-21724,0,0,0,0,1,0
36,9114,-246,824,-579,0,-8388,28140,-19752,0,0,0,0,1,0
37,9375,-324,839,-515,0,-11058,28648,-17590,0,0,0,0,1,0
38,9635,-399,846,-447,0,-13621,28880,-15259,0,0,0,0,1,0
39,9895,-470,844,-374,0,-16053,28833,-12780,0,0,0,0,1,0
40,10156,-537,835,-298,0,-18331,28509,-10178,0,0,0,0,1,0
41,10416,-598,817,-219,0,-20432,27910,-7479,0,0,0,0,1,0
42,10677,-654,792,-138,0,-22336,27043,-4707,0,0,0,0,1,0
43,10937,-704,759,-55,0,-24025,25915,-1890,0,0,0,0,1,0
44,11197,-746,719,28,0,-25483,24538,945,0,0,0,0,1,0
45,11458,-782,671,110,0,-26696,22924,3772,0,0,0,0,1,0
46,11718,-810,618,192,0,-27651,21089,6561,0,0,0,0,1,0
47,11979,-830,558,272,0,-28340,19052,9288,0,0,0,0,1,0
48,12239,-842,493,349,0,-28756,16831,11925,0,0,0,0,1,0
49,12500,-846,423,423,0,-28895,14448,14448,0,0,0,0,1,0
50,12760,-842,349,493,0,-28756,11925,16831,0,0,0,0,1,0
51,13020,-830,272,558,0,-28340,9288,19052,0,0,0,0,1,0
52,13281,-810,192,618,0,-27651,6561,21089,0,0,0,0,1,0
53,13541,-782,110,671,0,-26696,3772,22924,0,0,0,0,1,0
54,13802,-746,28,719,0,-25483,945,24538,0,0,0,0,1,0
55,14062,-704,-55,759,0,-24025,-1890,25915,0,0,0,0,1,0
56,14322,-654,-138,792,0,-22336,-4707,27043,0,0,0,0,1,0
57,14583,-598,-219,817,0,-20432,-7479,27910,0,0,0,0,1,0
58,14843,-537,-298,835,0,-18331,-10178,28509,0,0,0,0,1,0
59,15104,-470,-374,844,0,-16053,-12780,28833,0,0,0,0,1,0
60,15364,-399,-447,846,0,-13621,-15259,28880,0,0,0,0,1,0
61,15625,-324,-515,839,0,-11058,-17590,28648,0,0,0,0,1,0
62,15885,-246,-579,824,0,-8388,-19752,28140,0,0,0,0,1,0
63,16145,-165,-636,801,0,-5637,-21724,27362,0,0,0,0,1,0
64,16406,-83,-688,771,0,-2832,-23487,26319,0,0,0,0,1,0
65,16666,0,-733,733,0,0,-25024,25024,0,0,0,0,1,0
66,16927,83,-771,688,0,2832,-26319,23487,0,0,0,0,1,0
67,17187,165,-801,636,0,5637,-27362,21724,0,0,0,0,1,0
68,17447,246,-824,579,0,8388,-28140,19752,0,0,0,0,1,0
69,17708,324,-839,515,0,11058,-28648,17590,0,0,0,0,1,0
70,17968,399,-846,447,0,13621,-28880,15259,0,0,0,0,1,0
71,18229,470,-844,374,0,16053,-28833,12780,0,0,0,0,1,0
72,18489,537,-835,298,0,18331,-28509,10178,0,0,0,0,1,0
73,18750,598,-817,219,0,20432,-27910,7479,0,0,0,0,1,0
74,19010,654,-792,138,0,22336,-27043,4707,0,0,0,0,1,0
75,19270,704,-759,55,0,24025,-25915,1890,0,0,0,0,1,0
76,19531,746,-719,-28,0,25483,-24538,-945,0,0,0,0,1,0
77,19791,782,-671,-110,0,26696,-22924,-3772,0,0,0,0,1,0
78,20052,810,-618,-192,0,27651,-21089,-6561,0,0,0,0,1,0
79,20312,830,-558,-272,0,28340,-19052,-9288,0,0,0,0,1,0
80,20572,842,-493,-349,0,28756,-16831,-11925,0,0,0,0,1,0
81,20833,846,-423,-423,0,28895,-14448,-14448,0,0,0,0,1,0
82,21093,842,-349,-493,0,28756,-11925,-16831,0,0,0,0,1,0
83,21354,830,-272,-558,0,28340,-9288,-19052,0,0,0,0,1,0
84,21614,810,-192,-618,0,27651,-6561,-21089,0,0,0,0,1,0
85,21875,782,-110,-671,0,26696,-3772,-22924,0,0,0,0,1,0
86,22135,746,-28,-719,0,25483,-945,-24538,0,0,0,0,1,0
87,22395,704,55,-759,0,24025,1890,-25915,0,0,0,0,1,0
88,22656,654,138,-792,0,22336,4707,-27043,0,0,0,0,1,0
89,22916,598,219,-817,0,20432,7479,-27910,0,0,0,0,1,0
90,23177,537,298,-835,0,18331,10178,-28509,0,0,0,0,1,0
91,23437,470,374,-844,0,16053,12780,-28833,0,0,0,0,1,0
92,23697,399,447,-846,0,13621,15259,-28880,0,0,0,0,1,0
93,23958,324,515,-839,0,11058,17590,-28648,0,0,0,0,1,0
94,24218,246,579,-824,0,8388,19752,-28140,0,0,0,0,1,0
95,24479,165,636,-801,0,5637,21724,-27362,0,0,0,0,1,0
96,24739,83,688,-771,0,2832,23487,-26319,0,0,0,0,1,0
97,25000,0,733,-733,0,0,25024,-25024,0,0,0,0,1,0
98,25260,-83,771,-688,0,-2832,26319,-23487,0,0,0,0,1,0
99,25520,-165,801,-636,0,-5637,27362,-21724,0,0,0,0,1,0
100,25781,-246,824,-579,0,-8388,28140,-19752,0,0,0,0,1,0
101,26041,-324,839,-515,0,-11058,28648,-17590,0,0,0,0,1,0
102,26302,-399,846,-447,0,-13621,28880,-15259,0,0,0,0,1,0
103,26562,-470,844,-374,0,-16053,28833,-12780,0,0,0,0,1,0
104,26822,-537,835,-298,0,-18331,28509,-10178,0,0,0,0,1,0
105,27083,-598,817,-219,0,-20432,27910,-7479,0,0,0,0,1,0
106,27343,-654,792,-138,0,-22336,27043,-4707,0,0,0,0,1,0
107,27604,-704,759,-55,0,-24025,25915,-1890,0,0,0,0,1,0
108,27864,-746,719,28,0,-25483,24538,945,0,0,0,0,1,0
109,28125,-782,671,110,0,-26696,22924,3772,0,0,0,0,1,0
110,28385,-810,618,192,0,-27651,21089,6561,0,0,0,0,1,0
111,28645,-830,558,272,0,-28340,19052,9288,0,0,0,0,1,0
112,28906,-842,493,349,0,-28756,16831,11925,0,0,0,0,1,0
113,29166,-846,423,423,0,-28895,14448,14448,0,0,0,0,1,0
114,29427,-842,349,493,0,-28756,11925,16831,0,0,0,0,1,0
115,29687,-830,272,558,0,-28340,9288,19052,0,0,0,0,1,0
116,29947,-810,192,618,0,-27651,6561,21089,0,0,0,0,1,0
117,30208,-782,110,671,0,-26696,3772,22924,0,0,0,0,1,0
118,30468,-746,28,719,0,-25483,945,24538,0,0,0,0,1,0
119,30729,-704,-55,759,0,-24025,-1890,25915,0,0,0,0,1,0
120,30989,-654,-138,792,0,-22336,-4707,27043,0,0,0,0,1,0
121,31250,-598,-219,817,0,-20432,-7479,27910,0,0,0,0,1,0
122,31510,-537,-298,835,0,-18331,-10178,28509,0,0,0,0,1,0
123,31770,-470,-374,844,0,-16053,-12780,28833,0,0,0,0,1,0
124,32031,-399,-447,846,0,-13621,-15259,28880,0,0,0,0,1,0
125,32291,-324,-515,839,0,-11058,-17590,28648,0,0,0,0,1,0
126,32552,-246,-579,824,0,-8388,-19752,28140,0,0,0,0,1,0
127,32812,-165,-636,801,0,-5637,-21724,27362,0,0,0,0,1,0
128,33072,-83,-688,771,0,-2832,-23487,26319,0,0,0,0,1,0
129,33333,0,-733,733,0,0,-25024,25024,0,0,0,0,1,0
130,33593,83,-771,688,0,2832,-26319,23487,0,0,0,0,1,0
131,33854,165,-801,636,0,5637,-27362,21724,0,0,0,0,1,0
132,34114,246,-824,579,0,8388,-28140,19752,0,0,0,0,1,0
133,34375,324,-839,515,0,11058,-28648,17590,0,0,0,0,1,0
134,34635,399,-846,447,0,13621,-28880,15259,0,0,0,0,1,0
135,34895,470,-844,374,0,16053,-28833,12780,0,0,0,0,1,0
136,35156,537,-835,298,0,18331,-28509,10178,0,0,0,0,1,0
137,35416,598,-817,219,0,20432,-27910,7479,0,0,0,0,1,0
138,35677,654,-792,138,0,22336,-27043,4707,0,0,0,0,1,0
139,35937,704,-759,55,0,24025,-25915,1890,0,0,0,0,1,0
140,36197,746,-719,-28,0,25483,-24538,-945,0,0,0,0,1,0
141,36458,782,-671,-110,0,26696,-22924,-3772,0,0,0,0,1,0
142,36718,810,-618,-192,0,27651,-21089,-6561,0,0,0,0,1,0
143,36979,830,-558,-272,0,28340,-19052,-9288,0,0,0,0,1,0
144,37239,842,-493,-349,0,28756,-16831,-11925,0,0,0,0,1,0
145,37500,846,-423,-423,0,28895,-14448,-14448,0,0,0,0,1,0
146,37760,842,-349,-493,0,28756,-11925,-16831,0,0,0,0,1,0
147,38020,830,-272,-558,0,28340,-9288,-19052,0,0,0,0,1,0
148,38281,810,-192,-618,0,27651,-6561,-21089,0,0,0,0,1,0
149,38541,782,-110,-671,0,26696,-3772,-22924,0,0,0,0,1,0
150,38802,746,-28,-719,0,25483,-945,-24538,0,0,0,0,1,0
151,39062,704,55,-759,0,24025,1890,-25915,0,0,0,0,1,0
152,39322,654,138,-792,0,22336,4707,-27043,0,0,0,0,1,0
153,39583,598,219,-817,0,20432,7479,-27910,0,0,0,0,1,0
154,39843,537,298,-835,0,18331,10178,-28509,0,0,0,0,1,0
155,40104,470,374,-844,0,16053,12780,-28833,0,0,0,0,1,0
156,40364,399,447,-846,0,13621,15259,-28880,0,0,0,0,1,0
157,40625,324,515,-839,0,11058,17590,-28648,0,0,0,0,1,0
158,40885,246,579,-824,0,8388,19752,-28140,0,0,0,0,1,0
159,41145,165,636,-801,0,5637,21724,-27362,0,0,0,0,1,0
160,41406,83,688,-771,0,2832,23487,-26319,0,0,0,0,1,0
161,41666,0,733,-733,0,0,25024,-25024,0,0,0,0,1,0
162,41927,-83,771,-688,0,-2832,26319,-23487,0,0,0,0,1,0
163,42187,-165,801,-636,0,-5637,27362,-21724,0,0,0,0,1,0
164,42447,-246,824,-579,0,-8388,28140,-19752,0,0,0,0,1,0
165,42708,-324,839,-515,0,-11058,28648,-17590,0,0,0,0,1,0
166,42968,-399,846,-447,0,-13621,28880,-15259,0,0,0,0,1,0
167,43229,-470,844,-374,0,-16053,28833,-12780,0,0,0,0,1,0
168,43489,-537,835,-298,0,-18331,28509,-10178,0,0,0,0,1,0
169,43750,-598,817,-219,0,-20432,27910,-7479,0,0,0,0,1,0
170,44010,-654,792,-138,0,-22336,27043,-4707,0,0,0,0,1,0
171,44270,-704,759,-55,0,-24025,25915,-1890,0,0,0,0,1,0
172,44531,-746,719,28,0,-25483,24538,945,0,0,0,0,1,0
173,44791,-782,671,110,0,-26696,22924,3772,0,0,0,0,1,0
174,45052,-810,618,192,0,-27651,21089,6561,0,0,0,0,1,0
175,45312,-830,558,272,0,-28340,19052,9288,0,0,0,0,1,0
176,45572,-842,493,349,0,-28756,16831,11925,0,0,0,0,1,0
177,45833,-846,423,423,0,-28895,14448,14448,0,0,0,0,1,0
178,46093,-842,349,493,0,-28756,11925,16831,0,0,0,0,1,0
179,46354,-830,272,558,0,-28340,9288,19052,0,0,0,0,1,0
180,46614,-810,192,618,0,-27651,6561,21089,0,0,0,0,1,0
181,46875,-782,110,671,0,-26696,3772,22924,0,0,0,0,1,0
182,47135,-746,28,719,0,-25483,945,24538,0,0,0,0,1,0
183,47395,-704,-55,759,0,-24025,-1890,25915,0,0,0,0,1,0
184,47656,-654,-138,792,0,-22336,-4707,27043,0,0,0,0,1,0
185,47916,-598,-219,817,0,-20432,-7479,27910,0,0,0,0,1,0
186,48177,-537,-298,835,0,-18331,-10178,28509,0,0,0,0,1,0
187,48437,-470,-374,844,0,-16053,-12780,28833,0,0,0,0,1,0
188,48697,-399,-447,846,0,-13621,-15259,28880,0,0,0,0,1,0
189,48958,-324,-515,839,0,-11058,-17590,28648,0,0,0,0,1,0
190,49218,-246,-579,824,0,-8388,-19752,28140,0,0,0,0,1,0
191,49479,-165,-636,801,0,-5637,-21724,27362,0,0,0,0,1,0
192,49739,-83,-688,771,0,-2832,-23487,26319,0,0,0,0,1,0
193,50000,0,-5236,733,-4503,0,-2502,27026,0,1,0,0,1,0
194,50260,83,-5915,688,-5144,3059,-2632,25366,0,1,0,0,1,0
195,50520,165,-6396,636,-5595,6088,-2736,23462,0,1,0,0,1,0
196,50781,246,-6677,579,-5852,9059,-2814,21333,0,1,0,0,1,0
197,51041,324,-6755,515,-5916,11942,-2865,18997,0,1,0,0,1,0
198,51302,399,-6632,447,-5786,14711,-2888,16479,0,1,0,0,1,0
199,51562,470,-6309,374,-5465,17337,-2883,13802,0,1,0,0,1,0
200,51822,537,-5792,298,-4957,19797,-2851,10993,0,1,0,0,1,0
201,52083,598,-5087,219,-4269,22066,-2791,8077,0,1,0,0,1,0
202,52343,654,-4201,138,-3409,24123,-2704,5083,0,1,0,0,1,0
203,52604,704,-3145,55,-2386,25947,-2592,2041,0,1,0,0,1,0
204,52864,746,-1929,-28,-1211,27522,-2454,-1021,0,1,0,0,1,0
205,53125,782,-568,-110,103,28831,-2292,-4073,0,1,0,0,1,0
206,53385,810,925,-192,1542,29863,-2109,-7086,0,1,0,0,1,0
207,53645,830,2534,-272,3092,30607,-1905,-10031,0,1,0,0,1,0
208,53906,842,4242,-349,4735,31056,-1683,-12879,0,1,0,0,1,0
209,54166,846,6032,-423,6455,31207,-1445,-15603,0,1,0,0,1,0
210,54427,842,7886,-493,8235,31056,-1193,-18177,0,1,0,0,1,0
211,54687,830,9783,-558,10055,30607,-929,-20576,0,1,0,0,1,0
212,54947,810,11706,-618,11898,29863,-656,-22777,0,1,0,0,1,0
213,55208,782,13633,-671,13744,28831,-377,-24758,0,1,0,0,1,0
214,55468,746,15546,-719,15574,27522,-95,-26501,0,1,0,0,1,0
215,55729,704,17425,-759,17370,25947,189,-27988,0,1,0,0,1,0
216,55989,654,19250,-792,19112,24123,471,-29207,0,1,0,0,1,0
217,56250,598,21004,-817,20785,22066,748,-30143,0,1,0,0,1,0
218,56510,537,22667,-835,22369,19797,1018,-30790,0,1,0,0,1,0
219,56770,470,24223,-844,23848,17337,1278,-31140,0,1,0,0,1,0
220,57031,399,25656,-846,25209,14711,1526,-31190,0,1,0,0,1,0
221,57291,324,26950,-839,26435,11942,1759,-30940,0,1,0,0,1,0
222,57552,246,28093,-824,27515,9059,1975,-30391,0,1,0,0,1,0
223,57812,165,29072,-801,28436,6088,2172,-29551,0,1,0,0,1,0
224,58072,83,29877,-771,29189,3059,2349,-28425,0,1,0,0,1,0
225,58333,0,30499,-733,29766,0,2502,-27026,0,1,0,0,1,0
226,58593,-83,30931,-688,30161,-3059,2632,-25366,0,1,0,0,1,0
227,58854,-165,31168,-636,30367,-6088,2736,-23462,0,1,0,0,1,0
228,59114,-246,31207,-579,30382,-9059,2814,-21333,0,1,0,0,1,0
229,59375,-324,31045,-515,30206,-11942,2865,-18997,0,1,0,0,1,0
230,59635,-399,30685,-447,29839,-14711,2888,-16479,0,1,0,0,1,0
231,59895,-470,30127,-374,29283,-17337,2883,-13802,0,1,0,0,1,0
232,60156,-537,29377,-298,28542,-19797,2851,-10993,0,1,0,0,1,0
233,60416,-598,28441,-219,27624,-22066,2791,-8077,0,1,0,0,1,0
234,60677,-654,27328,-138,26536,-24123,2704,-5083,0,1,0,0,1,0
235,60937,-704,26045,-55,25286,-25947,2592,-2041,0,1,0,0,1,0
236,61197,-746,24607,28,23888,-27522,2454,1021,0,1,0,0,1,0
237,61458,-782,23024,110,22352,-28831,2292,4073,0,1,0,0,1,0
238,61718,-810,21311,192,20694,-29863,2109,7086,0,1,0,0,1,0
239,61979,-830,19485,272,18927,-30607,1905,10031,0,1,0,0,1,0
240,62239,-842,17562,349,17069,-31056,1683,12879,0,1,0,0,1,0
241,62500,-846,15559,423,15135,-31207,1445,15603,0,1,0,0,1,0
242,62760,-842,13494,493,13145,-31056,1193,18177,0,1,0,0,1,0
243,63020,-830,11388,558,11116,-30607,929,20576,0,1,0,0,1,0
244,63281,-810,9258,618,9066,-29863,656,22777,0,1,0,0,1,0
245,63541,-782,7126,671,7016,-28831,377,24758,0,1,0,0,1,0
246,63802,-746,5010,719,4983,-27522,95,26501,0,1,0,0,1,0
247,64062,-704,2931,759,2986,-25947,-189,27988,0,1,0,0,1,0
248,64322,-654,907,792,1044,-24123,-471,29207,0,1,0,0,1,0
249,64583,-598,-1044,817,-825,-22066,-748,30143,0,1,0,0,1,0
250,64843,-537,-2902,835,-2604,-19797,-1018,30790,0,1,0,0,1,0
251,65104,-470,-4651,844,-4277,-17337,-1278,31140,0,1,0,0,1,0
252,65364,-399,-6275,846,-5828,-14711,-1526,31190,0,1,0,0,1,0
253,65625,-324,-7759,839,-7244,-11942,-1759,30940,0,1,0,0,1,0
254,65885,-246,-9089,824,-8511,-9059,-1975,30391,0,1,0,0,1,0
255,66145,-165,-10254,801,-9618,-6088,-2172,29551,0,1,0,0,1,0
256,66406,-83,-11243,771,-10555,-3059,-2349,28425,0,1,0,0,1,0
257,66666,0,-12047,733,-11314,0,-2502,27026,0,1,0,0,1,0
258,66927,83,-12659,688,-11889,3059,-2632,25366,0,1,0,0,1,0
259,67187,165,-13075,636,-12273,6088,-2736,23462,0,1,0,0,1,0
260,67447,246,-13290,579,-12466,9059,-2814,21333,0,1,0,0,1,0
261,67708,324,-13304,515,-12464,11942,-2865,18997,0,1,0,0,1,0
262,67968,399,-13116,447,-12270,14711,-2888,16479,0,1,0,0,1,0
263,68229,470,-12730,374,-11886,17337,-2883,13802,0,1,0,0,1,0
264,68489,537,-12151,298,-11316,19797,-2851,10993,0,1,0,0,1,0
265,68750,598,-11383,219,-10566,22066,-2791,8077,0,1,0,0,1,0
266,69010,654,-10436,138,-9644,24123,-2704,5083,0,1,0,0,1,0
267,69270,704,-9319,55,-8560,25947,-2592,2041,0,1,0,0,1,0
268,69531,746,-8043,-28,-7324,27522,-2454,-1021,0,1,0,0,1,0
269,69791,782,-6622,-110,-5951,28831,-2292,-4073,0,1,0,0,1,0
270,70052,810,-5070,-192,-4452,29863,-2109,-7086,0,1,0,0,1,0
271,70312,830,-3402,-272,-2844,30607,-1905,-10031,0,1,0,0,1,0
272,70572,842,-1636,-349,-1143,31056,-1683,-12879,0,1,0,0,1,0
273,70833,846,211,-423,635,31207,-1445,-15603,0,1,0,0,1,0
274,71093,842,2122,-493,2471,31056,-1193,-18177,0,1,0,0,1,0
275,71354,830,4076,-558,4348,30607,-929,-20576,0,1,0,0,1,0
276,71614,810,6054,-618,6246,29863,-656,-22777,0,1,0,0,1,0
277,71875,782,8037,-671,8147,28831,-377,-24758,0,1,0,0,1,0
278,72135,746,10004,-719,10032,27522,-95,-26501,0,1,0,0,1,0
279,72395,704,11937,-759,11882,25947,189,-27988,0,1,0,0,1,0
280,72656,654,13816,-792,13678,24123,471,-29207,0,1,0,0,1,0
281,72916,598,15622,-817,15403,22066,748,-30143,0,1,0,0,1,0
282,73177,537,17338,-835,17040,19797,1018,-30790,0,1,0,0,1,0
283,73437,470,18946,-844,18572,17337,1278,-31140,0,1,0,0,1,0
284,73697,399,20431,-846,19984,14711,1526,-31190,0,1,0,0,1,0
285,73958,324,21776,-839,21261,11942,1759,-30940,0,1,0,0,1,0
286,74218,246,22970,-824,22391,9059,1975,-30391,0,1,0,0,1,0
287,74479,165,23999,-801,23363,6088,2172,-29551,0,1,0,0,1,0
288,74739,83,24854,-771,24166,3059,2349,-28425,0,1,0,0,1,0
289,75000,0,25525,-733,24792,0,2502,-27026,0,1,0,0,1,0
290,75260,-83,26005,-688,25234,-3059,2632,-25366,0,1,0,0,1,0
291,75520,-165,26290,-636,25489,-6088,2736,-23462,0,1,0,0,1,0
292,75781,-246,26376,-579,25552,-9059,2814,-21333,0,1,0,0,1,0
293,76041,-324,26262,-515,25423,-11942,2865,-18997,0,1,0,0,1,0
294,76302,-399,25948,-447,25102,-14711,2888,-16479,0,1,0,0,1,0
295,76562,0,0,0,0,0,0,0,1,0,0,0,0,0
296,76822,0,0,0,0,0,0,0,1,0,0,0,0,0
297,77083,0,0,0,0,0,0,0,1,0,0,0,0,0
298,77343,0,0,0,0,0,0,0,1,0,0,0,0,0
299,77604,0,0,0,0,0,0,0,1,0,0,0,0,0
300,77864,0,0,0,0,0,0,0,1,0,0,0,0,0
301,78125,0,0,0,0,0,0,0,1,0,0,0,0,0
302,78385,0,0,0,0,0,0,0,1,0,0,0,0,0
303,78645,0,0,0,0,0,0,0,1,0,0,0,0,0
304,78906,0,0,0,0,0,0,0,1,0,0,0,0,0
305,79166,0,0,0,0,0,0,0,1,0,0,0,0,0
306,79427,0,0,0,0,0,0,0,1,0,0,0,0,0
307,79687,0,0,0,0,0,0,0,1,0,0,0,0,0
308,79947,0,0,0,0,0,0,0,1,0,0,0,0,0
309,80208,0,0,0,0,0,0,0,1,0,0,0,0,0
310,80468,0,0,0,0,0,0,0,1,0,0,0,0,0
311,80729,0,0,0,0,0,0,0,1,0,0,0,0,0
312,80989,0,0,0,0,0,0,0,1,0,0,0,0,0
313,81250,0,0,0,0,0,0,0,1,0,0,0,0,0
314,81510,0,0,0,0,0,0,0,1,0,0,0,0,0
315,81770,0,0,0,0,0,0,0,1,0,0,0,0,0
316,82031,0,0,0,0,0,0,0,1,0,0,0,0,0
317,82291,0,0,0,0,0,0,0,1,0,0,0,0,0
318,82552,0,0,0,0,0,0,0,1,0,0,0,0,0
319,82812,0,0,0,0,0,0,0,1,0,0,0,0,0
320,83072,0,0,0,0,0,0,0,1,0,0,0,0,0
321,83333,0,0,0,0,0,0,0,1,0,0,0,0,0
322,83593,0,0,0,0,0,0,0,1,0,0,0,0,0
323,83854,0,0,0,0,0,0,0,1,0,0,0,0,0
324,84114,0,0,0,0,0,0,0,1,0,0,0,0,0
325,84375,0,0,0,0,0,0,0,1,0,0,0,0,0
326,84635,0,0,0,0,0,0,0,1,0,0,0,0,0
327,84895,0,0,0,0,0,0,0,1,0,0,0,0,0
328,85156,0,0,0,0,0,0,0,1,0,0,0,0,0
329,85416,0,0,0,0,0,0,0,1,0,0,0,0,0
330,85677,0,0,0,0,0,0,0,1,0,0,0,0,0
331,85937,0,0,0,0,0,0,0,1,0,0,0,0,0
332,86197,0,0,0,0,0,0,0,1,0,0,0,0,0
333,86458,0,0,0,0,0,0,0,1,0,0,0,0,0
334,86718,0,0,0,0,0,0,0,1,0,0,0,0,0
335,86979,0,0,0,0,0,0,0,1,0,0,0,0,0
336,87239,0,0,0,0,0,0,0,1,0,0,0,0,0
337,87500,0,0,0,0,0,0,0,1,0,0,0,0,0
338,87760,0,0,0,0,0,0,0,1,0,0,0,0,0
339,88020,0,0,0,0,0,0,0,1,0,0,0,0,0
340,88281,0,0,0,0,0,0,0,1,0,0,0,0,0
341,88541,0,0,0,0,0,0,0,1,0,0,0,0,0
342,88802,0,0,0,0,0,0,0,1,0,0,0,0,0
343,89062,0,0,0,0,0,0,0,1,0,0,0,0,0
344,89322,0,0,0,0,0,0,0,1,0,0,0,0,0
345,89583,0,0,0,0,0,0,0,1,0,0,0,0,0
346,89843,0,0,0,0,0,0,0,1,0,0,0,0,0
347,90104,0,0,0,0,0,0,0,1,0,0,0,0,0
348,90364,0,0,0,0,0,0,0,1,0,0,0,0,0
349,90625,0,0,0,0,0,0,0,1,0,0,0,0,0
350,90885,0,0,0,0,0,0,0,1,0,0,0,0,0
351,91145,0,0,0,0,0,0,0,1,0,0,0,0,0
352,91406,0,0,0,0,0,0,0,1,0,0,0,0,0
353,91666,0,0,0,0,0,0,0,1,0,0,0,0,0
354,91927,0,0,0,0,0,0,0,1,0,0,0,0,0
355,92187,0,0,0,0,0,0,0,1,0,0,0,0,0
356,92447,0,0,0,0,0,0,0,1,0,0,0,0,0
357,92708,0,0,0,0,0,0,0,1,0,0,0,0,0
358,92968,0,0,0,0,0,0,0,1,0,0,0,0,0
359,93229,0,0,0,0,0,0,0,1,0,0,0,0,0
360,93489,0,0,0,0,0,0,0,1,0,0,0,0,0
361,93750,0,0,0,0,0,0,0,1,0,0,0,0,0
362,94010,0,0,0,0,0,0,0,1,0,0,0,0,0
363,94270,0,0,0,0,0,0,0,1,0,0,0,0,0
364,94531,0,0,0,0,0,0,0,1,0,0,0,0,0
365,94791,0,0,0,0,0,0,0,1,0,0,0,0,0
366,95052,0,0,0,0,0,0,0,1,0,0,0,0,0
367,95312,0,0,0,0,0,0,0,1,0,0,0,0,0
368,95572,0,0,0,0,0,0,0,1,0,0,0,0,0
369,95833,0,0,0,0,0,0,0,1,0,0,0,0,0
370,96093,0,0,0,0,0,0,0,1,0,0,0,0,0
371,96354,0,0,0,0,0,0,0,1,0,0,0,0,0
372,96614,0,0,0,0,0,0,0,1,0,0,0,0,0
373,96875,0,0,0,0,0,0,0,1,0,0,0,0,0
374,97135,0,0,0,0,0,0,0,1,0,0,0,0,0
375,97395,0,0,0,0,0,0,0,1,0,0,0,0,0
376,97656,0,0,0,0,0,0,0,1,0,0,0,0,0
377,97916,0,0,0,0,0,0,0,1,0,0,0,0,0
378,98177,0,0,0,0,0,0,0,1,0,0,0,0,0
379,98437,0,0,0,0,0,0,0,1,0,0,0,0,0
380,98697,0,0,0,0,0,0,0,1,0,0,0,0,0
381,98958,0,0,0,0,0,0,0,1,0,0,0,0,0
382,99218,0,0,0,0,0,0,0,1,0,0,0,0,0
383,99479,0,0,0,0,0,0,0,1,0,0,0,0,0
384,99739,0,0,0,0,0,0,0,1,0,0,0,0,0
385,100000,0,0,0,0,0,0,0,1,0,0,0,0,0
386,100260,0,0,0,0,0,0,0,1,0,0,0,0,0
387,100520,0,0,0,0,0,0,0,1,0,0,0,0,0
388,100781,0,0,0,0,0,0,0,1,0,0,0,0,0
389,101041,0,0,0,0,0,0,0,1,0,0,0,0,0
390,101302,0,0,0,0,0,0,0,1,0,0,0,0,0
391,101562,0,0,0,0,0,0,0,1,0,0,0,0,0
392,101822,0,0,0,0,0,0,0,1,0,0,0,0,0
393,102083,0,0,0,0,0,0,0,1,0,0,0,0,0
394,102343,0,0,0,0,0,0,0,1,0,0,0,0,0
395,102604,0,0,0,0,0,0,0,1,0,0,0,0,0
396,102864,0,0,0,0,0,0,0,1,0,0,0,0,0
397,103125,0,0,0,0,0,0,0,1,0,0,0,0,0
398,103385,0,0,0,0,0,0,0,1,0,0,0,0,0
399,103645,0,0,0,0,0,0,0,1,0,0,0,0,0
400,103906,0,0,0,0,0,0,0,1,0,0,0,0,0
401,104166,0,0,0,0,0,0,0,1,0,0,0,0,0
402,104427,0,0,0,0,0,0,0,1,0,0,0,0,0
403,104687,0,0,0,0,0,0,0,1,0,0,0,0,0
404,104947,0,0,0,0,0,0,0,1,0,0,0,0,0
405,105208,0,0,0,0,0,0,0,1,0,0,0,0,0
406,105468,0,0,0,0,0,0,0,1,0,0,0,0,0
407,105729,0,0,0,0,0,0,0,1,0,0,0,0,0
408,105989,0,0,0,0,0,0,0,1,0,0,0,0,0
409,106250,0,0,0,0,0,0,0,1,0,0,0,0,0
410,106510,0,0,0,0,0,0,0,1,0,0,0,0,0
411,106770,0,0,0,0,0,0,0,1,0,0,0,0,0
412,107031,0,0,0,0,0,0,0,1,0,0,0,0,0
413,107291,0,0,0,0,0,0,0,1,0,0,0,0,0
414,107552,0,0,0,0,0,0,0,1,0,0,0,0,0
415,107812,0,0,0,0,0,0,0,1,0,0,0,0,0
416,108072,0,0,0,0,0,0,0,1,0,0,0,0,0
417,108333,0,0,0,0,0,0,0,1,0,0,0,0,0
418,108593,0,0,0,0,0,0,0,1,0,0,0,0,0
419,108854,0,0,0,0,0,0,0,1,0,0,0,0,0
420,109114,0,0,0,0,0,0,0,1,0,0,0,0,0
421,109375,0,0,0,0,0,0,0,1,0,0,0,0,0
422,109635,0,0,0,0,0,0,0,1,0,0,0,0,0
423,109895,0,0,0,0,0,0,0,1,0,0,0,0,0
424,110156,0,0,0,0,0,0,0,1,0,0,0,0,0
425,110416,0,0,0,0,0,0,0,1,0,0,0,0,0
426,110677,0,0,0,0,0,0,0,1,0,0,0,0,0
427,110937,0,0,0,0,0,0,0,1,0,0,0,0,0
428,111197,0,0,0,0,0,0,0,1,0,0,0,0,0
429,111458,0,0,0,0,0,0,0,1,0,0,0,0,0
430,111718,0,0,0,0,0,0,0,1,0,0,0,0,0
431,111979,0,0,0,0,0,0,0,1,0,0,0,0,0
432,112239,0,0,0,0,0,0,0,1,0,0,0,0,0
433,112500,0,0,0,0,0,0,0,1,0,0,0,0,0
434,112760,0,0,0,0,0,0,0,1,0,0,0,0,0
435,113020,0,0,0,0,0,0,0,1,0,0,0,0,0
436,113281,0,0,0,0,0,0,0,1,0,0,0,0,0
437,113541,0,0,0,0,0,0,0,1,0,0,0,0,0
438,113802,0,0,0,0,0,0,0,1,0,0,0,0,0
439,114062,0,0,0,0,0,0,0,1,0,0,0,0,0
440,114322,0,0,0,0,0,0,0,1,0,0,0,0,0
441,114583,0,0,0,0,0,0,0,1,0,0,0,0,0
442,114843,0,0,0,0,0,0,0,1,0,0,0,0,0
443,115104,0,0,0,0,0,0,0,1,0,0,0,0,0
444,115364,0,0,0,0,0,0,0,1,0,0,0,0,0
445,115625,0,0,0,0,0,0,0,1,0,0,0,0,0
446,115885,0,0,0,0,0,0,0,1,0,0,0,0,0
447,116145,0,0,0,0,0,0,0,1,0,0,0,0,0
448,116406,0,0,0,0,0,0,0,1,0,0,0,0,0
449,116666,0,0,0,0,0,0,0,1,0,0,0,0,0
450,116927,0,0,0,0,0,0,0,1,0,0,0,0,0
451,117187,0,0,0,0,0,0,0,1,0,0,0,0,0
452,117447,0,0,0,0,0,0,0,1,0,0,0,0,0
453,117708,0,0,0,0,0,0,0,1,0,0,0,0,0
454,117968,0,0,0,0,0,0,0,1,0,0,0,0,0
455,118229,0,0,0,0,0,0,0,1,0,0,0,0,0
456,118489,0,0,0,0,0,0,0,1,0,0,0,0,0
457,118750,0,0,0,0,0,0,0,1,0,0,0,0,0
458,119010,0,0,0,0,0,0,0,1,0,0,0,0,0
459,119270,0,0,0,0,0,0,0,1,0,0,0,0,0
460,119531,0,0,0,0,0,0,0,1,0,0,0,0,0
461,119791,0,0,0,0,0,0,0,1,0,0,0,0,0
462,120052,0,0,0,0,0,0,0,1,0,0,0,0,0
463,120312,0,0,0,0,0,0,0,1,0,0,0,0,0
464,120572,0,0,0,0,0,0,0,1,0,0,0,0,0
465,120833,0,0,0,0,0,0,0,1,0,0,0,0,0
466,121093,0,0,0,0,0,0,0,1,0,0,0,0,0
467,121354,0,0,0,0,0,0,0,1,0,0,0,0,0
468,121614,0,0,0,0,0,0,0,1,0,0,0,0,0
469,121875,0,0,0,0,0,0,0,1,0,0,0,0,0
470,122135,0,0,0,0,0,0,0,1,0,0,0,0,0
471,122395,0,0,0,0,0,0,0,1,0,0,0,0,0
472,122656,0,0,0,0,0,0,0,1,0,0,0,0,0
473,122916,0,0,0,0,0,0,0,1,0,0,0,0,0
474,123177,0,0,0,0,0,0,0,1,0,0,0,0,0
475,123437,0,0,0,0,0,0,0,1,0,0,0,0,0
476,123697,0,0,0,0,0,0,0,1,0,0,0,0,0
477,123958,0,0,0,0,0,0,0,1,0,0,0,0,0
478,124218,0,0,0,0,0,0,0,1,0,0,0,0,0
479,124479,0,0,0,0,0,0,0,1,0,0,0,0,0
480,124739,0,0,0,0,0,0,0,1,0,0,0,0,0
481,125000,0,0,0,0,0,0,0,1,0,0,0,0,0
482,125260,0,0,0,0,0,0,0,1,0,0,0,0,0
483,125520,0,0,0,0,0,0,0,1,0,0,0,0,0
484,125781,0,0,0,0,0,0,0,1,0,0,0,0,0
485,126041,0,0,0,0,0,0,0,1,0,0,0,0,0
486,126302,0,0,0,0,0,0,0,1,0,0,0,0,0
487,126562,0,0,0,0,0,0,0,1,0,0,0,0,0
488,126822,0,0,0,0,0,0,0,1,0,0,0,0,0
489,127083,0,0,0,0,0,0,0,1,0,0,0,0,0
490,127343,0,0,0,0,0,0,0,1,0,0,0,0,0
491,127604,0,0,0,0,0,0,0,1,0,0,0,0,0
492,127864,0,0,0,0,0,0,0,1,0,0,0,0,0
493,128124,0,0,0,0,0,0,0,1,0,0,0,0,0
494,128385,0,0,0,0,0,0,0,1,0,0,0,0,0
495,128645,0,0,0,0,0,0,0,1,0,0,0,0,0
496,128906,0,0,0,0,0,0,0,1,0,0,0,0,0
497,129166,0,0,0,0,0,0,0,1,0,0,0,0,0
498,129427,0,0,0,0,0,0,0,1,0,0,0,0,0
499,129687,0,0,0,0,0,0,0,1,0,0,0,0,0
500,129947,0,0,0,0,0,0,0,1,0,0,0,0,0
501,130208,0,0,0,0,0,0,0,1,0,0,0,0,0
502,130468,0,0,0,0,0,0,0,1,0,0,0,0,0
503,130729,0,0,0,0,0,0,0,1,0,0,0,0,0
504,130989,0,0,0,0,0,0,0,1,0,0,0,0,0
505,131250,0,0,0,0,0,0,0,1,0,0,0,0,0
506,131510,0,0,0,0,0,0,0,1,0,0,0,0,0
507,131770,0,0,0,0,0,0,0,1,0,0,0,0,0
508,132031,0,0,0,0,0,0,0,1,0,0,0,0,0
509,132291,0,0,0,0,0,0,0,1,0,0,0,0,0
510,132552,0,0,0,0,0,0,0,1,0,0,0,0,0
511,132812,0,0,0,0,0,0,0,1,0,0,0,0,0
512,133072,0,0,0,0,0,0,0,1,0,0,0,0,0
513,133333,0,0,0,0,0,0,0,1,0,0,0,0,0
514,133593,0,0,0,0,0,0,0,1,0,0,0,0,0
515,133854,0,0,0,0,0,0,0,1,0,0,0,0,0
516,134114,0,0,0,0,0,0,0,1,0,0,0,0,0
517,134375,0,0,0,0,0,0,0,1,0,0,0,0,0
518,134635,0,0,0,0,0,0,0,1,0,0,0,0,0
519,134895,0,0,0,0,0,0,0,1,0,0,0,0,0
520,135156,0,0,0,0,0,0,0,1,0,0,0,0,0
521,135416,0,0,0,0,0,0,0,1,0,0,0,0,0
522,135677,0,0,0,0,0,0,0,1,0,0,0,0,0
523,135937,0,0,0,0,0,0,0,1,0,0,0,0,0
524,136197,0,0,0,0,0,0,0,1,0,0,0,0,0
525,136458,0,0,0,0,0,0,0,1,0,0,0,0,0
526,136718,0,0,0,0,0,0,0,1,0,0,0,0,0
527,136979,0,0,0,0,0,0,0,1,0,0,0,0,0
528,137239,0,0,0,0,0,0,0,1,0,0,0,0,0
529,137500,0,0,0,0,0,0,0,1,0,0,0,0,0
530,137760,0,0,0,0,0,0,0,1,0,0,0,0,0
531,138020,0,0,0,0,0,0,0,1,0,0,0,0,0
532,138281,0,0,0,0,0,0,0,1,0,0,0,0,0
533,138541,0,0,0,0,0,0,0,1,0,0,0,0,0
534,138802,0,0,0,0,0,0,0,1,0,0,0,0,0
535,139062,0,0,0,0,0,0,0,1,0,0,0,0,0
536,139322,0,0,0,0,0,0,0,1,0,0,0,0,0
537,139583,0,0,0,0,0,0,0,1,0,0,0,0,0
538,139843,0,0,0,0,0,0,0,1,0,0,0,0,0
539,140104,0,0,0,0,0,0,0,1,0,0,0,0,0
540,140364,0,0,0,0,0,0,0,1,0,0,0,0,0
541,140625,0,0,0,0,0,0,0,1,0,0,0,0,0
542,140885,0,0,0,0,0,0,0,1,0,0,0,0,0
543,141145,0,0,0,0,0,0,0,1,0,0,0,0,0
544,141406,0,0,0,0,0,0,0,1,0,0,0,0,0
545,141666,0,0,0,0,0,0,0,1,0,0,0,0,0
546,141927,0,0,0,0,0,0,0,1,0,0,0,0,0
547,142187,0,0,0,0,0,0,0,1,0,0,0,0,0
548,142447,0,0,0,0,0,0,0,1,0,0,0,0,0
549,142708,0,0,0,0,0,0,0,1,0,0,0,0,0
550,142968,0,0,0,0,0,0,0,1,0,0,0,0,0
551,143229,0,0,0,0,0,0,0,1,0,0,0,0,0
552,143489,0,0,0,0,0,0,0,1,0,0,0,0,0
553,143750,0,0,0,0,0,0,0,1,0,0,0,0,0
554,144010,0,0,0,0,0,0,0,1,0,0,0,0,0
555,144270,0,0,0,0,0,0,0,1,0,0,0,0,0
556,144531,0,0,0,0,0,0,0,1,0,0,0,0,0
557,144791,0,0,0,0,0,0,0,1,0,0,0,0,0
558,145052,0,0,0,0,0,0,0,1,0,0,0,0,0
559,145312,0,0,0,0,0,0,0,1,0,0,0,0,0
560,145572,0,0,0,0,0,0,0,1,0,0,0,0,0
561,145833,0,0,0,0,0,0,0,1,0,0,0,0,0
562,146093,0,0,0,0,0,0,0,1,0,0,0,0,0
563,146354,0,0,0,0,0,0,0,1,0,0,0,0,0
564,146614,0,0,0,0,0,0,0,1,0,0,0,0,0
565,146875,0,0,0,0,0,0,0,1,0,0,0,0,0
566,147135,0,0,0,0,0,0,0,1,0,0,0,0,0
567,147395,0,0,0,0,0,0,0,1,0,0,0,0,0
568,147656,0,0,0,0,0,0,0,1,0,0,0,0,0
569,147916,0,0,0,0,0,0,0,1,0,0,0,0,0
570,148177,0,0,0,0,0,0,0,1,0,0,0,0,0
571,148437,0,0,0,0,0,0,0,1,0,0,0,0,0
572,148697,0,0,0,0,0,0,0,1,0,0,0,0,0
573,148958,0,0,0,0,0,0,0,1,0,0,0,0,0
574,149218,0,0,0,0,0,0,0,1,0,0,0,0,0
575,149479,0,0,0,0,0,0,0,1,0,0,0,0,0
576,149739,0,0,0,0,0,0,0,1,0,0,0,0,0
577,150000,0,0,0,0,0,0,0,1,0,0,0,0,0
578,150260,0,0,0,0,0,0,0,1,0,0,0,0,0
579,150520,0,0,0,0,0,0,0,1,0,0,0,0,0
580,150781,0,0,0,0,0,0,0,1,0,0,0,0,0
581,151041,0,0,0,0,0,0,0,1,0,0,0,0,0
582,151302,0,0,0,0,0,0,0,1,0,0,0,0,0
583,151562,0,0,0,0,0,0,0,1,0,0,0,0,0
584,151822,0,0,0,0,0,0,0,1,0,0,0,0,0
585,152083,0,0,0,0,0,0,0,1,0,0,0,0,0
586,152343,0,0,0,0,0,0,0,1,0,0,0,0,0
587,152604,0,0,0,0,0,0,0,1,0,0,0,0,0
588,152864,0,0,0,0,0,0,0,1,0,0,0,0,0
589,153125,0,0,0,0,0,0,0,1,0,0,0,0,0
590,153385,0,0,0,0,0,0,0,1,0,0,0,0,0
591,153645,0,0,0,0,0,0,0,1,0,0,0,0,0
592,153906,0,0,0,0,0,0,0,1,0,0,0,0,0
593,154166,0,0,0,0,0,0,0,1,0,0,0,0,0
594,154427,0,0,0,0,0,0,0,1,0,0,0,0,0
595,154687,0,0,0,0,0,0,0,1,0,0,0,0,0
596,154947,0,0,0,0,0,0,0,1,0,0,0,0,0
597,155208,0,0,0,0,0,0,0,1,0,0,0,0,0
598,155468,0,0,0,0,0,0,0,1,0,0,0,0,0
599,155729,0,0,0,0,0,0,0,1,0,0,0,0,0
600,155989,0,0,0,0,0,0,0,1,0,0,0,0,0
601,156250,0,0,0,0,0,0,0,1,0,0,0,0,0
602,156510,0,0,0,0,0,0,0,1,0,0,0,0,0
603,156770,0,0,0,0,0,0,0,1,0,0,0,0,0
604,157031,0,0,0,0,0,0,0,1,0,0,0,0,0
605,157291,0,0,0,0,0,0,0,1,0,0,0,0,0
606,157552,0,0,0,0,0,0,0,1,0,0,0,0,0
607,157812,0,0,0,0,0,0,0,1,0,0,0,0,0
608,158072,0,0,0,0,0,0,0,1,0,0,0,0,0
609,158333,0,0,0,0,0,0,0,1,0,0,0,0,0
610,158593,0,0,0,0,0,0,0,1,0,0,0,0,0
611,158854,0,0,0,0,0,0,0,1,0,0,0,0,0
612,159114,0,0,0,0,0,0,0,1,0,0,0,0,0
613,159375,0,0,0,0,0,0,0,1,0,0,0,0,0
614,159635,0,0,0,0,0,0,0,1,0,0,0,0,0
615,159895,0,0,0,0,0,0,0,1,0,0,0,0,0
616,160156,0,0,0,0,0,0,0,1,0,0,0,0,0
617,160416,0,0,0,0,0,0,0,1,0,0,0,0,0
618,160677,0,0,0,0,0,0,0,1,0,0,0,0,0
619,160937,0,0,0,0,0,0,0,1,0,0,0,0,0
620,161197,0,0,0,0,0,0,0,1,0,0,0,0,0
621,161458,0,0,0,0,0,0,0,1,0,0,0,0,0
622,161718,0,0,0,0,0,0,0,1,0,0,0,0,0
623,161979,0,0,0,0,0,0,0,1,0,0,0,0,0
624,162239,0,0,0,0,0,0,0,1,0,0,0,0,0
625,162500,0,0,0,0,0,0,0,1,0,0,0,0,0
626,162760,0,0,0,0,0,0,0,1,0,0,0,0,0
627,163020,0,0,0,0,0,0,0,1,0,0,0,0,0
628,163281,0,0,0,0,0,0,0,1,0,0,0,0,0
629,163541,0,0,0,0,0,0,0,1,0,0,0,0,0
630,163802,0,0,0,0,0,0,0,1,0,0,0,0,0
631,164062,0,0,0,0,0,0,0,1,0,0,0,0,0
632,164322,0,0,0,0,0,0,0,1,0,0,0,0,0
633,164583,0,0,0,0,0,0,0,1,0,0,0,0,0
634,164843,0,0,0,0,0,0,0,1,0,0,0,0,0
635,165104,0,0,0,0,0,0,0,1,0,0,0,0,0
636,165364,0,0,0,0,0,0,0,1,0,0,0,0,0
637,165625,0,0,0,0,0,0,0,1,0,0,0,0,0
638,165885,0,0,0,0,0,0,0,1,0,0,0,0,0
639,166145,0,0,0,0,0,0,0,1,0,0,0,0,0
640,166406,0,0,0,0,0,0,0,1,0,0,0,0,0
641,166666,0,0,0,0,0,0,0,1,0,0,0,0,0
642,166927,0,0,0,0,0,0,0,1,0,0,0,0,0
643,167187,0,0,0,0,0,0,0,1,0,0,0,0,0
644,167447,0,0,0,0,0,0,0,1,0,0,0,0,0
645,167708,0,0,0,0,0,0,0,1,0,0,0,0,0
646,167968,0,0,0,0,0,0,0,1,0,0,0,0,0
647,168229,0,0,0,0,0,0,0,1,0,0,0,0,0
648,168489,0,0,0,0,0,0,0,1,0,0,0,0,0
649,168750,0,0,0,0,0,0,0,1,0,0,0,0,0
650,169010,0,0,0,0,0,0,0,1,0,0,0,0,0
651,169270,0,0,0,0,0,0,0,1,0,0,0,0,0
652,169531,0,0,0,0,0,0,0,1,0,0,0,0,0
653,169791,0,0,0,0,0,0,0,1,0,0,0,0,0
654,170052,0,0,0,0,0,0,0,1,0,0,0,0,0
655,170312,0,0,0,0,0,0,0,1,0,0,0,0,0
656,170572,0,0,0,0,0,0,0,1,0,0,0,0,0
657,170833,0,0,0,0,0,0,0,1,0,0,0,0,0
658,171093,0,0,0,0,0,0,0,1,0,0,0,0,0
659,171354,0,0,0,0,0,0,0,1,0,0,0,0,0
660,171614,0,0,0,0,0,0,0,1,0,0,0,0,0
661,171875,0,0,0,0,0,0,0,1,0,0,0,0,0
662,172135,0,0,0,0,0,0,0,1,0,0,0,0,0
663,172395,0,0,0,0,0,0,0,1,0,0,0,0,0
664,172656,0,0,0,0,0,0,0,1,0,0,0,0,0
665,172916,0,0,0,0,0,0,0,1,0,0,0,0,0
666,173177,0,0,0,0,0,0,0,1,0,0,0,0,0
667,173437,0,0,0,0,0,0,0,1,0,0,0,0,0
668,173697,0,0,0,0,0,0,0,1,0,0,0,0,0
669,173958,0,0,0,0,0,0,0,1,0,0,0,0,0
670,174218,0,0,0,0,0,0,0,1,0,0,0,0,0
671,174479,0,0,0,0,0,0,0,1,0,0,0,0,0
672,174739,0,0,0,0,0,0,0,1,0,0,0,0,0
673,175000,0,0,0,0,0,0,0,1,0,0,0,0,0
674,175260,0,0,0,0,0,0,0,1,0,0,0,0,0
675,175520,0,0,0,0,0,0,0,1,0,0,0,0,0
676,175781,0,0,0,0,0,0,0,1,0,0,0,0,0
677,176041,0,0,0,0,0,0,0,1,0,0,0,0,0
678,176302,0,0,0,0,0,0,0,1,0,0,0,0,0
679,176562,0,0,0,0,0,0,0,1,0,0,0,0,0
680,176822,0,0,0,0,0,0,0,1,0,0,0,0,0
681,177083,0,0,0,0,0,0,0,1,0,0,0,0,0
682,177343,0,0,0,0,0,0,0,1,0,0,0,0,0
683,177604,0,0,0,0,0,0,0,1,0,0,0,0,0
684,177864,0,0,0,0,0,0,0,1,0,0,0,0,0
685,178125,0,0,0,0,0,0,0,1,0,0,0,0,0
686,178385,0,0,0,0,0,0,0,1,0,0,0,0,0
687,178645,0,0,0,0,0,0,0,1,0,0,0,0,0
688,178906,0,0,0,0,0,0,0,1,0,0,0,0,0
689,179166,0,0,0,0,0,0,0,1,0,0,0,0,0
690,179427,0,0,0,0,0,0,0,1,0,0,0,0,0
691,179687,0,0,0,0,0,0,0,1,0,0,0,0,0
692,179947,0,0,0,0,0,0,0,1,0,0,0,0,0
693,180208,0,0,0,0,0,0,0,1,0,0,0,0,0
694,180468,0,0,0,0,0,0,0,1,0,0,0,0,0
695,180729,0,0,0,0,0,0,0,1,0,0,0,0,0
696,180989,0,0,0,0,0,0,0,1,0,0,0,0,0
697,181250,0,0,0,0,0,0,0,1,0,0,0,0,0
698,181510,0,0,0,0,0,0,0,1,0,0,0,0,0
699,181770,0,0,0,0,0,0,0,1,0,0,0,0,0
700,182031,0,0,0,0,0,0,0,1,0,0,0,0,0
701,182291,0,0,0,0,0,0,0,1,0,0,0,0,0
702,182552,0,0,0,0,0,0,0,1,0,0,0,0,0
703,182812,0,0,0,0,0,0,0,1,0,0,0,0,0
704,183072,0,0,0,0,0,0,0,1,0,0,0,0,0
705,183333,0,0,0,0,0,0,0,1,0,0,0,0,0
706,183593,0,0,0,0,0,0,0,1,0,0,0,0,0
707,183854,0,0,0,0,0,0,0,1,0,0,0,0,0
708,184114,0,0,0,0,0,0,0,1,0,0,0,0,0
709,184375,0,0,0,0,0,0,0,1,0,0,0,0,0
710,184635,0,0,0,0,0,0,0,1,0,0,0,0,0
711,184895,0,0,0,0,0,0,0,1,0,0,0,0,0
712,185156,0,0,0,0,0,0,0,1,0,0,0,0,0
713,185416,0,0,0,0,0,0,0,1,0,0,0,0,0
714,185677,0,0,0,0,0,0,0,1,0,0,0,0,0
715,185937,0,0,0,0,0,0,0,1,0,0,0,0,0
716,186197,0,0,0,0,0,0,0,1,0,0,0,0,0
717,186458,0,0,0,0,0,0,0,1,0,0,0,0,0
718,186718,0,0,0,0,0,0,0,1,0,0,0,0,0
719,186979,0,0,0,0,0,0,0,1,0,0,0,0,0
720,187239,0,0,0,0,0,0,0,1,0,0,0,0,0
721,187500,0,0,0,0,0,0,0,1,0,0,0,0,0
722,187760,0,0,0,0,0,0,0,1,0,0,0,0,0
723,188020,0,0,0,0,0,0,0,1,0,0,0,0,0
724,188281,0,0,0,0,0,0,0,1,0,0,0,0,0
725,188541,0,0,0,0,0,0,0,1,0,0,0,0,0
726,188802,0,0,0,0,0,0,0,1,0,0,0,0,0
727,189062,0,0,0,0,0,0,0,1,0,0,0,0,0
728,189322,0,0,0,0,0,0,0,1,0,0,0,0,0
729,189583,0,0,0,0,0,0,0,1,0,0,0,0,0
730,189843,0,0,0,0,0,0,0,1,0,0,0,0,0
731,190104,0,0,0,0,0,0,0,1,0,0,0,0,0
732,190364,0,0,0,0,0,0,0,1,0,0,0,0,0
733,190625,0,0,0,0,0,0,0,1,0,0,0,0,0
734,190885,0,0,0,0,0,0,0,1,0,0,0,0,0
735,191145,0,0,0,0,0,0,0,1,0,0,0,0,0
736,191406,0,0,0,0,0,0,0,1,0,0,0,0,0
737,191666,0,0,0,0,0,0,0,1,0,0,0,0,0
738,191927,0,0,0,0,0,0,0,1,0,0,0,0,0
739,192187,0,0,0,0,0,0,0,1,0,0,0,0,0
740,192447,0,0,0,0,0,0,0,1,0,0,0,0,0
741,192708,0,0,0,0,0,0,0,1,0,0,0,0,0
742,192968,0,0,0,0,0,0,0,1,0,0,0,0,0
743,193229,0,0,0,0,0,0,0,1,0,0,0,0,0
744,193489,0,0,0,0,0,0,0,1,0,0,0,0,0
745,193750,0,0,0,0,0,0,0,1,0,0,0,0,0
746,194010,0,0,0,0,0,0,0,1,0,0,0,0,0
747,194270,0,0,0,0,0,0,0,1,0,0,0,0,0
748,194531,0,0,0,0,0,0,0,1,0,0,0,0,0
749,194791,0,0,0,0,0,0,0,1,0,0,0,0,0
750,195052,0,0,0,0,0,0,0,1,0,0,0,0,0
751,195312,0,0,0,0,0,0,0,1,0,0,0,0,0
752,195572,0,0,0,0,0,0,0,1,0,0,0,0,0
753,195833,0,0,0,0,0,0,0,1,0,0,0,0,0
754,196093,0,0,0,0,0,0,0,1,0,0,0,0,0
755,196354,0,0,0,0,0,0,0,1,0,0,0,0,0
756,196614,0,0,0,0,0,0,0,1,0,0,0,0,0
757,196875,0,0,0,0,0,0,0,1,0,0,0,0,0
758,197135,0,0,0,0,0,0,0,1,0,0,0,0,0
759,197395,0,0,0,0,0,0,0,1,0,0,0,0,0
760,197656,0,0,0,0,0,0,0,1,0,0,0,0,0
761,197916,0,0,0,0,0,0,0,1,0,0,0,0,0
762,198177,0,0,0,0,0,0,0,1,0,0,0,0,0
763,198437,0,0,0,0,0,0,0,1,0,0,0,0,0
764,198697,0,0,0,0,0,0,0,1,0,0,0,0,0
765,198958,0,0,0,0,0,0,0,1,0,0,0,0,0
766,199218,0,0,0,0,0,0,0,1,0,0,0,0,0
767,199479,0,0,0,0,0,0,0,1,0,0,0,0,0
768,199739,0,0,0,0,0,0,0,1,0,0,0,0,0
769,200000,0,0,0,0,0,0,0,1,0,0,0,0,0
770,200260,0,0,0,0,0,0,0,1,0,0,0,0,0
771,200520,0,0,0,0,0,0,0,1,0,0,0,0,0
772,200781,0,0,0,0,0,0,0,1,0,0,0,0,0
773,201041,0,0,0,0,0,0,0,1,0,0,0,0,0
774,201302,0,0,0,0,0,0,0,1,0,0,0,0,0
775,201562,0,0,0,0,0,0,0,1,0,0,0,0,0
776,201822,0,0,0,0,0,0,0,1,0,0,0,0,0
777,202083,0,0,0,0,0,0,0,1,0,0,0,0,0
778,202343,0,0,0,0,0,0,0,1,0,0,0,0,0
779,202604,0,0,0,0,0,0,0,1,0,0,0,0,0
780,202864,0,0,0,0,0,0,0,1,0,0,0,0,0
781,203125,0,0,0,0,0,0,0,1,0,0,0,0,0
782,203385,0,0,0,0,0,0,0,1,0,0,0,0,0
783,203645,0,0,0,0,0,0,0,1,0,0,0,0,0
784,203906,0,0,0,0,0,0,0,1,0,0,0,0,0
785,204166,0,0,0,0,0,0,0,1,0,0,0,0,0
786,204427,0,0,0,0,0,0,0,1,0,0,0,0,0
787,204687,0,0,0,0,0,0,0,1,0,0,0,0,0
788,204947,0,0,0,0,0,0,0,1,0,0,0,0,0
789,205208,0,0,0,0,0,0,0,1,0,0,0,0,0
790,205468,0,0,0,0,0,0,0,1,0,0,0,0,0
791,205729,0,0,0,0,0,0,0,1,0,0,0,0,0
792,205989,0,0,0,0,0,0,0,1,0,0,0,0,0
793,206250,0,0,0,0,0,0,0,1,0,0,0,0,0
794,206510,0,0,0,0,0,0,0,1,0,0,0,0,0
795,206770,0,0,0,0,0,0,0,1,0,0,0,0,0
796,207031,0,0,0,0,0,0,0,1,0,0,0,0,0
797,207291,0,0,0,0,0,0,0,1,0,0,0,0,0
798,207552,0,0,0,0,0,0,0,1,0,0,0,0,0
799,207812,0,0,0,0,0,0,0,1,0,0,0,0,0
800,208072,0,0,0,0,0,0,0,1,0,0,0,0,0
801,208333,0,0,0,0,0,0,0,1,0,0,0,0,0
802,208593,0,0,0,0,0,0,0,1,0,0,0,0,0
803,208854,0,0,0,0,0,0,0,1,0,0,0,0,0
804,209114,0,0,0,0,0,0,0,1,0,0,0,0,0
805,209375,0,0,0,0,0,0,0,1,0,0,0,0,0
806,209635,0,0,0,0,0,0,0,1,0,0,0,0,0
807,209895,0,0,0,0,0,0,0,1,0,0,0,0,0
808,210156,0,0,0,0,0,0,0,1,0,0,0,0,0
809,210416,0,0,0,0,0,0,0,1,0,0,0,0,0
810,210677,0,0,0,0,0,0,0,1,0,0,0,0,0
811,210937,0,0,0,0,0,0,0,1,0,0,0,0,0
812,211197,0,0,0,0,0,0,0,1,0,0,0,0,0
813,211458,0,0,0,0,0,0,0,1,0,0,0,0,0
814,211718,0,0,0,0,0,0,0,1,0,0,0,0,0
815,211979,0,0,0,0,0,0,0,1,0,0,0,0,0
816,212239,0,0,0,0,0,0,0,1,0,0,0,0,0
817,212500,0,0,0,0,0,0,0,1,0,0,0,0,0
818,212760,0,0,0,0,0,0,0,1,0,0,0,0,0
819,213020,0,0,0,0,0,0,0,1,0,0,0,0,0
820,213281,0,0,0,0,0,0,0,1,0,0,0,0,0
821,213541,0,0,0,0,0,0,0,1,0,0,0,0,0
822,213802,0,0,0,0,0,0,0,1,0,0,0,0,0
823,214062,0,0,0,0,0,0,0,1,0,0,0,0,0
824,214322,0,0,0,0,0,0,0,1,0,0,0,0,0
825,214583,0,0,0,0,0,0,0,1,0,0,0,0,0
826,214843,0,0,0,0,0,0,0,1,0,0,0,0,0
827,215104,0,0,0,0,0,0,0,1,0,0,0,0,0
828,215364,0,0,0,0,0,0,0,1,0,0,0,0,0
829,215625,0,0,0,0,0,0,0,1,0,0,0,0,0
830,215885,0,0,0,0,0,0,0,1,0,0,0,0,0
831,216145,0,0,0,0,0,0,0,1,0,0,0,0,0
832,216406,0,0,0,0,0,0,0,1,0,0,0,0,0
833,216666,0,0,0,0,0,0,0,1,0,0,0,0,0
834,216927,0,0,0,0,0,0,0,1,0,0,0,0,0
835,217187,0,0,0,0,0,0,0,1,0,0,0,0,0
836,217447,0,0,0,0,0,0,0,1,0,0,0,0,0
837,217708,0,0,0,0,0,0,0,1,0,0,0,0,0
838,217968,0,0,0,0,0,0,0,1,0,0,0,0,0
839,218229,0,0,0,0,0,0,0,1,0,0,0,0,0
840,218489,0,0,0,0,0,0,0,1,0,0,0,0,0
841,218750,0,0,0,0,0,0,0,1,0,0,0,0,0
842,219010,0,0,0,0,0,0,0,1,0,0,0,0,0
843,219270,0,0,0,0,0,0,0,1,0,0,0,0,0
844,219531,0,0,0,0,0,0,0,1,0,0,0,0,0
845,219791,0,0,0,0,0,0,0,1,0,0,0,0,0
846,220052,0,0,0,0,0,0,0,1,0,0,0,0,0
847,220312,0,0,0,0,0,0,0,1,0,0,0,0,0
848,220572,0,0,0,0,0,0,0,1,0,0,0,0,0
849,220833,0,0,0,0,0,0,0,1,0,0,0,0,0
850,221093,0,0,0,0,0,0,0,1,0,0,0,0,0
851,221354,0,0,0,0,0,0,0,1,0,0,0,0,0
852,221614,0,0,0,0,0,0,0,1,0,0,0,0,0
853,221875,0,0,0,0,0,0,0,1,0,0,0,0,0
854,222135,0,0,0,0,0,0,0,1,0,0,0,0,0
855,222395,0,0,0,0,0,0,0,1,0,0,0,0,0
856,222656,0,0,0,0,0,0,0,1,0,0,0,0,0
857,222916,0,0,0,0,0,0,0,1,0,0,0,0,0
858,223177,0,0,0,0,0,0,0,1,0,0,0,0,0
859,223437,0,0,0,0,0,0,0,1,0,0,0,0,0
860,223697,0,0,0,0,0,0,0,1,0,0,0,0,0
861,223958,0,0,0,0,0,0,0,1,0,0,0,0,0
862,224218,0,0,0,0,0,0,0,1,0,0,0,0,0
863,224479,0,0,0,0,0,0,0,1,0,0,0,0,0
864,224739,0,0,0,0,0,0,0,1,0,0,0,0,0
865,225000,0,0,0,0,0,0,0,1,0,0,0,0,0
866,225260,0,0,0,0,0,0,0,1,0,0,0,0,0
867,225520,0,0,0,0,0,0,0,1,0,0,0,0,0
868,225781,0,0,0,0,0,0,0,1,0,0,0,0,0
869,226041,0,0,0,0,0,0,0,1,0,0,0,0,0
870,226302,0,0,0,0,0,0,0,1,0,0,0,0,0
871,226562,0,0,0,0,0,0,0,1,0,0,0,0,0
872,226822,0,0,0,0,0,0,0,1,0,0,0,0,0
873,227083,0,0,0,0,0,0,0,1,0,0,0,0,0
874,227343,0,0,0,0,0,0,0,1,0,0,0,0,0
875,227604,0,0,0,0,0,0,0,1,0,0,0,0,0
876,227864,0,0,0,0,0,0,0,1,0,0,0,0,0
877,228125,0,0,0,0,0,0,0,1,0,0,0,0,0
878,228385,0,0,0,0,0,0,0,1,0,0,0,0,0
879,228645,0,0,0,0,0,0,0,1,0,0,0,0,0
