1,0,0,-1957,1957,0,0,-25024,25024,0,0,0,0,1,0
2,520,441,-2140,1699,0,5637,-27362,21724,0,0,0,0,1,0
3,1041,865,-2240,1376,0,11058,-28648,17590,0,0,0,0,1,0
4,1562,1255,-2255,999,0,16053,-28833,12780,0,0,0,0,1,0
5,2083,1598,-2183,585,0,20432,-27910,7479,0,0,0,0,1,0
6,2604,1879,-2027,148,0,24025,-25915,1890,0,0,0,0,1,0
7,3125,2088,-1793,-295,0,26696,-22924,-3772,0,0,0,0,1,0
8,3645,2216,-1490,-726,0,28340,-19052,-9288,0,0,0,0,1,0
9,4166,2260,-1130,-1130,0,28895,-14448,-14448,0,0,0,0,1,0
10,4687,2216,-726,-1490,0,28340,-9288,-19052,0,0,0,0,1,0
11,5208,2088,-295,-1793,0,26696,-3772,-22924,0,0,0,0,1,0
12,5729,1879,148,-2027,0,24025,1890,-25915,0,0,0,0,1,0
13,6250,1598,585,-2183,0,20432,7479,-27910,0,0,0,0,1,0
14,6770,1255,999,-2255,0,16053,12780,-28833,0,0,0,0,1,0
15,7291,865,1376,-2240,0,11058,17590,-28648,0,0,0,0,1,0
16,7812,441,1699,-2140,0,5637,21724,-27362,0,0,0,0,1,0
17,8333,0,1957,-1957,0,0,25024,-25024,0,0,0,0,1,0
18,8854,-441,2140,-1699,0,-5637,27362,-21724,0,0,0,0,1,0
19,9375,-865,2240,-1376,0,-11058,28648,-17590,0,0,0,0,1,0
20,9895,-1255,2255,-999,0,-16053,28833,-12780,0,0,0,0,1,0
21,10416,-1598,2183,-585,0,-20432,27910,-7479,0,0,0,0,1,0
22,10937,-1879,2027,-148,0,-24025,25915,-1890,0,0,0,0,1,0
23,11458,-2088,1793,295,0,-26696,22924,3772,0,0,0,0,1,0
24,11979,-2216,1490,726,0,-28340,19052,9288,0,0,0,0,1,0
25,12500,-2260,1130,1130,0,-28895,14448,14448,0,0,0,0,1,0
26,13020,-2216,726,1490,0,-28340,9288,19052,0,0,0,0,1,0
27,13541,-2088,295,1793,0,-26696,3772,22924,0,0,0,0,1,0
28,14062,-1879,-148,2027,0,-24025,-1890,25915,0,0,0,0,1,0
29,14583,-1598,-585,2183,0,-20432,-7479,27910,0,0,0,0,1,0
30,15104,-1255,-999,2255,0,-16053,-12780,28833,0,0,0,0,1,0
31,15625,-865,-1376,2240,0,-11058,-17590,28648,0,0,0,0,1,0
32,16145,-441,-1699,2140,0,-5637,-21724,27362,0,0,0,0,1,0
33,16666,0,-1957,1957,0,0,-25024,25024,0,0,0,0,1,0
34,17187,441,-2140,1699,0,5637,-27362,21724,0,0,0,0,1,0
35,17708,865,-2240,1376,0,11058,-28648,17590,0,0,0,0,1,0
36,18229,1255,-2255,999,0,16053,-28833,12780,0,0,0,0,1,0
37,18750,1598,-2183,585,0,20432,-27910,7479,0,0,0,0,1,0
38,19270,1879,-2027,148,0,24025,-25915,1890,0,0,0,0,1,0
39,19791,2088,-1793,-295,0,26696,-22924,-3772,0,0,0,0,1,0
40,20312,2216,-1490,-726,0,28340,-19052,-9288,0,0,0,0,1,0
41,20833,2260,-1130,-1130,0,28895,-14448,-14448,0,0,0,0,1,0
42,21354,2216,-726,-1490,0,28340,-9288,-19052,0,0,0,0,1,0
43,21875,2088,-295,-1793,0,26696,-3772,-22924,0,0,0,0,1,0
44,22395,1879,148,-2027,0,24025,1890,-25915,0,0,0,0,1,0
45,22916,1598,585,-2183,0,20432,7479,-27910,0,0,0,0,1,0
46,23437,1255,999,-2255,0,16053,12780,-28833,0,0,0,0,1,0
47,23958,865,1376,-2240,0,11058,17590,-28648,0,0,0,0,1,0
48,24479,441,1699,-2140,0,5637,21724,-27362,0,0,0,0,1,0
49,25000,0,1957,-1957,0,0,25024,-25024,0,0,0,0,1,0
50,25520,-441,2140,-1699,0,-5637,27362,-21724,0,0,0,0,1,0
51,26041,-865,2240,-1376,0,-11058,28648,-17590,0,0,0,0,1,0
52,26562,-1255,2255,-999,0,-16053,28833,-12780,0,0,0,0,1,0
53,27083,-1598,2183,-585,0,-20432,27910,-7479,0,0,0,0,1,0
54,27604,-1879,2027,-148,0,-24025,25915,-1890,0,0,0,0,1,0
55,28125,-2088,1793,295,0,-26696,22924,3772,0,0,0,0,1,0
56,28645,-2216,1490,726,0,-28340,19052,9288,0,0,0,0,1,0
57,29166,-2260,1130,1130,0,-28895,14448,14448,0,0,0,0,1,0
58,29687,-2216,726,1490,0,-28340,9288,19052,0,0,0,0,1,0
59,30208,-2088,295,1793,0,-26696,3772,22924,0,0,0,0,1,0
60,30729,-1879,-148,2027,0,-24025,-1890,25915,0,0,0,0,1,0
61,31250,-1598,-585,2183,0,-20432,-7479,27910,0,0,0,0,1,0
62,31770,-1255,-999,2255,0,-16053,-12780,28833,0,0,0,0,1,0
63,32291,-865,-1376,2240,0,-11058,-17590,28648,0,0,0,0,1,0
64,32812,-441,-1699,2140,0,-5637,-21724,27362,0,0,0,0,1,0
65,33333,0,-1957,1957,0,0,-25024,25024,0,0,0,0,1,0
66,33854,441,-2140,1699,0,5637,-27362,21724,0,0,0,0,1,0
67,34375,865,-2240,1376,0,11058,-28648,17590,0,0,0,0,1,0
68,34895,1255,-2255,999,0,16053,-28833,12780,0,0,0,0,1,0
69,35416,1598,-2183,585,0,20432,-27910,7479,0,0,0,0,1,0
70,35937,1879,-2027,148,0,24025,-25915,1890,0,0,0,0,1,0
71,36458,2088,-1793,-295,0,26696,-22924,-3772,0,0,0,0,1,0
72,36979,2216,-1490,-726,0,28340,-19052,-9288,0,0,0,0,1,0
73,37500,2260,-1130,-1130,0,28895,-14448,-14448,0,0,0,0,1,0
74,38020,2216,-726,-1490,0,28340,-9288,-19052,0,0,0,0,1,0
75,38541,2088,-295,-1793,0,26696,-3772,-22924,0,0,0,0,1,0
76,39062,1879,148,-2027,0,24025,1890,-25915,0,0,0,0,1,0
77,39583,1598,585,-2183,0,20432,7479,-27910,0,0,0,0,1,0
78,40104,1255,999,-2255,0,16053,12780,-28833,0,0,0,0,1,0
79,40625,865,1376,-2240,0,11058,17590,-28648,0,0,0,0,1,0
80,41145,441,1699,-2140,0,5637,21724,-27362,0,0,0,0,1,0
81,41666,0,1957,-1957,0,0,25024,-25024,0,0,0,0,1,0
82,42187,-441,2140,-1699,0,-5637,27362,-21724,0,0,0,0,1,0
83,42708,-865,2240,-1376,0,-11058,28648,-17590,0,0,0,0,1,0
84,43229,-1255,2255,-999,0,-16053,28833,-12780,0,0,0,0,1,0
85,43750,-1598,2183,-585,0,-20432,27910,-7479,0,0,0,0,1,0
86,44270,-1879,2027,-148,0,-24025,25915,-1890,0,0,0,0,1,0
87,44791,-2088,1793,295,0,-26696,22924,3772,0,0,0,0,1,0
88,45312,-2216,1490,726,0,-28340,19052,9288,0,0,0,0,1,0
89,45833,-2260,1130,1130,0,-28895,14448,14448,0,0,0,0,1,0
90,46354,-2216,726,1490,0,-28340,9288,19052,0,0,0,0,1,0
91,46875,-2088,295,1793,0,-26696,3772,22924,0,0,0,0,1,0
92,47395,-1879,-148,2027,0,-24025,-1890,25915,0,0,0,0,1,0
93,47916,-1598,-585,2183,0,-20432,-7479,27910,0,0,0,0,1,0
94,48437,-1255,-999,2255,0,-16053,-12780,28833,0,0,0,0,1,0
95,48958,-865,-1376,2240,0,-11058,-17590,28648,0,0,0,0,1,0
96,49479,-441,-1699,2140,0,-5637,-21724,27362,0,0,0,0,1,0
97,50000,0,-5243,1957,-3286,0,-2502,27026,0,0,0,0,1,0
98,50520,441,-6404,1699,-4264,6088,-2736,23462,0,0,0,0,1,0
99,51041,865,-6763,1376,-4523,11942,-2865,18997,0,0,0,0,1,0
100,51562,1255,-6317,999,-4062,17337,-2883,13802,0,0,0,0,1,0
101,52083,1598,-5093,585,-2910,22066,-2791,8077,0,0,0,0,1,0
102,52604,1879,-3148,148,-1122,25947,-2592,2041,0,0,0,0,1,0
103,53125,2088,-569,-295,1224,28831,-2292,-4073,0,0,0,0,1,0
104,53645,2216,2537,-726,4027,30607,-1905,-10031,0,0,0,0,1,0
105,54166,2260,6040,-1130,7170,31207,-1445,-15603,0,0,0,0,1,0
106,54687,2216,9795,-1490,10522,30607,-929,-20576,0,0,0,0,1,0
107,55208,2088,13650,-1793,13945,28831,-377,-24758,0,0,0,0,1,0
108,55729,1879,17446,-2027,17299,25947,189,-27988,0,0,0,0,1,0
109,56250,1598,21029,-2183,20445,22066,748,-30143,0,0,0,0,1,0
110,56770,1255,24253,-2255,23253,17337,1278,-31140,0,0,0,0,1,0
111,57291,865,26983,-2240,25608,11942,1759,-30940,0,0,0,0,1,0
112,57812,441,29108,-2140,27409,6088,2172,-29551,0,0,0,0,1,0
113,58333,0,30537,-1957,28580,0,2502,-27026,0,0,0,0,1,0
114,58854,-441,31207,-1699,29067,-6088,2736,-23462,0,0,0,0,1,0
115,59375,-865,31083,-1376,28843,-11942,2865,-18997,0,0,0,0,1,0
116,59895,-1255,30164,-999,27909,-17337,2883,-13802,0,0,0,0,1,0
117,60416,-1598,28477,-585,26294,-22066,2791,-8077,0,0,0,0,1,0
118,60937,-1879,26078,-148,24051,-25947,2592,-2041,0,0,0,0,1,0
119,61458,-2088,23052,295,21259,-28831,2292,4073,0,0,0,0,1,0
120,61979,-2216,19509,726,18019,-30607,1905,10031,0,0,0,0,1,0
121,62500,-2260,15578,1130,14448,-31207,1445,15603,0,0,0,0,1,0
122,63020,-2216,11402,1490,10675,-30607,929,20576,0,0,0,0,1,0
123,63541,-2088,7135,1793,6840,-28831,377,24758,0,0,0,0,1,0
124,64062,-1879,2934,2027,3082,-25947,-189,27988,0,0,0,0,1,0
125,64583,-1598,-1045,2183,-460,-22066,-748,30143,0,0,0,0,1,0
126,65104,-1255,-4657,2255,-3657,-17337,-1278,31140,0,0,0,0,1,0
127,65625,-865,-7768,2240,-6393,-11942,-1759,30940,0,0,0,0,1,0
128,66145,-441,-10267,2140,-8568,-6088,-2172,29551,0,0,0,0,1,0
129,66666,0,-12062,1957,-10105,0,-2502,27026,0,0,0,0,1,0
130,67187,441,-13091,1699,-10951,6088,-2736,23462,0,0,0,0,1,0
131,67708,865,-13320,1376,-11080,11942,-2865,18997,0,0,0,0,1,0
132,68229,1255,-12746,999,-10491,17337,-2883,13802,0,0,0,0,1,0
133,68750,1598,-11397,585,-9214,22066,-2791,8077,0,0,0,0,1,0
134,69270,1879,-9330,148,-7303,25947,-2592,2041,0,0,0,0,1,0
135,69791,2088,-6630,-295,-4838,28831,-2292,-4073,0,0,0,0,1,0
136,70312,2216,-3407,-726,-1917,30607,-1905,-10031,0,0,0,0,1,0
137,70833,2260,212,-1130,1342,31207,-1445,-15603,0,0,0,0,1,0
138,71354,2216,4081,-1490,4807,30607,-929,-20576,0,0,0,0,1,0
139,71875,2088,8046,-1793,8341,28831,-377,-24758,0,0,0,0,1,0
140,72395,1879,11952,-2027,11804,25947,189,-27988,0,0,0,0,1,0
141,72916,1598,15642,-2183,15057,22066,748,-30143,0,0,0,0,1,0
142,73437,1255,18970,-2255,17970,17337,1278,-31140,0,0,0,0,1,0
143,73958,865,21803,-2240,20427,11942,1759,-30940,0,0,0,0,1,0
144,74479,441,24029,-2140,22330,6088,2172,-29551,0,0,0,0,1,0
145,75000,0,25556,-1957,23599,0,2502,-27026,0,0,0,0,1,0
146,75520,-441,26323,-1699,24183,-6088,2736,-23462,0,0,0,0,1,0
147,76041,-865,26294,-1376,24054,-11942,2865,-18997,0,0,0,0,1,0
148,76562,-1255,25468,-999,23213,-17337,2883,-13802,0,0,0,0,1,0
149,77083,-1598,23872,-585,21689,-22066,2791,-8077,0,0,0,0,1,0
150,77604,-1879,21562,-148,19536,-25947,2592,-2041,0,0,0,0,1,0
151,78125,-2088,18625,295,16832,-28831,2292,4073,0,0,0,0,1,0
152,78645,-2216,15168,726,13678,-30607,1905,10031,0,0,0,0,1,0
153,79166,-2260,11321,1130,10191,-31207,1445,15603,0,0,0,0,1,0
154,79687,-2216,7228,1490,6501,-30607,929,20576,0,0,0,0,1,0
155,80208,-2088,3042,1793,2747,-28831,377,24758,0,0,0,0,1,0
156,80729,-1879,-1079,2027,-931,-25947,-189,27988,0,0,0,0,1,0
157,81250,-1598,-4980,2183,-4395,-22066,-748,30143,0,0,0,0,1,0
158,81770,-1255,-8515,2255,-7516,-17337,-1278,31140,0,0,0,0,1,0
159,82291,-865,-11552,2240,-10176,-11942,-1759,30940,0,0,0,0,1,0
160,82812,-441,-13977,2140,-12278,-6088,-2172,29551,0,0,0,0,1,0
161,83333,0,-15700,1957,-13743,0,-2502,27026,0,0,0,0,1,0
162,83854,441,-16658,1699,-14518,6088,-2736,23462,0,0,0,0,1,0
163,84375,865,-16818,1376,-14577,11942,-2865,18997,0,0,0,0,1,0
164,84895,1255,-16176,999,-13921,17337,-2883,13802,0,0,0,0,1,0
165,85416,1598,-14760,585,-12577,22066,-2791,8077,0,0,0,0,1,0
166,85937,1879,-12628,148,-10601,25947,-2592,2041,0,0,0,0,1,0
167,86458,2088,-9864,-295,-8071,28831,-2292,-4073,0,0,0,0,1,0
168,86979,2216,-6577,-726,-5088,30607,-1905,-10031,0,0,0,0,1,0
169,87500,2260,-2897,-1130,-1768,31207,-1445,-15603,0,0,0,0,1,0
170,88020,2216,1032,-1490,1758,30607,-929,-20576,0,0,0,0,1,0
171,88541,2088,5057,-1793,5352,28831,-377,-24758,0,0,0,0,1,0
172,89062,1879,9020,-2027,8873,25947,189,-27988,0,0,0,0,1,0
173,89583,1598,12767,-2183,12182,22066,748,-30143,0,0,0,0,1,0
174,90104,1255,16151,-2255,15152,17337,1278,-31140,0,0,0,0,1,0
175,90625,865,19039,-2240,17664,11942,1759,-30940,0,0,0,0,1,0
176,91145,441,21319,-2140,19620,6088,2172,-29551,0,0,0,0,1,0
177,91666,0,22899,-1957,20942,0,2502,-27026,0,0,0,0,1,0
178,92187,-441,23717,-1699,21577,-6088,2736,-23462,0,0,0,0,1,0
179,92708,-865,23740,-1376,21499,-11942,2865,-18997,0,0,0,0,1,0
180,93229,-1255,22963,-999,20708,-17337,2883,-13802,0,0,0,0,1,0
181,93750,-1598,21415,-585,19233,-22066,2791,-8077,0,0,0,0,1,0
182,94270,-1879,19154,-148,17127,-25947,2592,-2041,0,0,0,0,1,0
183,94791,-2088,16263,295,14470,-28831,2292,4073,0,0,0,0,1,0
184,95312,-2216,12852,726,11362,-30607,1905,10031,0,0,0,0,1,0
185,95833,-2260,9050,1130,7920,-31207,1445,15603,0,0,0,0,1,0
186,96354,-2216,5001,1490,4275,-30607,929,20576,0,0,0,0,1,0
187,96875,-2088,859,1793,564,-28831,377,24758,0,0,0,0,1,0
188,97395,-1879,-3220,2027,-3072,-25947,-189,27988,0,0,0,0,1,0
189,97916,-1598,-7080,2183,-6495,-22066,-748,30143,0,0,0,0,1,0
190,98437,-1255,-10574,2255,-9575,-17337,-1278,31140,0,0,0,0,1,0
191,98958,-865,-13571,2240,-12195,-11942,-1759,30940,0,0,0,0,1,0
192,99479,-441,-15956,2140,-14257,-6088,-2172,29551,0,0,0,0,1,0
193,100000,0,-17641,1957,-15684,0,-2502,27026,0,0,0,0,1,0
194,100520,441,-18561,1699,-16421,6088,-2736,23462,0,0,0,0,1,0
195,101041,865,-18684,1376,-16444,11942,-2865,18997,0,0,0,0,1,0
196,101562,1255,-18006,999,-15751,17337,-2883,13802,0,0,0,0,1,0
197,102083,1598,-16554,585,-14372,22066,-2791,8077,0,0,0,0,1,0
198,102604,1879,-14387,148,-12361,25947,-2592,2041,0,0,0,0,1,0
199,103125,2088,-11589,-295,-9796,28831,-2292,-4073,0,0,0,0,1,0
200,103645,2216,-8269,-726,-6779,30607,-1905,-10031,0,0,0,0,1,0
201,104166,2260,-4556,-1130,-3426,31207,-1445,-15603,0,0,0,0,1,0
202,104687,2216,-594,-1490,132,30607,-929,-20576,0,0,0,0,1,0
203,105208,2088,3462,-1793,3757,28831,-377,-24758,0,0,0,0,1,0
204,105729,1879,148,-2027,0,24025,1890,-25915,0,0,0,0,1,0
205,106250,1598,585,-2183,0,20432,7479,-27910,0,0,0,0,1,0
206,106770,1255,999,-2255,0,16053,12780,-28833,0,0,0,0,1,0
207,107291,865,1376,-2240,0,11058,17590,-28648,0,0,0,0,1,0
208,107812,441,1699,-2140,0,5637,21724,-27362,0,0,0,0,1,0
209,108333,0,1957,-1957,0,0,25024,-25024,0,0,0,0,1,0
210,108854,-441,2140,-1699,0,-5637,27362,-21724,0,0,0,0,1,0
211,109375,-865,2240,-1376,0,-11058,28648,-17590,0,0,0,0,1,0
212,109895,-1255,2255,-999,0,-16053,28833,-12780,0,0,0,0,1,0
213,110416,-1598,2183,-585,0,-20432,27910,-7479,0,0,0,0,1,0
214,110937,-1879,2027,-148,0,-24025,25915,-1890,0,0,0,0,1,0
215,111458,-2088,1793,295,0,-26696,22924,3772,0,0,0,0,1,0
216,111979,-2216,1490,726,0,-28340,19052,9288,0,0,0,0,1,0
217,112500,-2260,1130,1130,0,-28895,14448,14448,0,0,0,0,1,0
218,113020,-2216,726,1490,0,-28340,9288,19052,0,0,0,0,1,0
219,113541,-2088,295,1793,0,-26696,3772,22924,0,0,0,0,1,0
220,114062,-1879,-148,2027,0,-24025,-1890,25915,0,0,0,0,1,0
221,114583,-1598,-585,2183,0,-20432,-7479,27910,0,0,0,0,1,0
222,115104,-1255,-999,2255,0,-16053,-12780,28833,0,0,0,0,1,0
223,115625,-865,-1376,2240,0,-11058,-17590,28648,0,0,0,0,1,0
224,116145,-441,-1699,2140,0,-5637,-21724,27362,0,0,0,0,1,0
225,116666,0,-1957,1957,0,0,-25024,25024,0,0,0,0,1,0
226,117187,441,-2140,1699,0,5637,-27362,21724,0,0,0,0,1,0
227,117708,865,-2240,1376,0,11058,-28648,17590,0,0,0,0,1,0
228,118229,1255,-2255,999,0,16053,-28833,12780,0,0,0,0,1,0
229,118750,1598,-2183,585,0,20432,-27910,7479,0,0,0,0,1,0
230,119270,1879,-2027,148,0,24025,-25915,1890,0,0,0,0,1,0
231,119791,2088,-1793,-295,0,26696,-22924,-3772,0,0,0,0,1,0
232,120312,2216,-1490,-726,0,28340,-19052,-9288,0,0,0,0,1,0
233,120833,2260,-1130,-1130,0,28895,-14448,-14448,0,0,0,0,1,0
234,121354,2216,-726,-1490,0,28340,-9288,-19052,0,0,0,0,1,0
235,121875,2088,-295,-1793,0,26696,-3772,-22924,0,0,0,0,1,0
236,122395,1879,148,-2027,0,24025,1890,-25915,0,0,0,0,1,0
237,122916,1598,585,-2183,0,20432,7479,-27910,0,0,0,0,1,0
238,123437,1255,999,-2255,0,16053,12780,-28833,0,0,0,0,1,0
239,123958,865,1376,-2240,0,11058,17590,-28648,0,0,0,0,1,0
240,124479,441,1699,-2140,0,5637,21724,-27362,0,0,0,0,1,0
241,125000,0,1957,-1957,0,0,25024,-25024,0,0,0,0,1,0
242,125520,-441,2140,-1699,0,-5637,27362,-21724,0,0,0,0,1,0
243,126041,-865,2240,-1376,0,-11058,28648,-17590,0,0,0,0,1,0
244,126562,-1255,2255,-999,0,-16053,28833,-12780,0,0,0,0,1,0
245,127083,-1598,2183,-585,0,-20432,27910,-7479,0,0,0,0,1,0
246,127604,-1879,2027,-148,0,-24025,25915,-1890,0,0,0,0,1,0
247,128124,-2088,1793,295,0,-26696,22924,3772,0,0,0,0,1,0
248,128645,-2216,1490,726,0,-28340,19052,9288,0,0,0,0,1,0
249,129166,-2260,1130,1130,0,-28895,14448,14448,0,0,0,0,1,0
250,129687,-2216,726,1490,0,-28340,9288,19052,0,0,0,0,1,0
251,130208,-2088,295,1793,0,-26696,3772,22924,0,0,0,0,1,0
252,130729,-1879,-148,2027,0,-24025,-1890,25915,0,0,0,0,1,0
253,131250,-1598,-585,2183,0,-20432,-7479,27910,0,0,0,0,1,0
254,131770,-1255,-999,2255,0,-16053,-12780,28833,0,0,0,0,1,0
255,132291,-865,-1376,2240,0,-11058,-17590,28648,0,0,0,0,1,0
256,132812,-441,-1699,2140,0,-5637,-21724,27362,0,0,0,0,1,0
257,133333,0,-1957,1957,0,0,-25024,25024,0,0,0,0,1,0
258,133854,441,-2140,1699,0,5637,-27362,21724,0,0,0,0,1,0
259,134375,865,-2240,1376,0,11058,-28648,17590,0,0,0,0,1,0
260,134895,1255,-2255,999,0,16053,-28833,12780,0,0,0,0,1,0
261,135416,1598,-2183,585,0,20432,-27910,7479,0,0,0,0,1,0
262,135937,1879,-2027,148,0,24025,-25915,1890,0,0,0,0,1,0
263,136458,2088,-1793,-295,0,26696,-22924,-3772,0,0,0,0,1,0
264,136979,2216,-1490,-726,0,28340,-19052,-9288,0,0,0,0,1,0
265,137500,2260,-1130,-1130,0,28895,-14448,-14448,0,0,0,0,1,0
266,138020,2216,-726,-1490,0,28340,-9288,-19052,0,0,0,0,1,0
267,138541,2088,-295,-1793,0,26696,-3772,-22924,0,0,0,0,1,0
268,139062,1879,148,-2027,0,24025,1890,-25915,0,0,0,0,1,0
269,139583,1598,585,-2183,0,20432,7479,-27910,0,0,0,0,1,0
270,140104,1255,999,-2255,0,16053,12780,-28833,0,0,0,0,1,0
271,140625,865,1376,-2240,0,11058,17590,-28648,0,0,0,0,1,0
272,141145,441,1699,-2140,0,5637,21724,-27362,0,0,0,0,1,0
273,141666,0,1957,-1957,0,0,25024,-25024,0,0,0,0,1,0
274,142187,-441,2140,-1699,0,-5637,27362,-21724,0,0,0,0,1,0
275,142708,-865,2240,-1376,0,-11058,28648,-17590,0,0,0,0,1,0
276,143229,-1255,2255,-999,0,-16053,28833,-12780,0,0,0,0,1,0
277,143750,-1598,2183,-585,0,-20432,27910,-7479,0,0,0,0,1,0
278,144270,-1879,2027,-148,0,-24025,25915,-1890,0,0,0,0,1,0
279,144791,-2088,1793,295,0,-26696,22924,3772,0,0,0,0,1,0
280,145312,-2216,1490,726,0,-28340,19052,9288,0,0,0,0,1,0
281,145833,-2260,1130,1130,0,-28895,14448,14448,0,0,0,0,1,0
282,146354,-2216,726,1490,0,-28340,9288,19052,0,0,0,0,1,0
283,146875,-2088,295,1793,0,-26696,3772,22924,0,0,0,0,1,0
284,147395,-1879,-148,2027,0,-24025,-1890,25915,0,0,0,0,1,0
285,147916,-1598,-585,2183,0,-20432,-7479,27910,0,0,0,0,1,0
286,148437,-1255,-999,2255,0,-16053,-12780,28833,0,0,0,0,1,0
287,148958,-865,-1376,2240,0,-11058,-17590,28648,0,0,0,0,1,0
288,149479,-441,-1699,2140,0,-5637,-21724,27362,0,0,0,0,1,0
289,150000,0,-1957,1957,0,0,-25024,25024,0,0,0,0,1,0
290,150520,441,-2140,1699,0,5637,-27362,21724,0,0,0,0,1,0
291,151041,865,-2240,1376,0,11058,-28648,17590,0,0,0,0,1,0
292,151562,1255,-2255,999,0,16053,-28833,12780,0,0,0,0,1,0
293,152083,1598,-2183,585,0,20432,-27910,7479,0,0,0,0,1,0
294,152604,1879,-2027,148,0,24025,-25915,1890,0,0,0,0,1,0
295,153125,2088,-1793,-295,0,26696,-22924,-3772,0,0,0,0,1,0
296,153645,2216,-1490,-726,0,28340,-19052,-9288,0,0,0,0,1,0
297,154166,2260,-1130,-1130,0,28895,-14448,-14448,0,0,0,0,1,0
298,154687,2216,-726,-1490,0,28340,-9288,-19052,0,0,0,0,1,0
299,155208,2088,-295,-1793,0,26696,-3772,-22924,0,0,0,0,1,0
300,155729,1879,148,-2027,0,24025,1890,-25915,0,0,0,0,1,0
301,156250,1598,585,-2183,0,20432,7479,-27910,0,0,0,0,1,0
302,156770,1255,999,-2255,0,16053,12780,-28833,0,0,0,0,1,0
303,157291,865,1376,-2240,0,11058,17590,-28648,0,0,0,0,1,0
304,157812,441,1699,-2140,0,5637,21724,-27362,0,0,0,0,1,0
305,158333,0,1957,-1957,0,0,25024,-25024,0,0,0,0,1,0
306,158854,-441,2140,-1699,0,-5637,27362,-21724,0,0,0,0,1,0
307,159375,-865,2240,-1376,0,-11058,28648,-17590,0,0,0,0,1,0
308,159895,-1255,2255,-999,0,-16053,28833,-12780,0,0,0,0,1,0
309,160416,-1598,2183,-585,0,-20432,27910,-7479,0,0,0,0,1,0
310,160937,-1879,2027,-148,0,-24025,25915,-1890,0,0,0,0,1,0
311,161458,-2088,1793,295,0,-26696,22924,3772,0,0,0,0,1,0
312,161979,-2216,1490,726,0,-28340,19052,9288,0,0,0,0,1,0
313,162500,-2260,1130,1130,0,-28895,14448,14448,0,0,0,0,1,0
314,163020,-2216,726,1490,0,-28340,9288,19052,0,0,0,0,1,0
315,163541,-2088,295,1793,0,-26696,3772,22924,0,0,0,0,1,0
316,164062,-1879,-148,2027,0,-24025,-1890,25915,0,0,0,0,1,0
317,164583,-1598,-585,2183,0,-20432,-7479,27910,0,0,0,0,1,0
318,165104,-1255,-999,2255,0,-16053,-12780,28833,0,0,0,0,1,0
319,165625,-865,-1376,2240,0,-11058,-17590,28648,0,0,0,0,1,0
320,166145,-441,-1699,2140,0,-5637,-21724,27362,0,0,0,0,1,0
321,166666,0,-1957,1957,0,0,-25024,25024,0,0,0,0,1,0
322,167187,441,-2140,1699,0,5637,-27362,21724,0,0,0,0,1,0
323,167708,865,-2240,1376,0,11058,-28648,17590,0,0,0,0,1,0
324,168229,1255,-2255,999,0,16053,-28833,12780,0,0,0,0,1,0
325,168750,1598,-2183,585,0,20432,-27910,7479,0,0,0,0,1,0
326,169270,1879,-2027,148,0,24025,-25915,1890,0,0,0,0,1,0
327,169791,2088,-1793,-295,0,26696,-22924,-3772,0,0,0,0,1,0
328,170312,2216,-1490,-726,0,28340,-19052,-9288,0,0,0,0,1,0
329,170833,2260,-1130,-1130,0,28895,-14448,-14448,0,0,0,0,1,0
330,171354,2216,-726,-1490,0,28340,-9288,-19052,0,0,0,0,1,0
331,171875,2088,-295,-1793,0,26696,-3772,-22924,0,0,0,0,1,0
332,172395,1879,148,-2027,0,24025,1890,-25915,0,0,0,0,1,0
333,172916,1598,585,-2183,0,20432,7479,-27910,0,0,0,0,1,0
334,173437,1255,999,-2255,0,16053,12780,-28833,0,0,0,0,1,0
335,173958,865,1376,-2240,0,11058,17590,-28648,0,0,0,0,1,0
336,174479,441,1699,-2140,0,5637,21724,-27362,0,0,0,0,1,0
337,175000,0,1957,-1957,0,0,25024,-25024,0,0,0,0,1,0
338,175520,-441,2140,-1699,0,-5637,27362,-21724,0,0,0,0,1,0
339,176041,-865,2240,-1376,0,-11058,28648,-17590,0,0,0,0,1,0
340,176562,-1255,2255,-999,0,-16053,28833,-12780,0,0,0,0,1,0
341,177083,-1598,2183,-585,0,-20432,27910,-7479,0,0,0,0,1,0
342,177604,-1879,2027,-148,0,-24025,25915,-1890,0,0,0,0,1,0
343,178125,-2088,1793,295,0,-26696,22924,3772,0,0,0,0,1,0
344,178645,-2216,1490,726,0,-28340,19052,9288,0,0,0,0,1,0
345,179166,-2260,1130,1130,0,-28895,14448,14448,0,0,0,0,1,0
346,179687,-2216,726,1490,0,-28340,9288,19052,0,0,0,0,1,0
347,180208,-2088,295,1793,0,-26696,3772,22924,0,0,0,0,1,0
348,180729,-1879,-148,2027,0,-24025,-1890,25915,0,0,0,0,1,0
349,181250,-1598,-585,2183,0,-20432,-7479,27910,0,0,0,0,1,0
350,181770,-1255,-999,2255,0,-16053,-12780,28833,0,0,0,0,1,0
351,182291,-865,-1376,2240,0,-11058,-17590,28648,0,0,0,0,1,0
352,182812,-441,-1699,2140,0,-5637,-21724,27362,0,0,0,0,1,0
353,183333,0,-1957,1957,0,0,-25024,25024,0,0,0,0,1,0
354,183854,441,-2140,1699,0,5637,-27362,21724,0,0,0,0,1,0
355,184375,865,-2240,1376,0,11058,-28648,17590,0,0,0,0,1,0
356,184895,1255,-2255,999,0,16053,-28833,12780,0,0,0,0,1,0
357,185416,1598,-2183,585,0,20432,-27910,7479,0,0,0,0,1,0
358,185937,1879,-2027,148,0,24025,-25915,1890,0,0,0,0,1,0
359,186458,2088,-1793,-295,0,26696,-22924,-3772,0,0,0,0,1,0
360,186979,2216,-1490,-726,0,28340,-19052,-9288,0,0,0,0,1,0
361,187500,2260,-1130,-1130,0,28895,-14448,-14448,0,0,0,0,1,0
362,188020,2216,-726,-1490,0,28340,-9288,-19052,0,0,0,0,1,0
363,188541,2088,-295,-1793,0,26696,-3772,-22924,0,0,0,0,1,0
364,189062,1879,148,-2027,0,24025,1890,-25915,0,0,0,0,1,0
365,189583,1598,585,-2183,0,20432,7479,-27910,0,0,0,0,1,0
366,190104,1255,999,-2255,0,16053,12780,-28833,0,0,0,0,1,0
367,190625,865,1376,-2240,0,11058,17590,-28648,0,0,0,0,1,0
368,191145,441,1699,-2140,0,5637,21724,-27362,0,0,0,0,1,0
369,191666,0,1957,-1957,0,0,25024,-25024,0,0,0,0,1,0
370,192187,-441,2140,-1699,0,-5637,27362,-21724,0,0,0,0,1,0
371,192708,-865,2240,-1376,0,-11058,28648,-17590,0,0,0,0,1,0
372,193229,-1255,2255,-999,0,-16053,28833,-12780,0,0,0,0,1,0
373,193750,-1598,2183,-585,0,-20432,27910,-7479,0,0,0,0,1,0
374,194270,-1879,2027,-148,0,-24025,25915,-1890,0,0,0,0,1,0
375,194791,-2088,1793,295,0,-26696,22924,3772,0,0,0,0,1,0
376,195312,-2216,1490,726,0,-28340,19052,9288,0,0,0,0,1,0
377,195833,-2260,1130,1130,0,-28895,14448,14448,0,0,0,0,1,0
378,196354,-2216,726,1490,0,-28340,9288,19052,0,0,0,0,1,0
379,196875,-2088,295,1793,0,-26696,3772,22924,0,0,0,0,1,0
380,197395,-1879,-148,2027,0,-24025,-1890,25915,0,0,0,0,1,0
381,197916,-1598,-585,2183,0,-20432,-7479,27910,0,0,0,0,1,0
382,198437,-1255,-999,2255,0,-16053,-12780,28833,0,0,0,0,1,0
383,198958,-865,-1376,2240,0,-11058,-17590,28648,0,0,0,0,1,0
384,199479,-441,-1699,2140,0,-5637,-21724,27362,0,0,0,0,1,0
385,200000,0,-1957,1957,0,0,-25024,25024,0,0,0,0,1,0
386,200520,441,-2140,1699,0,5637,-27362,21724,0,0,0,0,1,0
387,201041,865,-2240,1376,0,11058,-28648,17590,0,0,0,0,1,0
388,201562,1255,-2255,999,0,16053,-28833,12780,0,0,0,0,1,0
389,202083,1598,-2183,585,0,20432,-27910,7479,0,0,0,0,1,0
390,202604,1879,-2027,148,0,24025,-25915,1890,0,0,0,0,1,0
391,203125,2088,-1793,-295,0,26696,-22924,-3772,0,0,0,0,1,0
392,203645,2216,-1490,-726,0,28340,-19052,-9288,0,0,0,0,1,0
393,204166,2260,-1130,-1130,0,28895,-14448,-14448,0,0,0,0,1,0
394,204687,2216,-726,-1490,0,28340,-9288,-19052,0,0,0,0,1,0
395,205208,2088,-295,-1793,0,26696,-3772,-22924,0,0,0,0,1,0
396,205729,1879,148,-2027,0,24025,1890,-25915,0,0,0,0,1,0
397,206250,1598,585,-2183,0,20432,7479,-27910,0,0,0,0,1,0
398,206770,1255,999,-2255,0,16053,12780,-28833,0,0,0,0,1,0
399,207291,865,1376,-2240,0,11058,17590,-28648,0,0,0,0,1,0
400,207812,441,1699,-2140,0,5637,21724,-27362,0,0,0,0,1,0
401,208333,0,1957,-1957,0,0,25024,-25024,0,0,0,0,1,0
402,208854,-441,2140,-1699,0,-5637,27362,-21724,0,0,0,0,1,0
403,209375,-865,2240,-1376,0,-11058,28648,-17590,0,0,0,0,1,0
404,209895,-1255,2255,-999,0,-16053,28833,-12780,0,0,0,0,1,0
405,210416,-1598,2183,-585,0,-20432,27910,-7479,0,0,0,0,1,0
406,210937,-1879,2027,-148,0,-24025,25915,-1890,0,0,0,0,1,0
407,211458,-2088,1793,295,0,-26696,22924,3772,0,0,0,0,1,0
408,211979,-2216,1490,726,0,-28340,19052,9288,0,0,0,0,1,0
409,212500,-2260,1130,1130,0,-28895,14448,14448,0,0,0,0,1,0
410,213020,-2216,726,1490,0,-28340,9288,19052,0,0,0,0,1,0
411,213541,-2088,295,1793,0,-26696,3772,22924,0,0,0,0,1,0
412,214062,-1879,-148,2027,0,-24025,-1890,25915,0,0,0,0,1,0
413,214583,-1598,-585,2183,0,-20432,-7479,27910,0,0,0,0,1,0
414,215104,-1255,-999,2255,0,-16053,-12780,28833,0,0,0,0,1,0
415,215625,-865,-1376,2240,0,-11058,-17590,28648,0,0,0,0,1,0
416,216145,-441,-1699,2140,0,-5637,-21724,27362,0,0,0,0,1,0
417,216666,0,-1957,1957,0,0,-25024,25024,0,0,0,0,1,0
418,217187,441,-2140,1699,0,5637,-27362,21724,0,0,0,0,1,0
419,217708,865,-2240,1376,0,11058,-28648,17590,0,0,0,0,1,0
420,218229,1255,-2255,999,0,16053,-28833,12780,0,0,0,0,1,0
421,218750,1598,-2183,585,0,20432,-27910,7479,0,0,0,0,1,0
422,219270,1879,-2027,148,0,24025,-25915,1890,0,0,0,0,1,0
423,219791,2088,-1793,-295,0,26696,-22924,-3772,0,0,0,0,1,0
424,220312,2216,-1490,-726,0,28340,-19052,-9288,0,0,0,0,1,0
425,220833,2260,-1130,-1130,0,28895,-14448,-14448,0,0,0,0,1,0
426,221354,2216,-726,-1490,0,28340,-9288,-19052,0,0,0,0,1,0
427,221875,2088,-295,-1793,0,26696,-3772,-22924,0,0,0,0,1,0
428,222395,1879,148,-2027,0,24025,1890,-25915,0,0,0,0,1,0
429,222916,1598,585,-2183,0,20432,7479,-27910,0,0,0,0,1,0
430,223437,1255,999,-2255,0,16053,12780,-28833,0,0,0,0,1,0
431,223958,865,1376,-2240,0,11058,17590,-28648,0,0,0,0,1,0
432,224479,441,1699,-2140,0,5637,21724,-27362,0,0,0,0,1,0
433,225000,0,1957,-1957,0,0,25024,-25024,0,0,0,0,1,0
434,225520,-441,2140,-1699,0,-5637,27362,-21724,0,0,0,0,1,0
435,226041,-865,2240,-1376,0,-11058,28648,-17590,0,0,0,0,1,0
436,226562,-1255,2255,-999,0,-16053,28833,-12780,0,0,0,0,1,0
437,227083,-1598,2183,-585,0,-20432,27910,-7479,0,0,0,0,1,0
438,227604,-1879,2027,-148,0,-24025,25915,-1890,0,0,0,0,1,0
439,228125,-2088,1793,295,0,-26696,22924,3772,0,0,0,0,1,0
440,228645,-2216,1490,726,0,-28340,19052,9288,0,0,0,0,1,0
441,229166,-2260,1130,1130,0,-28895,14448,14448,0,0,0,0,1,0
442,229687,-2216,726,1490,0,-28340,9288,19052,0,0,0,0,1,0
443,230208,-2088,295,1793,0,-26696,3772,22924,0,0,0,0,1,0
444,230729,-1879,-148,2027,0,-24025,-1890,25915,0,0,0,0,1,0
445,231250,-1598,-585,2183,0,-20432,-7479,27910,0,0,0,0,1,0
446,231770,-1255,-999,2255,0,-16053,-12780,28833,0,0,0,0,1,0
447,232291,-865,-1376,2240,0,-11058,-17590,28648,0,0,0,0,1,0
448,232812,-441,-1699,2140,0,-5637,-21724,27362,0,0,0,0,1,0
449,233333,0,-1957,1957,0,0,-25024,25024,0,0,0,0,1,0
450,233854,441,-2140,1699,0,5637,-27362,21724,0,0,0,0,1,0
451,234375,865,-2240,1376,0,11058,-28648,17590,0,0,0,0,1,0
452,234895,1255,-2255,999,0,16053,-28833,12780,0,0,0,0,1,0
453,235416,1598,-2183,585,0,20432,-27910,7479,0,0,0,0,1,0
454,235937,1879,-2027,148,0,24025,-25915,1890,0,0,0,0,1,0
455,236458,2088,-1793,-295,0,26696,-22924,-3772,0,0,0,0,1,0
456,236979,2216,-1490,-726,0,28340,-19052,-9288,0,0,0,0,1,0
457,237500,2260,-1130,-1130,0,28895,-14448,-14448,0,0,0,0,1,0
458,238020,2216,-726,-1490,0,28340,-9288,-19052,0,0,0,0,1,0
459,238541,2088,-295,-1793,0,26696,-3772,-22924,0,0,0,0,1,0
460,239062,1879,148,-2027,0,24025,1890,-25915,0,0,0,0,1,0
461,239583,1598,585,-2183,0,20432,7479,-27910,0,0,0,0,1,0
462,240104,1255,999,-2255,0,16053,12780,-28833,0,0,0,0,1,0
463,240625,865,1376,-2240,0,11058,17590,-28648,0,0,0,0,1,0
464,241145,441,1699,-2140,0,5637,21724,-27362,0,0,0,0,1,0
465,241666,0,1957,-1957,0,0,25024,-25024,0,0,0,0,1,0
466,242187,-441,2140,-1699,0,-5637,27362,-21724,0,0,0,0,1,0
467,242708,-865,2240,-1376,0,-11058,28648,-17590,0,0,0,0,1,0
468,243229,-1255,2255,-999,0,-16053,28833,-12780,0,0,0,0,1,0
469,243750,-1598,2183,-585,0,-20432,27910,-7479,0,0,0,0,1,0
470,244270,-1879,2027,-148,0,-24025,25915,-1890,0,0,0,0,1,0
471,244791,-2088,1793,295,0,-26696,22924,3772,0,0,0,0,1,0
472,245312,-2216,1490,726,0,-28340,19052,9288,0,0,0,0,1,0
473,245833,-2260,1130,1130,0,-28895,14448,14448,0,0,0,0,1,0
474,246354,-2216,726,1490,0,-28340,9288,19052,0,0,0,0,1,0
475,246875,-2088,295,1793,0,-26696,3772,22924,0,0,0,0,1,0
476,247395,-1879,-148,2027,0,-24025,-1890,25915,0,0,0,0,1,0
477,247916,-1598,-585,2183,0,-20432,-7479,27910,0,0,0,0,1,0
478,248437,-1255,-999,2255,0,-16053,-12780,28833,0,0,0,0,1,0
479,248958,-865,-1376,2240,0,-11058,-17590,28648,0,0,0,0,1,0
480,249479,-441,-1699,2140,0,-5637,-21724,27362,0,0,0,0,1,0
481,250000,0,-1957,1957,0,0,-25024,25024,0,0,0,0,1,0
482,250520,441,-2140,1699,0,5637,-27362,21724,0,0,0,0,1,0
483,251041,865,-2240,1376,0,11058,-28648,17590,0,0,0,0,1,0
484,251562,1255,-2255,999,0,16053,-28833,12780,0,0,0,0,1,0
485,252083,1598,-2183,585,0,20432,-27910,7479,0,0,0,0,1,0
486,252604,1879,-2027,148,0,24025,-25915,1890,0,0,0,0,1,0
487,253125,2088,-1793,-295,0,26696,-22924,-3772,0,0,0,0,1,0
488,253645,2216,-1490,-726,0,28340,-19052,-9288,0,0,0,0,1,0
489,254166,2260,-1130,-1130,0,28895,-14448,-14448,0,0,0,0,1,0
490,254687,2216,-726,-1490,0,28340,-9288,-19052,0,0,0,0,1,0
491,255208,2088,-295,-1793,0,26696,-3772,-22924,0,0,0,0,1,0
492,255729,1879,148,-2027,0,24025,1890,-25915,0,0,0,0,1,0
493,256249,1598,585,-2183,0,20432,7479,-27910,0,0,0,0,1,0
494,256770,1255,999,-2255,0,16053,12780,-28833,0,0,0,0,1,0
495,257291,865,1376,-2240,0,11058,17590,-28648,0,0,0,0,1,0
496,257812,441,1699,-2140,0,5637,21724,-27362,0,0,0,0,1,0
497,258333,0,1957,-1957,0,0,25024,-25024,0,0,0,0,1,0
498,258854,-441,2140,-1699,0,-5637,27362,-21724,0,0,0,0,1,0
499,259375,-865,2240,-1376,0,-11058,28648,-17590,0,0,0,0,1,0
500,259895,-1255,2255,-999,0,-16053,28833,-12780,0,0,0,0,1,0
501,260416,-1598,2183,-585,0,-20432,27910,-7479,0,0,0,0,1,0
502,260937,-1879,2027,-148,0,-24025,25915,-1890,0,0,0,0,1,0
503,261458,-2088,1793,295,0,-26696,22924,3772,0,0,0,0,1,0
504,261979,-2216,1490,726,0,-28340,19052,9288,0,0,0,0,1,0
505,262500,-2260,1130,1130,0,-28895,14448,14448,0,0,0,0,1,0
506,263020,-2216,726,1490,0,-28340,9288,19052,0,0,0,0,1,0
507,263541,-2088,295,1793,0,-26696,3772,22924,0,0,0,0,1,0
508,264062,-1879,-148,2027,0,-24025,-1890,25915,0,0,0,0,1,0
509,264583,-1598,-585,2183,0,-20432,-7479,27910,0,0,0,0,1,0
510,265104,-1255,-999,2255,0,-16053,-12780,28833,0,0,0,0,1,0
511,265625,-865,-1376,2240,0,-11058,-17590,28648,0,0,0,0,1,0
512,266145,-441,-1699,2140,0,-5637,-21724,27362,0,0,0,0,1,0
513,266666,0,-1957,1957,0,0,-25024,25024,0,0,0,0,1,0
514,267187,441,-2140,1699,0,5637,-27362,21724,0,0,0,0,1,0
515,267708,865,-2240,1376,0,11058,-28648,17590,0,0,0,0,1,0
516,268229,1255,-2255,999,0,16053,-28833,12780,0,0,0,0,1,0
517,268750,1598,-2183,585,0,20432,-27910,7479,0,0,0,0,1,0
518,269270,1879,-2027,148,0,24025,-25915,1890,0,0,0,0,1,0
519,269791,2088,-1793,-295,0,26696,-22924,-3772,0,0,0,0,1,0
520,270312,2216,-1490,-726,0,28340,-19052,-9288,0,0,0,0,1,0
521,270833,2260,-1130,-1130,0,28895,-14448,-14448,0,0,0,0,1,0
522,271354,2216,-726,-1490,0,28340,-9288,-19052,0,0,0,0,1,0
523,271875,2088,-295,-1793,0,26696,-3772,-22924,0,0,0,0,1,0
524,272395,1879,148,-2027,0,24025,1890,-25915,0,0,0,0,1,0
525,272916,1598,585,-2183,0,20432,7479,-27910,0,0,0,0,1,0
526,273437,1255,999,-2255,0,16053,12780,-28833,0,0,0,0,1,0
527,273958,865,1376,-2240,0,11058,17590,-28648,0,0,0,0,1,0
528,274479,441,1699,-2140,0,5637,21724,-27362,0,0,0,0,1,0
529,275000,0,1957,-1957,0,0,25024,-25024,0,0,0,0,1,0
530,275520,-441,2140,-1699,0,-5637,27362,-21724,0,0,0,0,1,0
531,276041,-865,2240,-1376,0,-11058,28648,-17590,0,0,0,0,1,0
532,276562,-1255,2255,-999,0,-16053,28833,-12780,0,0,0,0,1,0
533,277083,-1598,2183,-585,0,-20432,27910,-7479,0,0,0,0,1,0
534,277604,-1879,2027,-148,0,-24025,25915,-1890,0,0,0,0,1,0
535,278125,-2088,1793,295,0,-26696,22924,3772,0,0,0,0,1,0
536,278645,-2216,1490,726,0,-28340,19052,9288,0,0,0,0,1,0
537,279166,-2260,1130,1130,0,-28895,14448,14448,0,0,0,0,1,0
538,279687,-2216,726,1490,0,-28340,9288,19052,0,0,0,0,1,0
539,280208,-2088,295,1793,0,-26696,3772,22924,0,0,0,0,1,0
540,280729,-1879,-148,2027,0,-24025,-1890,25915,0,0,0,0,1,0
541,281250,-1598,-585,2183,0,-20432,-7479,27910,0,0,0,0,1,0
542,281770,-1255,-999,2255,0,-16053,-12780,28833,0,0,0,0,1,0
543,282291,-865,-1376,2240,0,-11058,-17590,28648,0,0,0,0,1,0
544,282812,-441,-1699,2140,0,-5637,-21724,27362,0,0,0,0,1,0
545,283333,0,-1957,1957,0,0,-25024,25024,0,0,0,0,1,0
546,283854,441,-2140,1699,0,5637,-27362,21724,0,0,0,0,1,0
547,284375,865,-2240,1376,0,11058,-28648,17590,0,0,0,0,1,0
548,284895,1255,-2255,999,0,16053,-28833,12780,0,0,0,0,1,0
549,285416,1598,-2183,585,0,20432,-27910,7479,0,0,0,0,1,0
550,285937,1879,-2027,148,0,24025,-25915,1890,0,0,0,0,1,0
551,286458,2088,-1793,-295,0,26696,-22924,-3772,0,0,0,0,1,0
552,286979,2216,-1490,-726,0,28340,-19052,-9288,0,0,0,0,1,0
553,287500,2260,-1130,-1130,0,28895,-14448,-14448,0,0,0,0,1,0
554,288020,2216,-726,-1490,0,28340,-9288,-19052,0,0,0,0,1,0
555,288541,2088,-295,-1793,0,26696,-3772,-22924,0,0,0,0,1,0
556,289062,1879,148,-2027,0,24025,1890,-25915,0,0,0,0,1,0
557,289583,1598,585,-2183,0,20432,7479,-27910,0,0,0,0,1,0
558,290104,1255,999,-2255,0,16053,12780,-28833,0,0,0,0,1,0
559,290625,865,1376,-2240,0,11058,17590,-28648,0,0,0,0,1,0
560,291145,441,1699,-2140,0,5637,21724,-27362,0,0,0,0,1,0
561,291666,0,1957,-1957,0,0,25024,-25024,0,0,0,0,1,0
562,292187,-441,2140,-1699,0,-5637,27362,-21724,0,0,0,0,1,0
563,292708,-865,2240,-1376,0,-11058,28648,-17590,0,0,0,0,1,0
564,293229,-1255,2255,-999,0,-16053,28833,-12780,0,0,0,0,1,0
565,293750,-1598,2183,-585,0,-20432,27910,-7479,0,0,0,0,1,0
566,294270,-1879,2027,-148,0,-24025,25915,-1890,0,0,0,0,1,0
567,294791,-2088,1793,295,0,-26696,22924,3772,0,0,0,0,1,0
568,295312,-2216,1490,726,0,-28340,19052,9288,0,0,0,0,1,0
569,295833,-2260,1130,1130,0,-28895,14448,14448,0,0,0,0,1,0
570,296354,-2216,726,1490,0,-28340,9288,19052,0,0,0,0,1,0
571,296875,-2088,295,1793,0,-26696,3772,22924,0,0,0,0,1,0
572,297395,-1879,-148,2027,0,-24025,-1890,25915,0,0,0,0,1,0
573,297916,-1598,-585,2183,0,-20432,-7479,27910,0,0,0,0,1,0
574,298437,-1255,-999,2255,0,-16053,-12780,28833,0,0,0,0,1,0
575,298958,-865,-1376,2240,0,-11058,-17590,28648,0,0,0,0,1,0
576,299479,-441,-1699,2140,0,-5637,-21724,27362,0,0,0,0,1,0
577,300000,0,-1957,1957,0,0,-25024,25024,0,0,0,0,1,0
578,300520,441,-2140,1699,0,5637,-27362,21724,0,0,0,0,1,0
579,301041,865,-2240,1376,0,11058,-28648,17590,0,0,0,0,1,0
580,301562,1255,-2255,999,0,16053,-28833,12780,0,0,0,0,1,0
581,302083,1598,-2183,585,0,20432,-27910,7479,0,0,0,0,1,0
582,302604,1879,-2027,148,0,24025,-25915,1890,0,0,0,0,1,0
583,303125,2088,-1793,-295,0,26696,-22924,-3772,0,0,0,0,1,0
584,303645,2216,-1490,-726,0,28340,-19052,-9288,0,0,0,0,1,0
585,304166,2260,-1130,-1130,0,28895,-14448,-14448,0,0,0,0,1,0
586,304687,2216,-726,-1490,0,28340,-9288,-19052,0,0,0,0,1,0
587,305208,2088,-295,-1793,0,26696,-3772,-22924,0,0,0,0,1,0
588,305729,1879,148,-2027,0,24025,1890,-25915,0,0,0,0,1,0
589,306250,1598,585,-2183,0,20432,7479,-27910,0,0,0,0,1,0
590,306770,1255,999,-2255,0,16053,12780,-28833,0,0,0,0,1,0
591,307291,865,1376,-2240,0,11058,17590,-28648,0,0,0,0,1,0
592,307812,441,1699,-2140,0,5637,21724,-27362,0,0,0,0,1,0
593,308333,0,1957,-1957,0,0,25024,-25024,0,0,0,0,1,0
594,308854,-441,2140,-1699,0,-5637,27362,-21724,0,0,0,0,1,0
595,309375,-865,2240,-1376,0,-11058,28648,-17590,0,0,0,0,1,0
596,309895,-1255,2255,-999,0,-16053,28833,-12780,0,0,0,0,1,0
597,310416,-1598,2183,-585,0,-20432,27910,-7479,0,0,0,0,1,0
598,310937,-1879,2027,-148,0,-24025,25915,-1890,0,0,0,0,1,0
599,311458,-2088,1793,295,0,-26696,22924,3772,0,0,0,0,1,0
600,311979,-2216,1490,726,0,-28340,19052,9288,0,0,0,0,1,0
601,312500,-2260,1130,1130,0,-28895,14448,14448,0,0,0,0,1,0
602,313020,-2216,726,1490,0,-28340,9288,19052,0,0,0,0,1,0
603,313541,-2088,295,1793,0,-26696,3772,22924,0,0,0,0,1,0
604,314062,-1879,-148,2027,0,-24025,-1890,25915,0,0,0,0,1,0
605,314583,-1598,-585,2183,0,-20432,-7479,27910,0,0,0,0,1,0
606,315104,-1255,-999,2255,0,-16053,-12780,28833,0,0,0,0,1,0
607,315625,-865,-1376,2240,0,-11058,-17590,28648,0,0,0,0,1,0
608,316145,-441,-1699,2140,0,-5637,-21724,27362,0,0,0,0,1,0
609,316666,0,-1957,1957,0,0,-25024,25024,0,0,0,0,1,0
610,317187,441,-2140,1699,0,5637,-27362,21724,0,0,0,0,1,0
611,317708,865,-2240,1376,0,11058,-28648,17590,0,0,0,0,1,0
612,318229,1255,-2255,999,0,16053,-28833,12780,0,0,0,0,1,0
613,318750,1598,-2183,585,0,20432,-27910,7479,0,0,0,0,1,0
614,319270,1879,-2027,148,0,24025,-25915,1890,0,0,0,0,1,0
615,319791,2088,-1793,-295,0,26696,-22924,-3772,0,0,0,0,1,0
616,320312,2216,-1490,-726,0,28340,-19052,-9288,0,0,0,0,1,0
617,320833,2260,-1130,-1130,0,28895,-14448,-14448,0,0,0,0,1,0
618,321354,2216,-726,-1490,0,28340,-9288,-19052,0,0,0,0,1,0
619,321875,2088,-295,-1793,0,26696,-3772,-22924,0,0,0,0,1,0
620,322395,1879,148,-2027,0,24025,1890,-25915,0,0,0,0,1,0
621,322916,1598,585,-2183,0,20432,7479,-27910,0,0,0,0,1,0
622,323437,1255,999,-2255,0,16053,12780,-28833,0,0,0,0,1,0
623,323958,865,1376,-2240,0,11058,17590,-28648,0,0,0,0,1,0
624,324479,441,1699,-2140,0,5637,21724,-27362,0,0,0,0,1,0
625,325000,0,1957,-1957,0,0,25024,-25024,0,0,0,0,1,0
626,325520,-441,2140,-1699,0,-5637,27362,-21724,0,0,0,0,1,0
627,326041,-865,2240,-1376,0,-11058,28648,-17590,0,0,0,0,1,0
628,326562,-1255,2255,-999,0,-16053,28833,-12780,0,0,0,0,1,0
629,327083,-1598,2183,-585,0,-20432,27910,-7479,0,0,0,0,1,0
630,327604,-1879,2027,-148,0,-24025,25915,-1890,0,0,0,0,1,0
631,328125,-2088,1793,295,0,-26696,22924,3772,0,0,0,0,1,0
632,328645,-2216,1490,726,0,-28340,19052,9288,0,0,0,0,1,0
633,329166,-2260,1130,1130,0,-28895,14448,14448,0,0,0,0,1,0
634,329687,-2216,726,1490,0,-28340,9288,19052,0,0,0,0,1,0
635,330208,-2088,295,1793,0,-26696,3772,22924,0,0,0,0,1,0
636,330729,-1879,-148,2027,0,-24025,-1890,25915,0,0,0,0,1,0
637,331250,-1598,-585,2183,0,-20432,-7479,27910,0,0,0,0,1,0
638,331770,-1255,-999,2255,0,-16053,-12780,28833,0,0,0,0,1,0
639,332291,-865,-1376,2240,0,-11058,-17590,28648,0,0,0,0,1,0
640,332812,-441,-1699,2140,0,-5637,-21724,27362,0,0,0,0,1,0
641,333333,0,-1957,1957,0,0,-25024,25024,0,0,0,0,1,0
642,333854,441,-2140,1699,0,5637,-27362,21724,0,0,0,0,1,0
643,334375,865,-2240,1376,0,11058,-28648,17590,0,0,0,0,1,0
644,334895,1255,-2255,999,0,16053,-28833,12780,0,0,0,0,1,0
645,335416,1598,-2183,585,0,20432,-27910,7479,0,0,0,0,1,0
646,335937,1879,-2027,148,0,24025,-25915,1890,0,0,0,0,1,0
647,336458,2088,-1793,-295,0,26696,-22924,-3772,0,0,0,0,1,0
648,336979,2216,-1490,-726,0,28340,-19052,-9288,0,0,0,0,1,0
649,337500,2260,-1130,-1130,0,28895,-14448,-14448,0,0,0,0,1,0
650,338020,2216,-726,-1490,0,28340,-9288,-19052,0,0,0,0,1,0
651,338541,2088,-295,-1793,0,26696,-3772,-22924,0,0,0,0,1,0
652,339062,1879,148,-2027,0,24025,1890,-25915,0,0,0,0,1,0
653,339583,1598,585,-2183,0,20432,7479,-27910,0,0,0,0,1,0
654,340104,1255,999,-2255,0,16053,12780,-28833,0,0,0,0,1,0
655,340625,865,1376,-2240,0,11058,17590,-28648,0,0,0,0,1,0
656,341145,441,1699,-2140,0,5637,21724,-27362,0,0,0,0,1,0
657,341666,0,1957,-1957,0,0,25024,-25024,0,0,0,0,1,0
658,342187,-441,2140,-1699,0,-5637,27362,-21724,0,0,0,0,1,0
659,342708,-865,2240,-1376,0,-11058,28648,-17590,0,0,0,0,1,0
660,343229,-1255,2255,-999,0,-16053,28833,-12780,0,0,0,0,1,0
661,343750,-1598,2183,-585,0,-20432,27910,-7479,0,0,0,0,1,0
662,344270,-1879,2027,-148,0,-24025,25915,-1890,0,0,0,0,1,0
663,344791,-2088,1793,295,0,-26696,22924,3772,0,0,0,0,1,0
664,345312,-2216,1490,726,0,-28340,19052,9288,0,0,0,0,1,0
665,345833,-2260,1130,1130,0,-28895,14448,14448,0,0,0,0,1,0
666,346354,-2216,726,1490,0,-28340,9288,19052,0,0,0,0,1,0
667,346875,-2088,295,1793,0,-26696,3772,22924,0,0,0,0,1,0
668,347395,-1879,-148,2027,0,-24025,-1890,25915,0,0,0,0,1,0
669,347916,-1598,-585,2183,0,-20432,-7479,27910,0,0,0,0,1,0
670,348437,-1255,-999,2255,0,-16053,-12780,28833,0,0,0,0,1,0
671,348958,-865,-1376,2240,0,-11058,-17590,28648,0,0,0,0,1,0
672,349479,-441,-1699,2140,0,-5637,-21724,27362,0,0,0,0,1,0
673,350000,0,-1957,1957,0,0,-25024,25024,0,0,0,0,1,0
674,350520,441,-2140,1699,0,5637,-27362,21724,0,0,0,0,1,0
675,351041,865,-2240,1376,0,11058,-28648,17590,0,0,0,0,1,0
676,351562,1255,-2255,999,0,16053,-28833,12780,0,0,0,0,1,0
677,352083,1598,-2183,585,0,20432,-27910,7479,0,0,0,0,1,0
678,352604,1879,-2027,148,0,24025,-25915,1890,0,0,0,0,1,0
679,353125,2088,-1793,-295,0,26696,-22924,-3772,0,0,0,0,1,0
680,353645,2216,-1490,-726,0,28340,-19052,-9288,0,0,0,0,1,0
681,354166,2260,-1130,-1130,0,28895,-14448,-14448,0,0,0,0,1,0
682,354687,2216,-726,-1490,0,28340,-9288,-19052,0,0,0,0,1,0
683,355208,2088,-295,-1793,0,26696,-3772,-22924,0,0,0,0,1,0
684,355729,1879,148,-2027,0,24025,1890,-25915,0,0,0,0,1,0
685,356250,1598,585,-2183,0,20432,7479,-27910,0,0,0,0,1,0
686,356770,1255,999,-2255,0,16053,12780,-28833,0,0,0,0,1,0
687,357291,865,1376,-2240,0,11058,17590,-28648,0,0,0,0,1,0
688,357812,441,1699,-2140,0,5637,21724,-27362,0,0,0,0,1,0
689,358333,0,1957,-1957,0,0,25024,-25024,0,0,0,0,1,0
690,358854,-441,2140,-1699,0,-5637,27362,-21724,0,0,0,0,1,0
691,359375,-865,2240,-1376,0,-11058,28648,-17590,0,0,0,0,1,0
692,359895,-1255,2255,-999,0,-16053,28833,-12780,0,0,0,0,1,0
693,360416,-1598,2183,-585,0,-20432,27910,-7479,0,0,0,0,1,0
694,360937,-1879,2027,-148,0,-24025,25915,-1890,0,0,0,0,1,0
695,361458,-2088,1793,295,0,-26696,22924,3772,0,0,0,0,1,0
696,361979,-2216,1490,726,0,-28340,19052,9288,0,0,0,0,1,0
697,362500,-2260,1130,1130,0,-28895,14448,14448,0,0,0,0,1,0
698,363020,-2216,726,1490,0,-28340,9288,19052,0,0,0,0,1,0
699,363541,-2088,295,1793,0,-26696,3772,22924,0,0,0,0,1,0
700,364062,-1879,-148,2027,0,-24025,-1890,25915,0,0,0,0,1,0
701,364583,-1598,-585,2183,0,-20432,-7479,27910,0,0,0,0,1,0
702,365104,-1255,-999,2255,0,-16053,-12780,28833,0,0,0,0,1,0
703,365625,-865,-1376,2240,0,-11058,-17590,28648,0,0,0,0,1,0
704,366145,-441,-1699,2140,0,-5637,-21724,27362,0,0,0,0,1,0
705,366666,0,-1957,1957,0,0,-25024,25024,0,0,0,0,1,0
706,367187,441,-2140,1699,0,5637,-27362,21724,0,0,0,0,1,0
707,367708,865,-2240,1376,0,11058,-28648,17590,0,0,0,0,1,0
708,368229,1255,-2255,999,0,16053,-28833,12780,0,0,0,0,1,0
709,368750,1598,-2183,585,0,20432,-27910,7479,0,0,0,0,1,0
710,369270,1879,-2027,148,0,24025,-25915,1890,0,0,0,0,1,0
711,369791,2088,-1793,-295,0,26696,-22924,-3772,0,0,0,0,1,0
712,370312,2216,-1490,-726,0,28340,-19052,-9288,0,0,0,0,1,0
713,370833,2260,-1130,-1130,0,28895,-14448,-14448,0,0,0,0,1,0
714,371354,2216,-726,-1490,0,28340,-9288,-19052,0,0,0,0,1,0
715,371875,2088,-295,-1793,0,26696,-3772,-22924,0,0,0,0,1,0
716,372395,1879,148,-2027,0,24025,1890,-25915,0,0,0,0,1,0
717,372916,1598,585,-2183,0,20432,7479,-27910,0,0,0,0,1,0
718,373437,1255,999,-2255,0,16053,12780,-28833,0,0,0,0,1,0
719,373958,865,1376,-2240,0,11058,17590,-28648,0,0,0,0,1,0
720,374479,441,1699,-2140,0,5637,21724,-27362,0,0,0,0,1,0
