1,0,0,-1050,1050,0,0,-25024,25024,0,0,0,0,1,0
2,520,237,-1148,911,0,5637,-27362,21724,0,0,0,0,1,0
3,1041,464,-1202,738,0,11058,-28648,17590,0,0,0,0,1,0
4,1562,674,-1210,536,0,16053,-28833,12780,0,0,0,0,1,0
5,2083,857,-1171,314,0,20432,-27910,7479,0,0,0,0,1,0
6,2604,1008,-1087,79,0,24025,-25915,1890,0,0,0,0,1,0
7,3125,1120,-962,-158,0,26696,-22924,-3772,0,0,0,0,1,0
8,3645,1189,-799,-390,0,28340,-19052,-9288,0,0,0,0,1,0
9,4166,1212,-606,-606,0,28895,-14448,-14448,0,0,0,0,1,0
10,4687,1189,-390,-799,0,28340,-9288,-19052,0,0,0,0,1,0
11,5208,1120,-158,-962,0,26696,-3772,-22924,0,0,0,0,1,0
12,5729,1008,79,-1087,0,24025,1890,-25915,0,0,0,0,1,0
13,6250,857,314,-1171,0,20432,7479,-27910,0,0,0,0,1,0
14,6770,674,536,-1210,0,16053,12780,-28833,0,0,0,0,1,0
15,7291,464,738,-1202,0,11058,17590,-28648,0,0,0,0,1,0
16,7812,237,911,-1148,0,5637,21724,-27362,0,0,0,0,1,0
17,8333,0,1050,-1050,0,0,25024,-25024,0,0,0,0,1,0
18,8854,-237,1148,-911,0,-5637,27362,-21724,0,0,0,0,1,0
19,9375,-464,1202,-738,0,-11058,28648,-17590,0,0,0,0,1,0
20,9895,-674,1210,-536,0,-16053,28833,-12780,0,0,0,0,1,0
21,10416,-857,1171,-314,0,-20432,27910,-7479,0,0,0,0,1,0
22,10937,-1008,1087,-79,0,-24025,25915,-1890,0,0,0,0,1,0
23,11458,-1120,962,158,0,-26696,22924,3772,0,0,0,0,1,0
24,11979,-1189,799,390,0,-28340,19052,9288,0,0,0,0,1,0
25,12500,-1212,606,606,0,-28895,14448,14448,0,0,0,0,1,0
26,13020,-1189,390,799,0,-28340,9288,19052,0,0,0,0,1,0
27,13541,-1120,158,962,0,-26696,3772,22924,0,0,0,0,1,0
28,14062,-1008,-79,1087,0,-24025,-1890,25915,0,0,0,0,1,0
29,14583,-857,-314,1171,0,-20432,-7479,27910,0,0,0,0,1,0
30,15104,-674,-536,1210,0,-16053,-12780,28833,0,0,0,0,1,0
31,15625,-464,-738,1202,0,-11058,-17590,28648,0,0,0,0,1,0
32,16145,-237,-911,1148,0,-5637,-21724,27362,0,0,0,0,1,0
33,16666,0,-1050,1050,0,0,-25024,25024,0,0,0,0,1,0
34,17187,237,-1148,911,0,5637,-27362,21724,0,0,0,0,1,0
35,17708,464,-1202,738,0,11058,-28648,17590,0,0,0,0,1,0
36,18229,674,-1210,536,0,16053,-28833,12780,0,0,0,0,1,0
37,18750,857,-1171,314,0,20432,-27910,7479,0,0,0,0,1,0
38,19270,1008,-1087,79,0,24025,-25915,1890,0,0,0,0,1,0
39,19791,1120,-962,-158,0,26696,-22924,-3772,0,0,0,0,1,0
40,20312,1189,-799,-390,0,28340,-19052,-9288,0,0,0,0,1,0
41,20833,1212,-606,-606,0,28895,-14448,-14448,0,0,0,0,1,0
42,21354,1189,-390,-799,0,28340,-9288,-19052,0,0,0,0,1,0
43,21875,1120,-158,-962,0,26696,-3772,-22924,0,0,0,0,1,0
44,22395,1008,79,-1087,0,24025,1890,-25915,0,0,0,0,1,0
45,22916,857,314,-1171,0,20432,7479,-27910,0,0,0,0,1,0
46,23437,674,536,-1210,0,16053,12780,-28833,0,0,0,0,1,0
47,23958,464,738,-1202,0,11058,17590,-28648,0,0,0,0,1,0
48,24479,237,911,-1148,0,5637,21724,-27362,0,0,0,0,1,0
49,25000,0,1050,-1050,0,0,25024,-25024,0,0,0,0,1,0
50,25520,-237,1148,-911,0,-5637,27362,-21724,0,0,0,0,1,0
51,26041,-464,1202,-738,0,-11058,28648,-17590,0,0,0,0,1,0
52,26562,-674,1210,-536,0,-16053,28833,-12780,0,0,0,0,1,0
53,27083,-857,1171,-314,0,-20432,27910,-7479,0,0,0,0,1,0
54,27604,-1008,1087,-79,0,-24025,25915,-1890,0,0,0,0,1,0
55,28125,-1120,962,158,0,-26696,22924,3772,0,0,0,0,1,0
56,28645,-1189,799,390,0,-28340,19052,9288,0,0,0,0,1,0
57,29166,-1212,606,606,0,-28895,14448,14448,0,0,0,0,1,0
58,29687,-1189,390,799,0,-28340,9288,19052,0,0,0,0,1,0
59,30208,-1120,158,962,0,-26696,3772,22924,0,0,0,0,1,0
60,30729,-1008,-79,1087,0,-24025,-1890,25915,0,0,0,0,1,0
61,31250,-857,-314,1171,0,-20432,-7479,27910,0,0,0,0,1,0
62,31770,-674,-536,1210,0,-16053,-12780,28833,0,0,0,0,1,0
63,32291,-464,-738,1202,0,-11058,-17590,28648,0,0,0,0,1,0
64,32812,-237,-911,1148,0,-5637,-21724,27362,0,0,0,0,1,0
65,33333,0,-1050,1050,0,0,-25024,25024,0,0,0,0,1,0
66,33854,237,-1148,911,0,5637,-27362,21724,0,0,0,0,1,0
67,34375,464,-1202,738,0,11058,-28648,17590,0,0,0,0,1,0
68,34895,674,-1210,536,0,16053,-28833,12780,0,0,0,0,1,0
69,35416,857,-1171,314,0,20432,-27910,7479,0,0,0,0,1,0
70,35937,1008,-1087,79,0,24025,-25915,1890,0,0,0,0,1,0
71,36458,1120,-962,-158,0,26696,-22924,-3772,0,0,0,0,1,0
72,36979,1189,-799,-390,0,28340,-19052,-9288,0,0,0,0,1,0
73,37500,1212,-606,-606,0,28895,-14448,-14448,0,0,0,0,1,0
74,38020,1189,-390,-799,0,28340,-9288,-19052,0,0,0,0,1,0
75,38541,1120,-158,-962,0,26696,-3772,-22924,0,0,0,0,1,0
76,39062,1008,79,-1087,0,24025,1890,-25915,0,0,0,0,1,0
77,39583,857,314,-1171,0,20432,7479,-27910,0,0,0,0,1,0
78,40104,674,536,-1210,0,16053,12780,-28833,0,0,0,0,1,0
79,40625,464,738,-1202,0,11058,17590,-28648,0,0,0,0,1,0
80,41145,237,911,-1148,0,5637,21724,-27362,0,0,0,0,1,0
81,41666,0,1050,-1050,0,0,25024,-25024,0,0,0,0,1,0
82,42187,-237,1148,-911,0,-5637,27362,-21724,0,0,0,0,1,0
83,42708,-464,1202,-738,0,-11058,28648,-17590,0,0,0,0,1,0
84,43229,-674,1210,-536,0,-16053,28833,-12780,0,0,0,0,1,0
85,43750,-857,1171,-314,0,-20432,27910,-7479,0,0,0,0,1,0
86,44270,-1008,1087,-79,0,-24025,25915,-1890,0,0,0,0,1,0
87,44791,-1120,962,158,0,-26696,22924,3772,0,0,0,0,1,0
88,45312,-1189,799,390,0,-28340,19052,9288,0,0,0,0,1,0
89,45833,-1212,606,606,0,-28895,14448,14448,0,0,0,0,1,0
90,46354,-1189,390,799,0,-28340,9288,19052,0,0,0,0,1,0
91,46875,-1120,158,962,0,-26696,3772,22924,0,0,0,0,1,0
92,47395,-1008,-79,1087,0,-24025,-1890,25915,0,0,0,0,1,0
93,47916,-857,-314,1171,0,-20432,-7479,27910,0,0,0,0,1,0
94,48437,-674,-536,1210,0,-16053,-12780,28833,0,0,0,0,1,0
95,48958,-464,-738,1202,0,-11058,-17590,28648,0,0,0,0,1,0
96,49479,-237,-911,1148,0,-5637,-21724,27362,0,0,0,0,1,0
97,50000,0,-5243,1050,-4193,0,-2502,27026,0,1,0,0,1,0
98,50520,237,-6404,911,-5256,6088,-2736,23462,0,1,0,0,1,0
99,51041,464,-6763,738,-5561,11942,-2865,18997,0,1,0,0,1,0
100,51562,674,-6317,536,-5107,17337,-2883,13802,0,1,0,0,1,0
101,52083,857,-5093,314,-3922,22066,-2791,8077,0,1,0,0,1,0
102,52604,1008,-3148,79,-2061,25947,-2592,2041,0,1,0,0,1,0
103,53125,1120,-569,-158,393,28831,-2292,-4073,0,1,0,0,1,0
104,53645,1189,2537,-390,3336,30607,-1905,-10031,0,1,0,0,1,0
105,54166,1212,6040,-606,6646,31207,-1445,-15603,0,1,0,0,1,0
106,54687,1189,9795,-799,10185,30607,-929,-20576,0,1,0,0,1,0
107,55208,1120,13650,-962,13808,28831,-377,-24758,0,1,0,0,1,0
108,55729,1008,17446,-1087,17367,25947,189,-27988,0,1,0,0,1,0
109,56250,857,21029,-1171,20716,22066,748,-30143,0,1,0,0,1,0
110,56770,674,24253,-1210,23716,17337,1278,-31140,0,1,0,0,1,0
111,57291,464,26983,-1202,26245,11942,1759,-30940,0,1,0,0,1,0
112,57812,237,29108,-1148,28197,6088,2172,-29551,0,1,0,0,1,0
113,58333,0,30537,-1050,29487,0,2502,-27026,0,1,0,0,1,0
114,58854,-237,31207,-911,30059,-6088,2736,-23462,0,1,0,0,1,0
115,59375,-464,31083,-738,29882,-11942,2865,-18997,0,1,0,0,1,0
116,59895,-674,30164,-536,28955,-17337,2883,-13802,0,1,0,0,1,0
117,60416,-857,28477,-314,27305,-22066,2791,-8077,0,1,0,0,1,0
118,60937,-1008,26078,-79,24990,-25947,2592,-2041,0,1,0,0,1,0
119,61458,-1120,23052,158,22090,-28831,2292,4073,0,1,0,0,1,0
120,61979,-1189,19509,390,18710,-30607,1905,10031,0,1,0,0,1,0
121,62500,-1212,15578,606,14972,-31207,1445,15603,0,1,0,0,1,0
122,63020,-1189,11402,799,11012,-30607,929,20576,0,1,0,0,1,0
123,63541,-1120,7135,962,6977,-28831,377,24758,0,1,0,0,1,0
124,64062,-1008,2934,1087,3014,-25947,-189,27988,0,1,0,0,1,0
125,64583,-857,-1045,1171,-731,-22066,-748,30143,0,1,0,0,1,0
126,65104,-674,-4657,1210,-4120,-17337,-1278,31140,0,1,0,0,1,0
127,65625,-464,-7768,1202,-7030,-11942,-1759,30940,0,1,0,0,1,0
128,66145,-237,-10267,1148,-9355,-6088,-2172,29551,0,1,0,0,1,0
129,66666,0,0,0,0,0,0,0,1,0,0,0,0,0
130,67187,0,0,0,0,0,0,0,1,0,0,0,0,0
131,67708,0,0,0,0,0,0,0,1,0,0,0,0,0
132,68229,0,0,0,0,0,0,0,1,0,0,0,0,0
133,68750,0,0,0,0,0,0,0,1,0,0,0,0,0
134,69270,0,0,0,0,0,0,0,1,0,0,0,0,0
135,69791,0,0,0,0,0,0,0,1,0,0,0,0,0
136,70312,0,0,0,0,0,0,0,1,0,0,0,0,0
137,70833,0,0,0,0,0,0,0,1,0,0,0,0,0
138,71354,0,0,0,0,0,0,0,1,0,0,0,0,0
139,71875,0,0,0,0,0,0,0,1,0,0,0,0,0
140,72395,0,0,0,0,0,0,0,1,0,0,0,0,0
141,72916,0,0,0,0,0,0,0,1,0,0,0,0,0
142,73437,0,0,0,0,0,0,0,1,0,0,0,0,0
143,73958,0,0,0,0,0,0,0,1,0,0,0,0,0
144,74479,0,0,0,0,0,0,0,1,0,0,0,0,0
145,75000,0,0,0,0,0,0,0,1,0,0,0,0,0
146,75520,0,0,0,0,0,0,0,1,0,0,0,0,0
147,76041,0,0,0,0,0,0,0,1,0,0,0,0,0
148,76562,0,0,0,0,0,0,0,1,0,0,0,0,0
149,77083,0,0,0,0,0,0,0,1,0,0,0,0,0
150,77604,0,0,0,0,0,0,0,1,0,0,0,0,0
151,78125,0,0,0,0,0,0,0,1,0,0,0,0,0
152,78645,0,0,0,0,0,0,0,1,0,0,0,0,0
153,79166,0,0,0,0,0,0,0,1,0,0,0,0,0
154,79687,0,0,0,0,0,0,0,1,0,0,0,0,0
155,80208,0,0,0,0,0,0,0,1,0,0,0,0,0
156,80729,0,0,0,0,0,0,0,1,0,0,0,0,0
157,81250,0,0,0,0,0,0,0,1,0,0,0,0,0
158,81770,0,0,0,0,0,0,0,1,0,0,0,0,0
159,82291,0,0,0,0,0,0,0,1,0,0,0,0,0
160,82812,0,0,0,0,0,0,0,1,0,0,0,0,0
161,83333,0,0,0,0,0,0,0,1,0,0,0,0,0
162,83854,0,0,0,0,0,0,0,1,0,0,0,0,0
163,84375,0,0,0,0,0,0,0,1,0,0,0,0,0
164,84895,0,0,0,0,0,0,0,1,0,0,0,0,0
165,85416,0,0,0,0,0,0,0,1,0,0,0,0,0
166,85937,0,0,0,0,0,0,0,1,0,0,0,0,0
167,86458,0,0,0,0,0,0,0,1,0,0,0,0,0
168,86979,0,0,0,0,0,0,0,1,0,0,0,0,0
169,87500,0,0,0,0,0,0,0,1,0,0,0,0,0
170,88020,0,0,0,0,0,0,0,1,0,0,0,0,0
171,88541,0,0,0,0,0,0,0,1,0,0,0,0,0
172,89062,0,0,0,0,0,0,0,1,0,0,0,0,0
173,89583,0,0,0,0,0,0,0,1,0,0,0,0,0
174,90104,0,0,0,0,0,0,0,1,0,0,0,0,0
175,90625,0,0,0,0,0,0,0,1,0,0,0,0,0
176,91145,0,0,0,0,0,0,0,1,0,0,0,0,0
177,91666,0,0,0,0,0,0,0,1,0,0,0,0,0
178,92187,0,0,0,0,0,0,0,1,0,0,0,0,0
179,92708,0,0,0,0,0,0,0,1,0,0,0,0,0
180,93229,0,0,0,0,0,0,0,1,0,0,0,0,0
181,93750,0,0,0,0,0,0,0,1,0,0,0,0,0
182,94270,0,0,0,0,0,0,0,1,0,0,0,0,0
183,94791,0,0,0,0,0,0,0,1,0,0,0,0,0
184,95312,0,0,0,0,0,0,0,1,0,0,0,0,0
185,95833,0,0,0,0,0,0,0,1,0,0,0,0,0
186,96354,0,0,0,0,0,0,0,1,0,0,0,0,0
187,96875,0,0,0,0,0,0,0,1,0,0,0,0,0
188,97395,0,0,0,0,0,0,0,1,0,0,0,0,0
189,97916,0,0,0,0,0,0,0,1,0,0,0,0,0
190,98437,0,0,0,0,0,0,0,1,0,0,0,0,0
191,98958,0,0,0,0,0,0,0,1,0,0,0,0,0
192,99479,0,0,0,0,0,0,0,1,0,0,0,0,0
193,100000,0,0,0,0,0,0,0,1,0,0,0,0,0
194,100520,0,0,0,0,0,0,0,1,0,0,0,0,0
195,101041,0,0,0,0,0,0,0,1,0,0,0,0,0
196,101562,0,0,0,0,0,0,0,1,0,0,0,0,0
197,102083,0,0,0,0,0,0,0,1,0,0,0,0,0
198,102604,0,0,0,0,0,0,0,1,0,0,0,0,0
199,103125,0,0,0,0,0,0,0,1,0,0,0,0,0
200,103645,0,0,0,0,0,0,0,1,0,0,0,0,0
201,104166,0,0,0,0,0,0,0,1,0,0,0,0,0
202,104687,0,0,0,0,0,0,0,1,0,0,0,0,0
203,105208,0,0,0,0,0,0,0,1,0,0,0,0,0
204,105729,0,0,0,0,0,0,0,1,0,0,0,0,0
205,106250,0,0,0,0,0,0,0,1,0,0,0,0,0
206,106770,0,0,0,0,0,0,0,1,0,0,0,0,0
207,107291,0,0,0,0,0,0,0,1,0,0,0,0,0
208,107812,0,0,0,0,0,0,0,1,0,0,0,0,0
209,108333,0,0,0,0,0,0,0,1,0,0,0,0,0
210,108854,0,0,0,0,0,0,0,1,0,0,0,0,0
211,109375,0,0,0,0,0,0,0,1,0,0,0,0,0
212,109895,0,0,0,0,0,0,0,1,0,0,0,0,0
213,110416,0,0,0,0,0,0,0,1,0,0,0,0,0
214,110937,0,0,0,0,0,0,0,1,0,0,0,0,0
215,111458,0,0,0,0,0,0,0,1,0,0,0,0,0
216,111979,0,0,0,0,0,0,0,1,0,0,0,0,0
217,112500,0,0,0,0,0,0,0,1,0,0,0,0,0
218,113020,0,0,0,0,0,0,0,1,0,0,0,0,0
219,113541,0,0,0,0,0,0,0,1,0,0,0,0,0
220,114062,0,0,0,0,0,0,0,1,0,0,0,0,0
221,114583,0,0,0,0,0,0,0,1,0,0,0,0,0
222,115104,0,0,0,0,0,0,0,1,0,0,0,0,0
223,115625,0,0,0,0,0,0,0,1,0,0,0,0,0
224,116145,0,0,0,0,0,0,0,1,0,0,0,0,0
225,116666,0,0,0,0,0,0,0,1,0,0,0,0,0
226,117187,0,0,0,0,0,0,0,1,0,0,0,0,0
227,117708,0,0,0,0,0,0,0,1,0,0,0,0,0
228,118229,0,0,0,0,0,0,0,1,0,0,0,0,0
229,118750,0,0,0,0,0,0,0,1,0,0,0,0,0
230,119270,0,0,0,0,0,0,0,1,0,0,0,0,0
231,119791,0,0,0,0,0,0,0,1,0,0,0,0,0
232,120312,0,0,0,0,0,0,0,1,0,0,0,0,0
233,120833,0,0,0,0,0,0,0,1,0,0,0,0,0
234,121354,0,0,0,0,0,0,0,1,0,0,0,0,0
235,121875,0,0,0,0,0,0,0,1,0,0,0,0,0
236,122395,0,0,0,0,0,0,0,1,0,0,0,0,0
237,122916,0,0,0,0,0,0,0,1,0,0,0,0,0
238,123437,0,0,0,0,0,0,0,1,0,0,0,0,0
239,123958,0,0,0,0,0,0,0,1,0,0,0,0,0
240,124479,0,0,0,0,0,0,0,1,0,0,0,0,0
241,125000,0,0,0,0,0,0,0,1,0,0,0,0,0
242,125520,0,0,0,0,0,0,0,1,0,0,0,0,0
243,126041,0,0,0,0,0,0,0,1,0,0,0,0,0
244,126562,0,0,0,0,0,0,0,1,0,0,0,0,0
245,127083,0,0,0,0,0,0,0,1,0,0,0,0,0
246,127604,0,0,0,0,0,0,0,1,0,0,0,0,0
247,128124,0,0,0,0,0,0,0,1,0,0,0,0,0
248,128645,0,0,0,0,0,0,0,1,0,0,0,0,0
249,129166,0,0,0,0,0,0,0,1,0,0,0,0,0
250,129687,0,0,0,0,0,0,0,1,0,0,0,0,0
251,130208,0,0,0,0,0,0,0,1,0,0,0,0,0
252,130729,0,0,0,0,0,0,0,1,0,0,0,0,0
253,131250,0,0,0,0,0,0,0,1,0,0,0,0,0
254,131770,0,0,0,0,0,0,0,1,0,0,0,0,0
255,132291,0,0,0,0,0,0,0,1,0,0,0,0,0
256,132812,0,0,0,0,0,0,0,1,0,0,0,0,0
257,133333,0,0,0,0,0,0,0,1,0,0,0,0,0
258,133854,0,0,0,0,0,0,0,1,0,0,0,0,0
259,134375,0,0,0,0,0,0,0,1,0,0,0,0,0
260,134895,0,0,0,0,0,0,0,1,0,0,0,0,0
261,135416,0,0,0,0,0,0,0,1,0,0,0,0,0
262,135937,0,0,0,0,0,0,0,1,0,0,0,0,0
263,136458,0,0,0,0,0,0,0,1,0,0,0,0,0
264,136979,0,0,0,0,0,0,0,1,0,0,0,0,0
265,137500,0,0,0,0,0,0,0,1,0,0,0,0,0
266,138020,0,0,0,0,0,0,0,1,0,0,0,0,0
267,138541,0,0,0,0,0,0,0,1,0,0,0,0,0
268,139062,0,0,0,0,0,0,0,1,0,0,0,0,0
269,139583,0,0,0,0,0,0,0,1,0,0,0,0,0
270,140104,0,0,0,0,0,0,0,1,0,0,0,0,0
271,140625,0,0,0,0,0,0,0,1,0,0,0,0,0
272,141145,0,0,0,0,0,0,0,1,0,0,0,0,0
273,141666,0,0,0,0,0,0,0,1,0,0,0,0,0
274,142187,0,0,0,0,0,0,0,1,0,0,0,0,0
275,142708,0,0,0,0,0,0,0,1,0,0,0,0,0
276,143229,0,0,0,0,0,0,0,1,0,0,0,0,0
277,143750,0,0,0,0,0,0,0,1,0,0,0,0,0
278,144270,0,0,0,0,0,0,0,1,0,0,0,0,0
279,144791,0,0,0,0,0,0,0,1,0,0,0,0,0
280,145312,0,0,0,0,0,0,0,1,0,0,0,0,0
281,145833,0,0,0,0,0,0,0,1,0,0,0,0,0
282,146354,0,0,0,0,0,0,0,1,0,0,0,0,0
283,146875,0,0,0,0,0,0,0,1,0,0,0,0,0
284,147395,0,0,0,0,0,0,0,1,0,0,0,0,0
285,147916,0,0,0,0,0,0,0,1,0,0,0,0,0
286,148437,0,0,0,0,0,0,0,1,0,0,0,0,0
287,148958,0,0,0,0,0,0,0,1,0,0,0,0,0
288,149479,0,0,0,0,0,0,0,1,0,0,0,0,0
289,150000,0,0,0,0,0,0,0,1,0,0,0,0,0
290,150520,0,0,0,0,0,0,0,1,0,0,0,0,0
291,151041,0,0,0,0,0,0,0,1,0,0,0,0,0
292,151562,0,0,0,0,0,0,0,1,0,0,0,0,0
293,152083,0,0,0,0,0,0,0,1,0,0,0,0,0
294,152604,0,0,0,0,0,0,0,1,0,0,0,0,0
295,153125,0,0,0,0,0,0,0,1,0,0,0,0,0
296,153645,0,0,0,0,0,0,0,1,0,0,0,0,0
297,154166,0,0,0,0,0,0,0,1,0,0,0,0,0
298,154687,0,0,0,0,0,0,0,1,0,0,0,0,0
299,155208,0,0,0,0,0,0,0,1,0,0,0,0,0
300,155729,0,0,0,0,0,0,0,1,0,0,0,0,0
301,156250,0,0,0,0,0,0,0,1,0,0,0,0,0
302,156770,0,0,0,0,0,0,0,1,0,0,0,0,0
303,157291,0,0,0,0,0,0,0,1,0,0,0,0,0
304,157812,0,0,0,0,0,0,0,1,0,0,0,0,0
305,158333,0,0,0,0,0,0,0,1,0,0,0,0,0
306,158854,0,0,0,0,0,0,0,1,0,0,0,0,0
307,159375,0,0,0,0,0,0,0,1,0,0,0,0,0
308,159895,0,0,0,0,0,0,0,1,0,0,0,0,0
309,160416,0,0,0,0,0,0,0,1,0,0,0,0,0
310,160937,0,0,0,0,0,0,0,1,0,0,0,0,0
311,161458,0,0,0,0,0,0,0,1,0,0,0,0,0
312,161979,0,0,0,0,0,0,0,1,0,0,0,0,0
313,162500,0,0,0,0,0,0,0,1,0,0,0,0,0
314,163020,0,0,0,0,0,0,0,1,0,0,0,0,0
315,163541,0,0,0,0,0,0,0,1,0,0,0,0,0
316,164062,0,0,0,0,0,0,0,1,0,0,0,0,0
317,164583,0,0,0,0,0,0,0,1,0,0,0,0,0
318,165104,0,0,0,0,0,0,0,1,0,0,0,0,0
319,165625,0,0,0,0,0,0,0,1,0,0,0,0,0
320,166145,0,0,0,0,0,0,0,1,0,0,0,0,0
321,166666,0,0,0,0,0,0,0,1,0,0,0,0,0
322,167187,0,0,0,0,0,0,0,1,0,0,0,0,0
323,167708,0,0,0,0,0,0,0,1,0,0,0,0,0
324,168229,0,0,0,0,0,0,0,1,0,0,0,0,0
325,168750,0,0,0,0,0,0,0,1,0,0,0,0,0
326,169270,0,0,0,0,0,0,0,1,0,0,0,0,0
327,169791,0,0,0,0,0,0,0,1,0,0,0,0,0
328,170312,0,0,0,0,0,0,0,1,0,0,0,0,0
329,170833,0,0,0,0,0,0,0,1,0,0,0,0,0
330,171354,0,0,0,0,0,0,0,1,0,0,0,0,0
331,171875,0,0,0,0,0,0,0,1,0,0,0,0,0
332,172395,0,0,0,0,0,0,0,1,0,0,0,0,0
333,172916,0,0,0,0,0,0,0,1,0,0,0,0,0
334,173437,0,0,0,0,0,0,0,1,0,0,0,0,0
335,173958,0,0,0,0,0,0,0,1,0,0,0,0,0
336,174479,0,0,0,0,0,0,0,1,0,0,0,0,0
337,175000,0,0,0,0,0,0,0,1,0,0,0,0,0
338,175520,0,0,0,0,0,0,0,1,0,0,0,0,0
339,176041,0,0,0,0,0,0,0,1,0,0,0,0,0
340,176562,0,0,0,0,0,0,0,1,0,0,0,0,0
341,177083,0,0,0,0,0,0,0,1,0,0,0,0,0
342,177604,0,0,0,0,0,0,0,1,0,0,0,0,0
343,178125,0,0,0,0,0,0,0,1,0,0,0,0,0
344,178645,0,0,0,0,0,0,0,1,0,0,0,0,0
345,179166,0,0,0,0,0,0,0,1,0,0,0,0,0
346,179687,0,0,0,0,0,0,0,1,0,0,0,0,0
347,180208,0,0,0,0,0,0,0,1,0,0,0,0,0
348,180729,0,0,0,0,0,0,0,1,0,0,0,0,0
349,181250,0,0,0,0,0,0,0,1,0,0,0,0,0
350,181770,0,0,0,0,0,0,0,1,0,0,0,0,0
351,182291,0,0,0,0,0,0,0,1,0,0,0,0,0
352,182812,0,0,0,0,0,0,0,1,0,0,0,0,0
353,183333,0,0,0,0,0,0,0,1,0,0,0,0,0
354,183854,0,0,0,0,0,0,0,1,0,0,0,0,0
355,184375,0,0,0,0,0,0,0,1,0,0,0,0,0
356,184895,0,0,0,0,0,0,0,1,0,0,0,0,0
357,185416,0,0,0,0,0,0,0,1,0,0,0,0,0
358,185937,0,0,0,0,0,0,0,1,0,0,0,0,0
359,186458,0,0,0,0,0,0,0,1,0,0,0,0,0
360,186979,0,0,0,0,0,0,0,1,0,0,0,0,0
361,187500,0,0,0,0,0,0,0,1,0,0,0,0,0
362,188020,0,0,0,0,0,0,0,1,0,0,0,0,0
363,188541,0,0,0,0,0,0,0,1,0,0,0,0,0
364,189062,0,0,0,0,0,0,0,1,0,0,0,0,0
365,189583,0,0,0,0,0,0,0,1,0,0,0,0,0
366,190104,0,0,0,0,0,0,0,1,0,0,0,0,0
367,190625,0,0,0,0,0,0,0,1,0,0,0,0,0
368,191145,0,0,0,0,0,0,0,1,0,0,0,0,0
369,191666,0,0,0,0,0,0,0,1,0,0,0,0,0
370,192187,0,0,0,0,0,0,0,1,0,0,0,0,0
371,192708,0,0,0,0,0,0,0,1,0,0,0,0,0
372,193229,0,0,0,0,0,0,0,1,0,0,0,0,0
373,193750,0,0,0,0,0,0,0,1,0,0,0,0,0
374,194270,0,0,0,0,0,0,0,1,0,0,0,0,0
375,194791,0,0,0,0,0,0,0,1,0,0,0,0,0
376,195312,0,0,0,0,0,0,0,1,0,0,0,0,0
377,195833,0,0,0,0,0,0,0,1,0,0,0,0,0
378,196354,0,0,0,0,0,0,0,1,0,0,0,0,0
379,196875,0,0,0,0,0,0,0,1,0,0,0,0,0
380,197395,0,0,0,0,0,0,0,1,0,0,0,0,0
381,197916,0,0,0,0,0,0,0,1,0,0,0,0,0
382,198437,0,0,0,0,0,0,0,1,0,0,0,0,0
383,198958,0,0,0,0,0,0,0,1,0,0,0,0,0
384,199479,0,0,0,0,0,0,0,1,0,0,0,0,0
385,200000,0,0,0,0,0,0,0,1,0,0,0,0,0
386,200520,0,0,0,0,0,0,0,1,0,0,0,0,0
387,201041,0,0,0,0,0,0,0,1,0,0,0,0,0
388,201562,0,0,0,0,0,0,0,1,0,0,0,0,0
389,202083,0,0,0,0,0,0,0,1,0,0,0,0,0
390,202604,0,0,0,0,0,0,0,1,0,0,0,0,0
391,203125,0,0,0,0,0,0,0,1,0,0,0,0,0
392,203645,0,0,0,0,0,0,0,1,0,0,0,0,0
393,204166,0,0,0,0,0,0,0,1,0,0,0,0,0
394,204687,0,0,0,0,0,0,0,1,0,0,0,0,0
395,205208,0,0,0,0,0,0,0,1,0,0,0,0,0
396,205729,0,0,0,0,0,0,0,1,0,0,0,0,0
397,206250,0,0,0,0,0,0,0,1,0,0,0,0,0
398,206770,0,0,0,0,0,0,0,1,0,0,0,0,0
399,207291,0,0,0,0,0,0,0,1,0,0,0,0,0
400,207812,0,0,0,0,0,0,0,1,0,0,0,0,0
401,208333,0,0,0,0,0,0,0,1,0,0,0,0,0
402,208854,0,0,0,0,0,0,0,1,0,0,0,0,0
403,209375,0,0,0,0,0,0,0,1,0,0,0,0,0
404,209895,0,0,0,0,0,0,0,1,0,0,0,0,0
405,210416,0,0,0,0,0,0,0,1,0,0,0,0,0
406,210937,0,0,0,0,0,0,0,1,0,0,0,0,0
407,211458,0,0,0,0,0,0,0,1,0,0,0,0,0
408,211979,0,0,0,0,0,0,0,1,0,0,0,0,0
409,212500,0,0,0,0,0,0,0,1,0,0,0,0,0
410,213020,0,0,0,0,0,0,0,1,0,0,0,0,0
411,213541,0,0,0,0,0,0,0,1,0,0,0,0,0
412,214062,0,0,0,0,0,0,0,1,0,0,0,0,0
413,214583,0,0,0,0,0,0,0,1,0,0,0,0,0
414,215104,0,0,0,0,0,0,0,1,0,0,0,0,0
415,215625,0,0,0,0,0,0,0,1,0,0,0,0,0
416,216145,0,0,0,0,0,0,0,1,0,0,0,0,0
417,216666,0,0,0,0,0,0,0,1,0,0,0,0,0
418,217187,0,0,0,0,0,0,0,1,0,0,0,0,0
419,217708,0,0,0,0,0,0,0,1,0,0,0,0,0
420,218229,0,0,0,0,0,0,0,1,0,0,0,0,0
421,218750,0,0,0,0,0,0,0,1,0,0,0,0,0
422,219270,0,0,0,0,0,0,0,1,0,0,0,0,0
423,219791,0,0,0,0,0,0,0,1,0,0,0,0,0
424,220312,0,0,0,0,0,0,0,1,0,0,0,0,0
425,220833,0,0,0,0,0,0,0,1,0,0,0,0,0
426,221354,0,0,0,0,0,0,0,1,0,0,0,0,0
427,221875,0,0,0,0,0,0,0,1,0,0,0,0,0
428,222395,0,0,0,0,0,0,0,1,0,0,0,0,0
429,222916,0,0,0,0,0,0,0,1,0,0,0,0,0
430,223437,0,0,0,0,0,0,0,1,0,0,0,0,0
431,223958,0,0,0,0,0,0,0,1,0,0,0,0,0
432,224479,0,0,0,0,0,0,0,1,0,0,0,0,0
433,225000,0,0,0,0,0,0,0,1,0,0,0,0,0
434,225520,0,0,0,0,0,0,0,1,0,0,0,0,0
435,226041,0,0,0,0,0,0,0,1,0,0,0,0,0
436,226562,0,0,0,0,0,0,0,1,0,0,0,0,0
437,227083,0,0,0,0,0,0,0,1,0,0,0,0,0
438,227604,0,0,0,0,0,0,0,1,0,0,0,0,0
439,228125,0,0,0,0,0,0,0,1,0,0,0,0,0
440,228645,0,0,0,0,0,0,0,1,0,0,0,0,0
441,229166,0,0,0,0,0,0,0,1,0,0,0,0,0
442,229687,0,0,0,0,0,0,0,1,0,0,0,0,0
443,230208,0,0,0,0,0,0,0,1,0,0,0,0,0
444,230729,0,0,0,0,0,0,0,1,0,0,0,0,0
445,231250,0,0,0,0,0,0,0,1,0,0,0,0,0
446,231770,0,0,0,0,0,0,0,1,0,0,0,0,0
447,232291,0,0,0,0,0,0,0,1,0,0,0,0,0
448,232812,0,0,0,0,0,0,0,1,0,0,0,0,0
449,233333,0,0,0,0,0,0,0,1,0,0,0,0,0
450,233854,0,0,0,0,0,0,0,1,0,0,0,0,0
451,234375,0,0,0,0,0,0,0,1,0,0,0,0,0
452,234895,0,0,0,0,0,0,0,1,0,0,0,0,0
453,235416,0,0,0,0,0,0,0,1,0,0,0,0,0
454,235937,0,0,0,0,0,0,0,1,0,0,0,0,0
455,236458,0,0,0,0,0,0,0,1,0,0,0,0,0
456,236979,0,0,0,0,0,0,0,1,0,0,0,0,0
457,237500,0,0,0,0,0,0,0,1,0,0,0,0,0
458,238020,0,0,0,0,0,0,0,1,0,0,0,0,0
459,238541,0,0,0,0,0,0,0,1,0,0,0,0,0
460,239062,0,0,0,0,0,0,0,1,0,0,0,0,0
461,239583,0,0,0,0,0,0,0,1,0,0,0,0,0
462,240104,0,0,0,0,0,0,0,1,0,0,0,0,0
463,240625,0,0,0,0,0,0,0,1,0,0,0,0,0
464,241145,0,0,0,0,0,0,0,1,0,0,0,0,0
465,241666,0,0,0,0,0,0,0,1,0,0,0,0,0
466,242187,0,0,0,0,0,0,0,1,0,0,0,0,0
467,242708,0,0,0,0,0,0,0,1,0,0,0,0,0
468,243229,0,0,0,0,0,0,0,1,0,0,0,0,0
469,243750,0,0,0,0,0,0,0,1,0,0,0,0,0
470,244270,0,0,0,0,0,0,0,1,0,0,0,0,0
471,244791,0,0,0,0,0,0,0,1,0,0,0,0,0
472,245312,0,0,0,0,0,0,0,1,0,0,0,0,0
473,245833,0,0,0,0,0,0,0,1,0,0,0,0,0
474,246354,0,0,0,0,0,0,0,1,0,0,0,0,0
475,246875,0,0,0,0,0,0,0,1,0,0,0,0,0
476,247395,0,0,0,0,0,0,0,1,0,0,0,0,0
477,247916,0,0,0,0,0,0,0,1,0,0,0,0,0
478,248437,0,0,0,0,0,0,0,1,0,0,0,0,0
479,248958,0,0,0,0,0,0,0,1,0,0,0,0,0
480,249479,0,0,0,0,0,0,0,1,0,0,0,0,0
481,250000,0,0,0,0,0,0,0,1,0,0,0,0,0
482,250520,0,0,0,0,0,0,0,1,0,0,0,0,0
483,251041,0,0,0,0,0,0,0,1,0,0,0,0,0
484,251562,0,0,0,0,0,0,0,1,0,0,0,0,0
485,252083,0,0,0,0,0,0,0,1,0,0,0,0,0
486,252604,0,0,0,0,0,0,0,1,0,0,0,0,0
487,253125,0,0,0,0,0,0,0,1,0,0,0,0,0
488,253645,0,0,0,0,0,0,0,1,0,0,0,0,0
489,254166,0,0,0,0,0,0,0,1,0,0,0,0,0
490,254687,0,0,0,0,0,0,0,1,0,0,0,0,0
491,255208,0,0,0,0,0,0,0,1,0,0,0,0,0
492,255729,0,0,0,0,0,0,0,1,0,0,0,0,0
493,256249,0,0,0,0,0,0,0,1,0,0,0,0,0
494,256770,0,0,0,0,0,0,0,1,0,0,0,0,0
495,257291,0,0,0,0,0,0,0,1,0,0,0,0,0
496,257812,0,0,0,0,0,0,0,1,0,0,0,0,0
497,258333,0,0,0,0,0,0,0,1,0,0,0,0,0
498,258854,0,0,0,0,0,0,0,1,0,0,0,0,0
499,259375,0,0,0,0,0,0,0,1,0,0,0,0,0
500,259895,0,0,0,0,0,0,0,1,0,0,0,0,0
501,260416,0,0,0,0,0,0,0,1,0,0,0,0,0
502,260937,0,0,0,0,0,0,0,1,0,0,0,0,0
503,261458,0,0,0,0,0,0,0,1,0,0,0,0,0
504,261979,0,0,0,0,0,0,0,1,0,0,0,0,0
505,262500,0,0,0,0,0,0,0,1,0,0,0,0,0
506,263020,0,0,0,0,0,0,0,1,0,0,0,0,0
507,263541,0,0,0,0,0,0,0,1,0,0,0,0,0
508,264062,0,0,0,0,0,0,0,1,0,0,0,0,0
509,264583,0,0,0,0,0,0,0,1,0,0,0,0,0
510,265104,0,0,0,0,0,0,0,1,0,0,0,0,0
511,265625,0,0,0,0,0,0,0,1,0,0,0,0,0
512,266145,0,0,0,0,0,0,0,1,0,0,0,0,0
513,266666,0,0,0,0,0,0,0,1,0,0,0,0,0
514,267187,0,0,0,0,0,0,0,1,0,0,0,0,0
515,267708,0,0,0,0,0,0,0,1,0,0,0,0,0
516,268229,0,0,0,0,0,0,0,1,0,0,0,0,0
517,268750,0,0,0,0,0,0,0,1,0,0,0,0,0
518,269270,0,0,0,0,0,0,0,1,0,0,0,0,0
519,269791,0,0,0,0,0,0,0,1,0,0,0,0,0
520,270312,0,0,0,0,0,0,0,1,0,0,0,0,0
521,270833,0,0,0,0,0,0,0,1,0,0,0,0,0
522,271354,0,0,0,0,0,0,0,1,0,0,0,0,0
523,271875,0,0,0,0,0,0,0,1,0,0,0,0,0
524,272395,0,0,0,0,0,0,0,1,0,0,0,0,0
525,272916,0,0,0,0,0,0,0,1,0,0,0,0,0
526,273437,0,0,0,0,0,0,0,1,0,0,0,0,0
527,273958,0,0,0,0,0,0,0,1,0,0,0,0,0
528,274479,0,0,0,0,0,0,0,1,0,0,0,0,0
529,275000,0,0,0,0,0,0,0,1,0,0,0,0,0
530,275520,0,0,0,0,0,0,0,1,0,0,0,0,0
531,276041,0,0,0,0,0,0,0,1,0,0,0,0,0
532,276562,0,0,0,0,0,0,0,1,0,0,0,0,0
533,277083,0,0,0,0,0,0,0,1,0,0,0,0,0
534,277604,0,0,0,0,0,0,0,1,0,0,0,0,0
535,278125,0,0,0,0,0,0,0,1,0,0,0,0,0
536,278645,0,0,0,0,0,0,0,1,0,0,0,0,0
537,279166,0,0,0,0,0,0,0,1,0,0,0,0,0
538,279687,0,0,0,0,0,0,0,1,0,0,0,0,0
539,280208,0,0,0,0,0,0,0,1,0,0,0,0,0
540,280729,0,0,0,0,0,0,0,1,0,0,0,0,0
541,281250,0,0,0,0,0,0,0,1,0,0,0,0,0
542,281770,0,0,0,0,0,0,0,1,0,0,0,0,0
543,282291,0,0,0,0,0,0,0,1,0,0,0,0,0
544,282812,0,0,0,0,0,0,0,1,0,0,0,0,0
545,283333,0,0,0,0,0,0,0,1,0,0,0,0,0
546,283854,0,0,0,0,0,0,0,1,0,0,0,0,0
547,284375,0,0,0,0,0,0,0,1,0,0,0,0,0
548,284895,0,0,0,0,0,0,0,1,0,0,0,0,0
549,285416,0,0,0,0,0,0,0,1,0,0,0,0,0
550,285937,0,0,0,0,0,0,0,1,0,0,0,0,0
551,286458,0,0,0,0,0,0,0,1,0,0,0,0,0
552,286979,0,0,0,0,0,0,0,1,0,0,0,0,0
553,287500,0,0,0,0,0,0,0,1,0,0,0,0,0
554,288020,0,0,0,0,0,0,0,1,0,0,0,0,0
555,288541,0,0,0,0,0,0,0,1,0,0,0,0,0
556,289062,0,0,0,0,0,0,0,1,0,0,0,0,0
557,289583,0,0,0,0,0,0,0,1,0,0,0,0,0
558,290104,0,0,0,0,0,0,0,1,0,0,0,0,0
559,290625,0,0,0,0,0,0,0,1,0,0,0,0,0
560,291145,0,0,0,0,0,0,0,1,0,0,0,0,0
561,291666,0,0,0,0,0,0,0,1,0,0,0,0,0
562,292187,0,0,0,0,0,0,0,1,0,0,0,0,0
563,292708,0,0,0,0,0,0,0,1,0,0,0,0,0
564,293229,0,0,0,0,0,0,0,1,0,0,0,0,0
565,293750,0,0,0,0,0,0,0,1,0,0,0,0,0
566,294270,0,0,0,0,0,0,0,1,0,0,0,0,0
567,294791,0,0,0,0,0,0,0,1,0,0,0,0,0
568,295312,0,0,0,0,0,0,0,1,0,0,0,0,0
569,295833,0,0,0,0,0,0,0,1,0,0,0,0,0
570,296354,0,0,0,0,0,0,0,1,0,0,0,0,0
571,296875,0,0,0,0,0,0,0,1,0,0,0,0,0
572,297395,0,0,0,0,0,0,0,1,0,0,0,0,0
573,297916,0,0,0,0,0,0,0,1,0,0,0,0,0
574,298437,0,0,0,0,0,0,0,1,0,0,0,0,0
575,298958,0,0,0,0,0,0,0,1,0,0,0,0,0
576,299479,0,0,0,0,0,0,0,1,0,0,0,0,0
577,300000,0,0,0,0,0,0,0,1,0,0,0,0,0
578,300520,0,0,0,0,0,0,0,1,0,0,0,0,0
579,301041,0,0,0,0,0,0,0,1,0,0,0,0,0
580,301562,0,0,0,0,0,0,0,1,0,0,0,0,0
581,302083,0,0,0,0,0,0,0,1,0,0,0,0,0
582,302604,0,0,0,0,0,0,0,1,0,0,0,0,0
583,303125,0,0,0,0,0,0,0,1,0,0,0,0,0
584,303645,0,0,0,0,0,0,0,1,0,0,0,0,0
585,304166,0,0,0,0,0,0,0,1,0,0,0,0,0
586,304687,0,0,0,0,0,0,0,1,0,0,0,0,0
587,305208,0,0,0,0,0,0,0,1,0,0,0,0,0
588,305729,0,0,0,0,0,0,0,1,0,0,0,0,0
589,306250,0,0,0,0,0,0,0,1,0,0,0,0,0
590,306770,0,0,0,0,0,0,0,1,0,0,0,0,0
591,307291,0,0,0,0,0,0,0,1,0,0,0,0,0
592,307812,0,0,0,0,0,0,0,1,0,0,0,0,0
593,308333,0,0,0,0,0,0,0,1,0,0,0,0,0
594,308854,0,0,0,0,0,0,0,1,0,0,0,0,0
595,309375,0,0,0,0,0,0,0,1,0,0,0,0,0
596,309895,0,0,0,0,0,0,0,1,0,0,0,0,0
597,310416,0,0,0,0,0,0,0,1,0,0,0,0,0
598,310937,0,0,0,0,0,0,0,1,0,0,0,0,0
599,311458,0,0,0,0,0,0,0,1,0,0,0,0,0
600,311979,0,0,0,0,0,0,0,1,0,0,0,0,0
601,312500,0,0,0,0,0,0,0,1,0,0,0,0,0
602,313020,0,0,0,0,0,0,0,1,0,0,0,0,0
603,313541,0,0,0,0,0,0,0,1,0,0,0,0,0
604,314062,0,0,0,0,0,0,0,1,0,0,0,0,0
605,314583,0,0,0,0,0,0,0,1,0,0,0,0,0
606,315104,0,0,0,0,0,0,0,1,0,0,0,0,0
607,315625,0,0,0,0,0,0,0,1,0,0,0,0,0
608,316145,0,0,0,0,0,0,0,1,0,0,0,0,0
609,316666,0,0,0,0,0,0,0,1,0,0,0,0,0
610,317187,0,0,0,0,0,0,0,1,0,0,0,0,0
611,317708,0,0,0,0,0,0,0,1,0,0,0,0,0
612,318229,0,0,0,0,0,0,0,1,0,0,0,0,0
613,318750,0,0,0,0,0,0,0,1,0,0,0,0,0
614,319270,0,0,0,0,0,0,0,1,0,0,0,0,0
615,319791,0,0,0,0,0,0,0,1,0,0,0,0,0
616,320312,0,0,0,0,0,0,0,1,0,0,0,0,0
617,320833,0,0,0,0,0,0,0,1,0,0,0,0,0
618,321354,0,0,0,0,0,0,0,1,0,0,0,0,0
619,321875,0,0,0,0,0,0,0,1,0,0,0,0,0
620,322395,0,0,0,0,0,0,0,1,0,0,0,0,0
621,322916,0,0,0,0,0,0,0,1,0,0,0,0,0
622,323437,0,0,0,0,0,0,0,1,0,0,0,0,0
623,323958,0,0,0,0,0,0,0,1,0,0,0,0,0
624,324479,0,0,0,0,0,0,0,1,0,0,0,0,0
625,325000,0,0,0,0,0,0,0,1,0,0,0,0,0
626,325520,0,0,0,0,0,0,0,1,0,0,0,0,0
627,326041,0,0,0,0,0,0,0,1,0,0,0,0,0
628,326562,0,0,0,0,0,0,0,1,0,0,0,0,0
629,327083,0,0,0,0,0,0,0,1,0,0,0,0,0
630,327604,0,0,0,0,0,0,0,1,0,0,0,0,0
631,328125,0,0,0,0,0,0,0,1,0,0,0,0,0
632,328645,0,0,0,0,0,0,0,1,0,0,0,0,0
633,329166,0,0,0,0,0,0,0,1,0,0,0,0,0
634,329687,0,0,0,0,0,0,0,1,0,0,0,0,0
635,330208,0,0,0,0,0,0,0,1,0,0,0,0,0
636,330729,0,0,0,0,0,0,0,1,0,0,0,0,0
637,331250,0,0,0,0,0,0,0,1,0,0,0,0,0
638,331770,0,0,0,0,0,0,0,1,0,0,0,0,0
639,332291,0,0,0,0,0,0,0,1,0,0,0,0,0
640,332812,0,0,0,0,0,0,0,1,0,0,0,0,0
641,333333,0,0,0,0,0,0,0,1,0,0,0,0,0
642,333854,0,0,0,0,0,0,0,1,0,0,0,0,0
643,334375,0,0,0,0,0,0,0,1,0,0,0,0,0
644,334895,0,0,0,0,0,0,0,1,0,0,0,0,0
645,335416,0,0,0,0,0,0,0,1,0,0,0,0,0
646,335937,0,0,0,0,0,0,0,1,0,0,0,0,0
647,336458,0,0,0,0,0,0,0,1,0,0,0,0,0
648,336979,0,0,0,0,0,0,0,1,0,0,0,0,0
649,337500,0,0,0,0,0,0,0,1,0,0,0,0,0
650,338020,0,0,0,0,0,0,0,1,0,0,0,0,0
651,338541,0,0,0,0,0,0,0,1,0,0,0,0,0
652,339062,0,0,0,0,0,0,0,1,0,0,0,0,0
653,339583,0,0,0,0,0,0,0,1,0,0,0,0,0
654,340104,0,0,0,0,0,0,0,1,0,0,0,0,0
655,340625,0,0,0,0,0,0,0,1,0,0,0,0,0
656,341145,0,0,0,0,0,0,0,1,0,0,0,0,0
657,341666,0,0,0,0,0,0,0,1,0,0,0,0,0
658,342187,0,0,0,0,0,0,0,1,0,0,0,0,0
659,342708,0,0,0,0,0,0,0,1,0,0,0,0,0
660,343229,0,0,0,0,0,0,0,1,0,0,0,0,0
661,343750,0,0,0,0,0,0,0,1,0,0,0,0,0
662,344270,0,0,0,0,0,0,0,1,0,0,0,0,0
663,344791,0,0,0,0,0,0,0,1,0,0,0,0,0
664,345312,0,0,0,0,0,0,0,1,0,0,0,0,0
665,345833,0,0,0,0,0,0,0,1,0,0,0,0,0
666,346354,0,0,0,0,0,0,0,1,0,0,0,0,0
667,346875,0,0,0,0,0,0,0,1,0,0,0,0,0
668,347395,0,0,0,0,0,0,0,1,0,0,0,0,0
669,347916,0,0,0,0,0,0,0,1,0,0,0,0,0
670,348437,0,0,0,0,0,0,0,1,0,0,0,0,0
671,348958,0,0,0,0,0,0,0,1,0,0,0,0,0
672,349479,0,0,0,0,0,0,0,1,0,0,0,0,0
673,350000,0,0,0,0,0,0,0,1,0,0,0,0,0
674,350520,0,0,0,0,0,0,0,1,0,0,0,0,0
675,351041,0,0,0,0,0,0,0,1,0,0,0,0,0
676,351562,0,0,0,0,0,0,0,1,0,0,0,0,0
677,352083,0,0,0,0,0,0,0,1,0,0,0,0,0
678,352604,0,0,0,0,0,0,0,1,0,0,0,0,0
679,353125,0,0,0,0,0,0,0,1,0,0,0,0,0
680,353645,0,0,0,0,0,0,0,1,0,0,0,0,0
681,354166,0,0,0,0,0,0,0,1,0,0,0,0,0
682,354687,0,0,0,0,0,0,0,1,0,0,0,0,0
683,355208,0,0,0,0,0,0,0,1,0,0,0,0,0
684,355729,0,0,0,0,0,0,0,1,0,0,0,0,0
685,356250,0,0,0,0,0,0,0,1,0,0,0,0,0
686,356770,0,0,0,0,0,0,0,1,0,0,0,0,0
687,357291,0,0,0,0,0,0,0,1,0,0,0,0,0
688,357812,0,0,0,0,0,0,0,1,0,0,0,0,0
689,358333,0,0,0,0,0,0,0,1,0,0,0,0,0
690,358854,0,0,0,0,0,0,0,1,0,0,0,0,0
691,359375,0,0,0,0,0,0,0,1,0,0,0,0,0
692,359895,0,0,0,0,0,0,0,1,0,0,0,0,0
693,360416,0,0,0,0,0,0,0,1,0,0,0,0,0
694,360937,0,0,0,0,0,0,0,1,0,0,0,0,0
695,361458,0,0,0,0,0,0,0,1,0,0,0,0,0
696,361979,0,0,0,0,0,0,0,1,0,0,0,0,0
697,362500,0,0,0,0,0,0,0,1,0,0,0,0,0
698,363020,0,0,0,0,0,0,0,1,0,0,0,0,0
699,363541,0,0,0,0,0,0,0,1,0,0,0,0,0
700,364062,0,0,0,0,0,0,0,1,0,0,0,0,0
701,364583,0,0,0,0,0,0,0,1,0,0,0,0,0
702,365104,0,0,0,0,0,0,0,1,0,0,0,0,0
703,365625,0,0,0,0,0,0,0,1,0,0,0,0,0
704,366145,0,0,0,0,0,0,0,1,0,0,0,0,0
705,366666,0,0,0,0,0,0,0,1,0,0,0,0,0
706,367187,0,0,0,0,0,0,0,1,0,0,0,0,0
707,367708,0,0,0,0,0,0,0,1,0,0,0,0,0
708,368229,0,0,0,0,0,0,0,1,0,0,0,0,0
709,368750,0,0,0,0,0,0,0,1,0,0,0,0,0
710,369270,0,0,0,0,0,0,0,1,0,0,0,0,0
711,369791,0,0,0,0,0,0,0,1,0,0,0,0,0
712,370312,0,0,0,0,0,0,0,1,0,0,0,0,0
713,370833,0,0,0,0,0,0,0,1,0,0,0,0,0
714,371354,0,0,0,0,0,0,0,1,0,0,0,0,0
715,371875,0,0,0,0,0,0,0,1,0,0,0,0,0
716,372395,0,0,0,0,0,0,0,1,0,0,0,0,0
717,372916,0,0,0,0,0,0,0,1,0,0,0,0,0
718,373437,0,0,0,0,0,0,0,1,0,0,0,0,0
719,373958,0,0,0,0,0,0,0,1,0,0,0,0,0
720,374479,0,0,0,0,0,0,0,1,0,0,0,0,0
721,375000,0,0,0,0,0,0,0,1,0,0,0,0,0
722,375520,0,0,0,0,0,0,0,1,0,0,0,0,0
723,376041,0,0,0,0,0,0,0,1,0,0,0,0,0
724,376562,0,0,0,0,0,0,0,1,0,0,0,0,0
725,377083,0,0,0,0,0,0,0,1,0,0,0,0,0
726,377604,0,0,0,0,0,0,0,1,0,0,0,0,0
727,378125,0,0,0,0,0,0,0,1,0,0,0,0,0
728,378645,0,0,0,0,0,0,0,1,0,0,0,0,0
729,379166,0,0,0,0,0,0,0,1,0,0,0,0,0
730,379687,0,0,0,0,0,0,0,1,0,0,0,0,0
731,380208,0,0,0,0,0,0,0,1,0,0,0,0,0
732,380729,0,0,0,0,0,0,0,1,0,0,0,0,0
733,381250,0,0,0,0,0,0,0,1,0,0,0,0,0
734,381770,0,0,0,0,0,0,0,1,0,0,0,0,0
735,382291,0,0,0,0,0,0,0,1,0,0,0,0,0
736,382812,0,0,0,0,0,0,0,1,0,0,0,0,0
737,383333,0,0,0,0,0,0,0,1,0,0,0,0,0
738,383854,0,0,0,0,0,0,0,1,0,0,0,0,0
739,384375,0,0,0,0,0,0,0,1,0,0,0,0,0
740,384895,0,0,0,0,0,0,0,1,0,0,0,0,0
741,385416,0,0,0,0,0,0,0,1,0,0,0,0,0
742,385937,0,0,0,0,0,0,0,1,0,0,0,0,0
743,386458,0,0,0,0,0,0,0,1,0,0,0,0,0
744,386979,0,0,0,0,0,0,0,1,0,0,0,0,0
745,387500,0,0,0,0,0,0,0,1,0,0,0,0,0
746,388020,0,0,0,0,0,0,0,1,0,0,0,0,0
747,388541,0,0,0,0,0,0,0,1,0,0,0,0,0
748,389062,0,0,0,0,0,0,0,1,0,0,0,0,0
749,389583,0,0,0,0,0,0,0,1,0,0,0,0,0
750,390104,0,0,0,0,0,0,0,1,0,0,0,0,0
751,390625,0,0,0,0,0,0,0,1,0,0,0,0,0
752,391145,0,0,0,0,0,0,0,1,0,0,0,0,0
753,391666,0,0,0,0,0,0,0,1,0,0,0,0,0
754,392187,0,0,0,0,0,0,0,1,0,0,0,0,0
755,392708,0,0,0,0,0,0,0,1,0,0,0,0,0
756,393229,0,0,0,0,0,0,0,1,0,0,0,0,0
757,393750,0,0,0,0,0,0,0,1,0,0,0,0,0
758,394270,0,0,0,0,0,0,0,1,0,0,0,0,0
759,394791,0,0,0,0,0,0,0,1,0,0,0,0,0
760,395312,0,0,0,0,0,0,0,1,0,0,0,0,0
761,395833,0,0,0,0,0,0,0,1,0,0,0,0,0
762,396354,0,0,0,0,0,0,0,1,0,0,0,0,0
763,396875,0,0,0,0,0,0,0,1,0,0,0,0,0
764,397395,0,0,0,0,0,0,0,1,0,0,0,0,0
765,397916,0,0,0,0,0,0,0,1,0,0,0,0,0
766,398437,0,0,0,0,0,0,0,1,0,0,0,0,0
767,398958,0,0,0,0,0,0,0,1,0,0,0,0,0
768,399479,0,0,0,0,0,0,0,1,0,0,0,0,0
769,400000,0,0,0,0,0,0,0,1,0,0,0,0,0
770,400520,0,0,0,0,0,0,0,1,0,0,0,0,0
771,401041,0,0,0,0,0,0,0,1,0,0,0,0,0
772,401562,0,0,0,0,0,0,0,1,0,0,0,0,0
773,402083,0,0,0,0,0,0,0,1,0,0,0,0,0
774,402604,0,0,0,0,0,0,0,1,0,0,0,0,0
775,403125,0,0,0,0,0,0,0,1,0,0,0,0,0
776,403645,0,0,0,0,0,0,0,1,0,0,0,0,0
777,404166,0,0,0,0,0,0,0,1,0,0,0,0,0
778,404687,0,0,0,0,0,0,0,1,0,0,0,0,0
779,405208,0,0,0,0,0,0,0,1,0,0,0,0,0
780,405729,0,0,0,0,0,0,0,1,0,0,0,0,0
781,406250,0,0,0,0,0,0,0,1,0,0,0,0,0
782,406770,0,0,0,0,0,0,0,1,0,0,0,0,0
783,407291,0,0,0,0,0,0,0,1,0,0,0,0,0
784,407812,0,0,0,0,0,0,0,1,0,0,0,0,0
785,408333,0,0,0,0,0,0,0,1,0,0,0,0,0
786,408854,0,0,0,0,0,0,0,1,0,0,0,0,0
787,409375,0,0,0,0,0,0,0,1,0,0,0,0,0
788,409895,0,0,0,0,0,0,0,1,0,0,0,0,0
789,410416,0,0,0,0,0,0,0,1,0,0,0,0,0
790,410937,0,0,0,0,0,0,0,1,0,0,0,0,0
791,411458,0,0,0,0,0,0,0,1,0,0,0,0,0
792,411979,0,0,0,0,0,0,0,1,0,0,0,0,0
793,412500,0,0,0,0,0,0,0,1,0,0,0,0,0
794,413020,0,0,0,0,0,0,0,1,0,0,0,0,0
795,413541,0,0,0,0,0,0,0,1,0,0,0,0,0
796,414062,0,0,0,0,0,0,0,1,0,0,0,0,0
797,414583,0,0,0,0,0,0,0,1,0,0,0,0,0
798,415104,0,0,0,0,0,0,0,1,0,0,0,0,0
799,415625,0,0,0,0,0,0,0,1,0,0,0,0,0
800,416145,0,0,0,0,0,0,0,1,0,0,0,0,0
801,416666,0,0,0,0,0,0,0,1,0,0,0,0,0
802,417187,0,0,0,0,0,0,0,1,0,0,0,0,0
803,417708,0,0,0,0,0,0,0,1,0,0,0,0,0
804,418229,0,0,0,0,0,0,0,1,0,0,0,0,0
805,418750,0,0,0,0,0,0,0,1,0,0,0,0,0
806,419270,0,0,0,0,0,0,0,1,0,0,0,0,0
807,419791,0,0,0,0,0,0,0,1,0,0,0,0,0
808,420312,0,0,0,0,0,0,0,1,0,0,0,0,0
809,420833,0,0,0,0,0,0,0,1,0,0,0,0,0
810,421354,0,0,0,0,0,0,0,1,0,0,0,0,0
811,421875,0,0,0,0,0,0,0,1,0,0,0,0,0
812,422395,0,0,0,0,0,0,0,1,0,0,0,0,0
813,422916,0,0,0,0,0,0,0,1,0,0,0,0,0
814,423437,0,0,0,0,0,0,0,1,0,0,0,0,0
815,423958,0,0,0,0,0,0,0,1,0,0,0,0,0
816,424479,0,0,0,0,0,0,0,1,0,0,0,0,0
817,425000,0,0,0,0,0,0,0,1,0,0,0,0,0
818,425520,0,0,0,0,0,0,0,1,0,0,0,0,0
819,426041,0,0,0,0,0,0,0,1,0,0,0,0,0
820,426562,0,0,0,0,0,0,0,1,0,0,0,0,0
821,427083,0,0,0,0,0,0,0,1,0,0,0,0,0
822,427604,0,0,0,0,0,0,0,1,0,0,0,0,0
823,428125,0,0,0,0,0,0,0,1,0,0,0,0,0
824,428645,0,0,0,0,0,0,0,1,0,0,0,0,0
825,429166,0,0,0,0,0,0,0,1,0,0,0,0,0
826,429687,0,0,0,0,0,0,0,1,0,0,0,0,0
827,430208,0,0,0,0,0,0,0,1,0,0,0,0,0
828,430729,0,0,0,0,0,0,0,1,0,0,0,0,0
829,431250,0,0,0,0,0,0,0,1,0,0,0,0,0
830,431770,0,0,0,0,0,0,0,1,0,0,0,0,0
831,432291,0,0,0,0,0,0,0,1,0,0,0,0,0
832,432812,0,0,0,0,0,0,0,1,0,0,0,0,0
833,433333,0,0,0,0,0,0,0,1,0,0,0,0,0
834,433854,0,0,0,0,0,0,0,1,0,0,0,0,0
835,434375,0,0,0,0,0,0,0,1,0,0,0,0,0
836,434895,0,0,0,0,0,0,0,1,0,0,0,0,0
837,435416,0,0,0,0,0,0,0,1,0,0,0,0,0
838,435937,0,0,0,0,0,0,0,1,0,0,0,0,0
839,436458,0,0,0,0,0,0,0,1,0,0,0,0,0
840,436979,0,0,0,0,0,0,0,1,0,0,0,0,0
841,437500,0,0,0,0,0,0,0,1,0,0,0,0,0
842,438020,0,0,0,0,0,0,0,1,0,0,0,0,0
843,438541,0,0,0,0,0,0,0,1,0,0,0,0,0
844,439062,0,0,0,0,0,0,0,1,0,0,0,0,0
845,439583,0,0,0,0,0,0,0,1,0,0,0,0,0
846,440104,0,0,0,0,0,0,0,1,0,0,0,0,0
847,440625,0,0,0,0,0,0,0,1,0,0,0,0,0
848,441145,0,0,0,0,0,0,0,1,0,0,0,0,0
849,441666,0,0,0,0,0,0,0,1,0,0,0,0,0
850,442187,0,0,0,0,0,0,0,1,0,0,0,0,0
851,442708,0,0,0,0,0,0,0,1,0,0,0,0,0
852,443229,0,0,0,0,0,0,0,1,0,0,0,0,0
853,443750,0,0,0,0,0,0,0,1,0,0,0,0,0
854,444270,0,0,0,0,0,0,0,1,0,0,0,0,0
855,444791,0,0,0,0,0,0,0,1,0,0,0,0,0
856,445312,0,0,0,0,0,0,0,1,0,0,0,0,0
857,445833,0,0,0,0,0,0,0,1,0,0,0,0,0
858,446354,0,0,0,0,0,0,0,1,0,0,0,0,0
859,446875,0,0,0,0,0,0,0,1,0,0,0,0,0
860,447395,0,0,0,0,0,0,0,1,0,0,0,0,0
861,447916,0,0,0,0,0,0,0,1,0,0,0,0,0
862,448437,0,0,0,0,0,0,0,1,0,0,0,0,0
863,448958,0,0,0,0,0,0,0,1,0,0,0,0,0
864,449479,0,0,0,0,0,0,0,1,0,0,0,0,0
865,450000,0,0,0,0,0,0,0,1,0,0,0,0,0
866,450520,0,0,0,0,0,0,0,1,0,0,0,0,0
867,451041,0,0,0,0,0,0,0,1,0,0,0,0,0
868,451562,0,0,0,0,0,0,0,1,0,0,0,0,0
869,452083,0,0,0,0,0,0,0,1,0,0,0,0,0
870,452604,0,0,0,0,0,0,0,1,0,0,0,0,0
871,453125,0,0,0,0,0,0,0,1,0,0,0,0,0
872,453645,0,0,0,0,0,0,0,1,0,0,0,0,0
873,454166,0,0,0,0,0,0,0,1,0,0,0,0,0
874,454687,0,0,0,0,0,0,0,1,0,0,0,0,0
875,455208,0,0,0,0,0,0,0,1,0,0,0,0,0
876,455729,0,0,0,0,0,0,0,1,0,0,0,0,0
877,456250,0,0,0,0,0,0,0,1,0,0,0,0,0
878,456770,0,0,0,0,0,0,0,1,0,0,0,0,0
879,457291,0,0,0,0,0,0,0,1,0,0,0,0,0
880,457812,0,0,0,0,0,0,0,1,0,0,0,0,0
881,458333,0,0,0,0,0,0,0,1,0,0,0,0,0
882,458854,0,0,0,0,0,0,0,1,0,0,0,0,0
883,459375,0,0,0,0,0,0,0,1,0,0,0,0,0
884,459895,0,0,0,0,0,0,0,1,0,0,0,0,0
885,460416,0,0,0,0,0,0,0,1,0,0,0,0,0
886,460937,0,0,0,0,0,0,0,1,0,0,0,0,0
887,461458,0,0,0,0,0,0,0,1,0,0,0,0,0
888,461979,0,0,0,0,0,0,0,1,0,0,0,0,0
889,462500,0,0,0,0,0,0,0,1,0,0,0,0,0
890,463020,0,0,0,0,0,0,0,1,0,0,0,0,0
891,463541,0,0,0,0,0,0,0,1,0,0,0,0,0
892,464062,0,0,0,0,0,0,0,1,0,0,0,0,0
893,464583,0,0,0,0,0,0,0,1,0,0,0,0,0
894,465104,0,0,0,0,0,0,0,1,0,0,0,0,0
895,465625,0,0,0,0,0,0,0,1,0,0,0,0,0
896,466145,0,0,0,0,0,0,0,1,0,0,0,0,0
897,466666,0,0,0,0,0,0,0,1,0,0,0,0,0
898,467187,0,0,0,0,0,0,0,1,0,0,0,0,0
899,467708,0,0,0,0,0,0,0,1,0,0,0,0,0
900,468229,0,0,0,0,0,0,0,1,0,0,0,0,0
901,468750,0,0,0,0,0,0,0,1,0,0,0,0,0
902,469270,0,0,0,0,0,0,0,1,0,0,0,0,0
903,469791,0,0,0,0,0,0,0,1,0,0,0,0,0
904,470312,0,0,0,0,0,0,0,1,0,0,0,0,0
905,470833,0,0,0,0,0,0,0,1,0,0,0,0,0
906,471354,0,0,0,0,0,0,0,1,0,0,0,0,0
907,471875,0,0,0,0,0,0,0,1,0,0,0,0,0
908,472395,0,0,0,0,0,0,0,1,0,0,0,0,0
909,472916,0,0,0,0,0,0,0,1,0,0,0,0,0
910,473437,0,0,0,0,0,0,0,1,0,0,0,0,0
911,473958,0,0,0,0,0,0,0,1,0,0,0,0,0
912,474479,0,0,0,0,0,0,0,1,0,0,0,0,0
913,475000,0,0,0,0,0,0,0,1,0,0,0,0,0
914,475520,0,0,0,0,0,0,0,1,0,0,0,0,0
915,476041,0,0,0,0,0,0,0,1,0,0,0,0,0
916,476562,0,0,0,0,0,0,0,1,0,0,0,0,0
917,477083,0,0,0,0,0,0,0,1,0,0,0,0,0
918,477604,0,0,0,0,0,0,0,1,0,0,0,0,0
919,478125,0,0,0,0,0,0,0,1,0,0,0,0,0
920,478645,0,0,0,0,0,0,0,1,0,0,0,0,0
921,479166,0,0,0,0,0,0,0,1,0,0,0,0,0
922,479687,0,0,0,0,0,0,0,1,0,0,0,0,0
923,480208,0,0,0,0,0,0,0,1,0,0,0,0,0
924,480729,0,0,0,0,0,0,0,1,0,0,0,0,0
925,481250,0,0,0,0,0,0,0,1,0,0,0,0,0
926,481770,0,0,0,0,0,0,0,1,0,0,0,0,0
927,482291,0,0,0,0,0,0,0,1,0,0,0,0,0
928,482812,0,0,0,0,0,0,0,1,0,0,0,0,0
929,483333,0,0,0,0,0,0,0,1,0,0,0,0,0
930,483854,0,0,0,0,0,0,0,1,0,0,0,0,0
931,484375,0,0,0,0,0,0,0,1,0,0,0,0,0
932,484895,0,0,0,0,0,0,0,1,0,0,0,0,0
933,485416,0,0,0,0,0,0,0,1,0,0,0,0,0
934,485937,0,0,0,0,0,0,0,1,0,0,0,0,0
935,486458,0,0,0,0,0,0,0,1,0,0,0,0,0
936,486979,0,0,0,0,0,0,0,1,0,0,0,0,0
937,487500,0,0,0,0,0,0,0,1,0,0,0,0,0
938,488020,0,0,0,0,0,0,0,1,0,0,0,0,0
939,488541,0,0,0,0,0,0,0,1,0,0,0,0,0
940,489062,0,0,0,0,0,0,0,1,0,0,0,0,0
941,489583,0,0,0,0,0,0,0,1,0,0,0,0,0
942,490104,0,0,0,0,0,0,0,1,0,0,0,0,0
943,490625,0,0,0,0,0,0,0,1,0,0,0,0,0
944,491145,0,0,0,0,0,0,0,1,0,0,0,0,0
945,491666,0,0,0,0,0,0,0,1,0,0,0,0,0
946,492187,0,0,0,0,0,0,0,1,0,0,0,0,0
947,492708,0,0,0,0,0,0,0,1,0,0,0,0,0
948,493229,0,0,0,0,0,0,0,1,0,0,0,0,0
949,493750,0,0,0,0,0,0,0,1,0,0,0,0,0
950,494270,0,0,0,0,0,0,0,1,0,0,0,0,0
951,494791,0,0,0,0,0,0,0,1,0,0,0,0,0
952,495312,0,0,0,0,0,0,0,1,0,0,0,0,0
953,495833,0,0,0,0,0,0,0,1,0,0,0,0,0
954,496354,0,0,0,0,0,0,0,1,0,0,0,0,0
955,496875,0,0,0,0,0,0,0,1,0,0,0,0,0
956,497395,0,0,0,0,0,0,0,1,0,0,0,0,0
957,497916,0,0,0,0,0,0,0,1,0,0,0,0,0
958,498437,0,0,0,0,0,0,0,1,0,0,0,0,0
959,498958,0,0,0,0,0,0,0,1,0,0,0,0,0
960,499479,0,0,0,0,0,0,0,1,0,0,0,0,0
961,500000,0,0,0,0,0,0,0,1,0,0,0,0,0
962,500520,0,0,0,0,0,0,0,1,0,0,0,0,0
963,501041,0,0,0,0,0,0,0,1,0,0,0,0,0
964,501562,0,0,0,0,0,0,0,1,0,0,0,0,0
965,502083,0,0,0,0,0,0,0,1,0,0,0,0,0
966,502604,0,0,0,0,0,0,0,1,0,0,0,0,0
967,503125,0,0,0,0,0,0,0,1,0,0,0,0,0
968,503645,0,0,0,0,0,0,0,1,0,0,0,0,0
969,504166,0,0,0,0,0,0,0,1,0,0,0,0,0
970,504687,0,0,0,0,0,0,0,1,0,0,0,0,0
971,505208,0,0,0,0,0,0,0,1,0,0,0,0,0
972,505729,0,0,0,0,0,0,0,1,0,0,0,0,0
973,506250,0,0,0,0,0,0,0,1,0,0,0,0,0
974,506770,0,0,0,0,0,0,0,1,0,0,0,0,0
975,507291,0,0,0,0,0,0,0,1,0,0,0,0,0
976,507812,0,0,0,0,0,0,0,1,0,0,0,0,0
977,508333,0,0,0,0,0,0,0,1,0,0,0,0,0
978,508854,0,0,0,0,0,0,0,1,0,0,0,0,0
979,509375,0,0,0,0,0,0,0,1,0,0,0,0,0
980,509895,0,0,0,0,0,0,0,1,0,0,0,0,0
981,510416,0,0,0,0,0,0,0,1,0,0,0,0,0
982,510937,0,0,0,0,0,0,0,1,0,0,0,0,0
983,511458,0,0,0,0,0,0,0,1,0,0,0,0,0
984,511979,0,0,0,0,0,0,0,1,0,0,0,0,0
985,512499,0,0,0,0,0,0,0,1,0,0,0,0,0
986,513020,0,0,0,0,0,0,0,1,0,0,0,0,0
987,513541,0,0,0,0,0,0,0,1,0,0,0,0,0
988,514062,0,0,0,0,0,0,0,1,0,0,0,0,0
989,514583,0,0,0,0,0,0,0,1,0,0,0,0,0
990,515104,0,0,0,0,0,0,0,1,0,0,0,0,0
991,515625,0,0,0,0,0,0,0,1,0,0,0,0,0
992,516145,0,0,0,0,0,0,0,1,0,0,0,0,0
993,516666,0,0,0,0,0,0,0,1,0,0,0,0,0
994,517187,0,0,0,0,0,0,0,1,0,0,0,0,0
995,517708,0,0,0,0,0,0,0,1,0,0,0,0,0
996,518229,0,0,0,0,0,0,0,1,0,0,0,0,0
997,518750,0,0,0,0,0,0,0,1,0,0,0,0,0
998,519270,0,0,0,0,0,0,0,1,0,0,0,0,0
999,519791,0,0,0,0,0,0,0,1,0,0,0,0,0
1000,520312,0,0,0,0,0,0,0,1,0,0,0,0,0
1001,520833,0,0,0,0,0,0,0,1,0,0,0,0,0
1002,521354,0,0,0,0,0,0,0,1,0,0,0,0,0
1003,521875,1120,-158,-962,0,26696,-3772,-22924,0,0,0,1,1,0
1004,522395,1008,79,-1087,0,24025,1890,-25915,0,0,0,1,1,0
1005,522916,857,314,-1171,0,20432,7479,-27910,0,0,0,1,1,0
1006,523437,674,536,-1210,0,16053,12780,-28833,0,0,0,1,1,0
1007,523958,464,738,-1202,0,11058,17590,-28648,0,0,0,1,1,0
1008,524479,237,911,-1148,0,5637,21724,-27362,0,0,0,1,1,0
1009,525000,0,1050,-1050,0,0,25024,-25024,0,0,0,1,1,0
1010,525520,-237,1148,-911,0,-5637,27362,-21724,0,0,0,1,1,0
1011,526041,-464,1202,-738,0,-11058,28648,-17590,0,0,0,1,1,0
1012,526562,-674,1210,-536,0,-16053,28833,-12780,0,0,0,1,1,0
1013,527083,-857,1171,-314,0,-20432,27910,-7479,0,0,0,1,1,0
1014,527604,-1008,1087,-79,0,-24025,25915,-1890,0,0,0,1,1,0
1015,528125,-1120,962,158,0,-26696,22924,3772,0,0,0,1,1,0
1016,528645,-1189,799,390,0,-28340,19052,9288,0,0,0,1,1,0
1017,529166,-1212,606,606,0,-28895,14448,14448,0,0,0,1,1,0
1018,529687,-1189,390,799,0,-28340,9288,19052,0,0,0,1,1,0
1019,530208,-1120,158,962,0,-26696,3772,22924,0,0,0,1,1,0
1020,530729,-1008,-79,1087,0,-24025,-1890,25915,0,0,0,1,1,0
1021,531250,-857,-314,1171,0,-20432,-7479,27910,0,0,0,1,1,0
1022,531770,-674,-536,1210,0,-16053,-12780,28833,0,0,0,0,1,0
1023,532291,-464,-738,1202,0,-11058,-17590,28648,0,0,0,0,1,0
1024,532812,-237,-3668,1148,-2756,-6088,-2172,29551,0,0,1,0,1,0
1025,533333,0,-5524,1050,-4474,0,-2502,27026,0,0,1,0,1,0
1026,533854,237,-6638,911,-5490,6088,-2736,23462,0,0,1,0,1,0
1027,534375,464,-6976,738,-5774,11942,-2865,18997,0,0,1,0,1,0
1028,534895,674,-6536,536,-5326,17337,-2883,13802,0,0,1,0,1,0
1029,535416,857,-5345,314,-4174,22066,-2791,8077,0,0,1,0,1,0
1030,535937,1008,-3457,79,-2370,25947,-2592,2041,0,0,1,0,1,0
1031,536458,1120,-956,-158,5,28831,-2292,-4073,0,0,1,0,1,0
1032,536979,1189,2053,-390,2852,30607,-1905,-10031,0,0,1,0,1,0
1033,537500,1212,5446,-606,6052,31207,-1445,-15603,0,0,1,0,1,0
1034,538020,1189,9083,-799,9473,30607,-929,-20576,0,0,1,0,1,0
1035,538541,1120,12815,-962,12974,28831,-377,-24758,0,0,1,0,1,0
1036,539062,1008,16492,-1087,16412,25947,189,-27988,0,0,1,0,1,0
1037,539583,857,19961,-1171,19648,22066,748,-30143,0,0,1,0,1,0
1038,540104,674,23083,-1210,22547,17337,1278,-31140,0,0,1,0,1,0
1039,540625,464,25729,-1202,24991,11942,1759,-30940,0,0,1,0,1,0
1040,541145,237,27789,-1148,26878,6088,2172,-29551,0,0,1,0,1,0
1041,541666,0,29177,-1050,28127,0,2502,-27026,0,0,1,0,1,0
1042,542187,-237,29830,-911,28682,-6088,2736,-23462,0,0,1,0,1,0
1043,542708,-464,29718,-738,28516,-11942,2865,-18997,0,0,1,0,1,0
1044,543229,-674,28836,-536,27626,-17337,2883,-13802,0,0,1,0,1,0
1045,543750,-857,27211,-314,26040,-22066,2791,-8077,0,0,1,0,1,0
1046,544270,-1008,24898,-79,23811,-25947,2592,-2041,0,0,1,0,1,0
1047,544791,-1120,21981,158,21019,-28831,2292,4073,0,0,1,0,1,0
1048,545312,-1189,18562,390,17763,-30607,1905,10031,0,0,1,0,1,0
1049,545833,-1212,14769,606,14163,-31207,1445,15603,0,0,1,0,1,0
1050,546354,-1189,10739,799,10349,-30607,929,20576,0,0,1,0,1,0
1051,546875,-1120,6621,962,6462,-28831,377,24758,0,0,1,0,1,0
1052,547395,-1008,2567,1087,2646,-25947,-189,27988,0,0,1,0,1,0
1053,547916,-857,-1274,1171,-960,-22066,-748,30143,0,0,1,0,1,0
1054,548437,-674,-4759,1210,-4223,-17337,-1278,31140,0,0,1,0,1,0
1055,548958,-464,-7761,1202,-7023,-11942,-1759,30940,0,0,1,0,1,0
1056,549479,-237,-10171,1148,-9259,-6088,-2172,29551,0,0,1,0,1,0
1057,550000,0,-11901,1050,-10851,0,-2502,27026,0,0,1,0,1,0
1058,550520,237,-12890,911,-11742,6088,-2736,23462,0,0,1,0,1,0
1059,551041,464,-13107,738,-11905,11942,-2865,18997,0,0,1,0,1,0
1060,551562,674,-12548,536,-11338,17337,-2883,13802,0,0,1,0,1,0
1061,552083,857,-11240,314,-10069,22066,-2791,8077,0,0,1,0,1,0
1062,552604,1008,-9238,79,-8151,25947,-2592,2041,0,0,1,0,1,0
1063,553125,1120,-6624,-158,-5663,28831,-2292,-4073,0,0,1,0,1,0
1064,553645,1189,-3505,-390,-2706,30607,-1905,-10031,0,0,1,0,1,0
1065,554166,1212,-4,-606,602,31207,-1445,-15603,0,0,1,0,1,0
1066,554687,1189,3739,-799,4129,30607,-929,-20576,0,0,1,0,1,0
1067,555208,1120,7576,-962,7734,28831,-377,-24758,0,0,1,0,1,0
1068,555729,1008,11354,-1087,11274,25947,189,-27988,0,0,1,0,1,0
1069,556250,857,14923,-1171,14609,22066,748,-30143,0,0,1,0,1,0
1070,556770,674,18143,-1210,17607,17337,1278,-31140,0,0,1,0,1,0
1071,557291,464,20885,-1202,20147,11942,1759,-30940,0,0,1,0,1,0
1072,557812,237,23039,-1148,22128,6088,2172,-29551,0,0,1,0,1,0
1073,558333,0,24519,-1050,23469,0,2502,-27026,0,0,1,0,1,0
1074,558854,-237,25263,-911,24115,-6088,2736,-23462,0,0,1,0,1,0
1075,559375,-464,25240,-738,24038,-11942,2865,-18997,0,0,1,0,1,0
1076,559895,-674,24444,-536,23235,-17337,2883,-13802,0,0,1,0,1,0
1077,560416,-857,22905,-314,21734,-22066,2791,-8077,0,0,1,0,1,0
1078,560937,-1008,20676,-79,19589,-25947,2592,-2041,0,0,1,0,1,0
1079,561458,-1120,17841,158,16879,-28831,2292,4073,0,0,1,0,1,0
1080,561979,-1189,14503,390,13704,-30607,1905,10031,0,0,1,0,1,0
1081,562500,-1212,10788,606,10182,-31207,1445,15603,0,0,1,0,1,0
1082,563020,-1189,6835,799,6446,-30607,929,20576,0,0,1,0,1,0
1083,563541,-1120,2793,962,2635,-28831,377,24758,0,0,1,0,1,0
1084,564062,-1008,-1186,1087,-1107,-25947,-189,27988,0,0,1,0,1,0
1085,564583,-857,-4954,1171,-4640,-22066,-748,30143,0,0,1,0,1,0
1086,565104,-674,-8367,1210,-7831,-17337,-1278,31140,0,0,1,0,1,0
1087,565625,-464,-11299,1202,-10561,-11942,-1759,30940,0,0,1,0,1,0
1088,566145,-237,-13640,1148,-12729,-6088,-2172,29551,0,0,1,0,1,0
1089,566666,0,-15303,1050,-14253,0,-2502,27026,0,0,1,0,1,0
1090,567187,237,-16226,911,-15078,6088,-2736,23462,0,0,1,0,1,0
1091,567708,464,-16378,738,-15176,11942,-2865,18997,0,0,1,0,1,0
1092,568229,674,-15755,536,-14545,17337,-2883,13802,0,0,1,0,1,0
1093,568750,857,-14385,314,-13214,22066,-2791,8077,0,0,1,0,1,0
1094,569270,1008,-12322,79,-11234,25947,-2592,2041,0,0,1,0,1,0
1095,569791,1120,-9648,-158,-8686,28831,-2292,-4073,0,0,1,0,1,0
1096,570312,1189,-6470,-390,-5671,30607,-1905,-10031,0,0,1,0,1,0
1097,570833,1212,-2911,-606,-2305,31207,-1445,-15603,0,0,1,0,1,0
1098,571354,1189,888,-799,1278,30607,-929,-20576,0,0,1,0,1,0
1099,571875,1120,4780,-962,4938,28831,-377,-24758,0,0,1,0,1,0
1100,572395,1008,8612,-1087,8533,25947,189,-27988,0,0,1,0,1,0
1101,572916,857,12235,-1171,11922,22066,748,-30143,0,0,1,0,1,0
1102,573437,674,15508,-1210,14971,17337,1278,-31140,0,0,1,0,1,0
1103,573958,464,18301,-1202,17563,11942,1759,-30940,0,0,1,0,1,0
1104,574479,237,20505,-1148,19594,6088,2172,-29551,0,0,1,0,1,0
1105,575000,0,22034,-1050,20984,0,2502,-27026,0,0,1,0,1,0
1106,575520,-237,22827,-911,21679,-6088,2736,-23462,0,0,1,0,1,0
1107,576041,-464,22850,-738,21648,-11942,2865,-18997,0,0,1,0,1,0
1108,576562,-674,22102,-536,20892,-17337,2883,-13802,0,0,1,0,1,0
1109,577083,-857,20608,-314,19437,-22066,2791,-8077,0,0,1,0,1,0
1110,577604,-1008,18424,-79,17337,-25947,2592,-2041,0,0,1,0,1,0
1111,578125,-1120,15632,158,14670,-28831,2292,4073,0,0,1,0,1,0
1112,578645,-1189,12337,390,11538,-30607,1905,10031,0,0,1,0,1,0
1113,579166,-1212,8665,606,8058,-31207,1445,15603,0,0,1,0,1,0
1114,579687,-1189,4753,799,4364,-30607,929,20576,0,0,1,0,1,0
1115,580208,-1120,752,962,593,-28831,377,24758,0,0,1,0,1,0
1116,580729,-1008,-3188,1087,-3109,-25947,-189,27988,0,0,1,0,1,0
1117,581250,-857,-6917,1171,-6603,-22066,-748,30143,0,0,1,0,1,0
1118,581770,-674,-10292,1210,-9756,-17337,-1278,31140,0,0,1,0,1,0
1119,582291,-464,-13187,1202,-12449,-11942,-1759,30940,0,0,1,0,1,0
1120,582812,-237,-15491,1148,-14579,-6088,-2172,29551,0,0,1,0,1,0
1121,583333,0,-17117,1050,-16068,0,-2502,27026,0,0,1,0,1,0
1122,583854,237,-18006,911,-16858,6088,-2736,23462,0,0,1,0,1,0
1123,584375,464,-18123,738,-16921,11942,-2865,18997,0,0,1,0,1,0
1124,584895,674,-17466,536,-16256,17337,-2883,13802,0,0,1,0,1,0
1125,585416,857,-16062,314,-14891,22066,-2791,8077,0,0,1,0,1,0
1126,585937,1008,-13967,79,-12879,25947,-2592,2041,0,0,1,0,1,0
1127,586458,1120,-11261,-158,-10300,28831,-2292,-4073,0,0,1,0,1,0
1128,586979,1189,-8052,-390,-7252,30607,-1905,-10031,0,0,1,0,1,0
1129,587500,1212,-4462,-606,-3856,31207,-1445,-15603,0,0,1,0,1,0
1130,588020,1189,-633,-799,-243,30607,-929,-20576,0,0,1,0,1,0
1131,588541,1120,3289,-962,3447,28831,-377,-24758,0,0,1,0,1,0
1132,589062,1008,7150,-1087,7071,25947,189,-27988,0,0,1,0,1,0
1133,589583,857,10802,-1171,10488,22066,748,-30143,0,0,1,0,1,0
1134,590104,674,14102,-1210,13565,17337,1278,-31140,0,0,1,0,1,0
1135,590625,464,16922,-1202,16184,11942,1759,-30940,0,0,1,0,1,0
1136,591145,237,19153,-1148,18242,6088,2172,-29551,0,0,1,0,1,0
1137,591666,0,20709,-1050,19659,0,2502,-27026,0,0,1,0,1,0
1138,592187,-237,21527,-911,20379,-6088,2736,-23462,0,0,1,0,1,0
1139,592708,-464,21576,-738,20374,-11942,2865,-18997,0,0,1,0,1,0
1140,593229,-674,20852,-536,19642,-17337,2883,-13802,0,0,1,0,1,0
1141,593750,-857,19382,-314,18211,-22066,2791,-8077,0,0,1,0,1,0
1142,594270,-1008,17222,-79,16135,-25947,2592,-2041,0,0,1,0,1,0
1143,594791,-1120,14454,158,13492,-28831,2292,4073,0,0,1,0,1,0
1144,595312,-1189,11182,390,10383,-30607,1905,10031,0,0,1,0,1,0
1145,595833,-1212,7532,606,6926,-31207,1445,15603,0,0,1,0,1,0
1146,596354,-1189,3642,799,3253,-30607,929,20576,0,0,1,0,1,0
1147,596875,-1120,-338,962,-496,-28831,377,24758,0,0,1,0,1,0
1148,597395,-1008,-4256,1087,-4177,-25947,-189,27988,0,0,1,0,1,0
1149,597916,-857,-7964,1171,-7650,-22066,-748,30143,0,0,1,0,1,0
1150,598437,-674,-11319,1210,-10783,-17337,-1278,31140,0,0,1,0,1,0
1151,598958,-464,-14194,1202,-13456,-11942,-1759,30940,0,0,1,0,1,0
1152,599479,-237,-16478,1148,-15567,-6088,-2172,29551,0,0,1,0,1,0
1153,600000,0,-18086,1050,-17036,0,-2502,27026,0,0,1,0,1,0
1154,600520,237,-18955,911,-17807,6088,-2736,23462,0,0,1,0,1,0
1155,601041,464,-19054,738,-17852,11942,-2865,18997,0,0,1,0,1,0
1156,601562,674,-18379,536,-17169,17337,-2883,13802,0,0,1,0,1,0
1157,602083,857,-16957,314,-15786,22066,-2791,8077,0,0,1,0,1,0
1158,602604,1008,-14844,79,-13757,25947,-2592,2041,0,0,1,0,1,0
1159,603125,1120,-12122,-158,-11160,28831,-2292,-4073,0,0,1,0,1,0
1160,603645,1189,-8896,-390,-8096,30607,-1905,-10031,0,0,1,0,1,0
1161,604166,1212,-5290,-606,-4684,31207,-1445,-15603,0,0,1,0,1,0
1162,604687,1189,-1444,-799,-1054,30607,-929,-20576,0,0,1,0,1,0
1163,605208,1120,2493,-962,2651,28831,-377,-24758,0,0,1,0,1,0
1164,605729,1008,6370,-1087,6291,25947,189,-27988,0,0,1,0,1,0
1165,606250,857,10037,-1171,9723,22066,748,-30143,0,0,1,0,1,0
1166,606770,674,13351,-1210,12815,17337,1278,-31140,0,0,1,0,1,0
1167,607291,464,16187,-1202,15449,11942,1759,-30940,0,0,1,0,1,0
1168,607812,237,18432,-1148,17521,6088,2172,-29551,0,0,1,0,1,0
1169,608333,0,20002,-1050,18952,0,2502,-27026,0,0,1,0,1,0
1170,608854,-237,20834,-911,19686,-6088,2736,-23462,0,0,1,0,1,0
1171,609375,-464,20896,-738,19694,-11942,2865,-18997,0,0,1,0,1,0
1172,609895,-674,20185,-536,18976,-17337,2883,-13802,0,0,1,0,1,0
1173,610416,-857,18729,-314,17558,-22066,2791,-8077,0,0,1,0,1,0
1174,610937,-1008,16581,-79,15494,-25947,2592,-2041,0,0,1,0,1,0
1175,611458,-1120,13825,158,12863,-28831,2292,4073,0,0,1,0,1,0
1176,611979,-1189,10566,390,9766,-30607,1905,10031,0,0,1,0,1,0
1177,612500,-1212,6927,606,6321,-31207,1445,15603,0,0,1,0,1,0
1178,613020,-1189,3050,799,2660,-30607,929,20576,0,0,1,0,1,0
1179,613541,-1120,-919,962,-1077,-28831,377,24758,0,0,1,0,1,0
1180,614062,-1008,-4826,1087,-4747,-25947,-189,27988,0,0,1,0,1,0
1181,614583,-857,-8523,1171,-8209,-22066,-748,30143,0,0,1,0,1,0
1182,615104,-674,-11867,1210,-11331,-17337,-1278,31140,0,0,1,0,1,0
1183,615625,-464,-14731,1202,-13993,-11942,-1759,30940,0,0,1,0,1,0
1184,616145,-237,-17005,1148,-16094,-6088,-2172,29551,0,0,1,0,1,0
1185,616666,0,-18602,1050,-17552,0,-2502,27026,0,0,1,0,1,0
1186,617187,237,-19462,911,-18314,6088,-2736,23462,0,0,1,0,1,0
1187,617708,464,-19550,738,-18348,11942,-2865,18997,0,0,1,0,1,0
1188,618229,674,-18866,536,-17656,17337,-2883,13802,0,0,1,0,1,0
1189,618750,857,-17435,314,-16264,22066,-2791,8077,0,0,1,0,1,0
1190,619270,1008,-15313,79,-14225,25947,-2592,2041,0,0,1,0,1,0
1191,619791,1120,-12581,-158,-11619,28831,-2292,-4073,0,0,1,0,1,0
1192,620312,1189,-9346,-390,-8546,30607,-1905,-10031,0,0,1,0,1,0
1193,620833,1212,-5731,-606,-5125,31207,-1445,-15603,0,0,1,0,1,0
1194,621354,1189,-1877,-799,-1487,30607,-929,-20576,0,0,1,0,1,0
1195,621875,1120,2069,-962,2227,28831,-377,-24758,0,0,1,0,1,0
1196,622395,1008,5954,-1087,5874,25947,189,-27988,0,0,1,0,1,0
1197,622916,857,9628,-1171,9315,22066,748,-30143,0,0,1,0,1,0
1198,623437,674,12951,-1210,12415,17337,1278,-31140,0,0,1,0,1,0
1199,623958,464,15794,-1202,15056,11942,1759,-30940,0,0,1,0,1,0
1200,624479,237,18047,-1148,17136,6088,2172,-29551,0,0,1,0,1,0
1201,625000,0,19624,-1050,18574,0,2502,-27026,0,0,1,0,1,0
1202,625520,-237,20464,-911,19316,-6088,2736,-23462,0,0,1,0,1,0
1203,626041,-464,20533,-738,19331,-11942,2865,-18997,0,0,1,0,1,0
1204,626562,-674,19830,-536,18620,-17337,2883,-13802,0,0,1,0,1,0
1205,627083,-857,18380,-314,17209,-22066,2791,-8077,0,0,1,0,1,0
1206,627604,-1008,16239,-79,15152,-25947,2592,-2041,0,0,1,0,1,0
1207,628125,-1120,13490,158,12528,-28831,2292,4073,0,0,1,0,1,0
1208,628645,-1189,10237,390,9437,-30607,1905,10031,0,0,1,0,1,0
1209,629166,-1212,6605,606,5999,-31207,1445,15603,0,0,1,0,1,0
1210,629687,-1189,2734,799,2344,-30607,929,20576,0,0,1,0,1,0
1211,630208,-1120,-1229,962,-1387,-28831,377,24758,0,0,1,0,1,0
1212,630729,-1008,-5130,1087,-5051,-25947,-189,27988,0,0,1,0,1,0
1213,631250,-857,-8821,1171,-8507,-22066,-748,30143,0,0,1,0,1,0
1214,631770,-674,-12159,1210,-11623,-17337,-1278,31140,0,0,1,0,1,0
1215,632291,-464,-15018,1202,-14280,-11942,-1759,30940,0,0,1,0,1,0
1216,632812,-237,-17286,1148,-16375,-6088,-2172,29551,0,0,1,0,1,0
1217,633333,0,-18878,1050,-17828,0,-2502,27026,0,0,1,0,1,0
1218,633854,237,-19732,911,-18584,6088,-2736,23462,0,0,1,0,1,0
1219,634375,464,-19815,738,-18613,11942,-2865,18997,0,0,1,0,1,0
1220,634895,674,-19126,536,-17916,17337,-2883,13802,0,0,1,0,1,0
1221,635416,857,-17690,314,-16519,22066,-2791,8077,0,0,1,0,1,0
1222,635937,1008,-15563,79,-14475,25947,-2592,2041,0,0,1,0,1,0
1223,636458,1120,-12826,-158,-11864,28831,-2292,-4073,0,0,1,0,1,0
1224,636979,1189,-9586,-390,-8787,30607,-1905,-10031,0,0,1,0,1,0
1225,637500,1212,-5967,-606,-5361,31207,-1445,-15603,0,0,1,0,1,0
1226,638020,1189,-2108,-799,-1718,30607,-929,-20576,0,0,1,0,1,0
1227,638541,1120,1842,-962,2001,28831,-377,-24758,0,0,1,0,1,0
1228,639062,1008,5732,-1087,5652,25947,189,-27988,0,0,1,0,1,0
1229,639583,857,9411,-1171,9097,22066,748,-30143,0,0,1,0,1,0
1230,640104,674,12738,-1210,12202,17337,1278,-31140,0,0,1,0,1,0
1231,640625,464,15585,-1202,14847,11942,1759,-30940,0,0,1,0,1,0
1232,641145,237,17842,-1148,16931,6088,2172,-29551,0,0,1,0,1,0
1233,641666,0,19423,-1050,18373,0,2502,-27026,0,0,1,0,1,0
1234,642187,-237,20266,-911,19118,-6088,2736,-23462,0,0,1,0,1,0
1235,642708,-464,20340,-738,19138,-11942,2865,-18997,0,0,1,0,1,0
1236,643229,-674,19640,-536,18430,-17337,2883,-13802,0,0,1,0,1,0
1237,643750,-857,18194,-314,17023,-22066,2791,-8077,0,0,1,0,1,0
1238,644270,-1008,16057,-79,14970,-25947,2592,-2041,0,0,1,0,1,0
1239,644791,-1120,13311,158,12349,-28831,2292,4073,0,0,1,0,1,0
1240,645312,-1189,10061,390,9262,-30607,1905,10031,0,0,1,0,1,0
1241,645833,-1212,6433,606,5827,-31207,1445,15603,0,0,1,0,1,0
1242,646354,-1189,2565,799,2175,-30607,929,20576,0,0,1,0,1,0
1243,646875,-1120,-1394,962,-1552,-28831,377,24758,0,0,1,0,1,0
1244,647395,-1008,-5292,1087,-5213,-25947,-189,27988,0,0,1,0,1,0
1245,647916,-857,-8980,1171,-8666,-22066,-748,30143,0,0,1,0,1,0
1246,648437,-674,-12315,1210,-11779,-17337,-1278,31140,0,0,1,0,1,0
1247,648958,-464,-15171,1202,-14433,-11942,-1759,30940,0,0,1,0,1,0
1248,649479,-237,-17436,1148,-16525,-6088,-2172,29551,0,0,1,0,1,0
1249,650000,0,-19025,1050,-17975,0,-2502,27026,0,0,1,0,1,0
1250,650520,237,-19876,911,-18728,6088,-2736,23462,0,0,1,0,1,0
1251,651041,464,-19957,738,-18755,11942,-2865,18997,0,0,1,0,1,0
1252,651562,674,-19264,536,-18055,17337,-2883,13802,0,0,1,0,1,0
1253,652083,857,-17826,314,-16655,22066,-2791,8077,0,0,1,0,1,0
1254,652604,1008,-15696,79,-14608,25947,-2592,2041,0,0,1,0,1,0
1255,653125,1120,-12957,-158,-11995,28831,-2292,-4073,0,0,1,0,1,0
1256,653645,1189,-9714,-390,-8915,30607,-1905,-10031,0,0,1,0,1,0
1257,654166,1212,-6092,-606,-5486,31207,-1445,-15603,0,0,1,0,1,0
1258,654687,1189,-2231,-799,-1841,30607,-929,-20576,0,0,1,0,1,0
1259,655208,1120,1721,-962,1880,28831,-377,-24758,0,0,1,0,1,0
1260,655729,1008,5613,-1087,5534,25947,189,-27988,0,0,1,0,1,0
1261,656250,857,9295,-1171,8981,22066,748,-30143,0,0,1,0,1,0
1262,656770,674,12624,-1210,12088,17337,1278,-31140,0,0,1,0,1,0
1263,657291,464,15473,-1202,14735,11942,1759,-30940,0,0,1,0,1,0
1264,657812,237,17733,-1148,16821,6088,2172,-29551,0,0,1,0,1,0
1265,658333,0,19316,-1050,18266,0,2502,-27026,0,0,1,0,1,0
1266,658854,-237,20161,-911,19013,-6088,2736,-23462,0,0,1,0,1,0
1267,659375,-464,20236,-738,19034,-11942,2865,-18997,0,0,1,0,1,0
1268,659895,-674,19539,-536,18329,-17337,2883,-13802,0,0,1,0,1,0
1269,660416,-857,18095,-314,16924,-22066,2791,-8077,0,0,1,0,1,0
1270,660937,-1008,15959,-79,14872,-25947,2592,-2041,0,0,1,0,1,0
1271,661458,-1120,13215,158,12254,-28831,2292,4073,0,0,1,0,1,0
1272,661979,-1189,9968,390,9168,-30607,1905,10031,0,0,1,0,1,0
1273,662500,-1212,6341,606,5735,-31207,1445,15603,0,0,1,0,1,0
1274,663020,-1189,2475,799,2085,-30607,929,20576,0,0,1,0,1,0
1275,663541,-1120,-1482,962,-1641,-28831,377,24758,0,0,1,0,1,0
1276,664062,-1008,-5379,1087,-5300,-25947,-189,27988,0,0,1,0,1,0
1277,664583,-857,-9065,1171,-8751,-22066,-748,30143,0,0,1,0,1,0
1278,665104,-674,-12399,1210,-11862,-17337,-1278,31140,0,0,1,0,1,0
1279,665625,-464,-15252,1202,-14514,-11942,-1759,30940,0,0,1,0,1,0
1280,666145,-237,-17516,1148,-16605,-6088,-2172,29551,0,0,1,0,1,0
1281,666666,0,-19103,1050,-18053,0,-2502,27026,0,0,1,0,1,0
1282,667187,237,-19953,911,-18805,6088,-2736,23462,0,0,1,0,1,0
1283,667708,464,-20032,738,-18830,11942,-2865,18997,0,0,1,0,1,0
1284,668229,674,-19338,536,-18129,17337,-2883,13802,0,0,1,0,1,0
1285,668750,857,-17898,314,-16727,22066,-2791,8077,0,0,1,0,1,0
1286,669270,1008,-15767,79,-14680,25947,-2592,2041,0,0,1,0,1,0
1287,669791,1120,-13027,-158,-12065,28831,-2292,-4073,0,0,1,0,1,0
1288,670312,1189,-9782,-390,-8983,30607,-1905,-10031,0,0,1,0,1,0
1289,670833,1212,-6159,-606,-5553,31207,-1445,-15603,0,0,1,0,1,0
1290,671354,1189,-2297,-799,-1907,30607,-929,-20576,0,0,1,0,1,0
1291,671875,1120,1657,-962,1815,28831,-377,-24758,0,0,1,0,1,0
1292,672395,1008,5550,-1087,5471,25947,189,-27988,0,0,1,0,1,0
1293,672916,857,9233,-1171,8919,22066,748,-30143,0,0,1,0,1,0
1294,673437,674,12563,-1210,12027,17337,1278,-31140,0,0,1,0,1,0
1295,673958,464,15414,-1202,14676,11942,1759,-30940,0,0,1,0,1,0
1296,674479,237,17674,-1148,16763,6088,2172,-29551,0,0,1,0,1,0
1297,675000,0,19258,-1050,18208,0,2502,-27026,0,0,1,0,1,0
1298,675520,-237,20105,-911,18957,-6088,2736,-23462,0,0,1,0,1,0
1299,676041,-464,20181,-738,18979,-11942,2865,-18997,0,0,1,0,1,0
1300,676562,-674,19485,-536,18275,-17337,2883,-13802,0,0,1,0,1,0
1301,677083,-857,18042,-314,16871,-22066,2791,-8077,0,0,1,0,1,0
1302,677604,-1008,15908,-79,14820,-25947,2592,-2041,0,0,1,0,1,0
1303,678125,-1120,13164,158,12203,-28831,2292,4073,0,0,1,0,1,0
1304,678645,-1189,9918,390,9118,-30607,1905,10031,0,0,1,0,1,0
1305,679166,-1212,6292,606,5686,-31207,1445,15603,0,0,1,0,1,0
1306,679687,-1189,2427,799,2037,-30607,929,20576,0,0,1,0,1,0
1307,680208,-1120,-1530,962,-1688,-28831,377,24758,0,0,1,0,1,0
1308,680729,-1008,-5425,1087,-5346,-25947,-189,27988,0,0,1,0,1,0
1309,681250,-857,-9110,1171,-8796,-22066,-748,30143,0,0,1,0,1,0
1310,681770,-674,-12443,1210,-11907,-17337,-1278,31140,0,0,1,0,1,0
1311,682291,-464,-15296,1202,-14558,-11942,-1759,30940,0,0,1,0,1,0
1312,682812,-237,-17559,1148,-16647,-6088,-2172,29551,0,0,1,0,1,0
1313,683333,0,-19145,1050,-18095,0,-2502,27026,0,0,1,0,1,0
1314,683854,237,-19994,911,-18846,6088,-2736,23462,0,0,1,0,1,0
1315,684375,464,-20072,738,-18870,11942,-2865,18997,0,0,1,0,1,0
1316,684895,674,-19378,536,-18168,17337,-2883,13802,0,0,1,0,1,0
1317,685416,857,-17937,314,-16766,22066,-2791,8077,0,0,1,0,1,0
1318,685937,1008,-15805,79,-14717,25947,-2592,2041,0,0,1,0,1,0
1319,686458,1120,-13064,-158,-12102,28831,-2292,-4073,0,0,1,0,1,0
1320,686979,1189,-9819,-390,-9020,30607,-1905,-10031,0,0,1,0,1,0
1321,687500,1212,-6195,-606,-5589,31207,-1445,-15603,0,0,1,0,1,0
1322,688020,1189,-2332,-799,-1942,30607,-929,-20576,0,0,1,0,1,0
1323,688541,1120,1623,-962,1781,28831,-377,-24758,0,0,1,0,1,0
1324,689062,1008,5516,-1087,5437,25947,189,-27988,0,0,1,0,1,0
1325,689583,857,9200,-1171,8886,22066,748,-30143,0,0,1,0,1,0
1326,690104,674,12531,-1210,11995,17337,1278,-31140,0,0,1,0,1,0
1327,690625,464,15382,-1202,14644,11942,1759,-30940,0,0,1,0,1,0
1328,691145,237,17643,-1148,16732,6088,2172,-29551,0,0,1,0,1,0
1329,691666,0,19228,-1050,18178,0,2502,-27026,0,0,1,0,1,0
1330,692187,-237,20075,-911,18927,-6088,2736,-23462,0,0,1,0,1,0
1331,692708,-464,20152,-738,18950,-11942,2865,-18997,0,0,1,0,1,0
1332,693229,-674,19456,-536,18246,-17337,2883,-13802,0,0,1,0,1,0
1333,693750,-857,18013,-314,16842,-22066,2791,-8077,0,0,1,0,1,0
1334,694270,-1008,15880,-79,14793,-25947,2592,-2041,0,0,1,0,1,0
1335,694791,-1120,13137,158,12176,-28831,2292,4073,0,0,1,0,1,0
1336,695312,-1189,9891,390,9092,-30607,1905,10031,0,0,1,0,1,0
1337,695833,-1212,6266,606,5660,-31207,1445,15603,0,0,1,0,1,0
1338,696354,-1189,2401,799,2012,-30607,929,20576,0,0,1,0,1,0
1339,696875,-1120,-1555,962,-1713,-28831,377,24758,0,0,1,0,1,0
1340,697395,-1008,-5450,1087,-5370,-25947,-189,27988,0,0,1,0,1,0
1341,697916,-857,-9134,1171,-8820,-22066,-748,30143,0,0,1,0,1,0
1342,698437,-674,-12467,1210,-11930,-17337,-1278,31140,0,0,1,0,1,0
1343,698958,-464,-15319,1202,-14581,-11942,-1759,30940,0,0,1,0,1,0
1344,699479,-237,-17581,1148,-16670,-6088,-2172,29551,0,0,1,0,1,0
1345,700000,0,-19167,1050,-18117,0,-2502,27026,0,0,1,0,1,0
1346,700520,237,-20016,911,-18868,6088,-2736,23462,0,0,1,0,1,0
1347,701041,464,-20094,738,-18892,11942,-2865,18997,0,0,1,0,1,0
1348,701562,674,-19399,536,-18189,17337,-2883,13802,0,0,1,0,1,0
1349,702083,857,-17957,314,-16786,22066,-2791,8077,0,0,1,0,1,0
1350,702604,1008,-15825,79,-14738,25947,-2592,2041,0,0,1,0,1,0
1351,703125,1120,-13084,-158,-12122,28831,-2292,-4073,0,0,1,0,1,0
1352,703645,1189,-9838,-390,-9039,30607,-1905,-10031,0,0,1,0,1,0
1353,704166,1212,-6214,-606,-5608,31207,-1445,-15603,0,0,1,0,1,0
1354,704687,1189,-2351,-799,-1961,30607,-929,-20576,0,0,1,0,1,0
1355,705208,1120,1604,-962,1763,28831,-377,-24758,0,0,1,0,1,0
1356,705729,1008,5498,-1087,5419,25947,189,-27988,0,0,1,0,1,0
1357,706250,857,9182,-1171,8868,22066,748,-30143,0,0,1,0,1,0
1358,706770,674,12513,-1210,11977,17337,1278,-31140,0,0,1,0,1,0
1359,707291,464,15365,-1202,14627,11942,1759,-30940,0,0,1,0,1,0
1360,707812,237,17627,-1148,16715,6088,2172,-29551,0,0,1,0,1,0
1361,708333,0,19212,-1050,18162,0,2502,-27026,0,0,1,0,1,0
1362,708854,-237,20059,-911,18911,-6088,2736,-23462,0,0,1,0,1,0
1363,709375,-464,20136,-738,18934,-11942,2865,-18997,0,0,1,0,1,0
1364,709895,-674,19440,-536,18231,-17337,2883,-13802,0,0,1,0,1,0
1365,710416,-857,17998,-314,16827,-22066,2791,-8077,0,0,1,0,1,0
1366,710937,-1008,15865,-79,14778,-25947,2592,-2041,0,0,1,0,1,0
1367,711458,-1120,13123,158,12161,-28831,2292,4073,0,0,1,0,1,0
1368,711979,-1189,9877,390,9078,-30607,1905,10031,0,0,1,0,1,0
1369,712500,-1212,6252,606,5646,-31207,1445,15603,0,0,1,0,1,0
1370,713020,-1189,2388,799,1998,-30607,929,20576,0,0,1,0,1,0
1371,713541,-1120,-1568,962,-1726,-28831,377,24758,0,0,1,0,1,0
1372,714062,-1008,-5463,1087,-5384,-25947,-189,27988,0,0,1,0,1,0
1373,714583,-857,-9147,1171,-8833,-22066,-748,30143,0,0,1,0,1,0
1374,715104,-674,-12479,1210,-11943,-17337,-1278,31140,0,0,1,0,1,0
1375,715625,-464,-15331,1202,-14593,-11942,-1759,30940,0,0,1,0,1,0
1376,716145,-237,-17594,1148,-16682,-6088,-2172,29551,0,0,1,0,1,0
1377,716666,0,-19179,1050,-18129,0,-2502,27026,0,0,1,0,1,0
1378,717187,237,-20027,911,-18879,6088,-2736,23462,0,0,1,0,1,0
1379,717708,464,-20105,738,-18903,11942,-2865,18997,0,0,1,0,1,0
1380,718229,674,-19410,536,-18200,17337,-2883,13802,0,0,1,0,1,0
1381,718750,857,-17968,314,-16797,22066,-2791,8077,0,0,1,0,1,0
1382,719270,1008,-15836,79,-14749,25947,-2592,2041,0,0,1,0,1,0
1383,719791,1120,-13094,-158,-12132,28831,-2292,-4073,0,0,1,0,1,0
1384,720312,1189,-9849,-390,-9049,30607,-1905,-10031,0,0,1,0,1,0
1385,720833,1212,-6225,-606,-5618,31207,-1445,-15603,0,0,1,0,1,0
1386,721354,1189,-2361,-799,-1971,30607,-929,-20576,0,0,1,0,1,0
1387,721875,1120,1595,-962,1753,28831,-377,-24758,0,0,1,0,1,0
1388,722395,1008,5489,-1087,5410,25947,189,-27988,0,0,1,0,1,0
1389,722916,857,9173,-1171,8859,22066,748,-30143,0,0,1,0,1,0
1390,723437,674,12504,-1210,11968,17337,1278,-31140,0,0,1,0,1,0
1391,723958,464,15356,-1202,14618,11942,1759,-30940,0,0,1,0,1,0
1392,724479,237,17618,-1148,16706,6088,2172,-29551,0,0,1,0,1,0
1393,725000,0,19203,-1050,18153,0,2502,-27026,0,0,1,0,1,0
1394,725520,-237,20050,-911,18902,-6088,2736,-23462,0,0,1,0,1,0
1395,726041,-464,20128,-738,18926,-11942,2865,-18997,0,0,1,0,1,0
1396,726562,-674,19432,-536,18223,-17337,2883,-13802,0,0,1,0,1,0
1397,727083,-857,17990,-314,16819,-22066,2791,-8077,0,0,1,0,1,0
1398,727604,-1008,15857,-79,14770,-25947,2592,-2041,0,0,1,0,1,0
1399,728125,-1120,13115,158,12153,-28831,2292,4073,0,0,1,0,1,0
1400,728645,-1189,9869,390,9070,-30607,1905,10031,0,0,1,0,1,0
1401,729166,-1212,6245,606,5638,-31207,1445,15603,0,0,1,0,1,0
1402,729687,-1189,2380,799,1991,-30607,929,20576,0,0,1,0,1,0
1403,730208,-1120,-1575,962,-1733,-28831,377,24758,0,0,1,0,1,0
1404,730729,-1008,-5470,1087,-5391,-25947,-189,27988,0,0,1,0,1,0
1405,731250,-857,-9154,1171,-8840,-22066,-748,30143,0,0,1,0,1,0
1406,731770,-674,-12486,1210,-11950,-17337,-1278,31140,0,0,1,0,1,0
1407,732291,-464,-15338,1202,-14600,-11942,-1759,30940,0,0,1,0,1,0
1408,732812,-237,-17600,1148,-16689,-6088,-2172,29551,0,0,1,0,1,0
1409,733333,0,-19186,1050,-18136,0,-2502,27026,0,0,1,0,1,0
1410,733854,237,-20034,911,-18886,6088,-2736,23462,0,0,1,0,1,0
1411,734375,464,-20111,738,-18909,11942,-2865,18997,0,0,1,0,1,0
1412,734895,674,-19416,536,-18206,17337,-2883,13802,0,0,1,0,1,0
1413,735416,857,-17974,314,-16803,22066,-2791,8077,0,0,1,0,1,0
1414,735937,1008,-15842,79,-14754,25947,-2592,2041,0,0,1,0,1,0
1415,736458,1120,-13100,-158,-12138,28831,-2292,-4073,0,0,1,0,1,0
1416,736979,1189,-9854,-390,-9055,30607,-1905,-10031,0,0,1,0,1,0
1417,737500,1212,-6230,-606,-5624,31207,-1445,-15603,0,0,1,0,1,0
1418,738020,1189,-2366,-799,-1976,30607,-929,-20576,0,0,1,0,1,0
1419,738541,1120,1589,-962,1748,28831,-377,-24758,0,0,1,0,1,0
1420,739062,1008,5484,-1087,5404,25947,189,-27988,0,0,1,0,1,0
1421,739583,857,9168,-1171,8854,22066,748,-30143,0,0,1,0,1,0
1422,740104,674,12499,-1210,11963,17337,1278,-31140,0,0,1,0,1,0
1423,740625,464,15351,-1202,14613,11942,1759,-30940,0,0,1,0,1,0
1424,741145,237,17613,-1148,16701,6088,2172,-29551,0,0,1,0,1,0
1425,741666,0,19198,-1050,18148,0,2502,-27026,0,0,1,0,1,0
1426,742187,-237,20046,-911,18898,-6088,2736,-23462,0,0,1,0,1,0
1427,742708,-464,20123,-738,18922,-11942,2865,-18997,0,0,1,0,1,0
1428,743229,-674,19428,-536,18218,-17337,2883,-13802,0,0,1,0,1,0
1429,743750,-857,17986,-314,16815,-22066,2791,-8077,0,0,1,0,1,0
1430,744270,-1008,15853,-79,14766,-25947,2592,-2041,0,0,1,0,1,0
1431,744791,-1120,13111,158,12149,-28831,2292,4073,0,0,1,0,1,0
1432,745312,-1189,9865,390,9066,-30607,1905,10031,0,0,1,0,1,0
1433,745833,-1212,6241,606,5635,-31207,1445,15603,0,0,1,0,1,0
1434,746354,-1189,2376,799,1987,-30607,929,20576,0,0,1,0,1,0
1435,746875,-1120,-1579,962,-1737,-28831,377,24758,0,0,1,0,1,0
1436,747395,-1008,-5474,1087,-5394,-25947,-189,27988,0,0,1,0,1,0
1437,747916,-857,-9158,1171,-8844,-22066,-748,30143,0,0,1,0,1,0
1438,748437,-674,-12490,1210,-11953,-17337,-1278,31140,0,0,1,0,1,0
1439,748958,-464,-15341,1202,-14603,-11942,-1759,30940,0,0,1,0,1,0
1440,749479,-237,-17604,1148,-16692,-6088,-2172,29551,0,0,1,0,1,0
1441,750000,0,-19189,1050,-18139,0,-2502,27026,0,0,1,0,1,0
1442,750520,237,-20037,911,-18889,6088,-2736,23462,0,0,1,0,1,0
1443,751041,464,-20115,738,-18913,11942,-2865,18997,0,0,1,0,1,0
1444,751562,674,-19419,536,-18210,17337,-2883,13802,0,0,1,0,1,0
1445,752083,857,-17977,314,-16806,22066,-2791,8077,0,0,1,0,1,0
1446,752604,1008,-15845,79,-14757,25947,-2592,2041,0,0,1,0,1,0
1447,753125,1120,-13103,-158,-12141,28831,-2292,-4073,0,0,1,0,1,0
1448,753645,1189,-9857,-390,-9058,30607,-1905,-10031,0,0,1,0,1,0
1449,754166,1212,-6233,-606,-5627,31207,-1445,-15603,0,0,1,0,1,0
1450,754687,1189,-2369,-799,-1979,30607,-929,-20576,0,0,1,0,1,0
1451,755208,1120,1587,-962,1745,28831,-377,-24758,0,0,1,0,1,0
1452,755729,1008,5481,-1087,5402,25947,189,-27988,0,0,1,0,1,0
1453,756250,857,9165,-1171,8851,22066,748,-30143,0,0,1,0,1,0
1454,756770,674,12497,-1210,11960,17337,1278,-31140,0,0,1,0,1,0
1455,757291,464,15348,-1202,14610,11942,1759,-30940,0,0,1,0,1,0
1456,757812,237,17610,-1148,16699,6088,2172,-29551,0,0,1,0,1,0
1457,758333,0,19196,-1050,18146,0,2502,-27026,0,0,1,0,1,0
1458,758854,-237,20043,-911,18895,-6088,2736,-23462,0,0,1,0,1,0
1459,759375,-464,20121,-738,18919,-11942,2865,-18997,0,0,1,0,1,0
1460,759895,-674,19426,-536,18216,-17337,2883,-13802,0,0,1,0,1,0
1461,760416,-857,17984,-314,16813,-22066,2791,-8077,0,0,1,0,1,0
1462,760937,-1008,15851,-79,14763,-25947,2592,-2041,0,0,1,0,1,0
1463,761458,-1120,13109,158,12147,-28831,2292,4073,0,0,1,0,1,0
1464,761979,-1189,9863,390,9064,-30607,1905,10031,0,0,1,0,1,0
1465,762500,-1212,6239,606,5632,-31207,1445,15603,0,0,1,0,1,0
1466,763020,-1189,2374,799,1985,-30607,929,20576,0,0,1,0,1,0
1467,763541,-1120,-1581,962,-1739,-28831,377,24758,0,0,1,0,1,0
1468,764062,-1008,-5476,1087,-5396,-25947,-189,27988,0,0,1,0,1,0
1469,764583,-857,-9160,1171,-8846,-22066,-748,30143,0,0,1,0,1,0
1470,765104,-674,-12491,1210,-11955,-17337,-1278,31140,0,0,1,0,1,0
1471,765625,-464,-15343,1202,-14605,-11942,-1759,30940,0,0,1,0,1,0
1472,766145,-237,-17605,1148,-16694,-6088,-2172,29551,0,0,1,0,1,0
1473,766666,0,-19191,1050,-18141,0,-2502,27026,0,0,1,0,1,0
1474,767187,237,-20039,911,-18891,6088,-2736,23462,0,0,1,0,1,0
1475,767708,464,-20116,738,-18914,11942,-2865,18997,0,0,1,0,1,0
1476,768229,674,-19421,536,-18211,17337,-2883,13802,0,0,1,0,1,0
1477,768750,857,-17979,314,-16808,22066,-2791,8077,0,0,1,0,1,0
1478,769270,1008,-15846,79,-14759,25947,-2592,2041,0,0,1,0,1,0
1479,769791,1120,-13104,-158,-12143,28831,-2292,-4073,0,0,1,0,1,0
1480,770312,1189,-9859,-390,-9060,30607,-1905,-10031,0,0,1,0,1,0
1481,770833,1212,-6234,-606,-5628,31207,-1445,-15603,0,0,1,0,1,0
1482,771354,1189,-2370,-799,-1981,30607,-929,-20576,0,0,1,0,1,0
1483,771875,1120,1585,-962,1743,28831,-377,-24758,0,0,1,0,1,0
1484,772395,1008,5479,-1087,5400,25947,189,-27988,0,0,1,0,1,0
1485,772916,857,9163,-1171,8850,22066,748,-30143,0,0,1,0,1,0
1486,773437,674,12495,-1210,11959,17337,1278,-31140,0,0,1,0,1,0
1487,773958,464,15347,-1202,14609,11942,1759,-30940,0,0,1,0,1,0
1488,774479,237,17609,-1148,16698,6088,2172,-29551,0,0,1,0,1,0
1489,775000,0,19194,-1050,18144,0,2502,-27026,0,0,1,0,1,0
1490,775520,-237,20042,-911,18894,-6088,2736,-23462,0,0,1,0,1,0
1491,776041,-464,20120,-738,18918,-11942,2865,-18997,0,0,1,0,1,0
1492,776562,-674,19424,-536,18215,-17337,2883,-13802,0,0,1,0,1,0
1493,777083,-857,17982,-314,16811,-22066,2791,-8077,0,0,1,0,1,0
1494,777604,-1008,15850,-79,14762,-25947,2592,-2041,0,0,1,0,1,0
1495,778125,-1120,13108,158,12146,-28831,2292,4073,0,0,1,0,1,0
1496,778645,-1189,9862,390,9063,-30607,1905,10031,0,0,1,0,1,0
1497,779166,-1212,6237,606,5631,-31207,1445,15603,0,0,1,0,1,0
1498,779687,-1189,2373,799,1984,-30607,929,20576,0,0,1,0,1,0
1499,780208,-1120,-1582,962,-1740,-28831,377,24758,0,0,1,0,1,0
1500,780729,-1008,-5477,1087,-5397,-25947,-189,27988,0,0,1,0,1,0
1501,781250,-857,-9161,1171,-8847,-22066,-748,30143,0,0,1,0,1,0
1502,781770,-674,-12493,1210,-11956,-17337,-1278,31140,0,0,1,0,1,0
1503,782291,-464,-15344,1202,-14606,-11942,-1759,30940,0,0,1,0,1,0
1504,782812,-237,-17606,1148,-16695,-6088,-2172,29551,0,0,1,0,1,0
1505,783333,0,-19192,1050,-18142,0,-2502,27026,0,0,1,0,1,0
1506,783854,237,-20040,911,-18892,6088,-2736,23462,0,0,1,0,1,0
1507,784375,464,-20117,738,-18915,11942,-2865,18997,0,0,1,0,1,0
1508,784895,674,-19422,536,-18212,17337,-2883,13802,0,0,1,0,1,0
1509,785416,857,-17980,314,-16809,22066,-2791,8077,0,0,1,0,1,0
1510,785937,1008,-15847,79,-14760,25947,-2592,2041,0,0,1,0,1,0
1511,786458,1120,-13105,-158,-12143,28831,-2292,-4073,0,0,1,0,1,0
1512,786979,1189,-9860,-390,-9060,30607,-1905,-10031,0,0,1,0,1,0
1513,787500,1212,-6235,-606,-5629,31207,-1445,-15603,0,0,1,0,1,0
1514,788020,1189,-2371,-799,-1981,30607,-929,-20576,0,0,1,0,1,0
1515,788541,1120,1584,-962,1742,28831,-377,-24758,0,0,1,0,1,0
1516,789062,1008,5479,-1087,5399,25947,189,-27988,0,0,1,0,1,0
1517,789583,857,9163,-1171,8849,22066,748,-30143,0,0,1,0,1,0
1518,790104,674,12495,-1210,11958,17337,1278,-31140,0,0,1,0,1,0
1519,790625,464,15346,-1202,14608,11942,1759,-30940,0,0,1,0,1,0
1520,791145,237,17608,-1148,16697,6088,2172,-29551,0,0,1,0,1,0
1521,791666,0,19194,-1050,18144,0,2502,-27026,0,0,1,0,1,0
1522,792187,-237,20042,-911,18894,-6088,2736,-23462,0,0,1,0,1,0
1523,792708,-464,20119,-738,18917,-11942,2865,-18997,0,0,1,0,1,0
1524,793229,-674,19424,-536,18214,-17337,2883,-13802,0,0,1,0,1,0
1525,793750,-857,17982,-314,16811,-22066,2791,-8077,0,0,1,0,1,0
1526,794270,-1008,15849,-79,14762,-25947,2592,-2041,0,0,1,0,1,0
1527,794791,-1120,13107,158,12145,-28831,2292,4073,0,0,1,0,1,0
1528,795312,-1189,9861,390,9062,-30607,1905,10031,0,0,1,0,1,0
1529,795833,-1212,6237,606,5631,-31207,1445,15603,0,0,1,0,1,0
1530,796354,-1189,2373,799,1983,-30607,929,20576,0,0,1,0,1,0
1531,796875,-1120,-1583,962,-1741,-28831,377,24758,0,0,1,0,1,0
1532,797395,-1008,-5477,1087,-5398,-25947,-189,27988,0,0,1,0,1,0
1533,797916,-857,-9161,1171,-8847,-22066,-748,30143,0,0,1,0,1,0
1534,798437,-674,-12493,1210,-11957,-17337,-1278,31140,0,0,1,0,1,0
1535,798958,-464,-15345,1202,-14607,-11942,-1759,30940,0,0,1,0,1,0
1536,799479,-237,-17607,1148,-16695,-6088,-2172,29551,0,0,1,0,1,0
1537,800000,0,-19192,1050,-18142,0,-2502,27026,0,0,1,0,1,0
1538,800520,237,-20040,911,-18892,6088,-2736,23462,0,0,1,0,1,0
1539,801041,464,-20118,738,-18916,11942,-2865,18997,0,0,1,0,1,0
1540,801562,674,-19422,536,-18213,17337,-2883,13802,0,0,1,0,1,0
1541,802083,857,-17980,314,-16809,22066,-2791,8077,0,0,1,0,1,0
1542,802604,1008,-15848,79,-14760,25947,-2592,2041,0,0,1,0,1,0
1543,803125,0,0,0,0,0,0,0,1,0,0,0,0,1
1544,803645,0,0,0,0,0,0,0,1,0,0,0,0,1
1545,804166,0,0,0,0,0,0,0,1,0,0,0,0,1
1546,804687,0,0,0,0,0,0,0,1,0,0,0,0,1
1547,805208,0,0,0,0,0,0,0,1,0,0,0,0,1
1548,805729,0,0,0,0,0,0,0,1,0,0,0,0,1
1549,806250,0,0,0,0,0,0,0,1,0,0,0,0,1
1550,806770,0,0,0,0,0,0,0,1,0,0,0,0,1
1551,807291,0,0,0,0,0,0,0,1,0,0,0,0,1
1552,807812,0,0,0,0,0,0,0,1,0,0,0,0,1
1553,808333,0,0,0,0,0,0,0,1,0,0,0,0,1
1554,808854,0,0,0,0,0,0,0,1,0,0,0,0,1
1555,809375,0,0,0,0,0,0,0,1,0,0,0,0,1
1556,809895,0,0,0,0,0,0,0,1,0,0,0,0,1
1557,810416,0,0,0,0,0,0,0,1,0,0,0,0,1
1558,810937,0,0,0,0,0,0,0,1,0,0,0,0,1
1559,811458,0,0,0,0,0,0,0,1,0,0,0,0,1
1560,811979,0,0,0,0,0,0,0,1,0,0,0,0,1
1561,812500,0,0,0,0,0,0,0,1,0,0,0,0,1
1562,813020,0,0,0,0,0,0,0,1,0,0,0,0,1
1563,813541,0,0,0,0,0,0,0,1,0,0,0,0,1
1564,814062,0,0,0,0,0,0,0,1,0,0,0,0,1
1565,814583,0,0,0,0,0,0,0,1,0,0,0,0,1
1566,815104,0,0,0,0,0,0,0,1,0,0,0,0,1
1567,815625,0,0,0,0,0,0,0,1,0,0,0,0,1
1568,816145,0,0,0,0,0,0,0,1,0,0,0,0,1
1569,816666,0,0,0,0,0,0,0,1,0,0,0,0,1
1570,817187,0,0,0,0,0,0,0,1,0,0,0,0,1
1571,817708,0,0,0,0,0,0,0,1,0,0,0,0,1
1572,818229,0,0,0,0,0,0,0,1,0,0,0,0,1
1573,818750,0,0,0,0,0,0,0,1,0,0,0,0,1
1574,819270,0,0,0,0,0,0,0,1,0,0,0,0,1
1575,819791,0,0,0,0,0,0,0,1,0,0,0,0,1
1576,820312,0,0,0,0,0,0,0,1,0,0,0,0,1
1577,820833,0,0,0,0,0,0,0,1,0,0,0,0,1
1578,821354,0,0,0,0,0,0,0,1,0,0,0,0,1
1579,821875,0,0,0,0,0,0,0,1,0,0,0,0,1
1580,822395,0,0,0,0,0,0,0,1,0,0,0,0,1
1581,822916,0,0,0,0,0,0,0,1,0,0,0,0,1
1582,823437,0,0,0,0,0,0,0,1,0,0,0,0,1
1583,823958,0,0,0,0,0,0,0,1,0,0,0,0,1
1584,824479,0,0,0,0,0,0,0,1,0,0,0,0,1
1585,825000,0,0,0,0,0,0,0,1,0,0,0,0,1
1586,825520,0,0,0,0,0,0,0,1,0,0,0,0,1
1587,826041,0,0,0,0,0,0,0,1,0,0,0,0,1
1588,826562,0,0,0,0,0,0,0,1,0,0,0,0,1
1589,827083,0,0,0,0,0,0,0,1,0,0,0,0,1
1590,827604,0,0,0,0,0,0,0,1,0,0,0,0,1
1591,828125,0,0,0,0,0,0,0,1,0,0,0,0,1
1592,828645,0,0,0,0,0,0,0,1,0,0,0,0,1
1593,829166,0,0,0,0,0,0,0,1,0,0,0,0,1
1594,829687,0,0,0,0,0,0,0,1,0,0,0,0,1
1595,830208,0,0,0,0,0,0,0,1,0,0,0,0,1
1596,830729,0,0,0,0,0,0,0,1,0,0,0,0,1
1597,831250,0,0,0,0,0,0,0,1,0,0,0,0,1
1598,831770,0,0,0,0,0,0,0,1,0,0,0,0,1
1599,832291,0,0,0,0,0,0,0,1,0,0,0,0,1
1600,832812,0,0,0,0,0,0,0,1,0,0,0,0,1
1601,833333,0,0,0,0,0,0,0,1,0,0,0,0,1
1602,833854,0,0,0,0,0,0,0,1,0,0,0,0,1
1603,834375,0,0,0,0,0,0,0,1,0,0,0,0,1
1604,834895,0,0,0,0,0,0,0,1,0,0,0,0,1
1605,835416,0,0,0,0,0,0,0,1,0,0,0,0,1
1606,835937,0,0,0,0,0,0,0,1,0,0,0,0,1
1607,836458,0,0,0,0,0,0,0,1,0,0,0,0,1
1608,836979,0,0,0,0,0,0,0,1,0,0,0,0,1
1609,837500,0,0,0,0,0,0,0,1,0,0,0,0,1
1610,838020,0,0,0,0,0,0,0,1,0,0,0,0,1
1611,838541,0,0,0,0,0,0,0,1,0,0,0,0,1
1612,839062,0,0,0,0,0,0,0,1,0,0,0,0,1
1613,839583,0,0,0,0,0,0,0,1,0,0,0,0,1
1614,840104,0,0,0,0,0,0,0,1,0,0,0,0,1
1615,840625,0,0,0,0,0,0,0,1,0,0,0,0,1
1616,841145,0,0,0,0,0,0,0,1,0,0,0,0,1
1617,841666,0,0,0,0,0,0,0,1,0,0,0,0,1
1618,842187,0,0,0,0,0,0,0,1,0,0,0,0,1
1619,842708,0,0,0,0,0,0,0,1,0,0,0,0,1
1620,843229,0,0,0,0,0,0,0,1,0,0,0,0,1
1621,843750,0,0,0,0,0,0,0,1,0,0,0,0,1
1622,844270,0,0,0,0,0,0,0,1,0,0,0,0,1
1623,844791,0,0,0,0,0,0,0,1,0,0,0,0,1
1624,845312,0,0,0,0,0,0,0,1,0,0,0,0,1
1625,845833,0,0,0,0,0,0,0,1,0,0,0,0,1
1626,846354,0,0,0,0,0,0,0,1,0,0,0,0,1
1627,846875,0,0,0,0,0,0,0,1,0,0,0,0,1
1628,847395,0,0,0,0,0,0,0,1,0,0,0,0,1
1629,847916,0,0,0,0,0,0,0,1,0,0,0,0,1
1630,848437,0,0,0,0,0,0,0,1,0,0,0,0,1
1631,848958,0,0,0,0,0,0,0,1,0,0,0,0,1
1632,849479,0,0,0,0,0,0,0,1,0,0,0,0,1
1633,850000,0,0,0,0,0,0,0,1,0,0,0,0,1
1634,850520,0,0,0,0,0,0,0,1,0,0,0,0,1
1635,851041,0,0,0,0,0,0,0,1,0,0,0,0,1
1636,851562,0,0,0,0,0,0,0,1,0,0,0,0,1
1637,852083,0,0,0,0,0,0,0,1,0,0,0,0,1
1638,852604,0,0,0,0,0,0,0,1,0,0,0,0,1
1639,853125,0,0,0,0,0,0,0,1,0,0,0,0,1
1640,853645,0,0,0,0,0,0,0,1,0,0,0,0,1
1641,854166,0,0,0,0,0,0,0,1,0,0,0,0,1
1642,854687,0,0,0,0,0,0,0,1,0,0,0,0,1
1643,855208,0,0,0,0,0,0,0,1,0,0,0,0,1
1644,855729,0,0,0,0,0,0,0,1,0,0,0,0,1
1645,856250,0,0,0,0,0,0,0,1,0,0,0,0,1
1646,856770,0,0,0,0,0,0,0,1,0,0,0,0,1
1647,857291,0,0,0,0,0,0,0,1,0,0,0,0,1
1648,857812,0,0,0,0,0,0,0,1,0,0,0,0,1
1649,858333,0,0,0,0,0,0,0,1,0,0,0,0,1
1650,858854,0,0,0,0,0,0,0,1,0,0,0,0,1
1651,859375,0,0,0,0,0,0,0,1,0,0,0,0,1
1652,859895,0,0,0,0,0,0,0,1,0,0,0,0,1
1653,860416,0,0,0,0,0,0,0,1,0,0,0,0,1
1654,860937,0,0,0,0,0,0,0,1,0,0,0,0,1
1655,861458,0,0,0,0,0,0,0,1,0,0,0,0,1
1656,861979,0,0,0,0,0,0,0,1,0,0,0,0,1
1657,862500,0,0,0,0,0,0,0,1,0,0,0,0,1
1658,863020,0,0,0,0,0,0,0,1,0,0,0,0,1
1659,863541,0,0,0,0,0,0,0,1,0,0,0,0,1
1660,864062,0,0,0,0,0,0,0,1,0,0,0,0,1
1661,864583,0,0,0,0,0,0,0,1,0,0,0,0,1
1662,865104,0,0,0,0,0,0,0,1,0,0,0,0,1
1663,865625,0,0,0,0,0,0,0,1,0,0,0,0,1
1664,866145,0,0,0,0,0,0,0,1,0,0,0,0,1
1665,866666,0,0,0,0,0,0,0,1,0,0,0,0,1
1666,867187,0,0,0,0,0,0,0,1,0,0,0,0,1
1667,867708,0,0,0,0,0,0,0,1,0,0,0,0,1
1668,868229,0,0,0,0,0,0,0,1,0,0,0,0,1
1669,868750,0,0,0,0,0,0,0,1,0,0,0,0,1
1670,869270,0,0,0,0,0,0,0,1,0,0,0,0,1
1671,869791,0,0,0,0,0,0,0,1,0,0,0,0,1
1672,870312,0,0,0,0,0,0,0,1,0,0,0,0,1
1673,870833,0,0,0,0,0,0,0,1,0,0,0,0,1
1674,871354,0,0,0,0,0,0,0,1,0,0,0,0,1
1675,871875,0,0,0,0,0,0,0,1,0,0,0,0,1
1676,872395,0,0,0,0,0,0,0,1,0,0,0,0,1
1677,872916,0,0,0,0,0,0,0,1,0,0,0,0,1
1678,873437,0,0,0,0,0,0,0,1,0,0,0,0,1
1679,873958,0,0,0,0,0,0,0,1,0,0,0,0,1
1680,874479,0,0,0,0,0,0,0,1,0,0,0,0,1
1681,875000,0,0,0,0,0,0,0,1,0,0,0,0,1
1682,875520,0,0,0,0,0,0,0,1,0,0,0,0,1
1683,876041,0,0,0,0,0,0,0,1,0,0,0,0,1
1684,876562,0,0,0,0,0,0,0,1,0,0,0,0,1
1685,877083,0,0,0,0,0,0,0,1,0,0,0,0,1
1686,877604,0,0,0,0,0,0,0,1,0,0,0,0,1
1687,878125,0,0,0,0,0,0,0,1,0,0,0,0,1
1688,878645,0,0,0,0,0,0,0,1,0,0,0,0,1
1689,879166,0,0,0,0,0,0,0,1,0,0,0,0,1
1690,879687,0,0,0,0,0,0,0,1,0,0,0,0,1
1691,880208,0,0,0,0,0,0,0,1,0,0,0,0,1
1692,880729,0,0,0,0,0,0,0,1,0,0,0,0,1
1693,881250,0,0,0,0,0,0,0,1,0,0,0,0,1
1694,881770,0,0,0,0,0,0,0,1,0,0,0,0,1
1695,882291,0,0,0,0,0,0,0,1,0,0,0,0,1
1696,882812,0,0,0,0,0,0,0,1,0,0,0,0,1
1697,883333,0,0,0,0,0,0,0,1,0,0,0,0,1
1698,883854,0,0,0,0,0,0,0,1,0,0,0,0,1
1699,884375,0,0,0,0,0,0,0,1,0,0,0,0,1
1700,884895,0,0,0,0,0,0,0,1,0,0,0,0,1
1701,885416,0,0,0,0,0,0,0,1,0,0,0,0,1
1702,885937,0,0,0,0,0,0,0,1,0,0,0,0,1
1703,886458,0,0,0,0,0,0,0,1,0,0,0,0,1
1704,886979,0,0,0,0,0,0,0,1,0,0,0,0,1
1705,887500,0,0,0,0,0,0,0,1,0,0,0,0,1
1706,888020,0,0,0,0,0,0,0,1,0,0,0,0,1
1707,888541,0,0,0,0,0,0,0,1,0,0,0,0,1
1708,889062,0,0,0,0,0,0,0,1,0,0,0,0,1
1709,889583,0,0,0,0,0,0,0,1,0,0,0,0,1
1710,890104,0,0,0,0,0,0,0,1,0,0,0,0,1
1711,890625,0,0,0,0,0,0,0,1,0,0,0,0,1
1712,891145,0,0,0,0,0,0,0,1,0,0,0,0,1
1713,891666,0,0,0,0,0,0,0,1,0,0,0,0,1
1714,892187,0,0,0,0,0,0,0,1,0,0,0,0,1
1715,892708,0,0,0,0,0,0,0,1,0,0,0,0,1
1716,893229,0,0,0,0,0,0,0,1,0,0,0,0,1
1717,893750,0,0,0,0,0,0,0,1,0,0,0,0,1
1718,894270,0,0,0,0,0,0,0,1,0,0,0,0,1
1719,894791,0,0,0,0,0,0,0,1,0,0,0,0,1
1720,895312,0,0,0,0,0,0,0,1,0,0,0,0,1
1721,895833,0,0,0,0,0,0,0,1,0,0,0,0,1
1722,896354,0,0,0,0,0,0,0,1,0,0,0,0,1
1723,896875,0,0,0,0,0,0,0,1,0,0,0,0,1
1724,897395,0,0,0,0,0,0,0,1,0,0,0,0,1
1725,897916,0,0,0,0,0,0,0,1,0,0,0,0,1
1726,898437,0,0,0,0,0,0,0,1,0,0,0,0,1
1727,898958,0,0,0,0,0,0,0,1,0,0,0,0,1
1728,899479,0,0,0,0,0,0,0,1,0,0,0,0,1
1729,900000,0,0,0,0,0,0,0,1,0,0,0,0,1
1730,900520,0,0,0,0,0,0,0,1,0,0,0,0,1
1731,901041,0,0,0,0,0,0,0,1,0,0,0,0,1
1732,901562,0,0,0,0,0,0,0,1,0,0,0,0,1
1733,902083,0,0,0,0,0,0,0,1,0,0,0,0,1
1734,902604,0,0,0,0,0,0,0,1,0,0,0,0,1
1735,903125,0,0,0,0,0,0,0,1,0,0,0,0,1
1736,903645,0,0,0,0,0,0,0,1,0,0,0,0,1
1737,904166,0,0,0,0,0,0,0,1,0,0,0,0,1
1738,904687,0,0,0,0,0,0,0,1,0,0,0,0,1
1739,905208,0,0,0,0,0,0,0,1,0,0,0,0,1
1740,905729,0,0,0,0,0,0,0,1,0,0,0,0,1
1741,906250,0,0,0,0,0,0,0,1,0,0,0,0,1
1742,906770,0,0,0,0,0,0,0,1,0,0,0,0,1
1743,907291,0,0,0,0,0,0,0,1,0,0,0,0,1
1744,907812,0,0,0,0,0,0,0,1,0,0,0,0,1
1745,908333,0,0,0,0,0,0,0,1,0,0,0,0,1
1746,908854,0,0,0,0,0,0,0,1,0,0,0,0,1
1747,909375,0,0,0,0,0,0,0,1,0,0,0,0,1
1748,909895,0,0,0,0,0,0,0,1,0,0,0,0,1
1749,910416,0,0,0,0,0,0,0,1,0,0,0,0,1
1750,910937,0,0,0,0,0,0,0,1,0,0,0,0,1
1751,911458,0,0,0,0,0,0,0,1,0,0,0,0,1
1752,911979,0,0,0,0,0,0,0,1,0,0,0,0,1
1753,912500,0,0,0,0,0,0,0,1,0,0,0,0,1
1754,913020,0,0,0,0,0,0,0,1,0,0,0,0,1
1755,913541,0,0,0,0,0,0,0,1,0,0,0,0,1
1756,914062,0,0,0,0,0,0,0,1,0,0,0,0,1
1757,914583,0,0,0,0,0,0,0,1,0,0,0,0,1
1758,915104,0,0,0,0,0,0,0,1,0,0,0,0,1
1759,915625,0,0,0,0,0,0,0,1,0,0,0,0,1
1760,916145,0,0,0,0,0,0,0,1,0,0,0,0,1
1761,916666,0,0,0,0,0,0,0,1,0,0,0,0,1
1762,917187,0,0,0,0,0,0,0,1,0,0,0,0,1
1763,917708,0,0,0,0,0,0,0,1,0,0,0,0,1
1764,918229,0,0,0,0,0,0,0,1,0,0,0,0,1
1765,918750,0,0,0,0,0,0,0,1,0,0,0,0,1
1766,919270,0,0,0,0,0,0,0,1,0,0,0,0,1
1767,919791,0,0,0,0,0,0,0,1,0,0,0,0,1
1768,920312,0,0,0,0,0,0,0,1,0,0,0,0,1
1769,920833,0,0,0,0,0,0,0,1,0,0,0,0,1
1770,921354,0,0,0,0,0,0,0,1,0,0,0,0,1
1771,921875,0,0,0,0,0,0,0,1,0,0,0,0,1
1772,922395,0,0,0,0,0,0,0,1,0,0,0,0,1
1773,922916,0,0,0,0,0,0,0,1,0,0,0,0,1
1774,923437,0,0,0,0,0,0,0,1,0,0,0,0,1
1775,923958,0,0,0,0,0,0,0,1,0,0,0,0,1
1776,924479,0,0,0,0,0,0,0,1,0,0,0,0,1
1777,925000,0,0,0,0,0,0,0,1,0,0,0,0,1
1778,925520,0,0,0,0,0,0,0,1,0,0,0,0,1
1779,926041,0,0,0,0,0,0,0,1,0,0,0,0,1
1780,926562,0,0,0,0,0,0,0,1,0,0,0,0,1
1781,927083,0,0,0,0,0,0,0,1,0,0,0,0,1
1782,927604,0,0,0,0,0,0,0,1,0,0,0,0,1
1783,928125,0,0,0,0,0,0,0,1,0,0,0,0,1
1784,928645,0,0,0,0,0,0,0,1,0,0,0,0,1
1785,929166,0,0,0,0,0,0,0,1,0,0,0,0,1
1786,929687,0,0,0,0,0,0,0,1,0,0,0,0,1
1787,930208,0,0,0,0,0,0,0,1,0,0,0,0,1
1788,930729,0,0,0,0,0,0,0,1,0,0,0,0,1
1789,931250,0,0,0,0,0,0,0,1,0,0,0,0,1
1790,931770,0,0,0,0,0,0,0,1,0,0,0,0,1
1791,932291,0,0,0,0,0,0,0,1,0,0,0,0,1
1792,932812,0,0,0,0,0,0,0,1,0,0,0,0,1
1793,933333,0,0,0,0,0,0,0,1,0,0,0,0,1
1794,933854,0,0,0,0,0,0,0,1,0,0,0,0,1
1795,934375,0,0,0,0,0,0,0,1,0,0,0,0,1
1796,934895,0,0,0,0,0,0,0,1,0,0,0,0,1
1797,935416,0,0,0,0,0,0,0,1,0,0,0,0,1
1798,935937,0,0,0,0,0,0,0,1,0,0,0,0,1
1799,936458,0,0,0,0,0,0,0,1,0,0,0,0,1
1800,936979,0,0,0,0,0,0,0,1,0,0,0,0,1
1801,937500,0,0,0,0,0,0,0,1,0,0,0,0,1
1802,938020,0,0,0,0,0,0,0,1,0,0,0,0,1
1803,938541,0,0,0,0,0,0,0,1,0,0,0,0,1
1804,939062,0,0,0,0,0,0,0,1,0,0,0,0,1
1805,939583,0,0,0,0,0,0,0,1,0,0,0,0,1
1806,940104,0,0,0,0,0,0,0,1,0,0,0,0,1
1807,940625,0,0,0,0,0,0,0,1,0,0,0,0,1
1808,941145,0,0,0,0,0,0,0,1,0,0,0,0,1
1809,941666,0,0,0,0,0,0,0,1,0,0,0,0,1
1810,942187,0,0,0,0,0,0,0,1,0,0,0,0,1
1811,942708,0,0,0,0,0,0,0,1,0,0,0,0,1
1812,943229,0,0,0,0,0,0,0,1,0,0,0,0,1
1813,943750,0,0,0,0,0,0,0,1,0,0,0,0,1
1814,944270,0,0,0,0,0,0,0,1,0,0,0,0,1
1815,944791,0,0,0,0,0,0,0,1,0,0,0,0,1
1816,945312,0,0,0,0,0,0,0,1,0,0,0,0,1
1817,945833,0,0,0,0,0,0,0,1,0,0,0,0,1
1818,946354,0,0,0,0,0,0,0,1,0,0,0,0,1
1819,946875,0,0,0,0,0,0,0,1,0,0,0,0,1
1820,947395,0,0,0,0,0,0,0,1,0,0,0,0,1
1821,947916,0,0,0,0,0,0,0,1,0,0,0,0,1
1822,948437,0,0,0,0,0,0,0,1,0,0,0,0,1
1823,948958,0,0,0,0,0,0,0,1,0,0,0,0,1
1824,949479,0,0,0,0,0,0,0,1,0,0,0,0,1
1825,950000,0,0,0,0,0,0,0,1,0,0,0,0,1
1826,950520,0,0,0,0,0,0,0,1,0,0,0,0,1
1827,951041,0,0,0,0,0,0,0,1,0,0,0,0,1
1828,951562,0,0,0,0,0,0,0,1,0,0,0,0,1
1829,952083,0,0,0,0,0,0,0,1,0,0,0,0,1
1830,952604,0,0,0,0,0,0,0,1,0,0,0,0,1
1831,953125,0,0,0,0,0,0,0,1,0,0,0,0,1
1832,953645,0,0,0,0,0,0,0,1,0,0,0,0,1
1833,954166,0,0,0,0,0,0,0,1,0,0,0,0,1
1834,954687,0,0,0,0,0,0,0,1,0,0,0,0,1
1835,955208,0,0,0,0,0,0,0,1,0,0,0,0,1
1836,955729,0,0,0,0,0,0,0,1,0,0,0,0,1
1837,956250,0,0,0,0,0,0,0,1,0,0,0,0,1
1838,956770,0,0,0,0,0,0,0,1,0,0,0,0,1
1839,957291,0,0,0,0,0,0,0,1,0,0,0,0,1
1840,957812,0,0,0,0,0,0,0,1,0,0,0,0,1
1841,958333,0,0,0,0,0,0,0,1,0,0,0,0,1
1842,958854,0,0,0,0,0,0,0,1,0,0,0,0,1
1843,959375,0,0,0,0,0,0,0,1,0,0,0,0,1
1844,959895,0,0,0,0,0,0,0,1,0,0,0,0,1
1845,960416,0,0,0,0,0,0,0,1,0,0,0,0,1
1846,960937,0,0,0,0,0,0,0,1,0,0,0,0,1
1847,961458,0,0,0,0,0,0,0,1,0,0,0,0,1
1848,961979,0,0,0,0,0,0,0,1,0,0,0,0,1
1849,962500,0,0,0,0,0,0,0,1,0,0,0,0,1
1850,963020,0,0,0,0,0,0,0,1,0,0,0,0,1
1851,963541,0,0,0,0,0,0,0,1,0,0,0,0,1
1852,964062,0,0,0,0,0,0,0,1,0,0,0,0,1
1853,964583,0,0,0,0,0,0,0,1,0,0,0,0,1
1854,965104,0,0,0,0,0,0,0,1,0,0,0,0,1
1855,965625,0,0,0,0,0,0,0,1,0,0,0,0,1
1856,966145,0,0,0,0,0,0,0,1,0,0,0,0,1
1857,966666,0,0,0,0,0,0,0,1,0,0,0,0,1
1858,967187,0,0,0,0,0,0,0,1,0,0,0,0,1
1859,967708,0,0,0,0,0,0,0,1,0,0,0,0,1
1860,968229,0,0,0,0,0,0,0,1,0,0,0,0,1
1861,968750,0,0,0,0,0,0,0,1,0,0,0,0,1
1862,969270,0,0,0,0,0,0,0,1,0,0,0,0,1
1863,969791,0,0,0,0,0,0,0,1,0,0,0,0,1
1864,970312,0,0,0,0,0,0,0,1,0,0,0,0,1
1865,970833,0,0,0,0,0,0,0,1,0,0,0,0,1
1866,971354,0,0,0,0,0,0,0,1,0,0,0,0,1
1867,971875,0,0,0,0,0,0,0,1,0,0,0,0,1
1868,972395,0,0,0,0,0,0,0,1,0,0,0,0,1
1869,972916,0,0,0,0,0,0,0,1,0,0,0,0,1
1870,973437,0,0,0,0,0,0,0,1,0,0,0,0,1
1871,973958,0,0,0,0,0,0,0,1,0,0,0,0,1
1872,974479,0,0,0,0,0,0,0,1,0,0,0,0,1
1873,975000,0,0,0,0,0,0,0,1,0,0,0,0,1
1874,975520,0,0,0,0,0,0,0,1,0,0,0,0,1
1875,976041,0,0,0,0,0,0,0,1,0,0,0,0,1
1876,976562,0,0,0,0,0,0,0,1,0,0,0,0,1
1877,977083,0,0,0,0,0,0,0,1,0,0,0,0,1
1878,977604,0,0,0,0,0,0,0,1,0,0,0,0,1
1879,978125,0,0,0,0,0,0,0,1,0,0,0,0,1
1880,978645,0,0,0,0,0,0,0,1,0,0,0,0,1
1881,979166,0,0,0,0,0,0,0,1,0,0,0,0,1
1882,979687,0,0,0,0,0,0,0,1,0,0,0,0,1
1883,980208,0,0,0,0,0,0,0,1,0,0,0,0,1
1884,980729,0,0,0,0,0,0,0,1,0,0,0,0,1
1885,981250,0,0,0,0,0,0,0,1,0,0,0,0,1
1886,981770,0,0,0,0,0,0,0,1,0,0,0,0,1
1887,982291,0,0,0,0,0,0,0,1,0,0,0,0,1
1888,982812,0,0,0,0,0,0,0,1,0,0,0,0,1
1889,983333,0,0,0,0,0,0,0,1,0,0,0,0,1
1890,983854,0,0,0,0,0,0,0,1,0,0,0,0,1
1891,984375,0,0,0,0,0,0,0,1,0,0,0,0,1
1892,984895,0,0,0,0,0,0,0,1,0,0,0,0,1
1893,985416,0,0,0,0,0,0,0,1,0,0,0,0,1
1894,985937,0,0,0,0,0,0,0,1,0,0,0,0,1
1895,986458,0,0,0,0,0,0,0,1,0,0,0,0,1
1896,986979,0,0,0,0,0,0,0,1,0,0,0,0,1
1897,987500,0,0,0,0,0,0,0,1,0,0,0,0,1
1898,988020,0,0,0,0,0,0,0,1,0,0,0,0,1
1899,988541,0,0,0,0,0,0,0,1,0,0,0,0,1
1900,989062,0,0,0,0,0,0,0,1,0,0,0,0,1
1901,989583,0,0,0,0,0,0,0,1,0,0,0,0,1
1902,990104,0,0,0,0,0,0,0,1,0,0,0,0,1
1903,990625,0,0,0,0,0,0,0,1,0,0,0,0,1
1904,991145,0,0,0,0,0,0,0,1,0,0,0,0,1
1905,991666,0,0,0,0,0,0,0,1,0,0,0,0,1
1906,992187,0,0,0,0,0,0,0,1,0,0,0,0,1
1907,992708,0,0,0,0,0,0,0,1,0,0,0,0,1
1908,993229,0,0,0,0,0,0,0,1,0,0,0,0,1
1909,993750,0,0,0,0,0,0,0,1,0,0,0,0,1
1910,994270,0,0,0,0,0,0,0,1,0,0,0,0,1
1911,994791,0,0,0,0,0,0,0,1,0,0,0,0,1
1912,995312,0,0,0,0,0,0,0,1,0,0,0,0,1
1913,995833,0,0,0,0,0,0,0,1,0,0,0,0,1
1914,996354,0,0,0,0,0,0,0,1,0,0,0,0,1
1915,996875,0,0,0,0,0,0,0,1,0,0,0,0,1
1916,997395,0,0,0,0,0,0,0,1,0,0,0,0,1
1917,997916,0,0,0,0,0,0,0,1,0,0,0,0,1
1918,998437,0,0,0,0,0,0,0,1,0,0,0,0,1
1919,998958,0,0,0,0,0,0,0,1,0,0,0,0,1
1920,999479,0,0,0,0,0,0,0,1,0,0,0,0,1
1921,1000000,0,0,0,0,0,0,0,1,0,0,0,0,1
1922,1000520,0,0,0,0,0,0,0,1,0,0,0,0,1
1923,1001041,0,0,0,0,0,0,0,1,0,0,0,0,1
1924,1001562,0,0,0,0,0,0,0,1,0,0,0,0,1
1925,1002083,0,0,0,0,0,0,0,1,0,0,0,0,1
1926,1002604,0,0,0,0,0,0,0,1,0,0,0,0,1
1927,1003125,0,0,0,0,0,0,0,1,0,0,0,0,1
1928,1003645,0,0,0,0,0,0,0,1,0,0,0,0,1
1929,1004166,0,0,0,0,0,0,0,1,0,0,0,0,1
1930,1004687,0,0,0,0,0,0,0,1,0,0,0,0,1
1931,1005208,0,0,0,0,0,0,0,1,0,0,0,0,1
1932,1005729,0,0,0,0,0,0,0,1,0,0,0,0,1
1933,1006250,0,0,0,0,0,0,0,1,0,0,0,0,1
1934,1006770,0,0,0,0,0,0,0,1,0,0,0,0,1
1935,1007291,0,0,0,0,0,0,0,1,0,0,0,0,1
1936,1007812,0,0,0,0,0,0,0,1,0,0,0,0,1
1937,1008333,0,0,0,0,0,0,0,1,0,0,0,0,1
1938,1008854,0,0,0,0,0,0,0,1,0,0,0,0,1
1939,1009374,0,0,0,0,0,0,0,1,0,0,0,0,1
1940,1009895,0,0,0,0,0,0,0,1,0,0,0,0,1
1941,1010416,0,0,0,0,0,0,0,1,0,0,0,0,1
1942,1010937,0,0,0,0,0,0,0,1,0,0,0,0,1
1943,1011458,0,0,0,0,0,0,0,1,0,0,0,0,1
1944,1011979,0,0,0,0,0,0,0,1,0,0,0,0,1
1945,1012500,0,0,0,0,0,0,0,1,0,0,0,0,1
1946,1013020,0,0,0,0,0,0,0,1,0,0,0,0,1
1947,1013541,0,0,0,0,0,0,0,1,0,0,0,0,1
1948,1014062,0,0,0,0,0,0,0,1,0,0,0,0,1
1949,1014583,0,0,0,0,0,0,0,1,0,0,0,0,1
1950,1015104,0,0,0,0,0,0,0,1,0,0,0,0,1
1951,1015625,0,0,0,0,0,0,0,1,0,0,0,0,1
1952,1016145,0,0,0,0,0,0,0,1,0,0,0,0,1
1953,1016666,0,0,0,0,0,0,0,1,0,0,0,0,1
1954,1017187,0,0,0,0,0,0,0,1,0,0,0,0,1
1955,1017708,0,0,0,0,0,0,0,1,0,0,0,0,1
1956,1018229,0,0,0,0,0,0,0,1,0,0,0,0,1
1957,1018750,0,0,0,0,0,0,0,1,0,0,0,0,1
1958,1019270,0,0,0,0,0,0,0,1,0,0,0,0,1
1959,1019791,0,0,0,0,0,0,0,1,0,0,0,0,1
1960,1020312,0,0,0,0,0,0,0,1,0,0,0,0,1
1961,1020833,0,0,0,0,0,0,0,1,0,0,0,0,1
1962,1021354,0,0,0,0,0,0,0,1,0,0,0,0,1
1963,1021875,0,0,0,0,0,0,0,1,0,0,0,0,1
1964,1022395,0,0,0,0,0,0,0,1,0,0,0,0,1
1965,1022916,0,0,0,0,0,0,0,1,0,0,0,0,1
1966,1023437,0,0,0,0,0,0,0,1,0,0,0,0,1
1967,1023958,0,0,0,0,0,0,0,1,0,0,0,0,1
1968,1024479,0,0,0,0,0,0,0,1,0,0,0,0,1
1969,1024999,0,0,0,0,0,0,0,1,0,0,0,0,1
1970,1025520,0,0,0,0,0,0,0,1,0,0,0,0,1
1971,1026041,0,0,0,0,0,0,0,1,0,0,0,0,1
1972,1026562,0,0,0,0,0,0,0,1,0,0,0,0,1
1973,1027083,0,0,0,0,0,0,0,1,0,0,0,0,1
1974,1027604,0,0,0,0,0,0,0,1,0,0,0,0,1
1975,1028125,0,0,0,0,0,0,0,1,0,0,0,0,1
1976,1028645,0,0,0,0,0,0,0,1,0,0,0,0,1
1977,1029166,0,0,0,0,0,0,0,1,0,0,0,0,1
1978,1029687,0,0,0,0,0,0,0,1,0,0,0,0,1
1979,1030208,0,0,0,0,0,0,0,1,0,0,0,0,1
1980,1030729,0,0,0,0,0,0,0,1,0,0,0,0,1
1981,1031250,0,0,0,0,0,0,0,1,0,0,0,0,1
1982,1031770,0,0,0,0,0,0,0,1,0,0,0,0,1
1983,1032291,0,0,0,0,0,0,0,1,0,0,0,0,1
1984,1032812,0,0,0,0,0,0,0,1,0,0,0,0,1
1985,1033333,0,0,0,0,0,0,0,1,0,0,0,0,1
1986,1033854,0,0,0,0,0,0,0,1,0,0,0,0,1
1987,1034375,0,0,0,0,0,0,0,1,0,0,0,0,1
1988,1034895,0,0,0,0,0,0,0,1,0,0,0,0,1
1989,1035416,0,0,0,0,0,0,0,1,0,0,0,0,1
1990,1035937,0,0,0,0,0,0,0,1,0,0,0,0,1
1991,1036458,0,0,0,0,0,0,0,1,0,0,0,0,1
1992,1036979,0,0,0,0,0,0,0,1,0,0,0,0,1
1993,1037500,0,0,0,0,0,0,0,1,0,0,0,0,1
1994,1038020,0,0,0,0,0,0,0,1,0,0,0,0,1
1995,1038541,0,0,0,0,0,0,0,1,0,0,0,0,1
1996,1039062,0,0,0,0,0,0,0,1,0,0,0,0,1
1997,1039583,0,0,0,0,0,0,0,1,0,0,0,0,1
1998,1040104,0,0,0,0,0,0,0,1,0,0,0,0,1
1999,1040624,0,0,0,0,0,0,0,1,0,0,0,0,1
2000,1041145,0,0,0,0,0,0,0,1,0,0,0,0,1
2001,1041666,0,0,0,0,0,0,0,1,0,0,0,0,1
2002,1042187,0,0,0,0,0,0,0,1,0,0,0,0,1
2003,1042708,0,0,0,0,0,0,0,1,0,0,0,0,1
2004,1043229,0,0,0,0,0,0,0,1,0,0,0,0,1
2005,1043750,0,0,0,0,0,0,0,1,0,0,0,0,1
2006,1044270,0,0,0,0,0,0,0,1,0,0,0,0,1
2007,1044791,0,0,0,0,0,0,0,1,0,0,0,0,1
2008,1045312,0,0,0,0,0,0,0,1,0,0,0,0,1
2009,1045833,0,0,0,0,0,0,0,1,0,0,0,0,1
2010,1046354,0,0,0,0,0,0,0,1,0,0,0,0,1
2011,1046875,0,0,0,0,0,0,0,1,0,0,0,0,1
2012,1047395,0,0,0,0,0,0,0,1,0,0,0,0,1
2013,1047916,0,0,0,0,0,0,0,1,0,0,0,0,1
2014,1048437,0,0,0,0,0,0,0,1,0,0,0,0,1
2015,1048958,0,0,0,0,0,0,0,1,0,0,0,0,1
2016,1049479,0,0,0,0,0,0,0,1,0,0,0,0,1
2017,1050000,0,0,0,0,0,0,0,1,0,0,0,0,1
2018,1050520,0,0,0,0,0,0,0,1,0,0,0,0,1
2019,1051041,0,0,0,0,0,0,0,1,0,0,0,0,1
2020,1051562,0,0,0,0,0,0,0,1,0,0,0,0,1
2021,1052083,0,0,0,0,0,0,0,1,0,0,0,0,1
2022,1052604,0,0,0,0,0,0,0,1,0,0,0,0,1
2023,1053125,0,0,0,0,0,0,0,1,0,0,0,0,1
2024,1053645,0,0,0,0,0,0,0,1,0,0,0,0,1
2025,1054166,0,0,0,0,0,0,0,1,0,0,0,0,1
2026,1054687,0,0,0,0,0,0,0,1,0,0,0,0,1
2027,1055208,0,0,0,0,0,0,0,1,0,0,0,0,1
2028,1055729,0,0,0,0,0,0,0,1,0,0,0,0,1
2029,1056250,0,0,0,0,0,0,0,1,0,0,0,0,1
2030,1056770,0,0,0,0,0,0,0,1,0,0,0,0,1
2031,1057291,0,0,0,0,0,0,0,1,0,0,0,0,1
2032,1057812,0,0,0,0,0,0,0,1,0,0,0,0,1
2033,1058333,0,0,0,0,0,0,0,1,0,0,0,0,1
2034,1058854,0,0,0,0,0,0,0,1,0,0,0,0,1
2035,1059375,0,0,0,0,0,0,0,1,0,0,0,0,1
2036,1059895,0,0,0,0,0,0,0,1,0,0,0,0,1
2037,1060416,0,0,0,0,0,0,0,1,0,0,0,0,1
2038,1060937,0,0,0,0,0,0,0,1,0,0,0,0,1
2039,1061458,0,0,0,0,0,0,0,1,0,0,0,0,1
2040,1061979,0,0,0,0,0,0,0,1,0,0,0,0,1
2041,1062500,0,0,0,0,0,0,0,1,0,0,0,0,1
2042,1063020,0,0,0,0,0,0,0,1,0,0,0,0,1
2043,1063541,0,0,0,0,0,0,0,1,0,0,0,0,1
2044,1064062,0,0,0,0,0,0,0,1,0,0,0,0,1
2045,1064583,0,0,0,0,0,0,0,1,0,0,0,0,1
2046,1065104,0,0,0,0,0,0,0,1,0,0,0,0,1
2047,1065625,0,0,0,0,0,0,0,1,0,0,0,0,1
2048,1066145,0,0,0,0,0,0,0,1,0,0,0,0,1
2049,1066666,0,0,0,0,0,0,0,1,0,0,0,0,1
2050,1067187,0,0,0,0,0,0,0,1,0,0,0,0,1
2051,1067708,0,0,0,0,0,0,0,1,0,0,0,0,1
2052,1068229,0,0,0,0,0,0,0,1,0,0,0,0,1
2053,1068750,0,0,0,0,0,0,0,1,0,0,0,0,1
2054,1069270,0,0,0,0,0,0,0,1,0,0,0,0,1
2055,1069791,0,0,0,0,0,0,0,1,0,0,0,0,1
2056,1070312,0,0,0,0,0,0,0,1,0,0,0,0,1
2057,1070833,0,0,0,0,0,0,0,1,0,0,0,0,1
2058,1071354,0,0,0,0,0,0,0,1,0,0,0,0,1
2059,1071875,0,0,0,0,0,0,0,1,0,0,0,0,1
2060,1072395,0,0,0,0,0,0,0,1,0,0,0,0,1
2061,1072916,0,0,0,0,0,0,0,1,0,0,0,0,1
2062,1073437,0,0,0,0,0,0,0,1,0,0,0,0,1
2063,1073958,0,0,0,0,0,0,0,1,0,0,0,0,1
2064,1074479,0,0,0,0,0,0,0,1,0,0,0,0,1
2065,1075000,0,0,0,0,0,0,0,1,0,0,0,0,1
2066,1075520,0,0,0,0,0,0,0,1,0,0,0,0,1
2067,1076041,0,0,0,0,0,0,0,1,0,0,0,0,1
2068,1076562,0,0,0,0,0,0,0,1,0,0,0,0,1
2069,1077083,0,0,0,0,0,0,0,1,0,0,0,0,1
2070,1077604,0,0,0,0,0,0,0,1,0,0,0,0,1
2071,1078125,0,0,0,0,0,0,0,1,0,0,0,0,1
2072,1078645,0,0,0,0,0,0,0,1,0,0,0,0,1
2073,1079166,0,0,0,0,0,0,0,1,0,0,0,0,1
2074,1079687,0,0,0,0,0,0,0,1,0,0,0,0,1
2075,1080208,0,0,0,0,0,0,0,1,0,0,0,0,1
