1,0,0,-857,857,0,0,-23513,23513,0,0,0,0,1,0
2,260,97,-901,804,0,2661,-24731,22069,0,0,0,0,1,0
3,520,193,-937,744,0,5297,-25710,20413,0,0,0,0,1,0
4,781,287,-963,676,0,7881,-26442,18560,0,0,0,0,1,0
5,1041,378,-981,602,0,10390,-26918,16528,0,0,0,0,1,0
6,1302,466,-988,522,0,12799,-27136,14337,0,0,0,0,1,0
7,1562,549,-987,437,0,15084,-27093,12008,0,0,0,0,1,0
8,1822,627,-976,348,0,17224,-26788,9564,0,0,0,0,1,0
9,2083,699,-955,256,0,19198,-26226,7027,0,0,0,0,1,0
10,2343,765,-926,161,0,20988,-25411,4423,0,0,0,0,1,0
11,2604,822,-887,65,0,22575,-24351,1776,0,0,0,0,1,0
12,2864,872,-840,-32,0,23945,-23056,-888,0,0,0,0,1,0
13,3125,914,-785,-129,0,25084,-21540,-3544,0,0,0,0,1,0
14,3385,946,-722,-225,0,25982,-19816,-6165,0,0,0,0,1,0
15,3645,970,-652,-318,0,26629,-17902,-8727,0,0,0,0,1,0
16,3906,984,-576,-408,0,27020,-15815,-11205,0,0,0,0,1,0
17,4166,989,-495,-495,0,27151,-13575,-13575,0,0,0,0,1,0
18,4427,984,-408,-576,0,27020,-11205,-15815,0,0,0,0,1,0
19,4687,970,-318,-652,0,26629,-8727,-17902,0,0,0,0,1,0
20,4947,946,-225,-722,0,25982,-6165,-19816,0,0,0,0,1,0
21,5208,914,-129,-785,0,25084,-3544,-21540,0,0,0,0,1,0
22,5468,872,-32,-840,0,23945,-888,-23056,0,0,0,0,1,0
23,5729,822,65,-887,0,22575,1776,-24351,0,0,0,0,1,0
24,5989,765,161,-926,0,20988,4423,-25411,0,0,0,0,1,0
25,6250,699,256,-955,0,19198,7027,-26226,0,0,0,0,1,0
26,6510,627,348,-976,0,17224,9564,-26788,0,0,0,0,1,0
27,6770,549,437,-987,0,15084,12008,-27093,0,0,0,0,1,0
28,7031,466,522,-988,0,12799,14337,-27136,0,0,0,0,1,0
29,7291,378,602,-981,0,10390,16528,-26918,0,0,0,0,1,0
30,7552,287,676,-963,0,7881,18560,-26442,0,0,0,0,1,0
31,7812,193,744,-937,0,5297,20413,-25710,0,0,0,0,1,0
32,8072,97,804,-901,0,2661,22069,-24731,0,0,0,0,1,0
33,8333,0,857,-857,0,0,23513,-23513,0,0,0,0,1,0
34,8593,-97,901,-804,0,-2661,24731,-22069,0,0,0,0,1,0
35,8854,-193,937,-744,0,-5297,25710,-20413,0,0,0,0,1,0
36,9114,-287,963,-676,0,-7881,26442,-18560,0,0,0,0,1,0
37,9375,-378,981,-602,0,-10390,26918,-16528,0,0,0,0,1,0
38,9635,-466,988,-522,0,-12799,27136,-14337,0,0,0,0,1,0
39,9895,-549,987,-437,0,-15084,27093,-12008,0,0,0,0,1,0
40,10156,-627,976,-348,0,-17224,26788,-9564,0,0,0,0,1,0
41,10416,-699,955,-256,0,-19198,26226,-7027,0,0,0,0,1,0
42,10677,-765,926,-161,0,-20988,25411,-4423,0,0,0,0,1,0
43,10937,-822,887,-65,0,-22575,24351,-1776,0,0,0,0,1,0
44,11197,-872,840,32,0,-23945,23056,888,0,0,0,0,1,0
45,11458,-914,785,129,0,-25084,21540,3544,0,0,0,0,1,0
46,11718,-946,722,225,0,-25982,19816,6165,0,0,0,0,1,0
47,11979,-970,652,318,0,-26629,17902,8727,0,0,0,0,1,0
48,12239,-984,576,408,0,-27020,15815,11205,0,0,0,0,1,0
49,12500,-989,495,495,0,-27151,13575,13575,0,0,0,0,1,0
50,12760,-984,408,576,0,-27020,11205,15815,0,0,0,0,1,0
51,13020,-970,318,652,0,-26629,8727,17902,0,0,0,0,1,0
52,13281,-946,225,722,0,-25982,6165,19816,0,0,0,0,1,0
53,13541,-914,129,785,0,-25084,3544,21540,0,0,0,0,1,0
54,13802,-872,32,840,0,-23945,888,23056,0,0,0,0,1,0
55,14062,-822,-65,887,0,-22575,-1776,24351,0,0,0,0,1,0
56,14322,-765,-161,926,0,-20988,-4423,25411,0,0,0,0,1,0
57,14583,-699,-256,955,0,-19198,-7027,26226,0,0,0,0,1,0
58,14843,-627,-348,976,0,-17224,-9564,26788,0,0,0,0,1,0
59,15104,-549,-437,987,0,-15084,-12008,27093,0,0,0,0,1,0
60,15364,-466,-522,988,0,-12799,-14337,27136,0,0,0,0,1,0
61,15625,-378,-602,981,0,-10390,-16528,26918,0,0,0,0,1,0
62,15885,-287,-676,963,0,-7881,-18560,26442,0,0,0,0,1,0
63,16145,-193,-744,937,0,-5297,-20413,25710,0,0,0,0,1,0
64,16406,-97,-804,901,0,-2661,-22069,24731,0,0,0,0,1,0
65,16666,0,-857,857,0,0,-23513,23513,0,0,0,0,1,0
66,16927,97,-901,804,0,2661,-24731,22069,0,0,0,0,1,0
67,17187,193,-937,744,0,5297,-25710,20413,0,0,0,0,1,0
68,17447,287,-963,676,0,7881,-26442,18560,0,0,0,0,1,0
69,17708,378,-981,602,0,10390,-26918,16528,0,0,0,0,1,0
70,17968,466,-988,522,0,12799,-27136,14337,0,0,0,0,1,0
71,18229,549,-987,437,0,15084,-27093,12008,0,0,0,0,1,0
72,18489,627,-976,348,0,17224,-26788,9564,0,0,0,0,1,0
73,18750,699,-955,256,0,19198,-26226,7027,0,0,0,0,1,0
74,19010,765,-926,161,0,20988,-25411,4423,0,0,0,0,1,0
75,19270,822,-887,65,0,22575,-24351,1776,0,0,0,0,1,0
76,19531,872,-840,-32,0,23945,-23056,-888,0,0,0,0,1,0
77,19791,914,-785,-129,0,25084,-21540,-3544,0,0,0,0,1,0
78,20052,946,-722,-225,0,25982,-19816,-6165,0,0,0,0,1,0
79,20312,970,-652,-318,0,26629,-17902,-8727,0,0,0,0,1,0
80,20572,984,-576,-408,0,27020,-15815,-11205,0,0,0,0,1,0
81,20833,989,-495,-495,0,27151,-13575,-13575,0,0,0,0,1,0
82,21093,984,-408,-576,0,27020,-11205,-15815,0,0,0,0,1,0
83,21354,970,-318,-652,0,26629,-8727,-17902,0,0,0,0,1,0
84,21614,946,-225,-722,0,25982,-6165,-19816,0,0,0,0,1,0
85,21875,914,-129,-785,0,25084,-3544,-21540,0,0,0,0,1,0
86,22135,872,-32,-840,0,23945,-888,-23056,0,0,0,0,1,0
87,22395,822,65,-887,0,22575,1776,-24351,0,0,0,0,1,0
88,22656,765,161,-926,0,20988,4423,-25411,0,0,0,0,1,0
89,22916,699,256,-955,0,19198,7027,-26226,0,0,0,0,1,0
90,23177,627,348,-976,0,17224,9564,-26788,0,0,0,0,1,0
91,23437,549,437,-987,0,15084,12008,-27093,0,0,0,0,1,0
92,23697,466,522,-988,0,12799,14337,-27136,0,0,0,0,1,0
93,23958,378,602,-981,0,10390,16528,-26918,0,0,0,0,1,0
94,24218,287,676,-963,0,7881,18560,-26442,0,0,0,0,1,0
95,24479,193,744,-937,0,5297,20413,-25710,0,0,0,0,1,0
96,24739,97,804,-901,0,2661,22069,-24731,0,0,0,0,1,0
97,25000,0,857,-857,0,0,23513,-23513,0,0,0,0,1,0
98,25260,-97,901,-804,0,-2661,24731,-22069,0,0,0,0,1,0
99,25520,-193,937,-744,0,-5297,25710,-20413,0,0,0,0,1,0
100,25781,-287,963,-676,0,-7881,26442,-18560,0,0,0,0,1,0
101,26041,-378,981,-602,0,-10390,26918,-16528,0,0,0,0,1,0
102,26302,-466,988,-522,0,-12799,27136,-14337,0,0,0,0,1,0
103,26562,-549,987,-437,0,-15084,27093,-12008,0,0,0,0,1,0
104,26822,-627,976,-348,0,-17224,26788,-9564,0,0,0,0,1,0
105,27083,-699,955,-256,0,-19198,26226,-7027,0,0,0,0,1,0
106,27343,-765,926,-161,0,-20988,25411,-4423,0,0,0,0,1,0
107,27604,-822,887,-65,0,-22575,24351,-1776,0,0,0,0,1,0
108,27864,-872,840,32,0,-23945,23056,888,0,0,0,0,1,0
109,28125,-914,785,129,0,-25084,21540,3544,0,0,0,0,1,0
110,28385,-946,722,225,0,-25982,19816,6165,0,0,0,0,1,0
111,28645,-970,652,318,0,-26629,17902,8727,0,0,0,0,1,0
112,28906,-984,576,408,0,-27020,15815,11205,0,0,0,0,1,0
113,29166,-989,495,495,0,-27151,13575,13575,0,0,0,0,1,0
114,29427,-984,408,576,0,-27020,11205,15815,0,0,0,0,1,0
115,29687,-970,318,652,0,-26629,8727,17902,0,0,0,0,1,0
116,29947,-946,225,722,0,-25982,6165,19816,0,0,0,0,1,0
117,30208,-914,129,785,0,-25084,3544,21540,0,0,0,0,1,0
118,30468,-872,32,840,0,-23945,888,23056,0,0,0,0,1,0
119,30729,-822,-65,887,0,-22575,-1776,24351,0,0,0,0,1,0
120,30989,-765,-161,926,0,-20988,-4423,25411,0,0,0,0,1,0
121,31250,-699,-256,955,0,-19198,-7027,26226,0,0,0,0,1,0
122,31510,-627,-348,976,0,-17224,-9564,26788,0,0,0,0,1,0
123,31770,-549,-437,987,0,-15084,-12008,27093,0,0,0,0,1,0
124,32031,-466,-522,988,0,-12799,-14337,27136,0,0,0,0,1,0
125,32291,-378,-602,981,0,-10390,-16528,26918,0,0,0,0,1,0
126,32552,-287,-676,963,0,-7881,-18560,26442,0,0,0,0,1,0
127,32812,-193,-744,937,0,-5297,-20413,25710,0,0,0,0,1,0
128,33072,-97,-804,901,0,-2661,-22069,24731,0,0,0,0,1,0
129,33333,0,-857,857,0,0,-23513,23513,0,0,0,0,1,0
130,33593,97,-901,804,0,2661,-24731,22069,0,0,0,0,1,0
131,33854,193,-937,744,0,5297,-25710,20413,0,0,0,0,1,0
132,34114,287,-963,676,0,7881,-26442,18560,0,0,0,0,1,0
133,34375,378,-981,602,0,10390,-26918,16528,0,0,0,0,1,0
134,34635,466,-988,522,0,12799,-27136,14337,0,0,0,0,1,0
135,34895,549,-987,437,0,15084,-27093,12008,0,0,0,0,1,0
136,35156,627,-976,348,0,17224,-26788,9564,0,0,0,0,1,0
137,35416,699,-955,256,0,19198,-26226,7027,0,0,0,0,1,0
138,35677,765,-926,161,0,20988,-25411,4423,0,0,0,0,1,0
139,35937,822,-887,65,0,22575,-24351,1776,0,0,0,0,1,0
140,36197,872,-840,-32,0,23945,-23056,-888,0,0,0,0,1,0
141,36458,914,-785,-129,0,25084,-21540,-3544,0,0,0,0,1,0
142,36718,946,-722,-225,0,25982,-19816,-6165,0,0,0,0,1,0
143,36979,970,-652,-318,0,26629,-17902,-8727,0,0,0,0,1,0
144,37239,984,-576,-408,0,27020,-15815,-11205,0,0,0,0,1,0
145,37500,989,-495,-495,0,27151,-13575,-13575,0,0,0,0,1,0
146,37760,984,-408,-576,0,27020,-11205,-15815,0,0,0,0,1,0
147,38020,970,-318,-652,0,26629,-8727,-17902,0,0,0,0,1,0
148,38281,946,-225,-722,0,25982,-6165,-19816,0,0,0,0,1,0
149,38541,914,-129,-785,0,25084,-3544,-21540,0,0,0,0,1,0
150,38802,872,-32,-840,0,23945,-888,-23056,0,0,0,0,1,0
151,39062,822,65,-887,0,22575,1776,-24351,0,0,0,0,1,0
152,39322,765,161,-926,0,20988,4423,-25411,0,0,0,0,1,0
153,39583,699,256,-955,0,19198,7027,-26226,0,0,0,0,1,0
154,39843,627,348,-976,0,17224,9564,-26788,0,0,0,0,1,0
155,40104,549,437,-987,0,15084,12008,-27093,0,0,0,0,1,0
156,40364,466,522,-988,0,12799,14337,-27136,0,0,0,0,1,0
157,40625,378,602,-981,0,10390,16528,-26918,0,0,0,0,1,0
158,40885,287,676,-963,0,7881,18560,-26442,0,0,0,0,1,0
159,41145,193,744,-937,0,5297,20413,-25710,0,0,0,0,1,0
160,41406,97,804,-901,0,2661,22069,-24731,0,0,0,0,1,0
161,41666,0,857,-857,0,0,23513,-23513,0,0,0,0,1,0
162,41927,-97,901,-804,0,-2661,24731,-22069,0,0,0,0,1,0
163,42187,-193,937,-744,0,-5297,25710,-20413,0,0,0,0,1,0
164,42447,-287,963,-676,0,-7881,26442,-18560,0,0,0,0,1,0
165,42708,-378,981,-602,0,-10390,26918,-16528,0,0,0,0,1,0
166,42968,-466,988,-522,0,-12799,27136,-14337,0,0,0,0,1,0
167,43229,-549,987,-437,0,-15084,27093,-12008,0,0,0,0,1,0
168,43489,-627,976,-348,0,-17224,26788,-9564,0,0,0,0,1,0
169,43750,-699,955,-256,0,-19198,26226,-7027,0,0,0,0,1,0
170,44010,-765,926,-161,0,-20988,25411,-4423,0,0,0,0,1,0
171,44270,-822,887,-65,0,-22575,24351,-1776,0,0,0,0,1,0
172,44531,-872,840,32,0,-23945,23056,888,0,0,0,0,1,0
173,44791,-914,785,129,0,-25084,21540,3544,0,0,0,0,1,0
174,45052,-946,722,225,0,-25982,19816,6165,0,0,0,0,1,0
175,45312,-970,652,318,0,-26629,17902,8727,0,0,0,0,1,0
176,45572,-984,576,408,0,-27020,15815,11205,0,0,0,0,1,0
177,45833,-989,495,495,0,-27151,13575,13575,0,0,0,0,1,0
178,46093,-984,408,576,0,-27020,11205,15815,0,0,0,0,1,0
179,46354,-970,318,652,0,-26629,8727,17902,0,0,0,0,1,0
180,46614,-946,225,722,0,-25982,6165,19816,0,0,0,0,1,0
181,46875,-914,129,785,0,-25084,3544,21540,0,0,0,0,1,0
182,47135,-872,32,840,0,-23945,888,23056,0,0,0,0,1,0
183,47395,-822,-65,887,0,-22575,-1776,24351,0,0,0,0,1,0
184,47656,-765,-161,926,0,-20988,-4423,25411,0,0,0,0,1,0
185,47916,-699,-256,955,0,-19198,-7027,26226,0,0,0,0,1,0
186,48177,-627,-348,976,0,-17224,-9564,26788,0,0,0,0,1,0
187,48437,-549,-437,987,0,-15084,-12008,27093,0,0,0,0,1,0
188,48697,-466,-522,988,0,-12799,-14337,27136,0,0,0,0,1,0
189,48958,-378,-602,981,0,-10390,-16528,26918,0,0,0,0,1,0
190,49218,-287,-676,963,0,-7881,-18560,26442,0,0,0,0,1,0
191,49479,-193,-744,937,0,-5297,-20413,25710,0,0,0,0,1,0
192,49739,-97,-804,901,0,-2661,-22069,24731,0,0,0,0,1,0
193,50000,16289,-857,-14106,1326,0,-27040,2351,0,0,0,0,1,0
194,50260,17760,-901,-13130,3729,213,-28440,2207,0,0,0,0,1,0
195,50520,19174,-937,-12076,6162,424,-29566,2041,0,0,0,0,1,0
196,50781,20517,-963,-10955,8600,631,-30408,1856,0,0,0,0,1,0
197,51041,21775,-981,-9776,11019,831,-30956,1653,0,0,0,0,1,0
198,51302,22935,-988,-8551,13396,1024,-31207,1434,0,0,0,0,1,0
199,51562,23984,-987,-7291,15706,1207,-31157,1201,0,0,0,0,1,0
200,51822,24911,-976,-6007,17928,1378,-30806,956,0,0,0,0,1,0
201,52083,25706,-955,-4711,20039,1536,-30159,703,0,0,0,0,1,0
202,52343,26360,-926,-3417,22018,1679,-29222,442,0,0,0,0,1,0
203,52604,26866,-887,-2134,23845,1806,-28003,178,0,0,0,0,1,0
204,52864,27219,-840,-876,25503,1916,-26515,-89,0,0,0,0,1,0
205,53125,27413,-785,346,26974,2007,-24771,-354,0,0,0,0,1,0
206,53385,27446,-722,1520,28244,2079,-22789,-617,0,0,0,0,1,0
207,53645,27316,-652,2637,29301,2130,-20587,-873,0,0,0,0,1,0
208,53906,27025,-576,3684,30133,2162,-18187,-1121,0,0,0,0,1,0
209,54166,26572,-495,4654,30732,2172,-15612,-1358,0,0,0,0,1,0
210,54427,25963,-408,5536,31091,2162,-12886,-1581,0,0,0,0,1,0
211,54687,25202,-318,6323,31207,2130,-10036,-1790,0,0,0,0,1,0
212,54947,24294,-225,7007,31077,2079,-7090,-1982,0,0,0,0,1,0
213,55208,23249,-129,7583,30704,2007,-4075,-2154,0,0,0,0,1,0
214,55468,22075,-32,8046,30088,1916,-1022,-2306,0,0,0,0,1,0
215,55729,20783,65,8390,29237,1806,2042,-2435,0,0,0,0,1,0
216,55989,19383,161,8613,28158,1679,5086,-2541,0,0,0,0,1,0
217,56250,17889,256,8714,26860,1536,8081,-2623,0,0,0,0,1,0
218,56510,16315,348,8692,25356,1378,10998,-2679,0,0,0,0,1,0
219,56770,14673,437,8548,23659,1207,13810,-2709,0,0,0,0,1,0
220,57031,12980,522,8283,21785,1024,16488,-2714,0,0,0,0,1,0
221,57291,11251,602,7900,19753,831,19008,-2692,0,0,0,0,1,0
222,57552,9501,676,7403,17580,631,21344,-2644,0,0,0,0,1,0
223,57812,7747,744,6798,15288,424,23475,-2571,0,0,0,0,1,0
224,58072,6004,804,6090,12898,213,25380,-2473,0,0,0,0,1,0
225,58333,4289,857,5287,10432,0,27040,-2351,0,0,0,0,1,0
226,58593,2617,901,4397,7914,-213,28440,-2207,0,0,0,0,1,0
227,58854,1003,937,3428,5368,-424,29566,-2041,0,0,0,0,1,0
228,59114,-537,963,2392,2818,-631,30408,-1856,0,0,0,0,1,0
229,59375,-1990,981,1297,287,-831,30956,-1653,0,0,0,0,1,0
230,59635,-3343,988,154,-2200,-1024,31207,-1434,0,0,0,0,1,0
231,59895,-4583,987,-1024,-4620,-1207,31157,-1201,0,0,0,0,1,0
232,60156,-5700,976,-2226,-6950,-1378,30806,-956,0,0,0,0,1,0
233,60416,-6683,955,-3441,-9168,-1536,30159,-703,0,0,0,0,1,0
234,60677,-7523,926,-4657,-11254,-1679,29222,-442,0,0,0,0,1,0
235,60937,-8213,887,-5860,-13186,-1806,28003,-178,0,0,0,0,1,0
236,61197,-8748,840,-7040,-14948,-1916,26515,89,0,0,0,0,1,0
237,61458,-9122,785,-8185,-16522,-2007,24771,354,0,0,0,0,1,0
238,61718,-9334,722,-9283,-17895,-2079,22789,617,0,0,0,0,1,0
239,61979,-9381,652,-10323,-19052,-2130,20587,873,0,0,0,0,1,0
240,62239,-9265,576,-11296,-19984,-2162,18187,1121,0,0,0,0,1,0
241,62500,-8986,495,-12191,-20682,-2172,15612,1358,0,0,0,0,1,0
242,62760,-8549,408,-12999,-21140,-2162,12886,1581,0,0,0,0,1,0
243,63020,-7957,318,-13713,-21353,-2130,10036,1790,0,0,0,0,1,0
244,63281,-7219,225,-14326,-21320,-2079,7090,1982,0,0,0,0,1,0
245,63541,-6340,129,-14830,-21041,-2007,4075,2154,0,0,0,0,1,0
246,63802,-5331,32,-15221,-20521,-1916,1022,2306,0,0,0,0,1,0
247,64062,-4203,-65,-15496,-19763,-1806,-2042,2435,0,0,0,0,1,0
248,64322,-2965,-161,-15650,-18776,-1679,-5086,2541,0,0,0,0,1,0
249,64583,-1632,-256,-15682,-17570,-1536,-8081,2623,0,0,0,0,1,0
250,64843,-216,-348,-15592,-16156,-1378,-10998,2679,0,0,0,0,1,0
251,65104,1268,-437,-15380,-14549,-1207,-13810,2709,0,0,0,0,1,0
252,65364,2806,-522,-15048,-12765,-1024,-16488,2714,0,0,0,0,1,0
253,65625,4381,-602,-14599,-10820,-831,-19008,2692,0,0,0,0,1,0
254,65885,5978,-676,-14037,-8735,-631,-21344,2644,0,0,0,0,1,0
255,66145,7581,-744,-13367,-6529,-424,-23475,2571,0,0,0,0,1,0
256,66406,9174,-804,-12595,-4225,-213,-25380,2473,0,0,0,0,1,0
257,66666,10741,-857,-11728,-1844,0,-27040,2351,0,0,0,0,1,0
258,66927,12266,-901,-10775,590,213,-28440,2207,0,0,0,0,1,0
259,67187,13734,-937,-9745,3053,424,-29566,2041,0,0,0,0,1,0
260,67447,15131,-963,-8646,5522,631,-30408,1856,0,0,0,0,1,0
261,67708,16441,-981,-7490,7971,831,-30956,1653,0,0,0,0,1,0
262,67968,17653,-988,-6287,10377,1024,-31207,1434,0,0,0,0,1,0
263,68229,18754,-987,-5049,12718,1207,-31157,1201,0,0,0,0,1,0
264,68489,19731,-976,-3787,14969,1378,-30806,956,0,0,0,0,1,0
265,68750,20577,-955,-2514,17108,1536,-30159,703,0,0,0,0,1,0
266,69010,21281,-926,-1240,19116,1679,-29222,442,0,0,0,0,1,0
267,69270,21837,-887,21,20971,1806,-28003,178,0,0,0,0,1,0
268,69531,22239,-840,1258,22657,1916,-26515,-89,0,0,0,0,1,0
269,69791,22482,-785,2459,24156,2007,-24771,-354,0,0,0,0,1,0
270,70052,22563,-722,3613,25454,2079,-22789,-617,0,0,0,0,1,0
271,70312,22481,-652,4709,26538,2130,-20587,-873,0,0,0,0,1,0
272,70572,22237,-576,5736,27397,2162,-18187,-1121,0,0,0,0,1,0
273,70833,21831,-495,6686,28022,2172,-15612,-1358,0,0,0,0,1,0
274,71093,21268,-408,7548,28408,2162,-12886,-1581,0,0,0,0,1,0
275,71354,20553,-318,8315,28550,2130,-10036,-1790,0,0,0,0,1,0
276,71614,19691,-225,8980,28447,2079,-7090,-1982,0,0,0,0,1,0
277,71875,18691,-129,9537,28099,2007,-4075,-2154,0,0,0,0,1,0
278,72135,17561,-32,9980,27509,1916,-1022,-2306,0,0,0,0,1,0
279,72395,16313,65,10306,26683,1806,2042,-2435,0,0,0,0,1,0
280,72656,14957,161,10510,25629,1679,5086,-2541,0,0,0,0,1,0
281,72916,13506,256,10593,24355,1536,8081,-2623,0,0,0,0,1,0
282,73177,11974,348,10553,22875,1378,10998,-2679,0,0,0,0,1,0
283,73437,10376,437,10390,21203,1207,13810,-2709,0,0,0,0,1,0
284,73697,8724,522,10107,19353,1024,16488,-2714,0,0,0,0,1,0
285,73958,7037,602,9706,17345,831,19008,-2692,0,0,0,0,1,0
286,74218,5328,676,9191,15196,631,21344,-2644,0,0,0,0,1,0
287,74479,3615,744,8569,12927,424,23475,-2571,0,0,0,0,1,0
288,74739,1912,804,7844,10560,213,25380,-2473,0,0,0,0,1,0
289,75000,237,857,7023,8117,0,27040,-2351,0,0,0,0,1,0
290,75260,-1396,901,6116,5622,-213,28440,-2207,0,0,0,0,1,0
291,75520,-2970,937,5131,3098,-424,29566,-2041,0,0,0,0,1,0
292,75781,-4472,963,4078,569,-631,30408,-1856,0,0,0,0,1,0
293,76041,-5886,981,2966,-1939,-831,30956,-1653,0,0,0,0,1,0
294,76302,-7201,988,1808,-4405,-1024,31207,-1434,0,0,0,0,1,0
295,76562,-8404,987,613,-6803,-1207,31157,-1201,0,0,0,0,1,0
296,76822,-9483,976,-605,-9112,-1378,30806,-956,0,0,0,0,1,0
297,77083,-10428,955,-1836,-11309,-1536,30159,-703,0,0,0,0,1,0
298,77343,-11232,926,-3067,-13373,-1679,29222,-442,0,0,0,0,1,0
299,77604,-11886,887,-4286,-15285,-1806,28003,-178,0,0,0,0,1,0
300,77864,-12385,840,-5481,-17026,-1916,26515,89,0,0,0,0,1,0
301,78125,-12724,785,-6641,-18580,-2007,24771,354,0,0,0,0,1,0
302,78385,-12901,722,-7754,-19933,-2079,22789,617,0,0,0,0,1,0
303,78645,-12913,652,-8809,-21070,-2130,20587,873,0,0,0,0,1,0
304,78906,-12762,576,-9797,-21983,-2162,18187,1121,0,0,0,0,1,0
305,79166,-12449,495,-10707,-22661,-2172,15612,1358,0,0,0,0,1,0
306,79427,-11978,408,-11530,-23099,-2162,12886,1581,0,0,0,0,1,0
307,79687,-11353,318,-12258,-23293,-2130,10036,1790,0,0,0,0,1,0
308,79947,-10581,225,-12885,-23241,-2079,7090,1982,0,0,0,0,1,0
309,80208,-9670,129,-13403,-22944,-2007,4075,2154,0,0,0,0,1,0
310,80468,-8629,32,-13808,-22405,-1916,1022,2306,0,0,0,0,1,0
311,80729,-7467,-65,-14096,-21629,-1806,-2042,2435,0,0,0,0,1,0
312,80989,-6198,-161,-14264,-20623,-1679,-5086,2541,0,0,0,0,1,0
313,81250,-4833,-256,-14310,-19399,-1536,-8081,2623,0,0,0,0,1,0
314,81510,-3386,-348,-14233,-17968,-1378,-10998,2679,0,0,0,0,1,0
315,81770,-1871,-437,-14035,-16343,-1207,-13810,2709,0,0,0,0,1,0
316,82031,-303,-522,-13716,-14541,-1024,-16488,2714,0,0,0,0,1,0
317,82291,1303,-602,-13280,-12579,-831,-19008,2692,0,0,0,0,1,0
318,82552,2930,-676,-12730,-10477,-631,-21344,2644,0,0,0,0,1,0
319,82812,4563,-744,-12073,-8254,-424,-23475,2571,0,0,0,0,1,0
320,83072,6185,-804,-11314,-5933,-213,-25380,2473,0,0,0,0,1,0
321,83333,7781,-857,-10460,-3535,0,-27040,2351,0,0,0,0,1,0
322,83593,9335,-901,-9519,-1085,213,-28440,2207,0,0,0,0,1,0
323,83854,10832,-937,-8501,1395,424,-29566,2041,0,0,0,0,1,0
324,84114,12257,-963,-7415,3879,631,-30408,1856,0,0,0,0,1,0
325,84375,13596,-981,-6270,6345,831,-30956,1653,0,0,0,0,1,0
326,84635,14835,-988,-5080,8767,1024,-31207,1434,0,0,0,0,1,0
327,84895,15963,-987,-3853,11123,1207,-31157,1201,0,0,0,0,1,0
328,85156,16968,-976,-2603,13390,1378,-30806,956,0,0,0,0,1,0
329,85416,17841,-955,-1341,15545,1536,-30159,703,0,0,0,0,1,0
330,85677,18572,-926,-79,17568,1679,-29222,442,0,0,0,0,1,0
331,85937,19155,-887,1171,19438,1806,-28003,178,0,0,0,0,1,0
332,86197,19582,-840,2397,21139,1916,-26515,-89,0,0,0,0,1,0
333,86458,19851,-785,3587,22653,2007,-24771,-354,0,0,0,0,1,0
334,86718,19958,-722,4729,23966,2079,-22789,-617,0,0,0,0,1,0
335,86979,19902,-652,5814,25064,2130,-20587,-873,0,0,0,0,1,0
336,87239,19682,-576,6831,25937,2162,-18187,-1121,0,0,0,0,1,0
337,87500,19302,-495,7770,26577,2172,-15612,-1358,0,0,0,0,1,0
338,87760,18764,-408,8621,26977,2162,-12886,-1581,0,0,0,0,1,0
339,88020,18072,-318,9378,27133,2130,-10036,-1790,0,0,0,0,1,0
340,88281,17235,-225,10033,27043,2079,-7090,-1982,0,0,0,0,1,0
341,88541,16259,-129,10579,26709,2007,-4075,-2154,0,0,0,0,1,0
342,88802,15153,-32,11012,26133,1916,-1022,-2306,0,0,0,0,1,0
343,89062,13928,65,11328,25320,1806,2042,-2435,0,0,0,0,1,0
344,89322,12596,161,11522,24279,1679,5086,-2541,0,0,0,0,1,0
345,89583,11168,256,11595,23019,1536,8081,-2623,0,0,0,0,1,0
346,89843,9659,348,11545,21552,1378,10998,-2679,0,0,0,0,1,0
347,90104,8083,437,11373,19893,1207,13810,-2709,0,0,0,0,1,0
348,90364,6454,522,11080,18056,1024,16488,-2714,0,0,0,0,1,0
349,90625,4788,602,10669,16060,831,19008,-2692,0,0,0,0,1,0
350,90885,3102,676,10146,13923,631,21344,-2644,0,0,0,0,1,0
351,91145,1410,744,9513,11667,424,23475,-2571,0,0,0,0,1,0
352,91406,-271,804,8779,9312,213,25380,-2473,0,0,0,0,1,0
353,91666,-1925,857,7950,6882,0,27040,-2351,0,0,0,0,1,0
354,91927,-3536,901,7034,4398,-213,28440,-2207,0,0,0,0,1,0
355,92187,-5090,937,6040,1887,-424,29566,-2041,0,0,0,0,1,0
356,92447,-6571,963,4977,-630,-631,30408,-1856,0,0,0,0,1,0
357,92708,-7965,981,3857,-3127,-831,30956,-1653,0,0,0,0,1,0
358,92968,-9259,988,2690,-5581,-1024,31207,-1434,0,0,0,0,1,0
359,93229,-10442,987,1487,-7968,-1207,31157,-1201,0,0,0,0,1,0
360,93489,-11501,976,260,-10265,-1378,30806,-956,0,0,0,0,1,0
361,93750,-12427,955,-979,-12451,-1536,30159,-703,0,0,0,0,1,0
362,94010,-13211,926,-2219,-14504,-1679,29222,-442,0,0,0,0,1,0
363,94270,-13846,887,-3446,-16405,-1806,28003,-178,0,0,0,0,1,0
364,94531,-14325,840,-4650,-18135,-1916,26515,89,0,0,0,0,1,0
365,94791,-14645,785,-5818,-19678,-2007,24771,354,0,0,0,0,1,0
366,95052,-14803,722,-6939,-21020,-2079,22789,617,0,0,0,0,1,0
367,95312,-14797,652,-8002,-22147,-2130,20587,873,0,0,0,0,1,0
368,95572,-14628,576,-8997,-23049,-2162,18187,1121,0,0,0,0,1,0
369,95833,-14297,495,-9915,-23717,-2172,15612,1358,0,0,0,0,1,0
370,96093,-13807,408,-10746,-24145,-2162,12886,1581,0,0,0,0,1,0
371,96354,-13165,318,-11482,-24328,-2130,10036,1790,0,0,0,0,1,0
372,96614,-12375,225,-12116,-24266,-2079,7090,1982,0,0,0,0,1,0
373,96875,-11446,129,-12642,-23959,-2007,4075,2154,0,0,0,0,1,0
374,97135,-10388,32,-13055,-23410,-1916,1022,2306,0,0,0,0,1,0
375,97395,-9209,-65,-13350,-22624,-1806,-2042,2435,0,0,0,0,1,0
376,97656,-7923,-161,-13525,-21609,-1679,-5086,2541,0,0,0,0,1,0
377,97916,-6541,-256,-13578,-20375,-1536,-8081,2623,0,0,0,0,1,0
378,98177,-5077,-348,-13509,-18934,-1378,-10998,2679,0,0,0,0,1,0
379,98437,-3546,-437,-13317,-17300,-1207,-13810,2709,0,0,0,0,1,0
380,98697,-1961,-522,-13005,-15489,-1024,-16488,2714,0,0,0,0,1,0
381,98958,-339,-602,-12576,-13518,-831,-19008,2692,0,0,0,0,1,0
382,99218,1304,-676,-12034,-11406,-631,-21344,2644,0,0,0,0,1,0
383,99479,2952,-744,-11383,-9174,-424,-23475,2571,0,0,0,0,1,0
384,99739,4591,-804,-10630,-6844,-213,-25380,2473,0,0,0,0,1,0
385,100000,6202,-857,-9783,-4437,0,-27040,2351,0,0,0,0,1,0
386,100260,7772,-901,-8849,-1978,213,-28440,2207,0,0,0,0,1,0
387,100520,9284,-937,-7837,510,424,-29566,2041,0,0,0,0,1,0
388,100781,10724,-963,-6757,3003,631,-30408,1856,0,0,0,0,1,0
389,101041,12078,-981,-5620,5477,831,-30956,1653,0,0,0,0,1,0
390,101302,13332,-988,-4435,7908,1024,-31207,1434,0,0,0,0,1,0
391,101562,14475,-987,-3215,10273,1207,-31157,1201,0,0,0,0,1,0
392,101822,15494,-976,-1971,12547,1378,-30806,956,0,0,0,0,1,0
393,102083,16381,-955,-715,14711,1536,-30159,703,0,0,0,0,1,0
394,102343,17127,-926,540,16742,1679,-29222,442,0,0,0,0,1,0
395,102604,17723,-887,1784,18621,1806,-28003,178,0,0,0,0,1,0
396,102864,18165,-840,3004,20329,1916,-26515,-89,0,0,0,0,1,0
397,103125,18448,-785,4188,21851,2007,-24771,-354,0,0,0,0,1,0
398,103385,18568,-722,5325,23171,2079,-22789,-617,0,0,0,0,1,0
399,103645,18525,-652,6404,24277,2130,-20587,-873,0,0,0,0,1,0
400,103906,18320,-576,7415,25158,2162,-18187,-1121,0,0,0,0,1,0
401,104166,17952,-495,8348,25806,2172,-15612,-1358,0,0,0,0,1,0
402,104427,17427,-408,9194,26213,2162,-12886,-1581,0,0,0,0,1,0
403,104687,16749,-318,9945,26377,2130,-10036,-1790,0,0,0,0,1,0
404,104947,15925,-225,10595,26295,2079,-7090,-1982,0,0,0,0,1,0
405,105208,14961,-129,11135,25968,2007,-4075,-2154,0,0,0,0,1,0
406,105468,13868,-32,11563,25399,1916,-1022,-2306,0,0,0,0,1,0
407,105729,12656,65,11873,24593,1806,2042,-2435,0,0,0,0,1,0
408,105989,11336,161,12062,23559,1679,5086,-2541,0,0,0,0,1,0
409,106250,9921,256,12130,22306,1536,8081,-2623,0,0,0,0,1,0
410,106510,627,348,-976,0,17224,9564,-26788,0,0,0,0,1,0
411,106770,549,437,-987,0,15084,12008,-27093,0,0,0,0,1,0
412,107031,466,522,-988,0,12799,14337,-27136,0,0,0,0,1,0
413,107291,378,602,-981,0,10390,16528,-26918,0,0,0,0,1,0
414,107552,287,676,-963,0,7881,18560,-26442,0,0,0,0,1,0
415,107812,193,744,-937,0,5297,20413,-25710,0,0,0,0,1,0
416,108072,97,804,-901,0,2661,22069,-24731,0,0,0,0,1,0
417,108333,0,857,-857,0,0,23513,-23513,0,0,0,0,1,0
418,108593,-97,901,-804,0,-2661,24731,-22069,0,0,0,0,1,0
419,108854,-193,937,-744,0,-5297,25710,-20413,0,0,0,0,1,0
420,109114,-287,963,-676,0,-7881,26442,-18560,0,0,0,0,1,0
421,109375,-378,981,-602,0,-10390,26918,-16528,0,0,0,0,1,0
422,109635,-466,988,-522,0,-12799,27136,-14337,0,0,0,0,1,0
423,109895,-549,987,-437,0,-15084,27093,-12008,0,0,0,0,1,0
424,110156,-627,976,-348,0,-17224,26788,-9564,0,0,0,0,1,0
425,110416,-699,955,-256,0,-19198,26226,-7027,0,0,0,0,1,0
426,110677,-765,926,-161,0,-20988,25411,-4423,0,0,0,0,1,0
427,110937,-822,887,-65,0,-22575,24351,-1776,0,0,0,0,1,0
428,111197,-872,840,32,0,-23945,23056,888,0,0,0,0,1,0
429,111458,-914,785,129,0,-25084,21540,3544,0,0,0,0,1,0
430,111718,-946,722,225,0,-25982,19816,6165,0,0,0,0,1,0
431,111979,-970,652,318,0,-26629,17902,8727,0,0,0,0,1,0
432,112239,-984,576,408,0,-27020,15815,11205,0,0,0,0,1,0
433,112500,-989,495,495,0,-27151,13575,13575,0,0,0,0,1,0
434,112760,-984,408,576,0,-27020,11205,15815,0,0,0,0,1,0
435,113020,-970,318,652,0,-26629,8727,17902,0,0,0,0,1,0
436,113281,-946,225,722,0,-25982,6165,19816,0,0,0,0,1,0
437,113541,-914,129,785,0,-25084,3544,21540,0,0,0,0,1,0
438,113802,-872,32,840,0,-23945,888,23056,0,0,0,0,1,0
439,114062,-822,-65,887,0,-22575,-1776,24351,0,0,0,0,1,0
440,114322,-765,-161,926,0,-20988,-4423,25411,0,0,0,0,1,0
441,114583,-699,-256,955,0,-19198,-7027,26226,0,0,0,0,1,0
442,114843,-627,-348,976,0,-17224,-9564,26788,0,0,0,0,1,0
443,115104,-549,-437,987,0,-15084,-12008,27093,0,0,0,0,1,0
444,115364,-466,-522,988,0,-12799,-14337,27136,0,0,0,0,1,0
445,115625,-378,-602,981,0,-10390,-16528,26918,0,0,0,0,1,0
446,115885,-287,-676,963,0,-7881,-18560,26442,0,0,0,0,1,0
447,116145,-193,-744,937,0,-5297,-20413,25710,0,0,0,0,1,0
448,116406,-97,-804,901,0,-2661,-22069,24731,0,0,0,0,1,0
449,116666,0,-857,857,0,0,-23513,23513,0,0,0,0,1,0
450,116927,97,-901,804,0,2661,-24731,22069,0,0,0,0,1,0
451,117187,193,-937,744,0,5297,-25710,20413,0,0,0,0,1,0
452,117447,287,-963,676,0,7881,-26442,18560,0,0,0,0,1,0
453,117708,378,-981,602,0,10390,-26918,16528,0,0,0,0,1,0
454,117968,466,-988,522,0,12799,-27136,14337,0,0,0,0,1,0
455,118229,549,-987,437,0,15084,-27093,12008,0,0,0,0,1,0
456,118489,627,-976,348,0,17224,-26788,9564,0,0,0,0,1,0
457,118750,699,-955,256,0,19198,-26226,7027,0,0,0,0,1,0
458,119010,765,-926,161,0,20988,-25411,4423,0,0,0,0,1,0
459,119270,822,-887,65,0,22575,-24351,1776,0,0,0,0,1,0
460,119531,872,-840,-32,0,23945,-23056,-888,0,0,0,0,1,0
461,119791,914,-785,-129,0,25084,-21540,-3544,0,0,0,0,1,0
462,120052,946,-722,-225,0,25982,-19816,-6165,0,0,0,0,1,0
463,120312,970,-652,-318,0,26629,-17902,-8727,0,0,0,0,1,0
464,120572,984,-576,-408,0,27020,-15815,-11205,0,0,0,0,1,0
465,120833,989,-495,-495,0,27151,-13575,-13575,0,0,0,0,1,0
466,121093,984,-408,-576,0,27020,-11205,-15815,0,0,0,0,1,0
467,121354,970,-318,-652,0,26629,-8727,-17902,0,0,0,0,1,0
468,121614,946,-225,-722,0,25982,-6165,-19816,0,0,0,0,1,0
469,121875,914,-129,-785,0,25084,-3544,-21540,0,0,0,0,1,0
470,122135,872,-32,-840,0,23945,-888,-23056,0,0,0,0,1,0
471,122395,822,65,-887,0,22575,1776,-24351,0,0,0,0,1,0
472,122656,765,161,-926,0,20988,4423,-25411,0,0,0,0,1,0
473,122916,699,256,-955,0,19198,7027,-26226,0,0,0,0,1,0
474,123177,627,348,-976,0,17224,9564,-26788,0,0,0,0,1,0
475,123437,549,437,-987,0,15084,12008,-27093,0,0,0,0,1,0
476,123697,466,522,-988,0,12799,14337,-27136,0,0,0,0,1,0
477,123958,378,602,-981,0,10390,16528,-26918,0,0,0,0,1,0
478,124218,287,676,-963,0,7881,18560,-26442,0,0,0,0,1,0
479,124479,193,744,-937,0,5297,20413,-25710,0,0,0,0,1,0
480,124739,97,804,-901,0,2661,22069,-24731,0,0,0,0,1,0
481,125000,0,857,-857,0,0,23513,-23513,0,0,0,0,1,0
482,125260,-97,901,-804,0,-2661,24731,-22069,0,0,0,0,1,0
483,125520,-193,937,-744,0,-5297,25710,-20413,0,0,0,0,1,0
484,125781,-287,963,-676,0,-7881,26442,-18560,0,0,0,0,1,0
485,126041,-378,981,-602,0,-10390,26918,-16528,0,0,0,0,1,0
486,126302,-466,988,-522,0,-12799,27136,-14337,0,0,0,0,1,0
487,126562,-549,987,-437,0,-15084,27093,-12008,0,0,0,0,1,0
488,126822,-627,976,-348,0,-17224,26788,-9564,0,0,0,0,1,0
489,127083,-699,955,-256,0,-19198,26226,-7027,0,0,0,0,1,0
490,127343,-765,926,-161,0,-20988,25411,-4423,0,0,0,0,1,0
491,127604,-822,887,-65,0,-22575,24351,-1776,0,0,0,0,1,0
492,127864,-872,840,32,0,-23945,23056,888,0,0,0,0,1,0
493,128124,-914,785,129,0,-25084,21540,3544,0,0,0,0,1,0
494,128385,-946,722,225,0,-25982,19816,6165,0,0,0,0,1,0
495,128645,-970,652,318,0,-26629,17902,8727,0,0,0,0,1,0
496,128906,-984,576,408,0,-27020,15815,11205,0,0,0,0,1,0
497,129166,-989,495,495,0,-27151,13575,13575,0,0,0,0,1,0
498,129427,-984,408,576,0,-27020,11205,15815,0,0,0,0,1,0
499,129687,-970,318,652,0,-26629,8727,17902,0,0,0,0,1,0
500,129947,-946,225,722,0,-25982,6165,19816,0,0,0,0,1,0
501,130208,-914,129,785,0,-25084,3544,21540,0,0,0,0,1,0
502,130468,-872,32,840,0,-23945,888,23056,0,0,0,0,1,0
503,130729,-822,-65,887,0,-22575,-1776,24351,0,0,0,0,1,0
504,130989,-765,-161,926,0,-20988,-4423,25411,0,0,0,0,1,0
505,131250,-699,-256,955,0,-19198,-7027,26226,0,0,0,0,1,0
506,131510,-627,-348,976,0,-17224,-9564,26788,0,0,0,0,1,0
507,131770,-549,-437,987,0,-15084,-12008,27093,0,0,0,0,1,0
508,132031,-466,-522,988,0,-12799,-14337,27136,0,0,0,0,1,0
509,132291,-378,-602,981,0,-10390,-16528,26918,0,0,0,0,1,0
510,132552,-287,-676,963,0,-7881,-18560,26442,0,0,0,0,1,0
511,132812,-193,-744,937,0,-5297,-20413,25710,0,0,0,0,1,0
512,133072,-97,-804,901,0,-2661,-22069,24731,0,0,0,0,1,0
513,133333,0,-857,857,0,0,-23513,23513,0,0,0,0,1,0
514,133593,97,-901,804,0,2661,-24731,22069,0,0,0,0,1,0
515,133854,193,-937,744,0,5297,-25710,20413,0,0,0,0,1,0
516,134114,287,-963,676,0,7881,-26442,18560,0,0,0,0,1,0
517,134375,378,-981,602,0,10390,-26918,16528,0,0,0,0,1,0
518,134635,466,-988,522,0,12799,-27136,14337,0,0,0,0,1,0
519,134895,549,-987,437,0,15084,-27093,12008,0,0,0,0,1,0
520,135156,627,-976,348,0,17224,-26788,9564,0,0,0,0,1,0
521,135416,699,-955,256,0,19198,-26226,7027,0,0,0,0,1,0
522,135677,765,-926,161,0,20988,-25411,4423,0,0,0,0,1,0
523,135937,822,-887,65,0,22575,-24351,1776,0,0,0,0,1,0
524,136197,872,-840,-32,0,23945,-23056,-888,0,0,0,0,1,0
525,136458,914,-785,-129,0,25084,-21540,-3544,0,0,0,0,1,0
526,136718,946,-722,-225,0,25982,-19816,-6165,0,0,0,0,1,0
527,136979,970,-652,-318,0,26629,-17902,-8727,0,0,0,0,1,0
528,137239,984,-576,-408,0,27020,-15815,-11205,0,0,0,0,1,0
529,137500,989,-495,-495,0,27151,-13575,-13575,0,0,0,0,1,0
530,137760,984,-408,-576,0,27020,-11205,-15815,0,0,0,0,1,0
531,138020,970,-318,-652,0,26629,-8727,-17902,0,0,0,0,1,0
532,138281,946,-225,-722,0,25982,-6165,-19816,0,0,0,0,1,0
533,138541,914,-129,-785,0,25084,-3544,-21540,0,0,0,0,1,0
534,138802,872,-32,-840,0,23945,-888,-23056,0,0,0,0,1,0
535,139062,822,65,-887,0,22575,1776,-24351,0,0,0,0,1,0
536,139322,765,161,-926,0,20988,4423,-25411,0,0,0,0,1,0
537,139583,699,256,-955,0,19198,7027,-26226,0,0,0,0,1,0
538,139843,627,348,-976,0,17224,9564,-26788,0,0,0,0,1,0
539,140104,549,437,-987,0,15084,12008,-27093,0,0,0,0,1,0
540,140364,466,522,-988,0,12799,14337,-27136,0,0,0,0,1,0
541,140625,378,602,-981,0,10390,16528,-26918,0,0,0,0,1,0
542,140885,287,676,-963,0,7881,18560,-26442,0,0,0,0,1,0
543,141145,193,744,-937,0,5297,20413,-25710,0,0,0,0,1,0
544,141406,97,804,-901,0,2661,22069,-24731,0,0,0,0,1,0
545,141666,0,857,-857,0,0,23513,-23513,0,0,0,0,1,0
546,141927,-97,901,-804,0,-2661,24731,-22069,0,0,0,0,1,0
547,142187,-193,937,-744,0,-5297,25710,-20413,0,0,0,0,1,0
548,142447,-287,963,-676,0,-7881,26442,-18560,0,0,0,0,1,0
549,142708,-378,981,-602,0,-10390,26918,-16528,0,0,0,0,1,0
550,142968,-466,988,-522,0,-12799,27136,-14337,0,0,0,0,1,0
551,143229,-549,987,-437,0,-15084,27093,-12008,0,0,0,0,1,0
552,143489,-627,976,-348,0,-17224,26788,-9564,0,0,0,0,1,0
553,143750,-699,955,-256,0,-19198,26226,-7027,0,0,0,0,1,0
554,144010,-765,926,-161,0,-20988,25411,-4423,0,0,0,0,1,0
555,144270,-822,887,-65,0,-22575,24351,-1776,0,0,0,0,1,0
556,144531,-872,840,32,0,-23945,23056,888,0,0,0,0,1,0
557,144791,-914,785,129,0,-25084,21540,3544,0,0,0,0,1,0
558,145052,-946,722,225,0,-25982,19816,6165,0,0,0,0,1,0
559,145312,-970,652,318,0,-26629,17902,8727,0,0,0,0,1,0
560,145572,-984,576,408,0,-27020,15815,11205,0,0,0,0,1,0
561,145833,-989,495,495,0,-27151,13575,13575,0,0,0,0,1,0
562,146093,-984,408,576,0,-27020,11205,15815,0,0,0,0,1,0
563,146354,-970,318,652,0,-26629,8727,17902,0,0,0,0,1,0
564,146614,-946,225,722,0,-25982,6165,19816,0,0,0,0,1,0
565,146875,-914,129,785,0,-25084,3544,21540,0,0,0,0,1,0
566,147135,-872,32,840,0,-23945,888,23056,0,0,0,0,1,0
567,147395,-822,-65,887,0,-22575,-1776,24351,0,0,0,0,1,0
568,147656,-765,-161,926,0,-20988,-4423,25411,0,0,0,0,1,0
569,147916,-699,-256,955,0,-19198,-7027,26226,0,0,0,0,1,0
570,148177,-627,-348,976,0,-17224,-9564,26788,0,0,0,0,1,0
571,148437,-549,-437,987,0,-15084,-12008,27093,0,0,0,0,1,0
572,148697,-466,-522,988,0,-12799,-14337,27136,0,0,0,0,1,0
573,148958,-378,-602,981,0,-10390,-16528,26918,0,0,0,0,1,0
574,149218,-287,-676,963,0,-7881,-18560,26442,0,0,0,0,1,0
575,149479,-193,-744,937,0,-5297,-20413,25710,0,0,0,0,1,0
576,149739,-97,-804,901,0,-2661,-22069,24731,0,0,0,0,1,0
577,150000,0,-857,857,0,0,-23513,23513,0,0,0,0,1,0
578,150260,97,-901,804,0,2661,-24731,22069,0,0,0,0,1,0
579,150520,193,-937,744,0,5297,-25710,20413,0,0,0,0,1,0
580,150781,287,-963,676,0,7881,-26442,18560,0,0,0,0,1,0
581,151041,378,-981,602,0,10390,-26918,16528,0,0,0,0,1,0
582,151302,466,-988,522,0,12799,-27136,14337,0,0,0,0,1,0
583,151562,549,-987,437,0,15084,-27093,12008,0,0,0,0,1,0
584,151822,627,-976,348,0,17224,-26788,9564,0,0,0,0,1,0
585,152083,699,-955,256,0,19198,-26226,7027,0,0,0,0,1,0
586,152343,765,-926,161,0,20988,-25411,4423,0,0,0,0,1,0
587,152604,822,-887,65,0,22575,-24351,1776,0,0,0,0,1,0
588,152864,872,-840,-32,0,23945,-23056,-888,0,0,0,0,1,0
589,153125,914,-785,-129,0,25084,-21540,-3544,0,0,0,0,1,0
590,153385,946,-722,-225,0,25982,-19816,-6165,0,0,0,0,1,0
591,153645,970,-652,-318,0,26629,-17902,-8727,0,0,0,0,1,0
592,153906,984,-576,-408,0,27020,-15815,-11205,0,0,0,0,1,0
593,154166,989,-495,-495,0,27151,-13575,-13575,0,0,0,0,1,0
594,154427,984,-408,-576,0,27020,-11205,-15815,0,0,0,0,1,0
595,154687,970,-318,-652,0,26629,-8727,-17902,0,0,0,0,1,0
596,154947,946,-225,-722,0,25982,-6165,-19816,0,0,0,0,1,0
597,155208,914,-129,-785,0,25084,-3544,-21540,0,0,0,0,1,0
598,155468,872,-32,-840,0,23945,-888,-23056,0,0,0,0,1,0
599,155729,822,65,-887,0,22575,1776,-24351,0,0,0,0,1,0
600,155989,765,161,-926,0,20988,4423,-25411,0,0,0,0,1,0
601,156250,699,256,-955,0,19198,7027,-26226,0,0,0,0,1,0
602,156510,627,348,-976,0,17224,9564,-26788,0,0,0,0,1,0
603,156770,549,437,-987,0,15084,12008,-27093,0,0,0,0,1,0
604,157031,466,522,-988,0,12799,14337,-27136,0,0,0,0,1,0
605,157291,378,602,-981,0,10390,16528,-26918,0,0,0,0,1,0
606,157552,287,676,-963,0,7881,18560,-26442,0,0,0,0,1,0
607,157812,193,744,-937,0,5297,20413,-25710,0,0,0,0,1,0
608,158072,97,804,-901,0,2661,22069,-24731,0,0,0,0,1,0
609,158333,0,857,-857,0,0,23513,-23513,0,0,0,0,1,0
610,158593,-97,901,-804,0,-2661,24731,-22069,0,0,0,0,1,0
611,158854,-193,937,-744,0,-5297,25710,-20413,0,0,0,0,1,0
612,159114,-287,963,-676,0,-7881,26442,-18560,0,0,0,0,1,0
613,159375,-378,981,-602,0,-10390,26918,-16528,0,0,0,0,1,0
614,159635,-466,988,-522,0,-12799,27136,-14337,0,0,0,0,1,0
615,159895,-549,987,-437,0,-15084,27093,-12008,0,0,0,0,1,0
616,160156,-627,976,-348,0,-17224,26788,-9564,0,0,0,0,1,0
617,160416,-699,955,-256,0,-19198,26226,-7027,0,0,0,0,1,0
618,160677,-765,926,-161,0,-20988,25411,-4423,0,0,0,0,1,0
619,160937,-822,887,-65,0,-22575,24351,-1776,0,0,0,0,1,0
620,161197,-872,840,32,0,-23945,23056,888,0,0,0,0,1,0
621,161458,-914,785,129,0,-25084,21540,3544,0,0,0,0,1,0
622,161718,-946,722,225,0,-25982,19816,6165,0,0,0,0,1,0
623,161979,-970,652,318,0,-26629,17902,8727,0,0,0,0,1,0
624,162239,-984,576,408,0,-27020,15815,11205,0,0,0,0,1,0
625,162500,-989,495,495,0,-27151,13575,13575,0,0,0,0,1,0
626,162760,-984,408,576,0,-27020,11205,15815,0,0,0,0,1,0
627,163020,-970,318,652,0,-26629,8727,17902,0,0,0,0,1,0
628,163281,-946,225,722,0,-25982,6165,19816,0,0,0,0,1,0
629,163541,-914,129,785,0,-25084,3544,21540,0,0,0,0,1,0
630,163802,-872,32,840,0,-23945,888,23056,0,0,0,0,1,0
631,164062,-822,-65,887,0,-22575,-1776,24351,0,0,0,0,1,0
632,164322,-765,-161,926,0,-20988,-4423,25411,0,0,0,0,1,0
633,164583,-699,-256,955,0,-19198,-7027,26226,0,0,0,0,1,0
634,164843,-627,-348,976,0,-17224,-9564,26788,0,0,0,0,1,0
635,165104,-549,-437,987,0,-15084,-12008,27093,0,0,0,0,1,0
636,165364,-466,-522,988,0,-12799,-14337,27136,0,0,0,0,1,0
637,165625,-378,-602,981,0,-10390,-16528,26918,0,0,0,0,1,0
638,165885,-287,-676,963,0,-7881,-18560,26442,0,0,0,0,1,0
639,166145,-193,-744,937,0,-5297,-20413,25710,0,0,0,0,1,0
640,166406,-97,-804,901,0,-2661,-22069,24731,0,0,0,0,1,0
641,166666,0,-857,857,0,0,-23513,23513,0,0,0,0,1,0
642,166927,97,-901,804,0,2661,-24731,22069,0,0,0,0,1,0
643,167187,193,-937,744,0,5297,-25710,20413,0,0,0,0,1,0
644,167447,287,-963,676,0,7881,-26442,18560,0,0,0,0,1,0
645,167708,378,-981,602,0,10390,-26918,16528,0,0,0,0,1,0
646,167968,466,-988,522,0,12799,-27136,14337,0,0,0,0,1,0
647,168229,549,-987,437,0,15084,-27093,12008,0,0,0,0,1,0
648,168489,627,-976,348,0,17224,-26788,9564,0,0,0,0,1,0
649,168750,699,-955,256,0,19198,-26226,7027,0,0,0,0,1,0
650,169010,765,-926,161,0,20988,-25411,4423,0,0,0,0,1,0
651,169270,822,-887,65,0,22575,-24351,1776,0,0,0,0,1,0
652,169531,872,-840,-32,0,23945,-23056,-888,0,0,0,0,1,0
653,169791,914,-785,-129,0,25084,-21540,-3544,0,0,0,0,1,0
654,170052,946,-722,-225,0,25982,-19816,-6165,0,0,0,0,1,0
655,170312,970,-652,-318,0,26629,-17902,-8727,0,0,0,0,1,0
656,170572,984,-576,-408,0,27020,-15815,-11205,0,0,0,0,1,0
657,170833,989,-495,-495,0,27151,-13575,-13575,0,0,0,0,1,0
658,171093,984,-408,-576,0,27020,-11205,-15815,0,0,0,0,1,0
659,171354,970,-318,-652,0,26629,-8727,-17902,0,0,0,0,1,0
660,171614,946,-225,-722,0,25982,-6165,-19816,0,0,0,0,1,0
661,171875,914,-129,-785,0,25084,-3544,-21540,0,0,0,0,1,0
662,172135,872,-32,-840,0,23945,-888,-23056,0,0,0,0,1,0
663,172395,822,65,-887,0,22575,1776,-24351,0,0,0,0,1,0
664,172656,765,161,-926,0,20988,4423,-25411,0,0,0,0,1,0
665,172916,699,256,-955,0,19198,7027,-26226,0,0,0,0,1,0
666,173177,627,348,-976,0,17224,9564,-26788,0,0,0,0,1,0
667,173437,549,437,-987,0,15084,12008,-27093,0,0,0,0,1,0
668,173697,466,522,-988,0,12799,14337,-27136,0,0,0,0,1,0
669,173958,378,602,-981,0,10390,16528,-26918,0,0,0,0,1,0
670,174218,287,676,-963,0,7881,18560,-26442,0,0,0,0,1,0
671,174479,193,744,-937,0,5297,20413,-25710,0,0,0,0,1,0
672,174739,97,804,-901,0,2661,22069,-24731,0,0,0,0,1,0
673,175000,0,857,-857,0,0,23513,-23513,0,0,0,0,1,0
674,175260,-97,901,-804,0,-2661,24731,-22069,0,0,0,0,1,0
675,175520,-193,937,-744,0,-5297,25710,-20413,0,0,0,0,1,0
676,175781,-287,963,-676,0,-7881,26442,-18560,0,0,0,0,1,0
677,176041,-378,981,-602,0,-10390,26918,-16528,0,0,0,0,1,0
678,176302,-466,988,-522,0,-12799,27136,-14337,0,0,0,0,1,0
679,176562,-549,987,-437,0,-15084,27093,-12008,0,0,0,0,1,0
680,176822,-627,976,-348,0,-17224,26788,-9564,0,0,0,0,1,0
681,177083,-699,955,-256,0,-19198,26226,-7027,0,0,0,0,1,0
682,177343,-765,926,-161,0,-20988,25411,-4423,0,0,0,0,1,0
683,177604,-822,887,-65,0,-22575,24351,-1776,0,0,0,0,1,0
684,177864,-872,840,32,0,-23945,23056,888,0,0,0,0,1,0
685,178125,-914,785,129,0,-25084,21540,3544,0,0,0,0,1,0
686,178385,-946,722,225,0,-25982,19816,6165,0,0,0,0,1,0
687,178645,-970,652,318,0,-26629,17902,8727,0,0,0,0,1,0
688,178906,-984,576,408,0,-27020,15815,11205,0,0,0,0,1,0
689,179166,-989,495,495,0,-27151,13575,13575,0,0,0,0,1,0
690,179427,-984,408,576,0,-27020,11205,15815,0,0,0,0,1,0
691,179687,-970,318,652,0,-26629,8727,17902,0,0,0,0,1,0
692,179947,-946,225,722,0,-25982,6165,19816,0,0,0,0,1,0
693,180208,-914,129,785,0,-25084,3544,21540,0,0,0,0,1,0
694,180468,-872,32,840,0,-23945,888,23056,0,0,0,0,1,0
695,180729,-822,-65,887,0,-22575,-1776,24351,0,0,0,0,1,0
696,180989,-765,-161,926,0,-20988,-4423,25411,0,0,0,0,1,0
697,181250,-699,-256,955,0,-19198,-7027,26226,0,0,0,0,1,0
698,181510,-627,-348,976,0,-17224,-9564,26788,0,0,0,0,1,0
699,181770,-549,-437,987,0,-15084,-12008,27093,0,0,0,0,1,0
700,182031,-466,-522,988,0,-12799,-14337,27136,0,0,0,0,1,0
701,182291,-378,-602,981,0,-10390,-16528,26918,0,0,0,0,1,0
702,182552,-287,-676,963,0,-7881,-18560,26442,0,0,0,0,1,0
703,182812,-193,-744,937,0,-5297,-20413,25710,0,0,0,0,1,0
704,183072,-97,-804,901,0,-2661,-22069,24731,0,0,0,0,1,0
705,183333,0,-857,857,0,0,-23513,23513,0,0,0,0,1,0
706,183593,97,-901,804,0,2661,-24731,22069,0,0,0,0,1,0
707,183854,193,-937,744,0,5297,-25710,20413,0,0,0,0,1,0
708,184114,287,-963,676,0,7881,-26442,18560,0,0,0,0,1,0
709,184375,378,-981,602,0,10390,-26918,16528,0,0,0,0,1,0
710,184635,466,-988,522,0,12799,-27136,14337,0,0,0,0,1,0
711,184895,549,-987,437,0,15084,-27093,12008,0,0,0,0,1,0
712,185156,627,-976,348,0,17224,-26788,9564,0,0,0,0,1,0
713,185416,699,-955,256,0,19198,-26226,7027,0,0,0,0,1,0
714,185677,765,-926,161,0,20988,-25411,4423,0,0,0,0,1,0
715,185937,822,-887,65,0,22575,-24351,1776,0,0,0,0,1,0
716,186197,872,-840,-32,0,23945,-23056,-888,0,0,0,0,1,0
717,186458,914,-785,-129,0,25084,-21540,-3544,0,0,0,0,1,0
718,186718,946,-722,-225,0,25982,-19816,-6165,0,0,0,0,1,0
719,186979,970,-652,-318,0,26629,-17902,-8727,0,0,0,0,1,0
720,187239,984,-576,-408,0,27020,-15815,-11205,0,0,0,0,1,0
721,187500,989,-495,-495,0,27151,-13575,-13575,0,0,0,0,1,0
722,187760,984,-408,-576,0,27020,-11205,-15815,0,0,0,0,1,0
723,188020,970,-318,-652,0,26629,-8727,-17902,0,0,0,0,1,0
724,188281,946,-225,-722,0,25982,-6165,-19816,0,0,0,0,1,0
725,188541,914,-129,-785,0,25084,-3544,-21540,0,0,0,0,1,0
726,188802,872,-32,-840,0,23945,-888,-23056,0,0,0,0,1,0
727,189062,822,65,-887,0,22575,1776,-24351,0,0,0,0,1,0
728,189322,765,161,-926,0,20988,4423,-25411,0,0,0,0,1,0
729,189583,699,256,-955,0,19198,7027,-26226,0,0,0,0,1,0
730,189843,627,348,-976,0,17224,9564,-26788,0,0,0,0,1,0
731,190104,549,437,-987,0,15084,12008,-27093,0,0,0,0,1,0
732,190364,466,522,-988,0,12799,14337,-27136,0,0,0,0,1,0
733,190625,378,602,-981,0,10390,16528,-26918,0,0,0,0,1,0
734,190885,287,676,-963,0,7881,18560,-26442,0,0,0,0,1,0
735,191145,193,744,-937,0,5297,20413,-25710,0,0,0,0,1,0
736,191406,97,804,-901,0,2661,22069,-24731,0,0,0,0,1,0
737,191666,0,857,-857,0,0,23513,-23513,0,0,0,0,1,0
738,191927,-97,901,-804,0,-2661,24731,-22069,0,0,0,0,1,0
739,192187,-193,937,-744,0,-5297,25710,-20413,0,0,0,0,1,0
740,192447,-287,963,-676,0,-7881,26442,-18560,0,0,0,0,1,0
741,192708,-378,981,-602,0,-10390,26918,-16528,0,0,0,0,1,0
742,192968,-466,988,-522,0,-12799,27136,-14337,0,0,0,0,1,0
743,193229,-549,987,-437,0,-15084,27093,-12008,0,0,0,0,1,0
744,193489,-627,976,-348,0,-17224,26788,-9564,0,0,0,0,1,0
745,193750,-699,955,-256,0,-19198,26226,-7027,0,0,0,0,1,0
746,194010,-765,926,-161,0,-20988,25411,-4423,0,0,0,0,1,0
747,194270,-822,887,-65,0,-22575,24351,-1776,0,0,0,0,1,0
748,194531,-872,840,32,0,-23945,23056,888,0,0,0,0,1,0
749,194791,-914,785,129,0,-25084,21540,3544,0,0,0,0,1,0
750,195052,-946,722,225,0,-25982,19816,6165,0,0,0,0,1,0
751,195312,-970,652,318,0,-26629,17902,8727,0,0,0,0,1,0
752,195572,-984,576,408,0,-27020,15815,11205,0,0,0,0,1,0
753,195833,-989,495,495,0,-27151,13575,13575,0,0,0,0,1,0
754,196093,-984,408,576,0,-27020,11205,15815,0,0,0,0,1,0
755,196354,-970,318,652,0,-26629,8727,17902,0,0,0,0,1,0
756,196614,-946,225,722,0,-25982,6165,19816,0,0,0,0,1,0
757,196875,-914,129,785,0,-25084,3544,21540,0,0,0,0,1,0
758,197135,-872,32,840,0,-23945,888,23056,0,0,0,0,1,0
759,197395,-822,-65,887,0,-22575,-1776,24351,0,0,0,0,1,0
760,197656,-765,-161,926,0,-20988,-4423,25411,0,0,0,0,1,0
761,197916,-699,-256,955,0,-19198,-7027,26226,0,0,0,0,1,0
762,198177,-627,-348,976,0,-17224,-9564,26788,0,0,0,0,1,0
763,198437,-549,-437,987,0,-15084,-12008,27093,0,0,0,0,1,0
764,198697,-466,-522,988,0,-12799,-14337,27136,0,0,0,0,1,0
765,198958,-378,-602,981,0,-10390,-16528,26918,0,0,0,0,1,0
766,199218,-287,-676,963,0,-7881,-18560,26442,0,0,0,0,1,0
767,199479,-193,-744,937,0,-5297,-20413,25710,0,0,0,0,1,0
768,199739,-97,-804,901,0,-2661,-22069,24731,0,0,0,0,1,0
769,200000,0,-857,857,0,0,-23513,23513,0,0,0,0,1,0
770,200260,97,-901,804,0,2661,-24731,22069,0,0,0,0,1,0
771,200520,193,-937,744,0,5297,-25710,20413,0,0,0,0,1,0
772,200781,287,-963,676,0,7881,-26442,18560,0,0,0,0,1,0
773,201041,378,-981,602,0,10390,-26918,16528,0,0,0,0,1,0
774,201302,466,-988,522,0,12799,-27136,14337,0,0,0,0,1,0
775,201562,549,-987,437,0,15084,-27093,12008,0,0,0,0,1,0
776,201822,627,-976,348,0,17224,-26788,9564,0,0,0,0,1,0
777,202083,699,-955,256,0,19198,-26226,7027,0,0,0,0,1,0
778,202343,765,-926,161,0,20988,-25411,4423,0,0,0,0,1,0
779,202604,822,-887,65,0,22575,-24351,1776,0,0,0,0,1,0
780,202864,872,-840,-32,0,23945,-23056,-888,0,0,0,0,1,0
781,203125,914,-785,-129,0,25084,-21540,-3544,0,0,0,0,1,0
782,203385,946,-722,-225,0,25982,-19816,-6165,0,0,0,0,1,0
783,203645,970,-652,-318,0,26629,-17902,-8727,0,0,0,0,1,0
784,203906,984,-576,-408,0,27020,-15815,-11205,0,0,0,0,1,0
785,204166,989,-495,-495,0,27151,-13575,-13575,0,0,0,0,1,0
786,204427,984,-408,-576,0,27020,-11205,-15815,0,0,0,0,1,0
787,204687,970,-318,-652,0,26629,-8727,-17902,0,0,0,0,1,0
788,204947,946,-225,-722,0,25982,-6165,-19816,0,0,0,0,1,0
789,205208,914,-129,-785,0,25084,-3544,-21540,0,0,0,0,1,0
790,205468,872,-32,-840,0,23945,-888,-23056,0,0,0,0,1,0
791,205729,822,65,-887,0,22575,1776,-24351,0,0,0,0,1,0
792,205989,765,161,-926,0,20988,4423,-25411,0,0,0,0,1,0
793,206250,699,256,-955,0,19198,7027,-26226,0,0,0,0,1,0
794,206510,627,348,-976,0,17224,9564,-26788,0,0,0,0,1,0
795,206770,549,437,-987,0,15084,12008,-27093,0,0,0,0,1,0
796,207031,466,522,-988,0,12799,14337,-27136,0,0,0,0,1,0
797,207291,378,602,-981,0,10390,16528,-26918,0,0,0,0,1,0
798,207552,287,676,-963,0,7881,18560,-26442,0,0,0,0,1,0
799,207812,193,744,-937,0,5297,20413,-25710,0,0,0,0,1,0
800,208072,97,804,-901,0,2661,22069,-24731,0,0,0,0,1,0
801,208333,0,857,-857,0,0,23513,-23513,0,0,0,0,1,0
802,208593,-97,901,-804,0,-2661,24731,-22069,0,0,0,0,1,0
803,208854,-193,937,-744,0,-5297,25710,-20413,0,0,0,0,1,0
804,209114,-287,963,-676,0,-7881,26442,-18560,0,0,0,0,1,0
805,209375,-378,981,-602,0,-10390,26918,-16528,0,0,0,0,1,0
806,209635,-466,988,-522,0,-12799,27136,-14337,0,0,0,0,1,0
807,209895,-549,987,-437,0,-15084,27093,-12008,0,0,0,0,1,0
808,210156,-627,976,-348,0,-17224,26788,-9564,0,0,0,0,1,0
809,210416,-699,955,-256,0,-19198,26226,-7027,0,0,0,0,1,0
810,210677,-765,926,-161,0,-20988,25411,-4423,0,0,0,0,1,0
811,210937,-822,887,-65,0,-22575,24351,-1776,0,0,0,0,1,0
812,211197,-872,840,32,0,-23945,23056,888,0,0,0,0,1,0
813,211458,-914,785,129,0,-25084,21540,3544,0,0,0,0,1,0
814,211718,-946,722,225,0,-25982,19816,6165,0,0,0,0,1,0
815,211979,-970,652,318,0,-26629,17902,8727,0,0,0,0,1,0
816,212239,-984,576,408,0,-27020,15815,11205,0,0,0,0,1,0
817,212500,-989,495,495,0,-27151,13575,13575,0,0,0,0,1,0
818,212760,-984,408,576,0,-27020,11205,15815,0,0,0,0,1,0
819,213020,-970,318,652,0,-26629,8727,17902,0,0,0,0,1,0
820,213281,-946,225,722,0,-25982,6165,19816,0,0,0,0,1,0
821,213541,-914,129,785,0,-25084,3544,21540,0,0,0,0,1,0
822,213802,-872,32,840,0,-23945,888,23056,0,0,0,0,1,0
823,214062,-822,-65,887,0,-22575,-1776,24351,0,0,0,0,1,0
824,214322,-765,-161,926,0,-20988,-4423,25411,0,0,0,0,1,0
825,214583,-699,-256,955,0,-19198,-7027,26226,0,0,0,0,1,0
826,214843,-627,-348,976,0,-17224,-9564,26788,0,0,0,0,1,0
827,215104,-549,-437,987,0,-15084,-12008,27093,0,0,0,0,1,0
828,215364,-466,-522,988,0,-12799,-14337,27136,0,0,0,0,1,0
829,215625,-378,-602,981,0,-10390,-16528,26918,0,0,0,0,1,0
830,215885,-287,-676,963,0,-7881,-18560,26442,0,0,0,0,1,0
831,216145,-193,-744,937,0,-5297,-20413,25710,0,0,0,0,1,0
832,216406,-97,-804,901,0,-2661,-22069,24731,0,0,0,0,1,0
833,216666,0,-857,857,0,0,-23513,23513,0,0,0,0,1,0
834,216927,97,-901,804,0,2661,-24731,22069,0,0,0,0,1,0
835,217187,193,-937,744,0,5297,-25710,20413,0,0,0,0,1,0
836,217447,287,-963,676,0,7881,-26442,18560,0,0,0,0,1,0
837,217708,378,-981,602,0,10390,-26918,16528,0,0,0,0,1,0
838,217968,466,-988,522,0,12799,-27136,14337,0,0,0,0,1,0
839,218229,549,-987,437,0,15084,-27093,12008,0,0,0,0,1,0
840,218489,627,-976,348,0,17224,-26788,9564,0,0,0,0,1,0
841,218750,699,-955,256,0,19198,-26226,7027,0,0,0,0,1,0
842,219010,765,-926,161,0,20988,-25411,4423,0,0,0,0,1,0
843,219270,822,-887,65,0,22575,-24351,1776,0,0,0,0,1,0
844,219531,872,-840,-32,0,23945,-23056,-888,0,0,0,0,1,0
845,219791,914,-785,-129,0,25084,-21540,-3544,0,0,0,0,1,0
846,220052,946,-722,-225,0,25982,-19816,-6165,0,0,0,0,1,0
847,220312,970,-652,-318,0,26629,-17902,-8727,0,0,0,0,1,0
848,220572,984,-576,-408,0,27020,-15815,-11205,0,0,0,0,1,0
849,220833,989,-495,-495,0,27151,-13575,-13575,0,0,0,0,1,0
850,221093,984,-408,-576,0,27020,-11205,-15815,0,0,0,0,1,0
851,221354,970,-318,-652,0,26629,-8727,-17902,0,0,0,0,1,0
852,221614,946,-225,-722,0,25982,-6165,-19816,0,0,0,0,1,0
853,221875,914,-129,-785,0,25084,-3544,-21540,0,0,0,0,1,0
854,222135,872,-32,-840,0,23945,-888,-23056,0,0,0,0,1,0
855,222395,822,65,-887,0,22575,1776,-24351,0,0,0,0,1,0
856,222656,765,161,-926,0,20988,4423,-25411,0,0,0,0,1,0
857,222916,699,256,-955,0,19198,7027,-26226,0,0,0,0,1,0
858,223177,627,348,-976,0,17224,9564,-26788,0,0,0,0,1,0
859,223437,549,437,-987,0,15084,12008,-27093,0,0,0,0,1,0
860,223697,466,522,-988,0,12799,14337,-27136,0,0,0,0,1,0
861,223958,378,602,-981,0,10390,16528,-26918,0,0,0,0,1,0
862,224218,287,676,-963,0,7881,18560,-26442,0,0,0,0,1,0
863,224479,193,744,-937,0,5297,20413,-25710,0,0,0,0,1,0
864,224739,97,804,-901,0,2661,22069,-24731,0,0,0,0,1,0
865,225000,0,857,-857,0,0,23513,-23513,0,0,0,0,1,0
866,225260,-97,901,-804,0,-2661,24731,-22069,0,0,0,0,1,0
867,225520,-193,937,-744,0,-5297,25710,-20413,0,0,0,0,1,0
868,225781,-287,963,-676,0,-7881,26442,-18560,0,0,0,0,1,0
869,226041,-378,981,-602,0,-10390,26918,-16528,0,0,0,0,1,0
870,226302,-466,988,-522,0,-12799,27136,-14337,0,0,0,0,1,0
871,226562,-549,987,-437,0,-15084,27093,-12008,0,0,0,0,1,0
872,226822,-627,976,-348,0,-17224,26788,-9564,0,0,0,0,1,0
873,227083,-699,955,-256,0,-19198,26226,-7027,0,0,0,0,1,0
874,227343,-765,926,-161,0,-20988,25411,-4423,0,0,0,0,1,0
875,227604,-822,887,-65,0,-22575,24351,-1776,0,0,0,0,1,0
876,227864,-872,840,32,0,-23945,23056,888,0,0,0,0,1,0
877,228125,-914,785,129,0,-25084,21540,3544,0,0,0,0,1,0
878,228385,-946,722,225,0,-25982,19816,6165,0,0,0,0,1,0
879,228645,-970,652,318,0,-26629,17902,8727,0,0,0,0,1,0
880,228906,-984,576,408,0,-27020,15815,11205,0,0,0,0,1,0
881,229166,-989,495,495,0,-27151,13575,13575,0,0,0,0,1,0
882,229427,-984,408,576,0,-27020,11205,15815,0,0,0,0,1,0
883,229687,-970,318,652,0,-26629,8727,17902,0,0,0,0,1,0
884,229947,-946,225,722,0,-25982,6165,19816,0,0,0,0,1,0
885,230208,-914,129,785,0,-25084,3544,21540,0,0,0,0,1,0
886,230468,-872,32,840,0,-23945,888,23056,0,0,0,0,1,0
887,230729,-822,-65,887,0,-22575,-1776,24351,0,0,0,0,1,0
888,230989,-765,-161,926,0,-20988,-4423,25411,0,0,0,0,1,0
889,231250,-699,-256,955,0,-19198,-7027,26226,0,0,0,0,1,0
890,231510,-627,-348,976,0,-17224,-9564,26788,0,0,0,0,1,0
891,231770,-549,-437,987,0,-15084,-12008,27093,0,0,0,0,1,0
892,232031,-466,-522,988,0,-12799,-14337,27136,0,0,0,0,1,0
893,232291,-378,-602,981,0,-10390,-16528,26918,0,0,0,0,1,0
894,232552,-287,-676,963,0,-7881,-18560,26442,0,0,0,0,1,0
895,232812,-193,-744,937,0,-5297,-20413,25710,0,0,0,0,1,0
896,233072,-97,-804,901,0,-2661,-22069,24731,0,0,0,0,1,0
897,233333,0,-857,857,0,0,-23513,23513,0,0,0,0,1,0
898,233593,97,-901,804,0,2661,-24731,22069,0,0,0,0,1,0
899,233854,193,-937,744,0,5297,-25710,20413,0,0,0,0,1,0
900,234114,287,-963,676,0,7881,-26442,18560,0,0,0,0,1,0
901,234375,378,-981,602,0,10390,-26918,16528,0,0,0,0,1,0
902,234635,466,-988,522,0,12799,-27136,14337,0,0,0,0,1,0
903,234895,549,-987,437,0,15084,-27093,12008,0,0,0,0,1,0
904,235156,627,-976,348,0,17224,-26788,9564,0,0,0,0,1,0
905,235416,699,-955,256,0,19198,-26226,7027,0,0,0,0,1,0
906,235677,765,-926,161,0,20988,-25411,4423,0,0,0,0,1,0
907,235937,822,-887,65,0,22575,-24351,1776,0,0,0,0,1,0
908,236197,872,-840,-32,0,23945,-23056,-888,0,0,0,0,1,0
909,236458,914,-785,-129,0,25084,-21540,-3544,0,0,0,0,1,0
910,236718,946,-722,-225,0,25982,-19816,-6165,0,0,0,0,1,0
911,236979,970,-652,-318,0,26629,-17902,-8727,0,0,0,0,1,0
912,237239,984,-576,-408,0,27020,-15815,-11205,0,0,0,0,1,0
913,237500,989,-495,-495,0,27151,-13575,-13575,0,0,0,0,1,0
914,237760,984,-408,-576,0,27020,-11205,-15815,0,0,0,0,1,0
915,238020,970,-318,-652,0,26629,-8727,-17902,0,0,0,0,1,0
916,238281,946,-225,-722,0,25982,-6165,-19816,0,0,0,0,1,0
917,238541,914,-129,-785,0,25084,-3544,-21540,0,0,0,0,1,0
918,238802,872,-32,-840,0,23945,-888,-23056,0,0,0,0,1,0
919,239062,822,65,-887,0,22575,1776,-24351,0,0,0,0,1,0
920,239322,765,161,-926,0,20988,4423,-25411,0,0,0,0,1,0
921,239583,699,256,-955,0,19198,7027,-26226,0,0,0,0,1,0
922,239843,627,348,-976,0,17224,9564,-26788,0,0,0,0,1,0
923,240104,549,437,-987,0,15084,12008,-27093,0,0,0,0,1,0
924,240364,466,522,-988,0,12799,14337,-27136,0,0,0,0,1,0
925,240625,378,602,-981,0,10390,16528,-26918,0,0,0,0,1,0
926,240885,287,676,-963,0,7881,18560,-26442,0,0,0,0,1,0
927,241145,193,744,-937,0,5297,20413,-25710,0,0,0,0,1,0
928,241406,97,804,-901,0,2661,22069,-24731,0,0,0,0,1,0
929,241666,0,857,-857,0,0,23513,-23513,0,0,0,0,1,0
930,241927,-97,901,-804,0,-2661,24731,-22069,0,0,0,0,1,0
931,242187,-193,937,-744,0,-5297,25710,-20413,0,0,0,0,1,0
932,242447,-287,963,-676,0,-7881,26442,-18560,0,0,0,0,1,0
933,242708,-378,981,-602,0,-10390,26918,-16528,0,0,0,0,1,0
934,242968,-466,988,-522,0,-12799,27136,-14337,0,0,0,0,1,0
935,243229,-549,987,-437,0,-15084,27093,-12008,0,0,0,0,1,0
936,243489,-627,976,-348,0,-17224,26788,-9564,0,0,0,0,1,0
937,243750,-699,955,-256,0,-19198,26226,-7027,0,0,0,0,1,0
938,244010,-765,926,-161,0,-20988,25411,-4423,0,0,0,0,1,0
939,244270,-822,887,-65,0,-22575,24351,-1776,0,0,0,0,1,0
940,244531,-872,840,32,0,-23945,23056,888,0,0,0,0,1,0
941,244791,-914,785,129,0,-25084,21540,3544,0,0,0,0,1,0
942,245052,-946,722,225,0,-25982,19816,6165,0,0,0,0,1,0
943,245312,-970,652,318,0,-26629,17902,8727,0,0,0,0,1,0
944,245572,-984,576,408,0,-27020,15815,11205,0,0,0,0,1,0
945,245833,-989,495,495,0,-27151,13575,13575,0,0,0,0,1,0
946,246093,-984,408,576,0,-27020,11205,15815,0,0,0,0,1,0
947,246354,-970,318,652,0,-26629,8727,17902,0,0,0,0,1,0
948,246614,-946,225,722,0,-25982,6165,19816,0,0,0,0,1,0
949,246875,-914,129,785,0,-25084,3544,21540,0,0,0,0,1,0
950,247135,-872,32,840,0,-23945,888,23056,0,0,0,0,1,0
951,247395,-822,-65,887,0,-22575,-1776,24351,0,0,0,0,1,0
952,247656,-765,-161,926,0,-20988,-4423,25411,0,0,0,0,1,0
953,247916,-699,-256,955,0,-19198,-7027,26226,0,0,0,0,1,0
954,248177,-627,-348,976,0,-17224,-9564,26788,0,0,0,0,1,0
955,248437,-549,-437,987,0,-15084,-12008,27093,0,0,0,0,1,0
956,248697,-466,-522,988,0,-12799,-14337,27136,0,0,0,0,1,0
957,248958,-378,-602,981,0,-10390,-16528,26918,0,0,0,0,1,0
958,249218,-287,-676,963,0,-7881,-18560,26442,0,0,0,0,1,0
959,249479,-193,-744,937,0,-5297,-20413,25710,0,0,0,0,1,0
960,249739,-97,-804,901,0,-2661,-22069,24731,0,0,0,0,1,0
961,250000,0,-857,857,0,0,-23513,23513,0,0,0,0,1,0
962,250260,97,-901,804,0,2661,-24731,22069,0,0,0,0,1,0
963,250520,193,-937,744,0,5297,-25710,20413,0,0,0,0,1,0
964,250781,287,-963,676,0,7881,-26442,18560,0,0,0,0,1,0
965,251041,378,-981,602,0,10390,-26918,16528,0,0,0,0,1,0
966,251302,466,-988,522,0,12799,-27136,14337,0,0,0,0,1,0
967,251562,549,-987,437,0,15084,-27093,12008,0,0,0,0,1,0
968,251822,627,-976,348,0,17224,-26788,9564,0,0,0,0,1,0
969,252083,699,-955,256,0,19198,-26226,7027,0,0,0,0,1,0
970,252343,765,-926,161,0,20988,-25411,4423,0,0,0,0,1,0
971,252604,822,-887,65,0,22575,-24351,1776,0,0,0,0,1,0
972,252864,872,-840,-32,0,23945,-23056,-888,0,0,0,0,1,0
973,253125,914,-785,-129,0,25084,-21540,-3544,0,0,0,0,1,0
974,253385,946,-722,-225,0,25982,-19816,-6165,0,0,0,0,1,0
975,253645,970,-652,-318,0,26629,-17902,-8727,0,0,0,0,1,0
976,253906,984,-576,-408,0,27020,-15815,-11205,0,0,0,0,1,0
977,254166,989,-495,-495,0,27151,-13575,-13575,0,0,0,0,1,0
978,254427,984,-408,-576,0,27020,-11205,-15815,0,0,0,0,1,0
979,254687,970,-318,-652,0,26629,-8727,-17902,0,0,0,0,1,0
980,254947,946,-225,-722,0,25982,-6165,-19816,0,0,0,0,1,0
981,255208,914,-129,-785,0,25084,-3544,-21540,0,0,0,0,1,0
982,255468,872,-32,-840,0,23945,-888,-23056,0,0,0,0,1,0
983,255729,822,65,-887,0,22575,1776,-24351,0,0,0,0,1,0
984,255989,765,161,-926,0,20988,4423,-25411,0,0,0,0,1,0
985,256249,699,256,-955,0,19198,7027,-26226,0,0,0,0,1,0
986,256510,627,348,-976,0,17224,9564,-26788,0,0,0,0,1,0
987,256770,549,437,-987,0,15084,12008,-27093,0,0,0,0,1,0
988,257031,466,522,-988,0,12799,14337,-27136,0,0,0,0,1,0
989,257291,378,602,-981,0,10390,16528,-26918,0,0,0,0,1,0
990,257552,287,676,-963,0,7881,18560,-26442,0,0,0,0,1,0
991,257812,193,744,-937,0,5297,20413,-25710,0,0,0,0,1,0
992,258072,97,804,-901,0,2661,22069,-24731,0,0,0,0,1,0
993,258333,0,857,-857,0,0,23513,-23513,0,0,0,0,1,0
994,258593,-97,901,-804,0,-2661,24731,-22069,0,0,0,0,1,0
995,258854,-193,937,-744,0,-5297,25710,-20413,0,0,0,0,1,0
996,259114,-287,963,-676,0,-7881,26442,-18560,0,0,0,0,1,0
997,259375,-378,981,-602,0,-10390,26918,-16528,0,0,0,0,1,0
998,259635,-466,988,-522,0,-12799,27136,-14337,0,0,0,0,1,0
999,259895,-549,987,-437,0,-15084,27093,-12008,0,0,0,0,1,0
1000,260156,-627,976,-348,0,-17224,26788,-9564,0,0,0,0,1,0
1001,260416,-699,955,-256,0,-19198,26226,-7027,0,0,0,0,1,0
1002,260677,-765,926,-161,0,-20988,25411,-4423,0,0,0,0,1,0
1003,260937,-822,887,-65,0,-22575,24351,-1776,0,0,0,0,1,0
1004,261197,-872,840,32,0,-23945,23056,888,0,0,0,0,1,0
1005,261458,-914,785,129,0,-25084,21540,3544,0,0,0,0,1,0
1006,261718,-946,722,225,0,-25982,19816,6165,0,0,0,0,1,0
1007,261979,-970,652,318,0,-26629,17902,8727,0,0,0,0,1,0
1008,262239,-984,576,408,0,-27020,15815,11205,0,0,0,0,1,0
1009,262500,-989,495,495,0,-27151,13575,13575,0,0,0,0,1,0
1010,262760,-984,408,576,0,-27020,11205,15815,0,0,0,0,1,0
1011,263020,-970,318,652,0,-26629,8727,17902,0,0,0,0,1,0
1012,263281,-946,225,722,0,-25982,6165,19816,0,0,0,0,1,0
1013,263541,-914,129,785,0,-25084,3544,21540,0,0,0,0,1,0
1014,263802,-872,32,840,0,-23945,888,23056,0,0,0,0,1,0
1015,264062,-822,-65,887,0,-22575,-1776,24351,0,0,0,0,1,0
1016,264322,-765,-161,926,0,-20988,-4423,25411,0,0,0,0,1,0
1017,264583,-699,-256,955,0,-19198,-7027,26226,0,0,0,0,1,0
1018,264843,-627,-348,976,0,-17224,-9564,26788,0,0,0,0,1,0
1019,265104,-549,-437,987,0,-15084,-12008,27093,0,0,0,0,1,0
1020,265364,-466,-522,988,0,-12799,-14337,27136,0,0,0,0,1,0
1021,265625,-378,-602,981,0,-10390,-16528,26918,0,0,0,0,1,0
1022,265885,-287,-676,963,0,-7881,-18560,26442,0,0,0,0,1,0
1023,266145,-193,-744,937,0,-5297,-20413,25710,0,0,0,0,1,0
1024,266406,-97,-804,901,0,-2661,-22069,24731,0,0,0,0,1,0
1025,266666,0,-857,857,0,0,-23513,23513,0,0,0,0,1,0
1026,266927,97,-901,804,0,2661,-24731,22069,0,0,0,0,1,0
1027,267187,193,-937,744,0,5297,-25710,20413,0,0,0,0,1,0
1028,267447,287,-963,676,0,7881,-26442,18560,0,0,0,0,1,0
1029,267708,378,-981,602,0,10390,-26918,16528,0,0,0,0,1,0
1030,267968,466,-988,522,0,12799,-27136,14337,0,0,0,0,1,0
1031,268229,549,-987,437,0,15084,-27093,12008,0,0,0,0,1,0
1032,268489,627,-976,348,0,17224,-26788,9564,0,0,0,0,1,0
1033,268750,699,-955,256,0,19198,-26226,7027,0,0,0,0,1,0
1034,269010,765,-926,161,0,20988,-25411,4423,0,0,0,0,1,0
1035,269270,822,-887,65,0,22575,-24351,1776,0,0,0,0,1,0
1036,269531,872,-840,-32,0,23945,-23056,-888,0,0,0,0,1,0
1037,269791,914,-785,-129,0,25084,-21540,-3544,0,0,0,0,1,0
1038,270052,946,-722,-225,0,25982,-19816,-6165,0,0,0,0,1,0
1039,270312,970,-652,-318,0,26629,-17902,-8727,0,0,0,0,1,0
1040,270572,984,-576,-408,0,27020,-15815,-11205,0,0,0,0,1,0
1041,270833,989,-495,-495,0,27151,-13575,-13575,0,0,0,0,1,0
1042,271093,984,-408,-576,0,27020,-11205,-15815,0,0,0,0,1,0
1043,271354,970,-318,-652,0,26629,-8727,-17902,0,0,0,0,1,0
1044,271614,946,-225,-722,0,25982,-6165,-19816,0,0,0,0,1,0
1045,271875,914,-129,-785,0,25084,-3544,-21540,0,0,0,0,1,0
1046,272135,872,-32,-840,0,23945,-888,-23056,0,0,0,0,1,0
1047,272395,822,65,-887,0,22575,1776,-24351,0,0,0,0,1,0
1048,272656,765,161,-926,0,20988,4423,-25411,0,0,0,0,1,0
1049,272916,699,256,-955,0,19198,7027,-26226,0,0,0,0,1,0
1050,273177,627,348,-976,0,17224,9564,-26788,0,0,0,0,1,0
1051,273437,549,437,-987,0,15084,12008,-27093,0,0,0,0,1,0
1052,273697,466,522,-988,0,12799,14337,-27136,0,0,0,0,1,0
1053,273958,378,602,-981,0,10390,16528,-26918,0,0,0,0,1,0
1054,274218,287,676,-963,0,7881,18560,-26442,0,0,0,0,1,0
1055,274479,193,744,-937,0,5297,20413,-25710,0,0,0,0,1,0
1056,274739,97,804,-901,0,2661,22069,-24731,0,0,0,0,1,0
1057,275000,0,857,-857,0,0,23513,-23513,0,0,0,0,1,0
1058,275260,-97,901,-804,0,-2661,24731,-22069,0,0,0,0,1,0
1059,275520,-193,937,-744,0,-5297,25710,-20413,0,0,0,0,1,0
1060,275781,-287,963,-676,0,-7881,26442,-18560,0,0,0,0,1,0
1061,276041,-378,981,-602,0,-10390,26918,-16528,0,0,0,0,1,0
1062,276302,-466,988,-522,0,-12799,27136,-14337,0,0,0,0,1,0
1063,276562,-549,987,-437,0,-15084,27093,-12008,0,0,0,0,1,0
1064,276822,-627,976,-348,0,-17224,26788,-9564,0,0,0,0,1,0
1065,277083,-699,955,-256,0,-19198,26226,-7027,0,0,0,0,1,0
1066,277343,-765,926,-161,0,-20988,25411,-4423,0,0,0,0,1,0
1067,277604,-822,887,-65,0,-22575,24351,-1776,0,0,0,0,1,0
1068,277864,-872,840,32,0,-23945,23056,888,0,0,0,0,1,0
1069,278125,-914,785,129,0,-25084,21540,3544,0,0,0,0,1,0
1070,278385,-946,722,225,0,-25982,19816,6165,0,0,0,0,1,0
1071,278645,-970,652,318,0,-26629,17902,8727,0,0,0,0,1,0
1072,278906,-984,576,408,0,-27020,15815,11205,0,0,0,0,1,0
1073,279166,-989,495,495,0,-27151,13575,13575,0,0,0,0,1,0
1074,279427,-984,408,576,0,-27020,11205,15815,0,0,0,0,1,0
1075,279687,-970,318,652,0,-26629,8727,17902,0,0,0,0,1,0
1076,279947,-946,225,722,0,-25982,6165,19816,0,0,0,0,1,0
1077,280208,-914,129,785,0,-25084,3544,21540,0,0,0,0,1,0
1078,280468,-872,32,840,0,-23945,888,23056,0,0,0,0,1,0
1079,280729,-822,-65,887,0,-22575,-1776,24351,0,0,0,0,1,0
1080,280989,-765,-161,926,0,-20988,-4423,25411,0,0,0,0,1,0
1081,281250,-699,-256,955,0,-19198,-7027,26226,0,0,0,0,1,0
1082,281510,-627,-348,976,0,-17224,-9564,26788,0,0,0,0,1,0
1083,281770,-549,-437,987,0,-15084,-12008,27093,0,0,0,0,1,0
1084,282031,-466,-522,988,0,-12799,-14337,27136,0,0,0,0,1,0
1085,282291,-378,-602,981,0,-10390,-16528,26918,0,0,0,0,1,0
1086,282552,-287,-676,963,0,-7881,-18560,26442,0,0,0,0,1,0
1087,282812,-193,-744,937,0,-5297,-20413,25710,0,0,0,0,1,0
1088,283072,-97,-804,901,0,-2661,-22069,24731,0,0,0,0,1,0
1089,283333,0,-857,857,0,0,-23513,23513,0,0,0,0,1,0
1090,283593,97,-901,804,0,2661,-24731,22069,0,0,0,0,1,0
1091,283854,193,-937,744,0,5297,-25710,20413,0,0,0,0,1,0
1092,284114,287,-963,676,0,7881,-26442,18560,0,0,0,0,1,0
1093,284375,378,-981,602,0,10390,-26918,16528,0,0,0,0,1,0
1094,284635,466,-988,522,0,12799,-27136,14337,0,0,0,0,1,0
1095,284895,549,-987,437,0,15084,-27093,12008,0,0,0,0,1,0
1096,285156,627,-976,348,0,17224,-26788,9564,0,0,0,0,1,0
1097,285416,699,-955,256,0,19198,-26226,7027,0,0,0,0,1,0
1098,285677,765,-926,161,0,20988,-25411,4423,0,0,0,0,1,0
1099,285937,822,-887,65,0,22575,-24351,1776,0,0,0,0,1,0
1100,286197,872,-840,-32,0,23945,-23056,-888,0,0,0,0,1,0
1101,286458,914,-785,-129,0,25084,-21540,-3544,0,0,0,0,1,0
1102,286718,946,-722,-225,0,25982,-19816,-6165,0,0,0,0,1,0
1103,286979,970,-652,-318,0,26629,-17902,-8727,0,0,0,0,1,0
1104,287239,984,-576,-408,0,27020,-15815,-11205,0,0,0,0,1,0
1105,287500,989,-495,-495,0,27151,-13575,-13575,0,0,0,0,1,0
1106,287760,984,-408,-576,0,27020,-11205,-15815,0,0,0,0,1,0
1107,288020,970,-318,-652,0,26629,-8727,-17902,0,0,0,0,1,0
1108,288281,946,-225,-722,0,25982,-6165,-19816,0,0,0,0,1,0
1109,288541,914,-129,-785,0,25084,-3544,-21540,0,0,0,0,1,0
1110,288802,872,-32,-840,0,23945,-888,-23056,0,0,0,0,1,0
1111,289062,822,65,-887,0,22575,1776,-24351,0,0,0,0,1,0
1112,289322,765,161,-926,0,20988,4423,-25411,0,0,0,0,1,0
1113,289583,699,256,-955,0,19198,7027,-26226,0,0,0,0,1,0
1114,289843,627,348,-976,0,17224,9564,-26788,0,0,0,0,1,0
1115,290104,549,437,-987,0,15084,12008,-27093,0,0,0,0,1,0
1116,290364,466,522,-988,0,12799,14337,-27136,0,0,0,0,1,0
1117,290625,378,602,-981,0,10390,16528,-26918,0,0,0,0,1,0
1118,290885,287,676,-963,0,7881,18560,-26442,0,0,0,0,1,0
1119,291145,193,744,-937,0,5297,20413,-25710,0,0,0,0,1,0
1120,291406,97,804,-901,0,2661,22069,-24731,0,0,0,0,1,0
1121,291666,0,857,-857,0,0,23513,-23513,0,0,0,0,1,0
1122,291927,-97,901,-804,0,-2661,24731,-22069,0,0,0,0,1,0
1123,292187,-193,937,-744,0,-5297,25710,-20413,0,0,0,0,1,0
1124,292447,-287,963,-676,0,-7881,26442,-18560,0,0,0,0,1,0
1125,292708,-378,981,-602,0,-10390,26918,-16528,0,0,0,0,1,0
1126,292968,-466,988,-522,0,-12799,27136,-14337,0,0,0,0,1,0
1127,293229,-549,987,-437,0,-15084,27093,-12008,0,0,0,0,1,0
1128,293489,-627,976,-348,0,-17224,26788,-9564,0,0,0,0,1,0
1129,293750,-699,955,-256,0,-19198,26226,-7027,0,0,0,0,1,0
1130,294010,-765,926,-161,0,-20988,25411,-4423,0,0,0,0,1,0
1131,294270,-822,887,-65,0,-22575,24351,-1776,0,0,0,0,1,0
1132,294531,-872,840,32,0,-23945,23056,888,0,0,0,0,1,0
1133,294791,-914,785,129,0,-25084,21540,3544,0,0,0,0,1,0
1134,295052,-946,722,225,0,-25982,19816,6165,0,0,0,0,1,0
1135,295312,-970,652,318,0,-26629,17902,8727,0,0,0,0,1,0
1136,295572,-984,576,408,0,-27020,15815,11205,0,0,0,0,1,0
1137,295833,-989,495,495,0,-27151,13575,13575,0,0,0,0,1,0
1138,296093,-984,408,576,0,-27020,11205,15815,0,0,0,0,1,0
1139,296354,-970,318,652,0,-26629,8727,17902,0,0,0,0,1,0
1140,296614,-946,225,722,0,-25982,6165,19816,0,0,0,0,1,0
1141,296875,-914,129,785,0,-25084,3544,21540,0,0,0,0,1,0
1142,297135,-872,32,840,0,-23945,888,23056,0,0,0,0,1,0
1143,297395,-822,-65,887,0,-22575,-1776,24351,0,0,0,0,1,0
1144,297656,-765,-161,926,0,-20988,-4423,25411,0,0,0,0,1,0
1145,297916,-699,-256,955,0,-19198,-7027,26226,0,0,0,0,1,0
1146,298177,-627,-348,976,0,-17224,-9564,26788,0,0,0,0,1,0
1147,298437,-549,-437,987,0,-15084,-12008,27093,0,0,0,0,1,0
1148,298697,-466,-522,988,0,-12799,-14337,27136,0,0,0,0,1,0
1149,298958,-378,-602,981,0,-10390,-16528,26918,0,0,0,0,1,0
1150,299218,-287,-676,963,0,-7881,-18560,26442,0,0,0,0,1,0
1151,299479,-193,-744,937,0,-5297,-20413,25710,0,0,0,0,1,0
1152,299739,-97,-804,901,0,-2661,-22069,24731,0,0,0,0,1,0
1153,300000,0,-857,857,0,0,-23513,23513,0,0,0,0,1,0
1154,300260,97,-901,804,0,2661,-24731,22069,0,0,0,0,1,0
1155,300520,193,-937,744,0,5297,-25710,20413,0,0,0,0,1,0
1156,300781,287,-963,676,0,7881,-26442,18560,0,0,0,0,1,0
1157,301041,378,-981,602,0,10390,-26918,16528,0,0,0,0,1,0
1158,301302,466,-988,522,0,12799,-27136,14337,0,0,0,0,1,0
1159,301562,549,-987,437,0,15084,-27093,12008,0,0,0,0,1,0
1160,301822,627,-976,348,0,17224,-26788,9564,0,0,0,0,1,0
1161,302083,699,-955,256,0,19198,-26226,7027,0,0,0,0,1,0
1162,302343,765,-926,161,0,20988,-25411,4423,0,0,0,0,1,0
1163,302604,822,-887,65,0,22575,-24351,1776,0,0,0,0,1,0
1164,302864,872,-840,-32,0,23945,-23056,-888,0,0,0,0,1,0
1165,303125,914,-785,-129,0,25084,-21540,-3544,0,0,0,0,1,0
1166,303385,946,-722,-225,0,25982,-19816,-6165,0,0,0,0,1,0
1167,303645,970,-652,-318,0,26629,-17902,-8727,0,0,0,0,1,0
1168,303906,984,-576,-408,0,27020,-15815,-11205,0,0,0,0,1,0
1169,304166,989,-495,-495,0,27151,-13575,-13575,0,0,0,0,1,0
1170,304427,984,-408,-576,0,27020,-11205,-15815,0,0,0,0,1,0
1171,304687,970,-318,-652,0,26629,-8727,-17902,0,0,0,0,1,0
1172,304947,946,-225,-722,0,25982,-6165,-19816,0,0,0,0,1,0
1173,305208,914,-129,-785,0,25084,-3544,-21540,0,0,0,0,1,0
1174,305468,872,-32,-840,0,23945,-888,-23056,0,0,0,0,1,0
1175,305729,822,65,-887,0,22575,1776,-24351,0,0,0,0,1,0
1176,305989,765,161,-926,0,20988,4423,-25411,0,0,0,0,1,0
1177,306250,699,256,-955,0,19198,7027,-26226,0,0,0,0,1,0
1178,306510,627,348,-976,0,17224,9564,-26788,0,0,0,0,1,0
1179,306770,549,437,-987,0,15084,12008,-27093,0,0,0,0,1,0
1180,307031,466,522,-988,0,12799,14337,-27136,0,0,0,0,1,0
1181,307291,378,602,-981,0,10390,16528,-26918,0,0,0,0,1,0
1182,307552,287,676,-963,0,7881,18560,-26442,0,0,0,0,1,0
1183,307812,193,744,-937,0,5297,20413,-25710,0,0,0,0,1,0
1184,308072,97,804,-901,0,2661,22069,-24731,0,0,0,0,1,0
1185,308333,0,857,-857,0,0,23513,-23513,0,0,0,0,1,0
1186,308593,-97,901,-804,0,-2661,24731,-22069,0,0,0,0,1,0
1187,308854,-193,937,-744,0,-5297,25710,-20413,0,0,0,0,1,0
1188,309114,-287,963,-676,0,-7881,26442,-18560,0,0,0,0,1,0
1189,309375,-378,981,-602,0,-10390,26918,-16528,0,0,0,0,1,0
1190,309635,-466,988,-522,0,-12799,27136,-14337,0,0,0,0,1,0
1191,309895,-549,987,-437,0,-15084,27093,-12008,0,0,0,0,1,0
1192,310156,-627,976,-348,0,-17224,26788,-9564,0,0,0,0,1,0
1193,310416,-699,955,-256,0,-19198,26226,-7027,0,0,0,0,1,0
1194,310677,-765,926,-161,0,-20988,25411,-4423,0,0,0,0,1,0
1195,310937,-822,887,-65,0,-22575,24351,-1776,0,0,0,0,1,0
1196,311197,-872,840,32,0,-23945,23056,888,0,0,0,0,1,0
1197,311458,-914,785,129,0,-25084,21540,3544,0,0,0,0,1,0
1198,311718,-946,722,225,0,-25982,19816,6165,0,0,0,0,1,0
1199,311979,-970,652,318,0,-26629,17902,8727,0,0,0,0,1,0
1200,312239,-984,576,408,0,-27020,15815,11205,0,0,0,0,1,0
1201,312500,-989,495,495,0,-27151,13575,13575,0,0,0,0,1,0
1202,312760,-984,408,576,0,-27020,11205,15815,0,0,0,0,1,0
1203,313020,-970,318,652,0,-26629,8727,17902,0,0,0,0,1,0
1204,313281,-946,225,722,0,-25982,6165,19816,0,0,0,0,1,0
1205,313541,-914,129,785,0,-25084,3544,21540,0,0,0,0,1,0
1206,313802,-872,32,840,0,-23945,888,23056,0,0,0,0,1,0
1207,314062,-822,-65,887,0,-22575,-1776,24351,0,0,0,0,1,0
1208,314322,-765,-161,926,0,-20988,-4423,25411,0,0,0,0,1,0
1209,314583,-699,-256,955,0,-19198,-7027,26226,0,0,0,0,1,0
1210,314843,-627,-348,976,0,-17224,-9564,26788,0,0,0,0,1,0
1211,315104,-549,-437,987,0,-15084,-12008,27093,0,0,0,0,1,0
1212,315364,-466,-522,988,0,-12799,-14337,27136,0,0,0,0,1,0
1213,315625,-378,-602,981,0,-10390,-16528,26918,0,0,0,0,1,0
1214,315885,-287,-676,963,0,-7881,-18560,26442,0,0,0,0,1,0
1215,316145,-193,-744,937,0,-5297,-20413,25710,0,0,0,0,1,0
1216,316406,-97,-804,901,0,-2661,-22069,24731,0,0,0,0,1,0
1217,316666,0,-857,857,0,0,-23513,23513,0,0,0,0,1,0
1218,316927,97,-901,804,0,2661,-24731,22069,0,0,0,0,1,0
1219,317187,193,-937,744,0,5297,-25710,20413,0,0,0,0,1,0
1220,317447,287,-963,676,0,7881,-26442,18560,0,0,0,0,1,0
1221,317708,378,-981,602,0,10390,-26918,16528,0,0,0,0,1,0
1222,317968,466,-988,522,0,12799,-27136,14337,0,0,0,0,1,0
1223,318229,549,-987,437,0,15084,-27093,12008,0,0,0,0,1,0
1224,318489,627,-976,348,0,17224,-26788,9564,0,0,0,0,1,0
1225,318750,699,-955,256,0,19198,-26226,7027,0,0,0,0,1,0
1226,319010,765,-926,161,0,20988,-25411,4423,0,0,0,0,1,0
