1,0,0,-2562,2562,0,0,-25794,25794,0,0,0,0,1,0
2,520,577,-2802,2224,0,5811,-28204,22393,0,0,0,0,1,0
3,1041,1132,-2933,1801,0,11398,-29530,18132,0,0,0,0,1,0
4,1562,1644,-2952,1309,0,16547,-29721,13173,0,0,0,0,1,0
5,2083,2092,-2858,766,0,21061,-28770,7709,0,0,0,0,1,0
6,2604,2460,-2654,194,0,24765,-26713,1948,0,0,0,0,1,0
7,3125,2733,-2347,-386,0,27517,-23630,-3888,0,0,0,0,1,0
8,3645,2902,-1951,-951,0,29212,-19638,-9574,0,0,0,0,1,0
9,4166,2959,-1479,-1479,0,29784,-14892,-14892,0,0,0,0,1,0
10,4687,2902,-951,-1951,0,29212,-9574,-19638,0,0,0,0,1,0
11,5208,2733,-386,-2347,0,27517,-3888,-23630,0,0,0,0,1,0
12,5729,2460,194,-2654,0,24765,1948,-26713,0,0,0,0,1,0
13,6250,2092,766,-2858,0,21061,7709,-28770,0,0,0,0,1,0
14,6770,1644,1309,-2952,0,16547,13173,-29721,0,0,0,0,1,0
15,7291,1132,1801,-2933,0,11398,18132,-29530,0,0,0,0,1,0
16,7812,577,2224,-2802,0,5811,22393,-28204,0,0,0,0,1,0
17,8333,0,2562,-2562,0,0,25794,-25794,0,0,0,0,1,0
18,8854,-577,2802,-2224,0,-5811,28204,-22393,0,0,0,0,1,0
19,9375,-1132,2933,-1801,0,-11398,29530,-18132,0,0,0,0,1,0
20,9895,-1644,2952,-1309,0,-16547,29721,-13173,0,0,0,0,1,0
21,10416,-2092,2858,-766,0,-21061,28770,-7709,0,0,0,0,1,0
22,10937,-2460,2654,-194,0,-24765,26713,-1948,0,0,0,0,1,0
23,11458,-2733,2347,386,0,-27517,23630,3888,0,0,0,0,1,0
24,11979,-2902,1951,951,0,-29212,19638,9574,0,0,0,0,1,0
25,12500,-2959,1479,1479,0,-29784,14892,14892,0,0,0,0,1,0
26,13020,-2902,951,1951,0,-29212,9574,19638,0,0,0,0,1,0
27,13541,-2733,386,2347,0,-27517,3888,23630,0,0,0,0,1,0
28,14062,-2460,-194,2654,0,-24765,-1948,26713,0,0,0,0,1,0
29,14583,-2092,-766,2858,0,-21061,-7709,28770,0,0,0,0,1,0
30,15104,-1644,-1309,2952,0,-16547,-13173,29721,0,0,0,0,1,0
31,15625,-1132,-1801,2933,0,-11398,-18132,29530,0,0,0,0,1,0
32,16145,-577,-2224,2802,0,-5811,-22393,28204,0,0,0,0,1,0
33,16666,0,-2562,2562,0,0,-25794,25794,0,0,0,0,1,0
34,17187,577,-2802,2224,0,5811,-28204,22393,0,0,0,0,1,0
35,17708,1132,-2933,1801,0,11398,-29530,18132,0,0,0,0,1,0
36,18229,1644,-2952,1309,0,16547,-29721,13173,0,0,0,0,1,0
37,18750,2092,-2858,766,0,21061,-28770,7709,0,0,0,0,1,0
38,19270,2460,-2654,194,0,24765,-26713,1948,0,0,0,0,1,0
39,19791,2733,-2347,-386,0,27517,-23630,-3888,0,0,0,0,1,0
40,20312,2902,-1951,-951,0,29212,-19638,-9574,0,0,0,0,1,0
41,20833,2959,-1479,-1479,0,29784,-14892,-14892,0,0,0,0,1,0
42,21354,2902,-951,-1951,0,29212,-9574,-19638,0,0,0,0,1,0
43,21875,2733,-386,-2347,0,27517,-3888,-23630,0,0,0,0,1,0
44,22395,2460,194,-2654,0,24765,1948,-26713,0,0,0,0,1,0
45,22916,2092,766,-2858,0,21061,7709,-28770,0,0,0,0,1,0
46,23437,1644,1309,-2952,0,16547,13173,-29721,0,0,0,0,1,0
47,23958,1132,1801,-2933,0,11398,18132,-29530,0,0,0,0,1,0
48,24479,577,2224,-2802,0,5811,22393,-28204,0,0,0,0,1,0
49,25000,0,2562,-2562,0,0,25794,-25794,0,0,0,0,1,0
50,25520,-577,2802,-2224,0,-5811,28204,-22393,0,0,0,0,1,0
51,26041,-1132,2933,-1801,0,-11398,29530,-18132,0,0,0,0,1,0
52,26562,-1644,2952,-1309,0,-16547,29721,-13173,0,0,0,0,1,0
53,27083,-2092,2858,-766,0,-21061,28770,-7709,0,0,0,0,1,0
54,27604,-2460,2654,-194,0,-24765,26713,-1948,0,0,0,0,1,0
55,28125,-2733,2347,386,0,-27517,23630,3888,0,0,0,0,1,0
56,28645,-2902,1951,951,0,-29212,19638,9574,0,0,0,0,1,0
57,29166,-2959,1479,1479,0,-29784,14892,14892,0,0,0,0,1,0
58,29687,-2902,951,1951,0,-29212,9574,19638,0,0,0,0,1,0
59,30208,-2733,386,2347,0,-27517,3888,23630,0,0,0,0,1,0
60,30729,-2460,-194,2654,0,-24765,-1948,26713,0,0,0,0,1,0
61,31250,-2092,-766,2858,0,-21061,-7709,28770,0,0,0,0,1,0
62,31770,-1644,-1309,2952,0,-16547,-13173,29721,0,0,0,0,1,0
63,32291,-1132,-1801,2933,0,-11398,-18132,29530,0,0,0,0,1,0
64,32812,-577,-2224,2802,0,-5811,-22393,28204,0,0,0,0,1,0
65,33333,0,-2562,2562,0,0,-25794,25794,0,0,0,0,1,0
66,33854,577,-2802,2224,0,5811,-28204,22393,0,0,0,0,1,0
67,34375,1132,-2933,1801,0,11398,-29530,18132,0,0,0,0,1,0
68,34895,1644,-2952,1309,0,16547,-29721,13173,0,0,0,0,1,0
69,35416,2092,-2858,766,0,21061,-28770,7709,0,0,0,0,1,0
70,35937,2460,-2654,194,0,24765,-26713,1948,0,0,0,0,1,0
71,36458,2733,-2347,-386,0,27517,-23630,-3888,0,0,0,0,1,0
72,36979,2902,-1951,-951,0,29212,-19638,-9574,0,0,0,0,1,0
73,37500,2959,-1479,-1479,0,29784,-14892,-14892,0,0,0,0,1,0
74,38020,2902,-951,-1951,0,29212,-9574,-19638,0,0,0,0,1,0
75,38541,2733,-386,-2347,0,27517,-3888,-23630,0,0,0,0,1,0
76,39062,2460,194,-2654,0,24765,1948,-26713,0,0,0,0,1,0
77,39583,2092,766,-2858,0,21061,7709,-28770,0,0,0,0,1,0
78,40104,1644,1309,-2952,0,16547,13173,-29721,0,0,0,0,1,0
79,40625,1132,1801,-2933,0,11398,18132,-29530,0,0,0,0,1,0
80,41145,577,2224,-2802,0,5811,22393,-28204,0,0,0,0,1,0
81,41666,0,2562,-2562,0,0,25794,-25794,0,0,0,0,1,0
82,42187,-577,2802,-2224,0,-5811,28204,-22393,0,0,0,0,1,0
83,42708,-1132,2933,-1801,0,-11398,29530,-18132,0,0,0,0,1,0
84,43229,-1644,2952,-1309,0,-16547,29721,-13173,0,0,0,0,1,0
85,43750,-2092,2858,-766,0,-21061,28770,-7709,0,0,0,0,1,0
86,44270,-2460,2654,-194,0,-24765,26713,-1948,0,0,0,0,1,0
87,44791,-2733,2347,386,0,-27517,23630,3888,0,0,0,0,1,0
88,45312,-2902,1951,951,0,-29212,19638,9574,0,0,0,0,1,0
89,45833,-2959,1479,1479,0,-29784,14892,14892,0,0,0,0,1,0
90,46354,-2902,951,1951,0,-29212,9574,19638,0,0,0,0,1,0
91,46875,-2733,386,2347,0,-27517,3888,23630,0,0,0,0,1,0
92,47395,-2460,-194,2654,0,-24765,-1948,26713,0,0,0,0,1,0
93,47916,-2092,-766,2858,0,-21061,-7709,28770,0,0,0,0,1,0
94,48437,-1644,-1309,2952,0,-16547,-13173,29721,0,0,0,0,1,0
95,48958,-1132,-1801,2933,0,-11398,-18132,29530,0,0,0,0,1,0
96,49479,-577,-2224,2802,0,-5811,-22393,28204,0,0,0,0,1,0
97,50000,22265,-2562,-22265,-2562,-12897,-27084,-12897,0,0,0,0,1,0
98,50520,25254,-2802,-25254,-2802,-11197,-29614,-11197,0,0,0,0,1,0
99,51041,27735,-2933,-27735,-2933,-9066,-31006,-9066,0,0,0,0,1,0
100,51562,29604,-2952,-29604,-2952,-6587,-31207,-6587,0,0,0,0,1,0
101,52083,30779,-2858,-30779,-2858,-3854,-30208,-3854,0,0,0,0,1,0
102,52604,31207,-2654,-31207,-2654,-974,-28048,-974,0,0,0,0,1,0
103,53125,30863,-2347,-30863,-2347,1944,-24811,1944,0,0,0,0,1,0
104,53645,29752,-1951,-29752,-1951,4787,-20620,4787,0,0,0,0,1,0
105,54166,27908,-1479,-27908,-1479,7446,-15637,7446,0,0,0,0,1,0
106,54687,25395,-951,-25395,-951,9819,-10053,9819,0,0,0,0,1,0
107,55208,22301,-386,-22301,-386,11815,-4082,11815,0,0,0,0,1,0
108,55729,18738,194,-18738,194,13356,2045,13356,0,0,0,0,1,0
109,56250,14834,766,-14834,766,14385,8094,14385,0,0,0,0,1,0
110,56770,10732,1309,-10732,1309,14860,13832,14860,0,0,0,0,1,0
111,57291,6584,1801,-6584,1801,14765,19038,14765,0,0,0,0,1,0
112,57812,2540,2224,-2540,2224,14102,23513,14102,0,0,0,0,1,0
113,58333,-1250,2562,1250,2562,12897,27084,12897,0,0,0,0,1,0
114,58854,-4648,2802,4648,2802,11197,29614,11197,0,0,0,0,1,0
115,59375,-7529,2933,7529,2933,9066,31006,9066,0,0,0,0,1,0
116,59895,-9791,2952,9791,2952,6587,31207,6587,0,0,0,0,1,0
117,60416,-11351,2858,11351,2858,3854,30208,3854,0,0,0,0,1,0
118,60937,-12157,2654,12157,2654,974,28048,974,0,0,0,0,1,0
119,61458,-12183,2347,12183,2347,-1944,24811,-1944,0,0,0,0,1,0
120,61979,-11435,1951,11435,1951,-4787,20620,-4787,0,0,0,0,1,0
121,62500,-9948,1479,9948,1479,-7446,15637,-7446,0,0,0,0,1,0
122,63020,-7784,951,7784,951,-9819,10053,-9819,0,0,0,0,1,0
123,63541,-5033,386,5033,386,-11815,4082,-11815,0,0,0,0,1,0
124,64062,-1805,-194,1805,-194,-13356,-2045,-13356,0,0,0,0,1,0
125,64583,1770,-766,-1770,-766,-14385,-8094,-14385,0,0,0,0,1,0
126,65104,5548,-1309,-5548,-1309,-14860,-13832,-14860,0,0,0,0,1,0
127,65625,9380,-1801,-9380,-1801,-14765,-19038,-14765,0,0,0,0,1,0
128,66145,13114,-2224,-13114,-2224,-14102,-23513,-14102,0,0,0,0,1,0
129,66666,16600,-2562,-16600,-2562,-12897,-27084,-12897,0,0,0,0,1,0
130,67187,19699,-2802,-19699,-2802,-11197,-29614,-11197,0,0,0,0,1,0
131,67708,22288,-2933,-22288,-2933,-9066,-31006,-9066,0,0,0,0,1,0
132,68229,24262,-2952,-24262,-2952,-6587,-31207,-6587,0,0,0,0,1,0
133,68750,25541,-2858,-25541,-2858,-3854,-30208,-3854,0,0,0,0,1,0
134,69270,26071,-2654,-26071,-2654,-974,-28048,-974,0,0,0,0,1,0
135,69791,25827,-2347,-25827,-2347,1944,-24811,1944,0,0,0,0,1,0
136,70312,24814,-1951,-24814,-1951,4787,-20620,4787,0,0,0,0,1,0
137,70833,23066,-1479,-23066,-1479,7446,-15637,7446,0,0,0,0,1,0
138,71354,20648,-951,-20648,-951,9819,-10053,9819,0,0,0,0,1,0
139,71875,17646,-386,-17646,-386,11815,-4082,11815,0,0,0,0,1,0
140,72395,14173,194,-14173,194,13356,2045,13356,0,0,0,0,1,0
141,72916,10358,766,-10358,766,14385,8094,14385,0,0,0,0,1,0
142,73437,6343,1309,-6343,1309,14860,13832,14860,0,0,0,0,1,0
143,73958,2280,1801,-2280,1801,14765,19038,14765,0,0,0,0,1,0
144,74479,-1680,2224,1680,2224,14102,23513,14102,0,0,0,0,1,0
145,75000,-5388,2562,5388,2562,12897,27084,12897,0,0,0,0,1,0
146,75520,-8706,2802,8706,2802,11197,29614,11197,0,0,0,0,1,0
147,76041,-11508,2933,11508,2933,9066,31006,9066,0,0,0,0,1,0
148,76562,-13692,2952,13692,2952,6587,31207,6587,0,0,0,0,1,0
149,77083,-15176,2858,15176,2858,3854,30208,3854,0,0,0,0,1,0
150,77604,-15908,2654,15908,2654,974,28048,974,0,0,0,0,1,0
151,78125,-15861,2347,15861,2347,-1944,24811,-1944,0,0,0,0,1,0
152,78645,-15042,1951,15042,1951,-4787,20620,-4787,0,0,0,0,1,0
153,79166,-13485,1479,13485,1479,-7446,15637,-7446,0,0,0,0,1,0
154,79687,-11252,951,11252,951,-9819,10053,-9819,0,0,0,0,1,0
155,80208,-8433,386,8433,386,-11815,4082,-11815,0,0,0,0,1,0
156,80729,-5139,-194,5139,-194,-13356,-2045,-13356,0,0,0,0,1,0
157,81250,-1500,-766,1500,-766,-14385,-8094,-14385,0,0,0,0,1,0
158,81770,2342,-1309,-2342,-1309,-14860,-13832,-14860,0,0,0,0,1,0
159,82291,6237,-1801,-6237,-1801,-14765,-19038,-14765,0,0,0,0,1,0
160,82812,10031,-2224,-10031,-2224,-14102,-23513,-14102,0,0,0,0,1,0
161,83333,13577,-2562,-13577,-2562,-12897,-27084,-12897,0,0,0,0,1,0
162,83854,16735,-2802,-16735,-2802,-11197,-29614,-11197,0,0,0,0,1,0
163,84375,566,-1467,901,0,11398,-29530,18132,0,0,0,0,1,0
164,84895,822,-1476,654,0,16547,-29721,13173,0,0,0,0,1,0
165,85416,1046,-1429,383,0,21061,-28770,7709,0,0,0,0,1,0
166,85937,1230,-1327,97,0,24765,-26713,1948,0,0,0,0,1,0
167,86458,1367,-1174,-193,0,27517,-23630,-3888,0,0,0,0,1,0
168,86979,1451,-975,-476,0,29212,-19638,-9574,0,0,0,0,1,0
169,87500,1479,-740,-740,0,29784,-14892,-14892,0,0,0,0,1,0
170,88020,1451,-476,-975,0,29212,-9574,-19638,0,0,0,0,1,0
171,88541,1367,-193,-1174,0,27517,-3888,-23630,0,0,0,0,1,0
172,89062,1230,97,-1327,0,24765,1948,-26713,0,0,0,0,1,0
173,89583,1046,383,-1429,0,21061,7709,-28770,0,0,0,0,1,0
174,90104,822,654,-1476,0,16547,13173,-29721,0,0,0,0,1,0
175,90625,566,901,-1467,0,11398,18132,-29530,0,0,0,0,1,0
176,91145,289,1112,-1401,0,5811,22393,-28204,0,0,0,0,1,0
177,91666,0,1281,-1281,0,0,25794,-25794,0,0,0,0,1,0
178,92187,-289,1401,-1112,0,-5811,28204,-22393,0,0,0,0,1,0
179,92708,-566,1467,-901,0,-11398,29530,-18132,0,0,0,0,1,0
180,93229,-822,1476,-654,0,-16547,29721,-13173,0,0,0,0,1,0
181,93750,-1046,1429,-383,0,-21061,28770,-7709,0,0,0,0,1,0
182,94270,-1230,1327,-97,0,-24765,26713,-1948,0,0,0,0,1,0
183,94791,-1367,1174,193,0,-27517,23630,3888,0,0,0,0,1,0
184,95312,-1451,975,476,0,-29212,19638,9574,0,0,0,0,1,0
185,95833,-1479,740,740,0,-29784,14892,14892,0,0,0,0,1,0
186,96354,-1451,476,975,0,-29212,9574,19638,0,0,0,0,1,0
187,96875,-1367,193,1174,0,-27517,3888,23630,0,0,0,0,1,0
188,97395,-1230,-97,1327,0,-24765,-1948,26713,0,0,0,0,1,0
189,97916,-1046,-383,1429,0,-21061,-7709,28770,0,0,0,0,1,0
190,98437,-822,-654,1476,0,-16547,-13173,29721,0,0,0,0,1,0
191,98958,-566,-901,1467,0,-11398,-18132,29530,0,0,0,0,1,0
192,99479,-289,-1112,1401,0,-5811,-22393,28204,0,0,0,0,1,0
193,100000,0,-1281,1281,0,0,-25794,25794,0,0,0,0,1,0
194,100520,289,-1401,1112,0,5811,-28204,22393,0,0,0,0,1,0
195,101041,566,-1467,901,0,11398,-29530,18132,0,0,0,0,1,0
196,101562,822,-1476,654,0,16547,-29721,13173,0,0,0,0,1,0
197,102083,1046,-1429,383,0,21061,-28770,7709,0,0,0,0,1,0
198,102604,1230,-1327,97,0,24765,-26713,1948,0,0,0,0,1,0
199,103125,1367,-1174,-193,0,27517,-23630,-3888,0,0,0,0,1,0
200,103645,1451,-975,-476,0,29212,-19638,-9574,0,0,0,0,1,0
201,104166,1479,-740,-740,0,29784,-14892,-14892,0,0,0,0,1,0
202,104687,1451,-476,-975,0,29212,-9574,-19638,0,0,0,0,1,0
203,105208,1367,-193,-1174,0,27517,-3888,-23630,0,0,0,0,1,0
204,105729,1230,97,-1327,0,24765,1948,-26713,0,0,0,0,1,0
205,106250,1046,383,-1429,0,21061,7709,-28770,0,0,0,0,1,0
206,106770,822,654,-1476,0,16547,13173,-29721,0,0,0,0,1,0
207,107291,566,901,-1467,0,11398,18132,-29530,0,0,0,0,1,0
208,107812,289,1112,-1401,0,5811,22393,-28204,0,0,0,0,1,0
209,108333,0,1281,-1281,0,0,25794,-25794,0,0,0,0,1,0
210,108854,-289,1401,-1112,0,-5811,28204,-22393,0,0,0,0,1,0
211,109375,-566,1467,-901,0,-11398,29530,-18132,0,0,0,0,1,0
212,109895,-822,1476,-654,0,-16547,29721,-13173,0,0,0,0,1,0
213,110416,-1046,1429,-383,0,-21061,28770,-7709,0,0,0,0,1,0
214,110937,-1230,1327,-97,0,-24765,26713,-1948,0,0,0,0,1,0
215,111458,-1367,1174,193,0,-27517,23630,3888,0,0,0,0,1,0
216,111979,-1451,975,476,0,-29212,19638,9574,0,0,0,0,1,0
217,112500,-1479,740,740,0,-29784,14892,14892,0,0,0,0,1,0
218,113020,-1451,476,975,0,-29212,9574,19638,0,0,0,0,1,0
219,113541,-1367,193,1174,0,-27517,3888,23630,0,0,0,0,1,0
220,114062,-1230,-97,1327,0,-24765,-1948,26713,0,0,0,0,1,0
221,114583,-1046,-383,1429,0,-21061,-7709,28770,0,0,0,0,1,0
222,115104,-822,-654,1476,0,-16547,-13173,29721,0,0,0,0,1,0
223,115625,-566,-901,1467,0,-11398,-18132,29530,0,0,0,0,1,0
224,116145,-289,-1112,1401,0,-5811,-22393,28204,0,0,0,0,1,0
225,116666,0,-1281,1281,0,0,-25794,25794,0,0,0,0,1,0
226,117187,289,-1401,1112,0,5811,-28204,22393,0,0,0,0,1,0
227,117708,566,-1467,901,0,11398,-29530,18132,0,0,0,0,1,0
228,118229,822,-1476,654,0,16547,-29721,13173,0,0,0,0,1,0
229,118750,1046,-1429,383,0,21061,-28770,7709,0,0,0,0,1,0
230,119270,1230,-1327,97,0,24765,-26713,1948,0,0,0,0,1,0
231,119791,1367,-1174,-193,0,27517,-23630,-3888,0,0,0,0,1,0
232,120312,1451,-975,-476,0,29212,-19638,-9574,0,0,0,0,1,0
233,120833,1479,-740,-740,0,29784,-14892,-14892,0,0,0,0,1,0
234,121354,1451,-476,-975,0,29212,-9574,-19638,0,0,0,0,1,0
235,121875,1367,-193,-1174,0,27517,-3888,-23630,0,0,0,0,1,0
236,122395,1230,97,-1327,0,24765,1948,-26713,0,0,0,0,1,0
237,122916,1046,383,-1429,0,21061,7709,-28770,0,0,0,0,1,0
238,123437,822,654,-1476,0,16547,13173,-29721,0,0,0,0,1,0
239,123958,566,901,-1467,0,11398,18132,-29530,0,0,0,0,1,0
240,124479,289,1112,-1401,0,5811,22393,-28204,0,0,0,0,1,0
241,125000,0,1281,-1281,0,0,25794,-25794,0,0,0,0,1,0
242,125520,-289,1401,-1112,0,-5811,28204,-22393,0,0,0,0,1,0
243,126041,-566,1467,-901,0,-11398,29530,-18132,0,0,0,0,1,0
244,126562,-822,1476,-654,0,-16547,29721,-13173,0,0,0,0,1,0
245,127083,-1046,1429,-383,0,-21061,28770,-7709,0,0,0,0,1,0
246,127604,-1230,1327,-97,0,-24765,26713,-1948,0,0,0,0,1,0
247,128124,-1367,1174,193,0,-27517,23630,3888,0,0,0,0,1,0
248,128645,-1451,975,476,0,-29212,19638,9574,0,0,0,0,1,0
249,129166,-1479,740,740,0,-29784,14892,14892,0,0,0,0,1,0
250,129687,-1451,476,975,0,-29212,9574,19638,0,0,0,0,1,0
251,130208,-1367,193,1174,0,-27517,3888,23630,0,0,0,0,1,0
252,130729,-1230,-97,1327,0,-24765,-1948,26713,0,0,0,0,1,0
253,131250,-1046,-383,1429,0,-21061,-7709,28770,0,0,0,0,1,0
254,131770,-822,-654,1476,0,-16547,-13173,29721,0,0,0,0,1,0
255,132291,-566,-901,1467,0,-11398,-18132,29530,0,0,0,0,1,0
256,132812,-289,-1112,1401,0,-5811,-22393,28204,0,0,0,0,1,0
257,133333,0,-1281,1281,0,0,-25794,25794,0,0,0,0,1,0
258,133854,289,-1401,1112,0,5811,-28204,22393,0,0,0,0,1,0
259,134375,566,-1467,901,0,11398,-29530,18132,0,0,0,0,1,0
260,134895,822,-1476,654,0,16547,-29721,13173,0,0,0,0,1,0
261,135416,1046,-1429,383,0,21061,-28770,7709,0,0,0,0,1,0
262,135937,1230,-1327,97,0,24765,-26713,1948,0,0,0,0,1,0
263,136458,1367,-1174,-193,0,27517,-23630,-3888,0,0,0,0,1,0
264,136979,1451,-975,-476,0,29212,-19638,-9574,0,0,0,0,1,0
265,137500,1479,-740,-740,0,29784,-14892,-14892,0,0,0,0,1,0
266,138020,1451,-476,-975,0,29212,-9574,-19638,0,0,0,0,1,0
267,138541,1367,-193,-1174,0,27517,-3888,-23630,0,0,0,0,1,0
268,139062,1230,97,-1327,0,24765,1948,-26713,0,0,0,0,1,0
269,139583,1046,383,-1429,0,21061,7709,-28770,0,0,0,0,1,0
270,140104,822,654,-1476,0,16547,13173,-29721,0,0,0,0,1,0
271,140625,566,901,-1467,0,11398,18132,-29530,0,0,0,0,1,0
272,141145,289,1112,-1401,0,5811,22393,-28204,0,0,0,0,1,0
273,141666,0,1281,-1281,0,0,25794,-25794,0,0,0,0,1,0
274,142187,-289,1401,-1112,0,-5811,28204,-22393,0,0,0,0,1,0
275,142708,-566,1467,-901,0,-11398,29530,-18132,0,0,0,0,1,0
276,143229,-822,1476,-654,0,-16547,29721,-13173,0,0,0,0,1,0
277,143750,-1046,1429,-383,0,-21061,28770,-7709,0,0,0,0,1,0
278,144270,-1230,1327,-97,0,-24765,26713,-1948,0,0,0,0,1,0
279,144791,-1367,1174,193,0,-27517,23630,3888,0,0,0,0,1,0
280,145312,-1451,975,476,0,-29212,19638,9574,0,0,0,0,1,0
281,145833,-1479,740,740,0,-29784,14892,14892,0,0,0,0,1,0
282,146354,-1451,476,975,0,-29212,9574,19638,0,0,0,0,1,0
283,146875,-1367,193,1174,0,-27517,3888,23630,0,0,0,0,1,0
284,147395,-1230,-97,1327,0,-24765,-1948,26713,0,0,0,0,1,0
285,147916,-1046,-383,1429,0,-21061,-7709,28770,0,0,0,0,1,0
286,148437,-822,-654,1476,0,-16547,-13173,29721,0,0,0,0,1,0
287,148958,-566,-901,1467,0,-11398,-18132,29530,0,0,0,0,1,0
288,149479,-289,-1112,1401,0,-5811,-22393,28204,0,0,0,0,1,0
289,150000,0,-1281,1281,0,0,-25794,25794,0,0,0,0,1,0
290,150520,289,-1401,1112,0,5811,-28204,22393,0,0,0,0,1,0
291,151041,566,-1467,901,0,11398,-29530,18132,0,0,0,0,1,0
292,151562,822,-1476,654,0,16547,-29721,13173,0,0,0,0,1,0
293,152083,1046,-1429,383,0,21061,-28770,7709,0,0,0,0,1,0
294,152604,1230,-1327,97,0,24765,-26713,1948,0,0,0,0,1,0
295,153125,1367,-1174,-193,0,27517,-23630,-3888,0,0,0,0,1,0
296,153645,1451,-975,-476,0,29212,-19638,-9574,0,0,0,0,1,0
297,154166,1479,-740,-740,0,29784,-14892,-14892,0,0,0,0,1,0
298,154687,1451,-476,-975,0,29212,-9574,-19638,0,0,0,0,1,0
299,155208,1367,-193,-1174,0,27517,-3888,-23630,0,0,0,0,1,0
300,155729,1230,97,-1327,0,24765,1948,-26713,0,0,0,0,1,0
301,156250,1046,383,-1429,0,21061,7709,-28770,0,0,0,0,1,0
302,156770,822,654,-1476,0,16547,13173,-29721,0,0,0,0,1,0
303,157291,566,901,-1467,0,11398,18132,-29530,0,0,0,0,1,0
304,157812,289,1112,-1401,0,5811,22393,-28204,0,0,0,0,1,0
305,158333,0,1281,-1281,0,0,25794,-25794,0,0,0,0,1,0
306,158854,-289,1401,-1112,0,-5811,28204,-22393,0,0,0,0,1,0
307,159375,-566,1467,-901,0,-11398,29530,-18132,0,0,0,0,1,0
308,159895,-822,1476,-654,0,-16547,29721,-13173,0,0,0,0,1,0
309,160416,-1046,1429,-383,0,-21061,28770,-7709,0,0,0,0,1,0
310,160937,-1230,1327,-97,0,-24765,26713,-1948,0,0,0,0,1,0
311,161458,-1367,1174,193,0,-27517,23630,3888,0,0,0,0,1,0
312,161979,-1451,975,476,0,-29212,19638,9574,0,0,0,0,1,0
313,162500,-1479,740,740,0,-29784,14892,14892,0,0,0,0,1,0
314,163020,-1451,476,975,0,-29212,9574,19638,0,0,0,0,1,0
315,163541,-1367,193,1174,0,-27517,3888,23630,0,0,0,0,1,0
316,164062,-1230,-97,1327,0,-24765,-1948,26713,0,0,0,0,1,0
317,164583,-1046,-383,1429,0,-21061,-7709,28770,0,0,0,0,1,0
318,165104,-822,-654,1476,0,-16547,-13173,29721,0,0,0,0,1,0
319,165625,-566,-901,1467,0,-11398,-18132,29530,0,0,0,0,1,0
320,166145,-289,-1112,1401,0,-5811,-22393,28204,0,0,0,0,1,0
321,166666,0,-1281,1281,0,0,-25794,25794,0,0,0,0,1,0
322,167187,289,-1401,1112,0,5811,-28204,22393,0,0,0,0,1,0
323,167708,566,-1467,901,0,11398,-29530,18132,0,0,0,0,1,0
324,168229,822,-1476,654,0,16547,-29721,13173,0,0,0,0,1,0
325,168750,1046,-1429,383,0,21061,-28770,7709,0,0,0,0,1,0
326,169270,1230,-1327,97,0,24765,-26713,1948,0,0,0,0,1,0
327,169791,1367,-1174,-193,0,27517,-23630,-3888,0,0,0,0,1,0
328,170312,1451,-975,-476,0,29212,-19638,-9574,0,0,0,0,1,0
329,170833,1479,-740,-740,0,29784,-14892,-14892,0,0,0,0,1,0
330,171354,1451,-476,-975,0,29212,-9574,-19638,0,0,0,0,1,0
331,171875,1367,-193,-1174,0,27517,-3888,-23630,0,0,0,0,1,0
332,172395,1230,97,-1327,0,24765,1948,-26713,0,0,0,0,1,0
333,172916,1046,383,-1429,0,21061,7709,-28770,0,0,0,0,1,0
334,173437,822,654,-1476,0,16547,13173,-29721,0,0,0,0,1,0
335,173958,566,901,-1467,0,11398,18132,-29530,0,0,0,0,1,0
336,174479,289,1112,-1401,0,5811,22393,-28204,0,0,0,0,1,0
337,175000,0,1281,-1281,0,0,25794,-25794,0,0,0,0,1,0
338,175520,-289,1401,-1112,0,-5811,28204,-22393,0,0,0,0,1,0
339,176041,-566,1467,-901,0,-11398,29530,-18132,0,0,0,0,1,0
340,176562,-822,1476,-654,0,-16547,29721,-13173,0,0,0,0,1,0
341,177083,-1046,1429,-383,0,-21061,28770,-7709,0,0,0,0,1,0
342,177604,-1230,1327,-97,0,-24765,26713,-1948,0,0,0,0,1,0
343,178125,-1367,1174,193,0,-27517,23630,3888,0,0,0,0,1,0
344,178645,-1451,975,476,0,-29212,19638,9574,0,0,0,0,1,0
345,179166,-1479,740,740,0,-29784,14892,14892,0,0,0,0,1,0
346,179687,-1451,476,975,0,-29212,9574,19638,0,0,0,0,1,0
347,180208,-1367,193,1174,0,-27517,3888,23630,0,0,0,0,1,0
348,180729,-1230,-97,1327,0,-24765,-1948,26713,0,0,0,0,1,0
349,181250,-1046,-383,1429,0,-21061,-7709,28770,0,0,0,0,1,0
350,181770,-822,-654,1476,0,-16547,-13173,29721,0,0,0,0,1,0
351,182291,-566,-901,1467,0,-11398,-18132,29530,0,0,0,0,1,0
352,182812,-289,-1112,1401,0,-5811,-22393,28204,0,0,0,0,1,0
353,183333,0,-1281,1281,0,0,-25794,25794,0,0,0,0,1,0
354,183854,289,-1401,1112,0,5811,-28204,22393,0,0,0,0,1,0
355,184375,566,-1467,901,0,11398,-29530,18132,0,0,0,0,1,0
356,184895,822,-1476,654,0,16547,-29721,13173,0,0,0,0,1,0
357,185416,1046,-1429,383,0,21061,-28770,7709,0,0,0,0,1,0
358,185937,1230,-1327,97,0,24765,-26713,1948,0,0,0,0,1,0
359,186458,1367,-1174,-193,0,27517,-23630,-3888,0,0,0,0,1,0
360,186979,1451,-975,-476,0,29212,-19638,-9574,0,0,0,0,1,0
361,187500,1479,-740,-740,0,29784,-14892,-14892,0,0,0,0,1,0
362,188020,1451,-476,-975,0,29212,-9574,-19638,0,0,0,0,1,0
363,188541,1367,-193,-1174,0,27517,-3888,-23630,0,0,0,0,1,0
364,189062,1230,97,-1327,0,24765,1948,-26713,0,0,0,0,1,0
365,189583,1046,383,-1429,0,21061,7709,-28770,0,0,0,0,1,0
366,190104,822,654,-1476,0,16547,13173,-29721,0,0,0,0,1,0
367,190625,566,901,-1467,0,11398,18132,-29530,0,0,0,0,1,0
368,191145,289,1112,-1401,0,5811,22393,-28204,0,0,0,0,1,0
369,191666,0,1281,-1281,0,0,25794,-25794,0,0,0,0,1,0
370,192187,-289,1401,-1112,0,-5811,28204,-22393,0,0,0,0,1,0
371,192708,-566,1467,-901,0,-11398,29530,-18132,0,0,0,0,1,0
372,193229,-822,1476,-654,0,-16547,29721,-13173,0,0,0,0,1,0
373,193750,-1046,1429,-383,0,-21061,28770,-7709,0,0,0,0,1,0
374,194270,-1230,1327,-97,0,-24765,26713,-1948,0,0,0,0,1,0
375,194791,-1367,1174,193,0,-27517,23630,3888,0,0,0,0,1,0
376,195312,-1451,975,476,0,-29212,19638,9574,0,0,0,0,1,0
377,195833,-1479,740,740,0,-29784,14892,14892,0,0,0,0,1,0
378,196354,-1451,476,975,0,-29212,9574,19638,0,0,0,0,1,0
379,196875,-1367,193,1174,0,-27517,3888,23630,0,0,0,0,1,0
380,197395,-1230,-97,1327,0,-24765,-1948,26713,0,0,0,0,1,0
381,197916,-1046,-383,1429,0,-21061,-7709,28770,0,0,0,0,1,0
382,198437,-822,-654,1476,0,-16547,-13173,29721,0,0,0,0,1,0
383,198958,-566,-901,1467,0,-11398,-18132,29530,0,0,0,0,1,0
384,199479,-289,-1112,1401,0,-5811,-22393,28204,0,0,0,0,1,0
385,200000,0,-1281,1281,0,0,-25794,25794,0,0,0,0,1,0
386,200520,289,-1401,1112,0,5811,-28204,22393,0,0,0,0,1,0
387,201041,566,-1467,901,0,11398,-29530,18132,0,0,0,0,1,0
388,201562,822,-1476,654,0,16547,-29721,13173,0,0,0,0,1,0
389,202083,1046,-1429,383,0,21061,-28770,7709,0,0,0,0,1,0
390,202604,1230,-1327,97,0,24765,-26713,1948,0,0,0,0,1,0
391,203125,1367,-1174,-193,0,27517,-23630,-3888,0,0,0,0,1,0
392,203645,1451,-975,-476,0,29212,-19638,-9574,0,0,0,0,1,0
393,204166,1479,-740,-740,0,29784,-14892,-14892,0,0,0,0,1,0
394,204687,1451,-476,-975,0,29212,-9574,-19638,0,0,0,0,1,0
395,205208,1367,-193,-1174,0,27517,-3888,-23630,0,0,0,0,1,0
396,205729,1230,97,-1327,0,24765,1948,-26713,0,0,0,0,1,0
397,206250,1046,383,-1429,0,21061,7709,-28770,0,0,0,0,1,0
398,206770,822,654,-1476,0,16547,13173,-29721,0,0,0,0,1,0
399,207291,566,901,-1467,0,11398,18132,-29530,0,0,0,0,1,0
400,207812,289,1112,-1401,0,5811,22393,-28204,0,0,0,0,1,0
401,208333,0,1281,-1281,0,0,25794,-25794,0,0,0,0,1,0
402,208854,-289,1401,-1112,0,-5811,28204,-22393,0,0,0,0,1,0
403,209375,-566,1467,-901,0,-11398,29530,-18132,0,0,0,0,1,0
404,209895,-822,1476,-654,0,-16547,29721,-13173,0,0,0,0,1,0
405,210416,-1046,1429,-383,0,-21061,28770,-7709,0,0,0,0,1,0
406,210937,-1230,1327,-97,0,-24765,26713,-1948,0,0,0,0,1,0
407,211458,-1367,1174,193,0,-27517,23630,3888,0,0,0,0,1,0
408,211979,-1451,975,476,0,-29212,19638,9574,0,0,0,0,1,0
409,212500,-1479,740,740,0,-29784,14892,14892,0,0,0,0,1,0
410,213020,-1451,476,975,0,-29212,9574,19638,0,0,0,0,1,0
411,213541,-1367,193,1174,0,-27517,3888,23630,0,0,0,0,1,0
412,214062,-1230,-97,1327,0,-24765,-1948,26713,0,0,0,0,1,0
413,214583,-1046,-383,1429,0,-21061,-7709,28770,0,0,0,0,1,0
414,215104,-822,-654,1476,0,-16547,-13173,29721,0,0,0,0,1,0
415,215625,-566,-901,1467,0,-11398,-18132,29530,0,0,0,0,1,0
416,216145,-289,-1112,1401,0,-5811,-22393,28204,0,0,0,0,1,0
417,216666,0,-1281,1281,0,0,-25794,25794,0,0,0,0,1,0
418,217187,289,-1401,1112,0,5811,-28204,22393,0,0,0,0,1,0
419,217708,566,-1467,901,0,11398,-29530,18132,0,0,0,0,1,0
420,218229,822,-1476,654,0,16547,-29721,13173,0,0,0,0,1,0
421,218750,1046,-1429,383,0,21061,-28770,7709,0,0,0,0,1,0
422,219270,1230,-1327,97,0,24765,-26713,1948,0,0,0,0,1,0
423,219791,1367,-1174,-193,0,27517,-23630,-3888,0,0,0,0,1,0
424,220312,1451,-975,-476,0,29212,-19638,-9574,0,0,0,0,1,0
425,220833,1479,-740,-740,0,29784,-14892,-14892,0,0,0,0,1,0
426,221354,1451,-476,-975,0,29212,-9574,-19638,0,0,0,0,1,0
427,221875,1367,-193,-1174,0,27517,-3888,-23630,0,0,0,0,1,0
428,222395,1230,97,-1327,0,24765,1948,-26713,0,0,0,0,1,0
429,222916,1046,383,-1429,0,21061,7709,-28770,0,0,0,0,1,0
430,223437,822,654,-1476,0,16547,13173,-29721,0,0,0,0,1,0
431,223958,566,901,-1467,0,11398,18132,-29530,0,0,0,0,1,0
432,224479,289,1112,-1401,0,5811,22393,-28204,0,0,0,0,1,0
433,225000,0,1281,-1281,0,0,25794,-25794,0,0,0,0,1,0
434,225520,-289,1401,-1112,0,-5811,28204,-22393,0,0,0,0,1,0
435,226041,-566,1467,-901,0,-11398,29530,-18132,0,0,0,0,1,0
436,226562,-822,1476,-654,0,-16547,29721,-13173,0,0,0,0,1,0
437,227083,-1046,1429,-383,0,-21061,28770,-7709,0,0,0,0,1,0
438,227604,-1230,1327,-97,0,-24765,26713,-1948,0,0,0,0,1,0
439,228125,-1367,1174,193,0,-27517,23630,3888,0,0,0,0,1,0
440,228645,-1451,975,476,0,-29212,19638,9574,0,0,0,0,1,0
441,229166,-1479,740,740,0,-29784,14892,14892,0,0,0,0,1,0
442,229687,-1451,476,975,0,-29212,9574,19638,0,0,0,0,1,0
443,230208,-1367,193,1174,0,-27517,3888,23630,0,0,0,0,1,0
444,230729,-1230,-97,1327,0,-24765,-1948,26713,0,0,0,0,1,0
445,231250,-1046,-383,1429,0,-21061,-7709,28770,0,0,0,0,1,0
446,231770,-822,-654,1476,0,-16547,-13173,29721,0,0,0,0,1,0
447,232291,-566,-901,1467,0,-11398,-18132,29530,0,0,0,0,1,0
448,232812,-289,-1112,1401,0,-5811,-22393,28204,0,0,0,0,1,0
449,233333,0,-1281,1281,0,0,-25794,25794,0,0,0,0,1,0
450,233854,289,-1401,1112,0,5811,-28204,22393,0,0,0,0,1,0
451,234375,566,-1467,901,0,11398,-29530,18132,0,0,0,0,1,0
452,234895,822,-1476,654,0,16547,-29721,13173,0,0,0,0,1,0
453,235416,1046,-1429,383,0,21061,-28770,7709,0,0,0,0,1,0
454,235937,1230,-1327,97,0,24765,-26713,1948,0,0,0,0,1,0
455,236458,1367,-1174,-193,0,27517,-23630,-3888,0,0,0,0,1,0
456,236979,1451,-975,-476,0,29212,-19638,-9574,0,0,0,0,1,0
457,237500,1479,-740,-740,0,29784,-14892,-14892,0,0,0,0,1,0
458,238020,1451,-476,-975,0,29212,-9574,-19638,0,0,0,0,1,0
459,238541,1367,-193,-1174,0,27517,-3888,-23630,0,0,0,0,1,0
460,239062,1230,97,-1327,0,24765,1948,-26713,0,0,0,0,1,0
461,239583,1046,383,-1429,0,21061,7709,-28770,0,0,0,0,1,0
462,240104,822,654,-1476,0,16547,13173,-29721,0,0,0,0,1,0
463,240625,566,901,-1467,0,11398,18132,-29530,0,0,0,0,1,0
464,241145,289,1112,-1401,0,5811,22393,-28204,0,0,0,0,1,0
465,241666,0,1281,-1281,0,0,25794,-25794,0,0,0,0,1,0
466,242187,-289,1401,-1112,0,-5811,28204,-22393,0,0,0,0,1,0
467,242708,-566,1467,-901,0,-11398,29530,-18132,0,0,0,0,1,0
468,243229,-822,1476,-654,0,-16547,29721,-13173,0,0,0,0,1,0
469,243750,-1046,1429,-383,0,-21061,28770,-7709,0,0,0,0,1,0
470,244270,-1230,1327,-97,0,-24765,26713,-1948,0,0,0,0,1,0
471,244791,-1367,1174,193,0,-27517,23630,3888,0,0,0,0,1,0
472,245312,-1451,975,476,0,-29212,19638,9574,0,0,0,0,1,0
473,245833,-1479,740,740,0,-29784,14892,14892,0,0,0,0,1,0
474,246354,-1451,476,975,0,-29212,9574,19638,0,0,0,0,1,0
475,246875,-1367,193,1174,0,-27517,3888,23630,0,0,0,0,1,0
476,247395,-1230,-97,1327,0,-24765,-1948,26713,0,0,0,0,1,0
477,247916,-1046,-383,1429,0,-21061,-7709,28770,0,0,0,0,1,0
478,248437,-822,-654,1476,0,-16547,-13173,29721,0,0,0,0,1,0
479,248958,-566,-901,1467,0,-11398,-18132,29530,0,0,0,0,1,0
480,249479,-289,-1112,1401,0,-5811,-22393,28204,0,0,0,0,1,0
481,250000,0,-1281,1281,0,0,-25794,25794,0,0,0,0,1,0
482,250520,289,-1401,1112,0,5811,-28204,22393,0,0,0,0,1,0
483,251041,566,-1467,901,0,11398,-29530,18132,0,0,0,0,1,0
484,251562,822,-1476,654,0,16547,-29721,13173,0,0,0,0,1,0
485,252083,1046,-1429,383,0,21061,-28770,7709,0,0,0,0,1,0
486,252604,1230,-1327,97,0,24765,-26713,1948,0,0,0,0,1,0
487,253125,1367,-1174,-193,0,27517,-23630,-3888,0,0,0,0,1,0
488,253645,1451,-975,-476,0,29212,-19638,-9574,0,0,0,0,1,0
489,254166,1479,-740,-740,0,29784,-14892,-14892,0,0,0,0,1,0
490,254687,1451,-476,-975,0,29212,-9574,-19638,0,0,0,0,1,0
491,255208,1367,-193,-1174,0,27517,-3888,-23630,0,0,0,0,1,0
492,255729,1230,97,-1327,0,24765,1948,-26713,0,0,0,0,1,0
493,256249,1046,383,-1429,0,21061,7709,-28770,0,0,0,0,1,0
494,256770,822,654,-1476,0,16547,13173,-29721,0,0,0,0,1,0
495,257291,566,901,-1467,0,11398,18132,-29530,0,0,0,0,1,0
496,257812,289,1112,-1401,0,5811,22393,-28204,0,0,0,0,1,0
497,258333,0,1281,-1281,0,0,25794,-25794,0,0,0,0,1,0
498,258854,-289,1401,-1112,0,-5811,28204,-22393,0,0,0,0,1,0
499,259375,-566,1467,-901,0,-11398,29530,-18132,0,0,0,0,1,0
500,259895,-822,1476,-654,0,-16547,29721,-13173,0,0,0,0,1,0
501,260416,-1046,1429,-383,0,-21061,28770,-7709,0,0,0,0,1,0
502,260937,-1230,1327,-97,0,-24765,26713,-1948,0,0,0,0,1,0
503,261458,-1367,1174,193,0,-27517,23630,3888,0,0,0,0,1,0
504,261979,-1451,975,476,0,-29212,19638,9574,0,0,0,0,1,0
505,262500,-1479,740,740,0,-29784,14892,14892,0,0,0,0,1,0
506,263020,-1451,476,975,0,-29212,9574,19638,0,0,0,0,1,0
507,263541,-1367,193,1174,0,-27517,3888,23630,0,0,0,0,1,0
508,264062,-1230,-97,1327,0,-24765,-1948,26713,0,0,0,0,1,0
509,264583,-1046,-383,1429,0,-21061,-7709,28770,0,0,0,0,1,0
510,265104,-822,-654,1476,0,-16547,-13173,29721,0,0,0,0,1,0
511,265625,-566,-901,1467,0,-11398,-18132,29530,0,0,0,0,1,0
512,266145,-289,-1112,1401,0,-5811,-22393,28204,0,0,0,0,1,0
513,266666,0,-1281,1281,0,0,-25794,25794,0,0,0,0,1,0
514,267187,289,-1401,1112,0,5811,-28204,22393,0,0,0,0,1,0
515,267708,566,-1467,901,0,11398,-29530,18132,0,0,0,0,1,0
516,268229,822,-1476,654,0,16547,-29721,13173,0,0,0,0,1,0
517,268750,1046,-1429,383,0,21061,-28770,7709,0,0,0,0,1,0
518,269270,1230,-1327,97,0,24765,-26713,1948,0,0,0,0,1,0
519,269791,1367,-1174,-193,0,27517,-23630,-3888,0,0,0,0,1,0
520,270312,1451,-975,-476,0,29212,-19638,-9574,0,0,0,0,1,0
521,270833,1479,-740,-740,0,29784,-14892,-14892,0,0,0,0,1,0
522,271354,1451,-476,-975,0,29212,-9574,-19638,0,0,0,0,1,0
523,271875,1367,-193,-1174,0,27517,-3888,-23630,0,0,0,0,1,0
524,272395,1230,97,-1327,0,24765,1948,-26713,0,0,0,0,1,0
525,272916,1046,383,-1429,0,21061,7709,-28770,0,0,0,0,1,0
526,273437,822,654,-1476,0,16547,13173,-29721,0,0,0,0,1,0
527,273958,566,901,-1467,0,11398,18132,-29530,0,0,0,0,1,0
528,274479,289,1112,-1401,0,5811,22393,-28204,0,0,0,0,1,0
529,275000,0,1281,-1281,0,0,25794,-25794,0,0,0,0,1,0
530,275520,-289,1401,-1112,0,-5811,28204,-22393,0,0,0,0,1,0
531,276041,-566,1467,-901,0,-11398,29530,-18132,0,0,0,0,1,0
532,276562,-822,1476,-654,0,-16547,29721,-13173,0,0,0,0,1,0
533,277083,-1046,1429,-383,0,-21061,28770,-7709,0,0,0,0,1,0
534,277604,-1230,1327,-97,0,-24765,26713,-1948,0,0,0,0,1,0
535,278125,-1367,1174,193,0,-27517,23630,3888,0,0,0,0,1,0
536,278645,-1451,975,476,0,-29212,19638,9574,0,0,0,0,1,0
537,279166,-1479,740,740,0,-29784,14892,14892,0,0,0,0,1,0
538,279687,-1451,476,975,0,-29212,9574,19638,0,0,0,0,1,0
539,280208,-1367,193,1174,0,-27517,3888,23630,0,0,0,0,1,0
540,280729,-1230,-97,1327,0,-24765,-1948,26713,0,0,0,0,1,0
541,281250,-1046,-383,1429,0,-21061,-7709,28770,0,0,0,0,1,0
542,281770,-822,-654,1476,0,-16547,-13173,29721,0,0,0,0,1,0
543,282291,-566,-901,1467,0,-11398,-18132,29530,0,0,0,0,1,0
544,282812,-289,-1112,1401,0,-5811,-22393,28204,0,0,0,0,1,0
545,283333,0,-1281,1281,0,0,-25794,25794,0,0,0,0,1,0
546,283854,289,-1401,1112,0,5811,-28204,22393,0,0,0,0,1,0
547,284375,566,-1467,901,0,11398,-29530,18132,0,0,0,0,1,0
548,284895,822,-1476,654,0,16547,-29721,13173,0,0,0,0,1,0
549,285416,1046,-1429,383,0,21061,-28770,7709,0,0,0,0,1,0
550,285937,1230,-1327,97,0,24765,-26713,1948,0,0,0,0,1,0
551,286458,1367,-1174,-193,0,27517,-23630,-3888,0,0,0,0,1,0
552,286979,1451,-975,-476,0,29212,-19638,-9574,0,0,0,0,1,0
553,287500,1479,-740,-740,0,29784,-14892,-14892,0,0,0,0,1,0
554,288020,1451,-476,-975,0,29212,-9574,-19638,0,0,0,0,1,0
555,288541,1367,-193,-1174,0,27517,-3888,-23630,0,0,0,0,1,0
556,289062,1230,97,-1327,0,24765,1948,-26713,0,0,0,0,1,0
557,289583,1046,383,-1429,0,21061,7709,-28770,0,0,0,0,1,0
558,290104,822,654,-1476,0,16547,13173,-29721,0,0,0,0,1,0
559,290625,566,901,-1467,0,11398,18132,-29530,0,0,0,0,1,0
560,291145,289,1112,-1401,0,5811,22393,-28204,0,0,0,0,1,0
561,291666,0,1281,-1281,0,0,25794,-25794,0,0,0,0,1,0
562,292187,-289,1401,-1112,0,-5811,28204,-22393,0,0,0,0,1,0
563,292708,-566,1467,-901,0,-11398,29530,-18132,0,0,0,0,1,0
564,293229,-822,1476,-654,0,-16547,29721,-13173,0,0,0,0,1,0
565,293750,-1046,1429,-383,0,-21061,28770,-7709,0,0,0,0,1,0
566,294270,-1230,1327,-97,0,-24765,26713,-1948,0,0,0,0,1,0
567,294791,-1367,1174,193,0,-27517,23630,3888,0,0,0,0,1,0
568,295312,-1451,975,476,0,-29212,19638,9574,0,0,0,0,1,0
569,295833,-1479,740,740,0,-29784,14892,14892,0,0,0,0,1,0
570,296354,-1451,476,975,0,-29212,9574,19638,0,0,0,0,1,0
571,296875,-1367,193,1174,0,-27517,3888,23630,0,0,0,0,1,0
572,297395,-1230,-97,1327,0,-24765,-1948,26713,0,0,0,0,1,0
573,297916,-1046,-383,1429,0,-21061,-7709,28770,0,0,0,0,1,0
574,298437,-822,-654,1476,0,-16547,-13173,29721,0,0,0,0,1,0
575,298958,-566,-901,1467,0,-11398,-18132,29530,0,0,0,0,1,0
576,299479,-289,-1112,1401,0,-5811,-22393,28204,0,0,0,0,1,0
577,300000,0,-1281,1281,0,0,-25794,25794,0,0,0,0,1,0
578,300520,289,-1401,1112,0,5811,-28204,22393,0,0,0,0,1,0
579,301041,566,-1467,901,0,11398,-29530,18132,0,0,0,0,1,0
580,301562,822,-1476,654,0,16547,-29721,13173,0,0,0,0,1,0
581,302083,1046,-1429,383,0,21061,-28770,7709,0,0,0,0,1,0
582,302604,1230,-1327,97,0,24765,-26713,1948,0,0,0,0,1,0
583,303125,1367,-1174,-193,0,27517,-23630,-3888,0,0,0,0,1,0
584,303645,1451,-975,-476,0,29212,-19638,-9574,0,0,0,0,1,0
585,304166,1479,-740,-740,0,29784,-14892,-14892,0,0,0,0,1,0
586,304687,1451,-476,-975,0,29212,-9574,-19638,0,0,0,0,1,0
587,305208,1367,-193,-1174,0,27517,-3888,-23630,0,0,0,0,1,0
588,305729,1230,97,-1327,0,24765,1948,-26713,0,0,0,0,1,0
589,306250,1046,383,-1429,0,21061,7709,-28770,0,0,0,0,1,0
590,306770,822,654,-1476,0,16547,13173,-29721,0,0,0,0,1,0
591,307291,566,901,-1467,0,11398,18132,-29530,0,0,0,0,1,0
592,307812,289,1112,-1401,0,5811,22393,-28204,0,0,0,0,1,0
593,308333,0,1281,-1281,0,0,25794,-25794,0,0,0,0,1,0
594,308854,-289,1401,-1112,0,-5811,28204,-22393,0,0,0,0,1,0
595,309375,-566,1467,-901,0,-11398,29530,-18132,0,0,0,0,1,0
596,309895,-822,1476,-654,0,-16547,29721,-13173,0,0,0,0,1,0
597,310416,-1046,1429,-383,0,-21061,28770,-7709,0,0,0,0,1,0
598,310937,-1230,1327,-97,0,-24765,26713,-1948,0,0,0,0,1,0
599,311458,-1367,1174,193,0,-27517,23630,3888,0,0,0,0,1,0
600,311979,-1451,975,476,0,-29212,19638,9574,0,0,0,0,1,0
601,312500,-1479,740,740,0,-29784,14892,14892,0,0,0,0,1,0
602,313020,-1451,476,975,0,-29212,9574,19638,0,0,0,0,1,0
603,313541,-1367,193,1174,0,-27517,3888,23630,0,0,0,0,1,0
604,314062,-1230,-97,1327,0,-24765,-1948,26713,0,0,0,0,1,0
605,314583,-1046,-383,1429,0,-21061,-7709,28770,0,0,0,0,1,0
606,315104,-822,-654,1476,0,-16547,-13173,29721,0,0,0,0,1,0
607,315625,-566,-901,1467,0,-11398,-18132,29530,0,0,0,0,1,0
608,316145,-289,-1112,1401,0,-5811,-22393,28204,0,0,0,0,1,0
609,316666,0,-1281,1281,0,0,-25794,25794,0,0,0,0,1,0
610,317187,289,-1401,1112,0,5811,-28204,22393,0,0,0,0,1,0
611,317708,566,-1467,901,0,11398,-29530,18132,0,0,0,0,1,0
612,318229,822,-1476,654,0,16547,-29721,13173,0,0,0,0,1,0
613,318750,1046,-1429,383,0,21061,-28770,7709,0,0,0,0,1,0
614,319270,1230,-1327,97,0,24765,-26713,1948,0,0,0,0,1,0
615,319791,1367,-1174,-193,0,27517,-23630,-3888,0,0,0,0,1,0
616,320312,1451,-975,-476,0,29212,-19638,-9574,0,0,0,0,1,0
617,320833,1479,-740,-740,0,29784,-14892,-14892,0,0,0,0,1,0
618,321354,1451,-476,-975,0,29212,-9574,-19638,0,0,0,0,1,0
619,321875,1367,-193,-1174,0,27517,-3888,-23630,0,0,0,0,1,0
620,322395,1230,97,-1327,0,24765,1948,-26713,0,0,0,0,1,0
621,322916,1046,383,-1429,0,21061,7709,-28770,0,0,0,0,1,0
622,323437,822,654,-1476,0,16547,13173,-29721,0,0,0,0,1,0
623,323958,566,901,-1467,0,11398,18132,-29530,0,0,0,0,1,0
624,324479,289,1112,-1401,0,5811,22393,-28204,0,0,0,0,1,0
625,325000,0,1281,-1281,0,0,25794,-25794,0,0,0,0,1,0
626,325520,-289,1401,-1112,0,-5811,28204,-22393,0,0,0,0,1,0
627,326041,-566,1467,-901,0,-11398,29530,-18132,0,0,0,0,1,0
628,326562,-822,1476,-654,0,-16547,29721,-13173,0,0,0,0,1,0
629,327083,-1046,1429,-383,0,-21061,28770,-7709,0,0,0,0,1,0
630,327604,-1230,1327,-97,0,-24765,26713,-1948,0,0,0,0,1,0
631,328125,-1367,1174,193,0,-27517,23630,3888,0,0,0,0,1,0
632,328645,-1451,975,476,0,-29212,19638,9574,0,0,0,0,1,0
633,329166,-1479,740,740,0,-29784,14892,14892,0,0,0,0,1,0
634,329687,-1451,476,975,0,-29212,9574,19638,0,0,0,0,1,0
635,330208,-1367,193,1174,0,-27517,3888,23630,0,0,0,0,1,0
636,330729,-1230,-97,1327,0,-24765,-1948,26713,0,0,0,0,1,0
637,331250,-1046,-383,1429,0,-21061,-7709,28770,0,0,0,0,1,0
638,331770,-822,-654,1476,0,-16547,-13173,29721,0,0,0,0,1,0
639,332291,-566,-901,1467,0,-11398,-18132,29530,0,0,0,0,1,0
640,332812,-289,-1112,1401,0,-5811,-22393,28204,0,0,0,0,1,0
641,333333,0,-1281,1281,0,0,-25794,25794,0,0,0,0,1,0
642,333854,289,-1401,1112,0,5811,-28204,22393,0,0,0,0,1,0
643,334375,566,-1467,901,0,11398,-29530,18132,0,0,0,0,1,0
644,334895,822,-1476,654,0,16547,-29721,13173,0,0,0,0,1,0
645,335416,1046,-1429,383,0,21061,-28770,7709,0,0,0,0,1,0
646,335937,1230,-1327,97,0,24765,-26713,1948,0,0,0,0,1,0
647,336458,1367,-1174,-193,0,27517,-23630,-3888,0,0,0,0,1,0
648,336979,1451,-975,-476,0,29212,-19638,-9574,0,0,0,0,1,0
649,337500,1479,-740,-740,0,29784,-14892,-14892,0,0,0,0,1,0
650,338020,1451,-476,-975,0,29212,-9574,-19638,0,0,0,0,1,0
651,338541,1367,-193,-1174,0,27517,-3888,-23630,0,0,0,0,1,0
652,339062,1230,97,-1327,0,24765,1948,-26713,0,0,0,0,1,0
653,339583,1046,383,-1429,0,21061,7709,-28770,0,0,0,0,1,0
654,340104,822,654,-1476,0,16547,13173,-29721,0,0,0,0,1,0
655,340625,566,901,-1467,0,11398,18132,-29530,0,0,0,0,1,0
656,341145,289,1112,-1401,0,5811,22393,-28204,0,0,0,0,1,0
657,341666,0,1281,-1281,0,0,25794,-25794,0,0,0,0,1,0
658,342187,-289,1401,-1112,0,-5811,28204,-22393,0,0,0,0,1,0
659,342708,-566,1467,-901,0,-11398,29530,-18132,0,0,0,0,1,0
660,343229,-822,1476,-654,0,-16547,29721,-13173,0,0,0,0,1,0
661,343750,-1046,1429,-383,0,-21061,28770,-7709,0,0,0,0,1,0
662,344270,-1230,1327,-97,0,-24765,26713,-1948,0,0,0,0,1,0
663,344791,-1367,1174,193,0,-27517,23630,3888,0,0,0,0,1,0
664,345312,-1451,975,476,0,-29212,19638,9574,0,0,0,0,1,0
665,345833,-1479,740,740,0,-29784,14892,14892,0,0,0,0,1,0
666,346354,-1451,476,975,0,-29212,9574,19638,0,0,0,0,1,0
667,346875,-1367,193,1174,0,-27517,3888,23630,0,0,0,0,1,0
668,347395,-1230,-97,1327,0,-24765,-1948,26713,0,0,0,0,1,0
669,347916,-1046,-383,1429,0,-21061,-7709,28770,0,0,0,0,1,0
670,348437,-822,-654,1476,0,-16547,-13173,29721,0,0,0,0,1,0
671,348958,-566,-901,1467,0,-11398,-18132,29530,0,0,0,0,1,0
672,349479,-289,-1112,1401,0,-5811,-22393,28204,0,0,0,0,1,0
673,350000,0,-1281,1281,0,0,-25794,25794,0,0,0,0,1,0
674,350520,289,-1401,1112,0,5811,-28204,22393,0,0,0,0,1,0
675,351041,566,-1467,901,0,11398,-29530,18132,0,0,0,0,1,0
676,351562,822,-1476,654,0,16547,-29721,13173,0,0,0,0,1,0
677,352083,1046,-1429,383,0,21061,-28770,7709,0,0,0,0,1,0
678,352604,1230,-1327,97,0,24765,-26713,1948,0,0,0,0,1,0
679,353125,1367,-1174,-193,0,27517,-23630,-3888,0,0,0,0,1,0
680,353645,1451,-975,-476,0,29212,-19638,-9574,0,0,0,0,1,0
681,354166,1479,-740,-740,0,29784,-14892,-14892,0,0,0,0,1,0
682,354687,1451,-476,-975,0,29212,-9574,-19638,0,0,0,0,1,0
683,355208,1367,-193,-1174,0,27517,-3888,-23630,0,0,0,0,1,0
684,355729,1230,97,-1327,0,24765,1948,-26713,0,0,0,0,1,0
685,356250,1046,383,-1429,0,21061,7709,-28770,0,0,0,0,1,0
686,356770,822,654,-1476,0,16547,13173,-29721,0,0,0,0,1,0
687,357291,566,901,-1467,0,11398,18132,-29530,0,0,0,0,1,0
688,357812,289,1112,-1401,0,5811,22393,-28204,0,0,0,0,1,0
689,358333,0,1281,-1281,0,0,25794,-25794,0,0,0,0,1,0
690,358854,-289,1401,-1112,0,-5811,28204,-22393,0,0,0,0,1,0
691,359375,-566,1467,-901,0,-11398,29530,-18132,0,0,0,0,1,0
692,359895,-822,1476,-654,0,-16547,29721,-13173,0,0,0,0,1,0
693,360416,-1046,1429,-383,0,-21061,28770,-7709,0,0,0,0,1,0
694,360937,-1230,1327,-97,0,-24765,26713,-1948,0,0,0,0,1,0
695,361458,-1367,1174,193,0,-27517,23630,3888,0,0,0,0,1,0
696,361979,-1451,975,476,0,-29212,19638,9574,0,0,0,0,1,0
697,362500,-1479,740,740,0,-29784,14892,14892,0,0,0,0,1,0
