1,0,0,-270,270,0,0,-27026,27026,0,0,0,0,1,0
2,260,31,-284,253,0,3059,-28425,25366,0,0,0,0,1,0
3,520,61,-295,234,0,6088,-29551,23462,0,0,0,0,1,0
4,781,91,-304,213,0,9059,-30391,21333,0,0,0,0,1,0
5,1041,119,-309,190,0,11942,-30940,18997,0,0,0,0,1,0
6,1302,147,-312,165,0,14711,-31190,16479,0,0,0,0,1,0
7,1562,173,-311,138,0,17337,-31140,13802,0,0,0,0,1,0
8,1822,198,-308,110,0,19797,-30790,10993,0,0,0,0,1,0
9,2083,221,-301,81,0,22066,-30143,8077,0,0,0,0,1,0
10,2343,241,-292,51,0,24123,-29207,5083,0,0,0,0,1,0
11,2604,259,-280,20,0,25947,-27988,2041,0,0,0,0,1,0
12,2864,275,-265,-10,0,27522,-26501,-1021,0,0,0,0,1,0
13,3125,288,-247,-41,0,28831,-24758,-4073,0,0,0,0,1,0
14,3385,298,-228,-71,0,29863,-22777,-7086,0,0,0,0,1,0
15,3645,306,-206,-100,0,30607,-20576,-10031,0,0,0,0,1,0
16,3906,310,-182,-129,0,31056,-18177,-12879,0,0,0,0,1,0
17,4166,312,-156,-156,0,31207,-15603,-15603,0,0,0,0,1,0
18,4427,310,-129,-182,0,31056,-12879,-18177,0,0,0,0,1,0
19,4687,306,-100,-206,0,30607,-10031,-20576,0,0,0,0,1,0
20,4947,298,-71,-228,0,29863,-7086,-22777,0,0,0,0,1,0
21,5208,288,-41,-247,0,28831,-4073,-24758,0,0,0,0,1,0
22,5468,275,-10,-265,0,27522,-1021,-26501,0,0,0,0,1,0
23,5729,259,20,-280,0,25947,2041,-27988,0,0,0,0,1,0
24,5989,241,51,-292,0,24123,5083,-29207,0,0,0,0,1,0
25,6250,221,81,-301,0,22066,8077,-30143,0,0,0,0,1,0
26,6510,198,110,-308,0,19797,10993,-30790,0,0,0,0,1,0
27,6770,173,138,-311,0,17337,13802,-31140,0,0,0,0,1,0
28,7031,147,165,-312,0,14711,16479,-31190,0,0,0,0,1,0
29,7291,119,190,-309,0,11942,18997,-30940,0,0,0,0,1,0
30,7552,91,213,-304,0,9059,21333,-30391,0,0,0,0,1,0
31,7812,61,234,-295,0,6088,23462,-29551,0,0,0,0,1,0
32,8072,31,253,-284,0,3059,25366,-28425,0,0,0,0,1,0
33,8333,0,270,-270,0,0,27026,-27026,0,0,0,0,1,0
34,8593,-31,284,-253,0,-3059,28425,-25366,0,0,0,0,1,0
35,8854,-61,295,-234,0,-6088,29551,-23462,0,0,0,0,1,0
36,9114,-91,304,-213,0,-9059,30391,-21333,0,0,0,0,1,0
37,9375,-119,309,-190,0,-11942,30940,-18997,0,0,0,0,1,0
38,9635,-147,312,-165,0,-14711,31190,-16479,0,0,0,0,1,0
39,9895,-173,311,-138,0,-17337,31140,-13802,0,0,0,0,1,0
40,10156,-198,308,-110,0,-19797,30790,-10993,0,0,0,0,1,0
41,10416,-221,301,-81,0,-22066,30143,-8077,0,0,0,0,1,0
42,10677,-241,292,-51,0,-24123,29207,-5083,0,0,0,0,1,0
43,10937,-259,280,-20,0,-25947,27988,-2041,0,0,0,0,1,0
44,11197,-275,265,10,0,-27522,26501,1021,0,0,0,0,1,0
45,11458,-288,247,41,0,-28831,24758,4073,0,0,0,0,1,0
46,11718,-298,228,71,0,-29863,22777,7086,0,0,0,0,1,0
47,11979,-306,206,100,0,-30607,20576,10031,0,0,0,0,1,0
48,12239,-310,182,129,0,-31056,18177,12879,0,0,0,0,1,0
49,12500,-312,156,156,0,-31207,15603,15603,0,0,0,0,1,0
50,12760,-310,129,182,0,-31056,12879,18177,0,0,0,0,1,0
51,13020,-306,100,206,0,-30607,10031,20576,0,0,0,0,1,0
52,13281,-298,71,228,0,-29863,7086,22777,0,0,0,0,1,0
53,13541,-288,41,247,0,-28831,4073,24758,0,0,0,0,1,0
54,13802,-275,10,265,0,-27522,1021,26501,0,0,0,0,1,0
55,14062,-259,-20,280,0,-25947,-2041,27988,0,0,0,0,1,0
56,14322,-241,-51,292,0,-24123,-5083,29207,0,0,0,0,1,0
57,14583,-221,-81,301,0,-22066,-8077,30143,0,0,0,0,1,0
58,14843,-198,-110,308,0,-19797,-10993,30790,0,0,0,0,1,0
59,15104,-173,-138,311,0,-17337,-13802,31140,0,0,0,0,1,0
60,15364,-147,-165,312,0,-14711,-16479,31190,0,0,0,0,1,0
61,15625,-119,-190,309,0,-11942,-18997,30940,0,0,0,0,1,0
62,15885,-91,-213,304,0,-9059,-21333,30391,0,0,0,0,1,0
63,16145,-61,-234,295,0,-6088,-23462,29551,0,0,0,0,1,0
64,16406,-31,-253,284,0,-3059,-25366,28425,0,0,0,0,1,0
65,16666,0,-270,270,0,0,-27026,27026,0,0,0,0,1,0
66,16927,31,-284,253,0,3059,-28425,25366,0,0,0,0,1,0
67,17187,61,-295,234,0,6088,-29551,23462,0,0,0,0,1,0
68,17447,91,-304,213,0,9059,-30391,21333,0,0,0,0,1,0
69,17708,119,-309,190,0,11942,-30940,18997,0,0,0,0,1,0
70,17968,147,-312,165,0,14711,-31190,16479,0,0,0,0,1,0
71,18229,173,-311,138,0,17337,-31140,13802,0,0,0,0,1,0
72,18489,198,-308,110,0,19797,-30790,10993,0,0,0,0,1,0
73,18750,221,-301,81,0,22066,-30143,8077,0,0,0,0,1,0
74,19010,241,-292,51,0,24123,-29207,5083,0,0,0,0,1,0
75,19270,259,-280,20,0,25947,-27988,2041,0,0,0,0,1,0
76,19531,275,-265,-10,0,27522,-26501,-1021,0,0,0,0,1,0
77,19791,288,-247,-41,0,28831,-24758,-4073,0,0,0,0,1,0
78,20052,298,-228,-71,0,29863,-22777,-7086,0,0,0,0,1,0
79,20312,306,-206,-100,0,30607,-20576,-10031,0,0,0,0,1,0
80,20572,310,-182,-129,0,31056,-18177,-12879,0,0,0,0,1,0
81,20833,312,-156,-156,0,31207,-15603,-15603,0,0,0,0,1,0
82,21093,310,-129,-182,0,31056,-12879,-18177,0,0,0,0,1,0
83,21354,306,-100,-206,0,30607,-10031,-20576,0,0,0,0,1,0
84,21614,298,-71,-228,0,29863,-7086,-22777,0,0,0,0,1,0
85,21875,288,-41,-247,0,28831,-4073,-24758,0,0,0,0,1,0
86,22135,275,-10,-265,0,27522,-1021,-26501,0,0,0,0,1,0
87,22395,259,20,-280,0,25947,2041,-27988,0,0,0,0,1,0
88,22656,241,51,-292,0,24123,5083,-29207,0,0,0,0,1,0
89,22916,221,81,-301,0,22066,8077,-30143,0,0,0,0,1,0
90,23177,198,110,-308,0,19797,10993,-30790,0,0,0,0,1,0
91,23437,173,138,-311,0,17337,13802,-31140,0,0,0,0,1,0
92,23697,147,165,-312,0,14711,16479,-31190,0,0,0,0,1,0
93,23958,119,190,-309,0,11942,18997,-30940,0,0,0,0,1,0
94,24218,91,213,-304,0,9059,21333,-30391,0,0,0,0,1,0
95,24479,61,234,-295,0,6088,23462,-29551,0,0,0,0,1,0
96,24739,31,253,-284,0,3059,25366,-28425,0,0,0,0,1,0
97,25000,0,270,-270,0,0,27026,-27026,0,0,0,0,1,0
98,25260,-31,284,-253,0,-3059,28425,-25366,0,0,0,0,1,0
99,25520,-61,295,-234,0,-6088,29551,-23462,0,0,0,0,1,0
100,25781,-91,304,-213,0,-9059,30391,-21333,0,0,0,0,1,0
101,26041,-119,309,-190,0,-11942,30940,-18997,0,0,0,0,1,0
102,26302,-147,312,-165,0,-14711,31190,-16479,0,0,0,0,1,0
103,26562,-173,311,-138,0,-17337,31140,-13802,0,0,0,0,1,0
104,26822,-198,308,-110,0,-19797,30790,-10993,0,0,0,0,1,0
105,27083,-221,301,-81,0,-22066,30143,-8077,0,0,0,0,1,0
106,27343,-241,292,-51,0,-24123,29207,-5083,0,0,0,0,1,0
107,27604,-259,280,-20,0,-25947,27988,-2041,0,0,0,0,1,0
108,27864,-275,265,10,0,-27522,26501,1021,0,0,0,0,1,0
109,28125,-288,247,41,0,-28831,24758,4073,0,0,0,0,1,0
110,28385,-298,228,71,0,-29863,22777,7086,0,0,0,0,1,0
111,28645,-306,206,100,0,-30607,20576,10031,0,0,0,0,1,0
112,28906,-310,182,129,0,-31056,18177,12879,0,0,0,0,1,0
113,29166,-312,156,156,0,-31207,15603,15603,0,0,0,0,1,0
114,29427,-310,129,182,0,-31056,12879,18177,0,0,0,0,1,0
115,29687,-306,100,206,0,-30607,10031,20576,0,0,0,0,1,0
116,29947,-298,71,228,0,-29863,7086,22777,0,0,0,0,1,0
117,30208,-288,41,247,0,-28831,4073,24758,0,0,0,0,1,0
118,30468,-275,10,265,0,-27522,1021,26501,0,0,0,0,1,0
119,30729,-259,-20,280,0,-25947,-2041,27988,0,0,0,0,1,0
120,30989,-241,-51,292,0,-24123,-5083,29207,0,0,0,0,1,0
121,31250,-221,-81,301,0,-22066,-8077,30143,0,0,0,0,1,0
122,31510,-198,-110,308,0,-19797,-10993,30790,0,0,0,0,1,0
123,31770,-173,-138,311,0,-17337,-13802,31140,0,0,0,0,1,0
124,32031,-147,-165,312,0,-14711,-16479,31190,0,0,0,0,1,0
125,32291,-119,-190,309,0,-11942,-18997,30940,0,0,0,0,1,0
126,32552,-91,-213,304,0,-9059,-21333,30391,0,0,0,0,1,0
127,32812,-61,-234,295,0,-6088,-23462,29551,0,0,0,0,1,0
128,33072,-31,-253,284,0,-3059,-25366,28425,0,0,0,0,1,0
129,33333,0,-270,270,0,0,-27026,27026,0,0,0,0,1,0
130,33593,31,-284,253,0,3059,-28425,25366,0,0,0,0,1,0
131,33854,61,-295,234,0,6088,-29551,23462,0,0,0,0,1,0
132,34114,91,-304,213,0,9059,-30391,21333,0,0,0,0,1,0
133,34375,119,-309,190,0,11942,-30940,18997,0,0,0,0,1,0
134,34635,147,-312,165,0,14711,-31190,16479,0,0,0,0,1,0
135,34895,173,-311,138,0,17337,-31140,13802,0,0,0,0,1,0
136,35156,198,-308,110,0,19797,-30790,10993,0,0,0,0,1,0
137,35416,221,-301,81,0,22066,-30143,8077,0,0,0,0,1,0
138,35677,241,-292,51,0,24123,-29207,5083,0,0,0,0,1,0
139,35937,259,-280,20,0,25947,-27988,2041,0,0,0,0,1,0
140,36197,275,-265,-10,0,27522,-26501,-1021,0,0,0,0,1,0
141,36458,288,-247,-41,0,28831,-24758,-4073,0,0,0,0,1,0
142,36718,298,-228,-71,0,29863,-22777,-7086,0,0,0,0,1,0
143,36979,306,-206,-100,0,30607,-20576,-10031,0,0,0,0,1,0
144,37239,310,-182,-129,0,31056,-18177,-12879,0,0,0,0,1,0
145,37500,312,-156,-156,0,31207,-15603,-15603,0,0,0,0,1,0
146,37760,310,-129,-182,0,31056,-12879,-18177,0,0,0,0,1,0
147,38020,306,-100,-206,0,30607,-10031,-20576,0,0,0,0,1,0
148,38281,298,-71,-228,0,29863,-7086,-22777,0,0,0,0,1,0
149,38541,288,-41,-247,0,28831,-4073,-24758,0,0,0,0,1,0
150,38802,275,-10,-265,0,27522,-1021,-26501,0,0,0,0,1,0
151,39062,259,20,-280,0,25947,2041,-27988,0,0,0,0,1,0
152,39322,241,51,-292,0,24123,5083,-29207,0,0,0,0,1,0
153,39583,221,81,-301,0,22066,8077,-30143,0,0,0,0,1,0
154,39843,198,110,-308,0,19797,10993,-30790,0,0,0,0,1,0
155,40104,173,138,-311,0,17337,13802,-31140,0,0,0,0,1,0
156,40364,147,165,-312,0,14711,16479,-31190,0,0,0,0,1,0
157,40625,119,190,-309,0,11942,18997,-30940,0,0,0,0,1,0
158,40885,91,213,-304,0,9059,21333,-30391,0,0,0,0,1,0
159,41145,61,234,-295,0,6088,23462,-29551,0,0,0,0,1,0
160,41406,31,253,-284,0,3059,25366,-28425,0,0,0,0,1,0
161,41666,0,270,-270,0,0,27026,-27026,0,0,0,0,1,0
162,41927,-31,284,-253,0,-3059,28425,-25366,0,0,0,0,1,0
163,42187,-61,295,-234,0,-6088,29551,-23462,0,0,0,0,1,0
164,42447,-91,304,-213,0,-9059,30391,-21333,0,0,0,0,1,0
165,42708,-119,309,-190,0,-11942,30940,-18997,0,0,0,0,1,0
166,42968,-147,312,-165,0,-14711,31190,-16479,0,0,0,0,1,0
167,43229,-173,311,-138,0,-17337,31140,-13802,0,0,0,0,1,0
168,43489,-198,308,-110,0,-19797,30790,-10993,0,0,0,0,1,0
169,43750,-221,301,-81,0,-22066,30143,-8077,0,0,0,0,1,0
170,44010,-241,292,-51,0,-24123,29207,-5083,0,0,0,0,1,0
171,44270,-259,280,-20,0,-25947,27988,-2041,0,0,0,0,1,0
172,44531,-275,265,10,0,-27522,26501,1021,0,0,0,0,1,0
173,44791,-288,247,41,0,-28831,24758,4073,0,0,0,0,1,0
174,45052,-298,228,71,0,-29863,22777,7086,0,0,0,0,1,0
175,45312,-306,206,100,0,-30607,20576,10031,0,0,0,0,1,0
176,45572,-310,182,129,0,-31056,18177,12879,0,0,0,0,1,0
177,45833,-312,156,156,0,-31207,15603,15603,0,0,0,0,1,0
178,46093,-310,129,182,0,-31056,12879,18177,0,0,0,0,1,0
179,46354,-306,100,206,0,-30607,10031,20576,0,0,0,0,1,0
180,46614,-298,71,228,0,-29863,7086,22777,0,0,0,0,1,0
181,46875,-288,41,247,0,-28831,4073,24758,0,0,0,0,1,0
182,47135,-275,10,265,0,-27522,1021,26501,0,0,0,0,1,0
183,47395,-259,-20,280,0,-25947,-2041,27988,0,0,0,0,1,0
184,47656,-241,-51,292,0,-24123,-5083,29207,0,0,0,0,1,0
185,47916,-221,-81,301,0,-22066,-8077,30143,0,0,0,0,1,0
186,48177,-198,-110,308,0,-19797,-10993,30790,0,0,0,0,1,0
187,48437,-173,-138,311,0,-17337,-13802,31140,0,0,0,0,1,0
188,48697,-147,-165,312,0,-14711,-16479,31190,0,0,0,0,1,0
189,48958,-119,-190,309,0,-11942,-18997,30940,0,0,0,0,1,0
190,49218,-91,-213,304,0,-9059,-21333,30391,0,0,0,0,1,0
191,49479,-61,-234,295,0,-6088,-23462,29551,0,0,0,0,1,0
192,49739,-31,-253,284,0,-3059,-25366,28425,0,0,0,0,1,0
193,50000,16935,-25000,8065,0,0,-4054,4054,0,0,0,0,1,0
194,50260,18658,-25496,6838,0,459,-4264,3805,0,0,0,0,1,0
195,50520,20331,-25812,5481,0,913,-4433,3519,0,0,0,0,1,0
196,50781,21938,-25943,4005,0,1359,-4559,3200,0,0,0,0,1,0
197,51041,23462,-25889,2427,0,1791,-4641,2850,0,0,0,0,1,0
198,51302,24887,-25650,763,0,2207,-4678,2472,0,0,0,0,1,0
199,51562,26198,-25226,-972,0,2601,-4671,2070,0,0,0,0,1,0
200,51822,27381,-24621,-2760,0,2970,-4618,1649,0,0,0,0,1,0
201,52083,28423,-23841,-4583,0,3310,-4521,1212,0,0,0,0,1,0
202,52343,29314,-22892,-6422,0,3618,-4381,763,0,0,0,0,1,0
203,52604,30043,-21783,-8261,0,3892,-4198,306,0,0,0,0,1,0
204,52864,30603,-20524,-10079,0,4128,-3975,-153,0,0,0,0,1,0
205,53125,30986,-19127,-11860,0,4325,-3714,-611,0,0,0,0,1,0
206,53385,31189,-17604,-13585,0,4479,-3416,-1063,0,0,0,0,1,0
207,53645,31207,-15970,-15237,0,4591,-3086,-1505,0,0,0,0,1,0
208,53906,31039,-14239,-16800,0,4658,-2727,-1932,0,0,0,0,1,0
209,54166,30687,-12428,-18259,0,4681,-2341,-2340,0,0,0,0,1,0
210,54427,30152,-10554,-19597,0,4658,-1932,-2727,0,0,0,0,1,0
211,54687,29438,-8634,-20803,0,4591,-1505,-3086,0,0,0,0,1,0
212,54947,28551,-6687,-21864,0,4479,-1063,-3416,0,0,0,0,1,0
213,55208,27499,-4730,-22769,0,4325,-611,-3714,0,0,0,0,1,0
214,55468,26290,-2781,-23509,0,4128,-153,-3975,0,0,0,0,1,0
215,55729,24936,-859,-24077,0,3892,306,-4198,0,0,0,0,1,0
216,55989,23448,1018,-24466,0,3618,763,-4381,0,0,0,0,1,0
217,56250,21839,2832,-24671,0,3310,1212,-4521,0,0,0,0,1,0
218,56510,20125,4567,-24691,0,2970,1649,-4618,0,0,0,0,1,0
219,56770,18319,6206,-24526,0,2601,2070,-4671,0,0,0,0,1,0
220,57031,16440,7735,-24175,0,2207,2472,-4678,0,0,0,0,1,0
221,57291,14504,9138,-23641,0,1791,2850,-4641,0,0,0,0,1,0
222,57552,12528,10403,-22931,0,1359,3200,-4559,0,0,0,0,1,0
223,57812,10530,11518,-22049,0,913,3519,-4433,0,0,0,0,1,0
224,58072,8530,12474,-21004,0,459,3805,-4264,0,0,0,0,1,0
225,58333,6545,13260,-19805,0,0,4054,-4054,0,0,0,0,1,0
226,58593,4593,13871,-18464,0,-459,4264,-3805,0,0,0,0,1,0
227,58854,2693,14300,-16992,0,-913,4433,-3519,0,0,0,0,1,0
228,59114,861,14544,-15405,0,-1359,4559,-3200,0,0,0,0,1,0
229,59375,-886,14601,-13715,0,-1791,4641,-2850,0,0,0,0,1,0
230,59635,-2531,14472,-11940,0,-2207,4678,-2472,0,0,0,0,1,0
231,59895,-4061,14157,-10096,0,-2601,4671,-2070,0,0,0,0,1,0
232,60156,-5460,13660,-8201,0,-2970,4618,-1649,0,0,0,0,1,0
233,60416,-6717,12987,-6271,0,-3310,4521,-1212,0,0,0,0,1,0
234,60677,-7819,12144,-4325,0,-3618,4381,-763,0,0,0,0,1,0
235,60937,-8759,11140,-2382,0,-3892,4198,-306,0,0,0,0,1,0
236,61197,-9526,9986,-459,0,-4128,3975,153,0,0,0,0,1,0
237,61458,-10116,8691,1424,0,-4325,3714,611,0,0,0,0,1,0
238,61718,-10522,7270,3251,0,-4479,3416,1063,0,0,0,0,1,0
239,61979,-10742,5737,5005,0,-4591,3086,1505,0,0,0,0,1,0
240,62239,-10774,4107,6668,0,-4658,2727,1932,0,0,0,0,1,0
241,62500,-10620,2395,8225,0,-4681,2341,2340,0,0,0,0,1,0
242,62760,-10281,619,9662,0,-4658,1932,2727,0,0,0,0,1,0
243,63020,-9761,-1204,10965,0,-4591,1505,3086,0,0,0,0,1,0
244,63281,-9066,-3055,12122,0,-4479,1063,3416,0,0,0,0,1,0
245,63541,-8205,-4918,13122,0,-4325,611,3714,0,0,0,0,1,0
246,63802,-7185,-6772,13957,0,-4128,153,3975,0,0,0,0,1,0
247,64062,-6017,-8600,14617,0,-3892,-306,4198,0,0,0,0,1,0
248,64322,-4714,-10385,15098,0,-3618,-763,4381,0,0,0,0,1,0
249,64583,-3288,-12108,15396,0,-3310,-1212,4521,0,0,0,0,1,0
250,64843,-1755,-13752,15506,0,-2970,-1649,4618,0,0,0,0,1,0
251,65104,-129,-15301,15430,0,-2601,-2070,4671,0,0,0,0,1,0
252,65364,1573,-16741,15168,0,-2207,-2472,4678,0,0,0,0,1,0
253,65625,3333,-18056,14723,0,-1791,-2850,4641,0,0,0,0,1,0
254,65885,5135,-19234,14099,0,-1359,-3200,4559,0,0,0,0,1,0
255,66145,6960,-20263,13304,0,-913,-3519,4433,0,0,0,0,1,0
256,66406,8789,-21133,12344,0,-459,-3805,4264,0,0,0,0,1,0
257,66666,10605,-21835,11230,0,0,-4054,4054,0,0,0,0,1,0
258,66927,12389,-22362,9972,0,459,-4264,3805,0,0,0,0,1,0
259,67187,14124,-22708,8584,0,913,-4433,3519,0,0,0,0,1,0
260,67447,15792,-22870,7079,0,1359,-4559,3200,0,0,0,0,1,0
261,67708,17376,-22846,5471,0,1791,-4641,2850,0,0,0,0,1,0
262,67968,18860,-22636,3776,0,2207,-4678,2472,0,0,0,0,1,0
263,68229,20230,-22242,2012,0,2601,-4671,2070,0,0,0,0,1,0
264,68489,21471,-21666,195,0,2970,-4618,1649,0,0,0,0,1,0
265,68750,22571,-20915,-1657,0,3310,-4521,1212,0,0,0,0,1,0
266,69010,23519,-19994,-3525,0,3618,-4381,763,0,0,0,0,1,0
267,69270,24305,-18914,-5391,0,3892,-4198,306,0,0,0,0,1,0
268,69531,24921,-17683,-7238,0,4128,-3975,-153,0,0,0,0,1,0
269,69791,25360,-16313,-9046,0,4325,-3714,-611,0,0,0,0,1,0
270,70052,25617,-14818,-10799,0,4479,-3416,-1063,0,0,0,0,1,0
271,70312,25689,-13211,-12478,0,4591,-3086,-1505,0,0,0,0,1,0
272,70572,25576,-11507,-14069,0,4658,-2727,-1932,0,0,0,0,1,0
273,70833,25277,-9723,-15554,0,4681,-2341,-2340,0,0,0,0,1,0
274,71093,24795,-7876,-16919,0,4658,-1932,-2727,0,0,0,0,1,0
275,71354,24133,-5982,-18151,0,4591,-1505,-3086,0,0,0,0,1,0
276,71614,23298,-4060,-19238,0,4479,-1063,-3416,0,0,0,0,1,0
277,71875,22297,-2129,-20169,0,4325,-611,-3714,0,0,0,0,1,0
278,72135,21140,-205,-20934,0,4128,-153,-3975,0,0,0,0,1,0
279,72395,19836,1691,-21527,0,3892,306,-4198,0,0,0,0,1,0
280,72656,18397,3543,-21940,0,3618,763,-4381,0,0,0,0,1,0
281,72916,16838,5333,-22171,0,3310,1212,-4521,0,0,0,0,1,0
282,73177,15172,7043,-22215,0,2970,1649,-4618,0,0,0,0,1,0
283,73437,13415,8658,-22073,0,2601,2070,-4671,0,0,0,0,1,0
284,73697,11584,10163,-21746,0,2207,2472,-4678,0,0,0,0,1,0
285,73958,9695,11542,-21237,0,1791,2850,-4641,0,0,0,0,1,0
286,74218,7766,12784,-20550,0,1359,3200,-4559,0,0,0,0,1,0
287,74479,5815,13876,-19691,0,913,3519,-4433,0,0,0,0,1,0
288,74739,3861,14808,-18669,0,459,3805,-4264,0,0,0,0,1,0
289,75000,1921,15572,-17493,0,0,4054,-4054,0,0,0,0,1,0
290,75260,15,16160,-16175,0,-459,4264,-3805,0,0,0,0,1,0
291,75520,-1841,16567,-14726,0,-913,4433,-3519,0,0,0,0,1,0
292,75781,-3629,16789,-13160,0,-1359,4559,-3200,0,0,0,0,1,0
293,76041,-5332,16824,-11493,0,-1791,4641,-2850,0,0,0,0,1,0
294,76302,-6934,16673,-9739,0,-2207,4678,-2472,0,0,0,0,1,0
295,76562,-8420,16337,-7917,0,-2601,4671,-2070,0,0,0,0,1,0
296,76822,-9776,15819,-6042,0,-2970,4618,-1649,0,0,0,0,1,0
297,77083,-10991,15124,-4133,0,-3310,4521,-1212,0,0,0,0,1,0
298,77343,-12052,14261,-2209,0,-3618,4381,-763,0,0,0,0,1,0
299,77604,-12950,13236,-286,0,-3892,4198,-306,0,0,0,0,1,0
300,77864,-13677,12061,1616,0,-4128,3975,153,0,0,0,0,1,0
301,78125,-14225,10746,3479,0,-4325,3714,611,0,0,0,0,1,0
302,78385,-14591,9305,5286,0,-4479,3416,1063,0,0,0,0,1,0
303,78645,-14772,7752,7020,0,-4591,3086,1505,0,0,0,0,1,0
304,78906,-14765,6102,8663,0,-4658,2727,1932,0,0,0,0,1,0
305,79166,-14571,4371,10201,0,-4681,2341,2340,0,0,0,0,1,0
306,79427,-14194,2575,11618,0,-4658,1932,2727,0,0,0,0,1,0
307,79687,-13636,733,12902,0,-4591,1505,3086,0,0,0,0,1,0
308,79947,-12903,-1137,14040,0,-4479,1063,3416,0,0,0,0,1,0
309,80208,-12004,-3018,15022,0,-4325,611,3714,0,0,0,0,1,0
310,80468,-10947,-4891,15838,0,-4128,153,3975,0,0,0,0,1,0
311,80729,-9742,-6738,16480,0,-3892,-306,4198,0,0,0,0,1,0
312,80989,-8403,-8540,16943,0,-3618,-763,4381,0,0,0,0,1,0
313,81250,-6941,-10281,17222,0,-3310,-1212,4521,0,0,0,0,1,0
314,81510,-5372,-11943,17315,0,-2970,-1649,4618,0,0,0,0,1,0
315,81770,-3711,-13510,17221,0,-2601,-2070,4671,0,0,0,0,1,0
316,82031,-1974,-14967,16942,0,-2207,-2472,4678,0,0,0,0,1,0
317,82291,-179,-16300,16479,0,-1791,-2850,4641,0,0,0,0,1,0
318,82552,1657,-17495,15838,0,-1359,-3200,4559,0,0,0,0,1,0
319,82812,3516,-18541,15026,0,-913,-3519,4433,0,0,0,0,1,0
320,83072,5379,-19428,14049,0,-459,-3805,4264,0,0,0,0,1,0
321,83333,7228,-20147,12918,0,0,-4054,4054,0,0,0,0,1,0
322,83593,9045,-20690,11645,0,459,-4264,3805,0,0,0,0,1,0
323,83854,10813,-21052,10240,0,913,-4433,3519,0,0,0,0,1,0
324,84114,12513,-21231,8718,0,1359,-4559,3200,0,0,0,0,1,0
325,84375,14129,-21223,7094,0,1791,-4641,2850,0,0,0,0,1,0
326,84635,15645,-21028,5384,0,2207,-4678,2472,0,0,0,0,1,0
327,84895,17046,-20650,3604,0,2601,-4671,2070,0,0,0,0,1,0
328,85156,18318,-20090,1771,0,2970,-4618,1649,0,0,0,0,1,0
329,85416,19449,-19354,-96,0,3310,-4521,1212,0,0,0,0,1,0
330,85677,20428,-18448,-1979,0,3618,-4381,763,0,0,0,0,1,0
331,85937,21244,-17383,-3861,0,3892,-4198,306,0,0,0,0,1,0
332,86197,21889,-16167,-5722,0,4128,-3975,-153,0,0,0,0,1,0
333,86458,22358,-14812,-7545,0,4325,-3714,-611,0,0,0,0,1,0
334,86718,22644,-13332,-9313,0,4479,-3416,-1063,0,0,0,0,1,0
335,86979,22746,-11739,-11007,0,4591,-3086,-1505,0,0,0,0,1,0
336,87239,22661,-10050,-12611,0,4658,-2727,-1932,0,0,0,0,1,0
337,87500,22391,-8280,-14110,0,4681,-2341,-2340,0,0,0,0,1,0
338,87760,21937,-6447,-15490,0,4658,-1932,-2727,0,0,0,0,1,0
339,88020,21303,-4567,-16736,0,4591,-1505,-3086,0,0,0,0,1,0
340,88281,20496,-2659,-17837,0,4479,-1063,-3416,0,0,0,0,1,0
341,88541,19522,-741,-18781,0,4325,-611,-3714,0,0,0,0,1,0
342,88802,18392,1168,-19560,0,4128,-153,-3975,0,0,0,0,1,0
343,89062,17114,3052,-20166,0,3892,306,-4198,0,0,0,0,1,0
344,89322,15703,4890,-20593,0,3618,763,-4381,0,0,0,0,1,0
345,89583,110,40,-151,0,22066,8077,-30143,0,0,0,0,1,0
346,89843,99,55,-154,0,19797,10993,-30790,0,0,0,0,1,0
347,90104,87,69,-156,0,17337,13802,-31140,0,0,0,0,1,0
348,90364,74,82,-156,0,14711,16479,-31190,0,0,0,0,1,0
349,90625,60,95,-155,0,11942,18997,-30940,0,0,0,0,1,0
350,90885,45,107,-152,0,9059,21333,-30391,0,0,0,0,1,0
351,91145,30,117,-148,0,6088,23462,-29551,0,0,0,0,1,0
352,91406,15,127,-142,0,3059,25366,-28425,0,0,0,0,1,0
353,91666,0,135,-135,0,0,27026,-27026,0,0,0,0,1,0
354,91927,-15,142,-127,0,-3059,28425,-25366,0,0,0,0,1,0
355,92187,-30,148,-117,0,-6088,29551,-23462,0,0,0,0,1,0
356,92447,-45,152,-107,0,-9059,30391,-21333,0,0,0,0,1,0
357,92708,-60,155,-95,0,-11942,30940,-18997,0,0,0,0,1,0
358,92968,-74,156,-82,0,-14711,31190,-16479,0,0,0,0,1,0
359,93229,-87,156,-69,0,-17337,31140,-13802,0,0,0,0,1,0
360,93489,-99,154,-55,0,-19797,30790,-10993,0,0,0,0,1,0
361,93750,-110,151,-40,0,-22066,30143,-8077,0,0,0,0,1,0
362,94010,-121,146,-25,0,-24123,29207,-5083,0,0,0,0,1,0
363,94270,-130,140,-10,0,-25947,27988,-2041,0,0,0,0,1,0
364,94531,-138,132,5,0,-27522,26501,1021,0,0,0,0,1,0
365,94791,-144,124,20,0,-28831,24758,4073,0,0,0,0,1,0
366,95052,-149,114,35,0,-29863,22777,7086,0,0,0,0,1,0
367,95312,-153,103,50,0,-30607,20576,10031,0,0,0,0,1,0
368,95572,-155,91,64,0,-31056,18177,12879,0,0,0,0,1,0
369,95833,-156,78,78,0,-31207,15603,15603,0,0,0,0,1,0
370,96093,-155,64,91,0,-31056,12879,18177,0,0,0,0,1,0
371,96354,-153,50,103,0,-30607,10031,20576,0,0,0,0,1,0
372,96614,-149,35,114,0,-29863,7086,22777,0,0,0,0,1,0
373,96875,-144,20,124,0,-28831,4073,24758,0,0,0,0,1,0
374,97135,-138,5,132,0,-27522,1021,26501,0,0,0,0,1,0
375,97395,-130,-10,140,0,-25947,-2041,27988,0,0,0,0,1,0
376,97656,-121,-25,146,0,-24123,-5083,29207,0,0,0,0,1,0
377,97916,-110,-40,151,0,-22066,-8077,30143,0,0,0,0,1,0
378,98177,-99,-55,154,0,-19797,-10993,30790,0,0,0,0,1,0
379,98437,-87,-69,156,0,-17337,-13802,31140,0,0,0,0,1,0
380,98697,-74,-82,156,0,-14711,-16479,31190,0,0,0,0,1,0
381,98958,-60,-95,155,0,-11942,-18997,30940,0,0,0,0,1,0
382,99218,-45,-107,152,0,-9059,-21333,30391,0,0,0,0,1,0
383,99479,-30,-117,148,0,-6088,-23462,29551,0,0,0,0,1,0
384,99739,-15,-127,142,0,-3059,-25366,28425,0,0,0,0,1,0
385,100000,0,-135,135,0,0,-27026,27026,0,0,0,0,1,0
386,100260,15,-142,127,0,3059,-28425,25366,0,0,0,0,1,0
387,100520,30,-148,117,0,6088,-29551,23462,0,0,0,0,1,0
388,100781,45,-152,107,0,9059,-30391,21333,0,0,0,0,1,0
389,101041,60,-155,95,0,11942,-30940,18997,0,0,0,0,1,0
390,101302,74,-156,82,0,14711,-31190,16479,0,0,0,0,1,0
391,101562,87,-156,69,0,17337,-31140,13802,0,0,0,0,1,0
392,101822,99,-154,55,0,19797,-30790,10993,0,0,0,0,1,0
393,102083,110,-151,40,0,22066,-30143,8077,0,0,0,0,1,0
394,102343,121,-146,25,0,24123,-29207,5083,0,0,0,0,1,0
395,102604,130,-140,10,0,25947,-27988,2041,0,0,0,0,1,0
396,102864,138,-132,-5,0,27522,-26501,-1021,0,0,0,0,1,0
397,103125,144,-124,-20,0,28831,-24758,-4073,0,0,0,0,1,0
398,103385,149,-114,-35,0,29863,-22777,-7086,0,0,0,0,1,0
399,103645,153,-103,-50,0,30607,-20576,-10031,0,0,0,0,1,0
400,103906,155,-91,-64,0,31056,-18177,-12879,0,0,0,0,1,0
401,104166,156,-78,-78,0,31207,-15603,-15603,0,0,0,0,1,0
402,104427,155,-64,-91,0,31056,-12879,-18177,0,0,0,0,1,0
403,104687,153,-50,-103,0,30607,-10031,-20576,0,0,0,0,1,0
404,104947,149,-35,-114,0,29863,-7086,-22777,0,0,0,0,1,0
405,105208,144,-20,-124,0,28831,-4073,-24758,0,0,0,0,1,0
406,105468,138,-5,-132,0,27522,-1021,-26501,0,0,0,0,1,0
407,105729,130,10,-140,0,25947,2041,-27988,0,0,0,0,1,0
408,105989,121,25,-146,0,24123,5083,-29207,0,0,0,0,1,0
409,106250,110,40,-151,0,22066,8077,-30143,0,0,0,0,1,0
410,106510,99,55,-154,0,19797,10993,-30790,0,0,0,0,1,0
411,106770,87,69,-156,0,17337,13802,-31140,0,0,0,0,1,0
412,107031,74,82,-156,0,14711,16479,-31190,0,0,0,0,1,0
413,107291,60,95,-155,0,11942,18997,-30940,0,0,0,0,1,0
414,107552,45,107,-152,0,9059,21333,-30391,0,0,0,0,1,0
415,107812,30,117,-148,0,6088,23462,-29551,0,0,0,0,1,0
416,108072,15,127,-142,0,3059,25366,-28425,0,0,0,0,1,0
417,108333,0,135,-135,0,0,27026,-27026,0,0,0,0,1,0
418,108593,-15,142,-127,0,-3059,28425,-25366,0,0,0,0,1,0
419,108854,-30,148,-117,0,-6088,29551,-23462,0,0,0,0,1,0
420,109114,-45,152,-107,0,-9059,30391,-21333,0,0,0,0,1,0
421,109375,-60,155,-95,0,-11942,30940,-18997,0,0,0,0,1,0
422,109635,-74,156,-82,0,-14711,31190,-16479,0,0,0,0,1,0
423,109895,-87,156,-69,0,-17337,31140,-13802,0,0,0,0,1,0
424,110156,-99,154,-55,0,-19797,30790,-10993,0,0,0,0,1,0
425,110416,-110,151,-40,0,-22066,30143,-8077,0,0,0,0,1,0
426,110677,-121,146,-25,0,-24123,29207,-5083,0,0,0,0,1,0
427,110937,-130,140,-10,0,-25947,27988,-2041,0,0,0,0,1,0
428,111197,-138,132,5,0,-27522,26501,1021,0,0,0,0,1,0
429,111458,-144,124,20,0,-28831,24758,4073,0,0,0,0,1,0
430,111718,-149,114,35,0,-29863,22777,7086,0,0,0,0,1,0
431,111979,-153,103,50,0,-30607,20576,10031,0,0,0,0,1,0
432,112239,-155,91,64,0,-31056,18177,12879,0,0,0,0,1,0
433,112500,-156,78,78,0,-31207,15603,15603,0,0,0,0,1,0
434,112760,-155,64,91,0,-31056,12879,18177,0,0,0,0,1,0
435,113020,-153,50,103,0,-30607,10031,20576,0,0,0,0,1,0
436,113281,-149,35,114,0,-29863,7086,22777,0,0,0,0,1,0
437,113541,-144,20,124,0,-28831,4073,24758,0,0,0,0,1,0
438,113802,-138,5,132,0,-27522,1021,26501,0,0,0,0,1,0
439,114062,-130,-10,140,0,-25947,-2041,27988,0,0,0,0,1,0
440,114322,-121,-25,146,0,-24123,-5083,29207,0,0,0,0,1,0
441,114583,-110,-40,151,0,-22066,-8077,30143,0,0,0,0,1,0
442,114843,-99,-55,154,0,-19797,-10993,30790,0,0,0,0,1,0
443,115104,-87,-69,156,0,-17337,-13802,31140,0,0,0,0,1,0
444,115364,-74,-82,156,0,-14711,-16479,31190,0,0,0,0,1,0
445,115625,-60,-95,155,0,-11942,-18997,30940,0,0,0,0,1,0
446,115885,-45,-107,152,0,-9059,-21333,30391,0,0,0,0,1,0
447,116145,-30,-117,148,0,-6088,-23462,29551,0,0,0,0,1,0
448,116406,-15,-127,142,0,-3059,-25366,28425,0,0,0,0,1,0
449,116666,0,-135,135,0,0,-27026,27026,0,0,0,0,1,0
450,116927,15,-142,127,0,3059,-28425,25366,0,0,0,0,1,0
451,117187,30,-148,117,0,6088,-29551,23462,0,0,0,0,1,0
452,117447,45,-152,107,0,9059,-30391,21333,0,0,0,0,1,0
453,117708,60,-155,95,0,11942,-30940,18997,0,0,0,0,1,0
454,117968,74,-156,82,0,14711,-31190,16479,0,0,0,0,1,0
455,118229,87,-156,69,0,17337,-31140,13802,0,0,0,0,1,0
456,118489,99,-154,55,0,19797,-30790,10993,0,0,0,0,1,0
457,118750,110,-151,40,0,22066,-30143,8077,0,0,0,0,1,0
458,119010,121,-146,25,0,24123,-29207,5083,0,0,0,0,1,0
459,119270,130,-140,10,0,25947,-27988,2041,0,0,0,0,1,0
460,119531,138,-132,-5,0,27522,-26501,-1021,0,0,0,0,1,0
461,119791,144,-124,-20,0,28831,-24758,-4073,0,0,0,0,1,0
462,120052,149,-114,-35,0,29863,-22777,-7086,0,0,0,0,1,0
463,120312,153,-103,-50,0,30607,-20576,-10031,0,0,0,0,1,0
464,120572,155,-91,-64,0,31056,-18177,-12879,0,0,0,0,1,0
465,120833,156,-78,-78,0,31207,-15603,-15603,0,0,0,0,1,0
466,121093,155,-64,-91,0,31056,-12879,-18177,0,0,0,0,1,0
467,121354,153,-50,-103,0,30607,-10031,-20576,0,0,0,0,1,0
468,121614,149,-35,-114,0,29863,-7086,-22777,0,0,0,0,1,0
469,121875,144,-20,-124,0,28831,-4073,-24758,0,0,0,0,1,0
470,122135,138,-5,-132,0,27522,-1021,-26501,0,0,0,0,1,0
471,122395,130,10,-140,0,25947,2041,-27988,0,0,0,0,1,0
472,122656,121,25,-146,0,24123,5083,-29207,0,0,0,0,1,0
473,122916,110,40,-151,0,22066,8077,-30143,0,0,0,0,1,0
474,123177,99,55,-154,0,19797,10993,-30790,0,0,0,0,1,0
475,123437,87,69,-156,0,17337,13802,-31140,0,0,0,0,1,0
476,123697,74,82,-156,0,14711,16479,-31190,0,0,0,0,1,0
477,123958,60,95,-155,0,11942,18997,-30940,0,0,0,0,1,0
478,124218,45,107,-152,0,9059,21333,-30391,0,0,0,0,1,0
479,124479,30,117,-148,0,6088,23462,-29551,0,0,0,0,1,0
480,124739,15,127,-142,0,3059,25366,-28425,0,0,0,0,1,0
481,125000,0,135,-135,0,0,27026,-27026,0,0,0,0,1,0
482,125260,-15,142,-127,0,-3059,28425,-25366,0,0,0,0,1,0
483,125520,-30,148,-117,0,-6088,29551,-23462,0,0,0,0,1,0
484,125781,-45,152,-107,0,-9059,30391,-21333,0,0,0,0,1,0
485,126041,-60,155,-95,0,-11942,30940,-18997,0,0,0,0,1,0
486,126302,-74,156,-82,0,-14711,31190,-16479,0,0,0,0,1,0
487,126562,-87,156,-69,0,-17337,31140,-13802,0,0,0,0,1,0
488,126822,-99,154,-55,0,-19797,30790,-10993,0,0,0,0,1,0
489,127083,-110,151,-40,0,-22066,30143,-8077,0,0,0,0,1,0
490,127343,-121,146,-25,0,-24123,29207,-5083,0,0,0,0,1,0
491,127604,-130,140,-10,0,-25947,27988,-2041,0,0,0,0,1,0
492,127864,-138,132,5,0,-27522,26501,1021,0,0,0,0,1,0
493,128124,-144,124,20,0,-28831,24758,4073,0,0,0,0,1,0
494,128385,-149,114,35,0,-29863,22777,7086,0,0,0,0,1,0
495,128645,-153,103,50,0,-30607,20576,10031,0,0,0,0,1,0
496,128906,-155,91,64,0,-31056,18177,12879,0,0,0,0,1,0
497,129166,-156,78,78,0,-31207,15603,15603,0,0,0,0,1,0
498,129427,-155,64,91,0,-31056,12879,18177,0,0,0,0,1,0
499,129687,-153,50,103,0,-30607,10031,20576,0,0,0,0,1,0
500,129947,-149,35,114,0,-29863,7086,22777,0,0,0,0,1,0
501,130208,-144,20,124,0,-28831,4073,24758,0,0,0,0,1,0
502,130468,-138,5,132,0,-27522,1021,26501,0,0,0,0,1,0
503,130729,-130,-10,140,0,-25947,-2041,27988,0,0,0,0,1,0
504,130989,-121,-25,146,0,-24123,-5083,29207,0,0,0,0,1,0
505,131250,-110,-40,151,0,-22066,-8077,30143,0,0,0,0,1,0
506,131510,-99,-55,154,0,-19797,-10993,30790,0,0,0,0,1,0
507,131770,-87,-69,156,0,-17337,-13802,31140,0,0,0,0,1,0
508,132031,-74,-82,156,0,-14711,-16479,31190,0,0,0,0,1,0
509,132291,-60,-95,155,0,-11942,-18997,30940,0,0,0,0,1,0
510,132552,-45,-107,152,0,-9059,-21333,30391,0,0,0,0,1,0
511,132812,-30,-117,148,0,-6088,-23462,29551,0,0,0,0,1,0
512,133072,-15,-127,142,0,-3059,-25366,28425,0,0,0,0,1,0
513,133333,0,-135,135,0,0,-27026,27026,0,0,0,0,1,0
514,133593,15,-142,127,0,3059,-28425,25366,0,0,0,0,1,0
515,133854,30,-148,117,0,6088,-29551,23462,0,0,0,0,1,0
516,134114,45,-152,107,0,9059,-30391,21333,0,0,0,0,1,0
517,134375,60,-155,95,0,11942,-30940,18997,0,0,0,0,1,0
518,134635,74,-156,82,0,14711,-31190,16479,0,0,0,0,1,0
519,134895,87,-156,69,0,17337,-31140,13802,0,0,0,0,1,0
520,135156,99,-154,55,0,19797,-30790,10993,0,0,0,0,1,0
521,135416,110,-151,40,0,22066,-30143,8077,0,0,0,0,1,0
522,135677,121,-146,25,0,24123,-29207,5083,0,0,0,0,1,0
523,135937,130,-140,10,0,25947,-27988,2041,0,0,0,0,1,0
524,136197,138,-132,-5,0,27522,-26501,-1021,0,0,0,0,1,0
525,136458,144,-124,-20,0,28831,-24758,-4073,0,0,0,0,1,0
526,136718,149,-114,-35,0,29863,-22777,-7086,0,0,0,0,1,0
527,136979,153,-103,-50,0,30607,-20576,-10031,0,0,0,0,1,0
528,137239,155,-91,-64,0,31056,-18177,-12879,0,0,0,0,1,0
529,137500,156,-78,-78,0,31207,-15603,-15603,0,0,0,0,1,0
530,137760,155,-64,-91,0,31056,-12879,-18177,0,0,0,0,1,0
531,138020,153,-50,-103,0,30607,-10031,-20576,0,0,0,0,1,0
532,138281,149,-35,-114,0,29863,-7086,-22777,0,0,0,0,1,0
533,138541,144,-20,-124,0,28831,-4073,-24758,0,0,0,0,1,0
534,138802,138,-5,-132,0,27522,-1021,-26501,0,0,0,0,1,0
535,139062,130,10,-140,0,25947,2041,-27988,0,0,0,0,1,0
536,139322,121,25,-146,0,24123,5083,-29207,0,0,0,0,1,0
537,139583,110,40,-151,0,22066,8077,-30143,0,0,0,0,1,0
538,139843,99,55,-154,0,19797,10993,-30790,0,0,0,0,1,0
539,140104,87,69,-156,0,17337,13802,-31140,0,0,0,0,1,0
540,140364,74,82,-156,0,14711,16479,-31190,0,0,0,0,1,0
541,140625,60,95,-155,0,11942,18997,-30940,0,0,0,0,1,0
542,140885,45,107,-152,0,9059,21333,-30391,0,0,0,0,1,0
543,141145,30,117,-148,0,6088,23462,-29551,0,0,0,0,1,0
544,141406,15,127,-142,0,3059,25366,-28425,0,0,0,0,1,0
545,141666,0,135,-135,0,0,27026,-27026,0,0,0,0,1,0
546,141927,-15,142,-127,0,-3059,28425,-25366,0,0,0,0,1,0
547,142187,-30,148,-117,0,-6088,29551,-23462,0,0,0,0,1,0
548,142447,-45,152,-107,0,-9059,30391,-21333,0,0,0,0,1,0
549,142708,-60,155,-95,0,-11942,30940,-18997,0,0,0,0,1,0
550,142968,-74,156,-82,0,-14711,31190,-16479,0,0,0,0,1,0
551,143229,-87,156,-69,0,-17337,31140,-13802,0,0,0,0,1,0
552,143489,-99,154,-55,0,-19797,30790,-10993,0,0,0,0,1,0
553,143750,-110,151,-40,0,-22066,30143,-8077,0,0,0,0,1,0
554,144010,-121,146,-25,0,-24123,29207,-5083,0,0,0,0,1,0
555,144270,-130,140,-10,0,-25947,27988,-2041,0,0,0,0,1,0
556,144531,-138,132,5,0,-27522,26501,1021,0,0,0,0,1,0
557,144791,-144,124,20,0,-28831,24758,4073,0,0,0,0,1,0
558,145052,-149,114,35,0,-29863,22777,7086,0,0,0,0,1,0
559,145312,-153,103,50,0,-30607,20576,10031,0,0,0,0,1,0
560,145572,-155,91,64,0,-31056,18177,12879,0,0,0,0,1,0
561,145833,-156,78,78,0,-31207,15603,15603,0,0,0,0,1,0
562,146093,-155,64,91,0,-31056,12879,18177,0,0,0,0,1,0
563,146354,-153,50,103,0,-30607,10031,20576,0,0,0,0,1,0
564,146614,-149,35,114,0,-29863,7086,22777,0,0,0,0,1,0
565,146875,-144,20,124,0,-28831,4073,24758,0,0,0,0,1,0
566,147135,-138,5,132,0,-27522,1021,26501,0,0,0,0,1,0
567,147395,-130,-10,140,0,-25947,-2041,27988,0,0,0,0,1,0
568,147656,-121,-25,146,0,-24123,-5083,29207,0,0,0,0,1,0
569,147916,-110,-40,151,0,-22066,-8077,30143,0,0,0,0,1,0
570,148177,-99,-55,154,0,-19797,-10993,30790,0,0,0,0,1,0
571,148437,-87,-69,156,0,-17337,-13802,31140,0,0,0,0,1,0
572,148697,-74,-82,156,0,-14711,-16479,31190,0,0,0,0,1,0
573,148958,-60,-95,155,0,-11942,-18997,30940,0,0,0,0,1,0
574,149218,-45,-107,152,0,-9059,-21333,30391,0,0,0,0,1,0
575,149479,-30,-117,148,0,-6088,-23462,29551,0,0,0,0,1,0
576,149739,-15,-127,142,0,-3059,-25366,28425,0,0,0,0,1,0
577,150000,0,-135,135,0,0,-27026,27026,0,0,0,0,1,0
578,150260,15,-142,127,0,3059,-28425,25366,0,0,0,0,1,0
579,150520,30,-148,117,0,6088,-29551,23462,0,0,0,0,1,0
580,150781,45,-152,107,0,9059,-30391,21333,0,0,0,0,1,0
581,151041,60,-155,95,0,11942,-30940,18997,0,0,0,0,1,0
582,151302,74,-156,82,0,14711,-31190,16479,0,0,0,0,1,0
583,151562,87,-156,69,0,17337,-31140,13802,0,0,0,0,1,0
584,151822,99,-154,55,0,19797,-30790,10993,0,0,0,0,1,0
585,152083,110,-151,40,0,22066,-30143,8077,0,0,0,0,1,0
586,152343,121,-146,25,0,24123,-29207,5083,0,0,0,0,1,0
587,152604,130,-140,10,0,25947,-27988,2041,0,0,0,0,1,0
588,152864,138,-132,-5,0,27522,-26501,-1021,0,0,0,0,1,0
589,153125,144,-124,-20,0,28831,-24758,-4073,0,0,0,0,1,0
590,153385,149,-114,-35,0,29863,-22777,-7086,0,0,0,0,1,0
591,153645,153,-103,-50,0,30607,-20576,-10031,0,0,0,0,1,0
592,153906,155,-91,-64,0,31056,-18177,-12879,0,0,0,0,1,0
593,154166,156,-78,-78,0,31207,-15603,-15603,0,0,0,0,1,0
594,154427,155,-64,-91,0,31056,-12879,-18177,0,0,0,0,1,0
595,154687,153,-50,-103,0,30607,-10031,-20576,0,0,0,0,1,0
596,154947,149,-35,-114,0,29863,-7086,-22777,0,0,0,0,1,0
597,155208,144,-20,-124,0,28831,-4073,-24758,0,0,0,0,1,0
598,155468,138,-5,-132,0,27522,-1021,-26501,0,0,0,0,1,0
599,155729,130,10,-140,0,25947,2041,-27988,0,0,0,0,1,0
600,155989,121,25,-146,0,24123,5083,-29207,0,0,0,0,1,0
601,156250,110,40,-151,0,22066,8077,-30143,0,0,0,0,1,0
602,156510,99,55,-154,0,19797,10993,-30790,0,0,0,0,1,0
603,156770,87,69,-156,0,17337,13802,-31140,0,0,0,0,1,0
604,157031,74,82,-156,0,14711,16479,-31190,0,0,0,0,1,0
605,157291,60,95,-155,0,11942,18997,-30940,0,0,0,0,1,0
606,157552,45,107,-152,0,9059,21333,-30391,0,0,0,0,1,0
607,157812,30,117,-148,0,6088,23462,-29551,0,0,0,0,1,0
608,158072,15,127,-142,0,3059,25366,-28425,0,0,0,0,1,0
609,158333,0,135,-135,0,0,27026,-27026,0,0,0,0,1,0
610,158593,-15,142,-127,0,-3059,28425,-25366,0,0,0,0,1,0
611,158854,-30,148,-117,0,-6088,29551,-23462,0,0,0,0,1,0
612,159114,-45,152,-107,0,-9059,30391,-21333,0,0,0,0,1,0
613,159375,-60,155,-95,0,-11942,30940,-18997,0,0,0,0,1,0
614,159635,-74,156,-82,0,-14711,31190,-16479,0,0,0,0,1,0
615,159895,-87,156,-69,0,-17337,31140,-13802,0,0,0,0,1,0
616,160156,-99,154,-55,0,-19797,30790,-10993,0,0,0,0,1,0
617,160416,-110,151,-40,0,-22066,30143,-8077,0,0,0,0,1,0
618,160677,-121,146,-25,0,-24123,29207,-5083,0,0,0,0,1,0
619,160937,-130,140,-10,0,-25947,27988,-2041,0,0,0,0,1,0
620,161197,-138,132,5,0,-27522,26501,1021,0,0,0,0,1,0
621,161458,-144,124,20,0,-28831,24758,4073,0,0,0,0,1,0
622,161718,-149,114,35,0,-29863,22777,7086,0,0,0,0,1,0
623,161979,-153,103,50,0,-30607,20576,10031,0,0,0,0,1,0
624,162239,-155,91,64,0,-31056,18177,12879,0,0,0,0,1,0
625,162500,-156,78,78,0,-31207,15603,15603,0,0,0,0,1,0
626,162760,-155,64,91,0,-31056,12879,18177,0,0,0,0,1,0
627,163020,-153,50,103,0,-30607,10031,20576,0,0,0,0,1,0
628,163281,-149,35,114,0,-29863,7086,22777,0,0,0,0,1,0
629,163541,-144,20,124,0,-28831,4073,24758,0,0,0,0,1,0
630,163802,-138,5,132,0,-27522,1021,26501,0,0,0,0,1,0
631,164062,-130,-10,140,0,-25947,-2041,27988,0,0,0,0,1,0
632,164322,-121,-25,146,0,-24123,-5083,29207,0,0,0,0,1,0
633,164583,-110,-40,151,0,-22066,-8077,30143,0,0,0,0,1,0
634,164843,-99,-55,154,0,-19797,-10993,30790,0,0,0,0,1,0
635,165104,-87,-69,156,0,-17337,-13802,31140,0,0,0,0,1,0
636,165364,-74,-82,156,0,-14711,-16479,31190,0,0,0,0,1,0
637,165625,-60,-95,155,0,-11942,-18997,30940,0,0,0,0,1,0
638,165885,-45,-107,152,0,-9059,-21333,30391,0,0,0,0,1,0
639,166145,-30,-117,148,0,-6088,-23462,29551,0,0,0,0,1,0
640,166406,-15,-127,142,0,-3059,-25366,28425,0,0,0,0,1,0
641,166666,0,-135,135,0,0,-27026,27026,0,0,0,0,1,0
642,166927,15,-142,127,0,3059,-28425,25366,0,0,0,0,1,0
643,167187,30,-148,117,0,6088,-29551,23462,0,0,0,0,1,0
644,167447,45,-152,107,0,9059,-30391,21333,0,0,0,0,1,0
645,167708,60,-155,95,0,11942,-30940,18997,0,0,0,0,1,0
646,167968,74,-156,82,0,14711,-31190,16479,0,0,0,0,1,0
647,168229,87,-156,69,0,17337,-31140,13802,0,0,0,0,1,0
648,168489,99,-154,55,0,19797,-30790,10993,0,0,0,0,1,0
649,168750,110,-151,40,0,22066,-30143,8077,0,0,0,0,1,0
650,169010,121,-146,25,0,24123,-29207,5083,0,0,0,0,1,0
651,169270,130,-140,10,0,25947,-27988,2041,0,0,0,0,1,0
652,169531,138,-132,-5,0,27522,-26501,-1021,0,0,0,0,1,0
653,169791,144,-124,-20,0,28831,-24758,-4073,0,0,0,0,1,0
654,170052,149,-114,-35,0,29863,-22777,-7086,0,0,0,0,1,0
655,170312,153,-103,-50,0,30607,-20576,-10031,0,0,0,0,1,0
656,170572,155,-91,-64,0,31056,-18177,-12879,0,0,0,0,1,0
657,170833,156,-78,-78,0,31207,-15603,-15603,0,0,0,0,1,0
658,171093,155,-64,-91,0,31056,-12879,-18177,0,0,0,0,1,0
659,171354,153,-50,-103,0,30607,-10031,-20576,0,0,0,0,1,0
660,171614,149,-35,-114,0,29863,-7086,-22777,0,0,0,0,1,0
661,171875,144,-20,-124,0,28831,-4073,-24758,0,0,0,0,1,0
662,172135,138,-5,-132,0,27522,-1021,-26501,0,0,0,0,1,0
663,172395,130,10,-140,0,25947,2041,-27988,0,0,0,0,1,0
664,172656,121,25,-146,0,24123,5083,-29207,0,0,0,0,1,0
665,172916,110,40,-151,0,22066,8077,-30143,0,0,0,0,1,0
666,173177,99,55,-154,0,19797,10993,-30790,0,0,0,0,1,0
667,173437,87,69,-156,0,17337,13802,-31140,0,0,0,0,1,0
668,173697,74,82,-156,0,14711,16479,-31190,0,0,0,0,1,0
669,173958,60,95,-155,0,11942,18997,-30940,0,0,0,0,1,0
670,174218,45,107,-152,0,9059,21333,-30391,0,0,0,0,1,0
671,174479,30,117,-148,0,6088,23462,-29551,0,0,0,0,1,0
672,174739,15,127,-142,0,3059,25366,-28425,0,0,0,0,1,0
673,175000,0,135,-135,0,0,27026,-27026,0,0,0,0,1,0
674,175260,-15,142,-127,0,-3059,28425,-25366,0,0,0,0,1,0
675,175520,-30,148,-117,0,-6088,29551,-23462,0,0,0,0,1,0
676,175781,-45,152,-107,0,-9059,30391,-21333,0,0,0,0,1,0
677,176041,-60,155,-95,0,-11942,30940,-18997,0,0,0,0,1,0
678,176302,-74,156,-82,0,-14711,31190,-16479,0,0,0,0,1,0
679,176562,-87,156,-69,0,-17337,31140,-13802,0,0,0,0,1,0
680,176822,-99,154,-55,0,-19797,30790,-10993,0,0,0,0,1,0
681,177083,-110,151,-40,0,-22066,30143,-8077,0,0,0,0,1,0
682,177343,-121,146,-25,0,-24123,29207,-5083,0,0,0,0,1,0
683,177604,-130,140,-10,0,-25947,27988,-2041,0,0,0,0,1,0
684,177864,-138,132,5,0,-27522,26501,1021,0,0,0,0,1,0
685,178125,-144,124,20,0,-28831,24758,4073,0,0,0,0,1,0
686,178385,-149,114,35,0,-29863,22777,7086,0,0,0,0,1,0
687,178645,-153,103,50,0,-30607,20576,10031,0,0,0,0,1,0
688,178906,-155,91,64,0,-31056,18177,12879,0,0,0,0,1,0
689,179166,-156,78,78,0,-31207,15603,15603,0,0,0,0,1,0
690,179427,-155,64,91,0,-31056,12879,18177,0,0,0,0,1,0
691,179687,-153,50,103,0,-30607,10031,20576,0,0,0,0,1,0
692,179947,-149,35,114,0,-29863,7086,22777,0,0,0,0,1,0
693,180208,-144,20,124,0,-28831,4073,24758,0,0,0,0,1,0
694,180468,-138,5,132,0,-27522,1021,26501,0,0,0,0,1,0
695,180729,-130,-10,140,0,-25947,-2041,27988,0,0,0,0,1,0
696,180989,-121,-25,146,0,-24123,-5083,29207,0,0,0,0,1,0
697,181250,-110,-40,151,0,-22066,-8077,30143,0,0,0,0,1,0
698,181510,-99,-55,154,0,-19797,-10993,30790,0,0,0,0,1,0
699,181770,-87,-69,156,0,-17337,-13802,31140,0,0,0,0,1,0
700,182031,-74,-82,156,0,-14711,-16479,31190,0,0,0,0,1,0
701,182291,-60,-95,155,0,-11942,-18997,30940,0,0,0,0,1,0
702,182552,-45,-107,152,0,-9059,-21333,30391,0,0,0,0,1,0
703,182812,-30,-117,148,0,-6088,-23462,29551,0,0,0,0,1,0
704,183072,-15,-127,142,0,-3059,-25366,28425,0,0,0,0,1,0
705,183333,0,-135,135,0,0,-27026,27026,0,0,0,0,1,0
706,183593,15,-142,127,0,3059,-28425,25366,0,0,0,0,1,0
707,183854,30,-148,117,0,6088,-29551,23462,0,0,0,0,1,0
708,184114,45,-152,107,0,9059,-30391,21333,0,0,0,0,1,0
709,184375,60,-155,95,0,11942,-30940,18997,0,0,0,0,1,0
710,184635,74,-156,82,0,14711,-31190,16479,0,0,0,0,1,0
711,184895,87,-156,69,0,17337,-31140,13802,0,0,0,0,1,0
712,185156,99,-154,55,0,19797,-30790,10993,0,0,0,0,1,0
713,185416,110,-151,40,0,22066,-30143,8077,0,0,0,0,1,0
714,185677,121,-146,25,0,24123,-29207,5083,0,0,0,0,1,0
715,185937,130,-140,10,0,25947,-27988,2041,0,0,0,0,1,0
716,186197,138,-132,-5,0,27522,-26501,-1021,0,0,0,0,1,0
717,186458,144,-124,-20,0,28831,-24758,-4073,0,0,0,0,1,0
718,186718,149,-114,-35,0,29863,-22777,-7086,0,0,0,0,1,0
719,186979,153,-103,-50,0,30607,-20576,-10031,0,0,0,0,1,0
720,187239,155,-91,-64,0,31056,-18177,-12879,0,0,0,0,1,0
721,187500,156,-78,-78,0,31207,-15603,-15603,0,0,0,0,1,0
722,187760,155,-64,-91,0,31056,-12879,-18177,0,0,0,0,1,0
723,188020,153,-50,-103,0,30607,-10031,-20576,0,0,0,0,1,0
724,188281,149,-35,-114,0,29863,-7086,-22777,0,0,0,0,1,0
725,188541,144,-20,-124,0,28831,-4073,-24758,0,0,0,0,1,0
726,188802,138,-5,-132,0,27522,-1021,-26501,0,0,0,0,1,0
727,189062,130,10,-140,0,25947,2041,-27988,0,0,0,0,1,0
728,189322,121,25,-146,0,24123,5083,-29207,0,0,0,0,1,0
729,189583,110,40,-151,0,22066,8077,-30143,0,0,0,0,1,0
730,189843,99,55,-154,0,19797,10993,-30790,0,0,0,0,1,0
731,190104,87,69,-156,0,17337,13802,-31140,0,0,0,0,1,0
732,190364,74,82,-156,0,14711,16479,-31190,0,0,0,0,1,0
733,190625,60,95,-155,0,11942,18997,-30940,0,0,0,0,1,0
734,190885,45,107,-152,0,9059,21333,-30391,0,0,0,0,1,0
735,191145,30,117,-148,0,6088,23462,-29551,0,0,0,0,1,0
736,191406,15,127,-142,0,3059,25366,-28425,0,0,0,0,1,0
737,191666,0,135,-135,0,0,27026,-27026,0,0,0,0,1,0
738,191927,-15,142,-127,0,-3059,28425,-25366,0,0,0,0,1,0
739,192187,-30,148,-117,0,-6088,29551,-23462,0,0,0,0,1,0
740,192447,-45,152,-107,0,-9059,30391,-21333,0,0,0,0,1,0
741,192708,-60,155,-95,0,-11942,30940,-18997,0,0,0,0,1,0
742,192968,-74,156,-82,0,-14711,31190,-16479,0,0,0,0,1,0
743,193229,-87,156,-69,0,-17337,31140,-13802,0,0,0,0,1,0
744,193489,-99,154,-55,0,-19797,30790,-10993,0,0,0,0,1,0
745,193750,-110,151,-40,0,-22066,30143,-8077,0,0,0,0,1,0
746,194010,-121,146,-25,0,-24123,29207,-5083,0,0,0,0,1,0
747,194270,-130,140,-10,0,-25947,27988,-2041,0,0,0,0,1,0
748,194531,-138,132,5,0,-27522,26501,1021,0,0,0,0,1,0
749,194791,-144,124,20,0,-28831,24758,4073,0,0,0,0,1,0
750,195052,-149,114,35,0,-29863,22777,7086,0,0,0,0,1,0
751,195312,-153,103,50,0,-30607,20576,10031,0,0,0,0,1,0
752,195572,-155,91,64,0,-31056,18177,12879,0,0,0,0,1,0
753,195833,-156,78,78,0,-31207,15603,15603,0,0,0,0,1,0
754,196093,-155,64,91,0,-31056,12879,18177,0,0,0,0,1,0
755,196354,-153,50,103,0,-30607,10031,20576,0,0,0,0,1,0
756,196614,-149,35,114,0,-29863,7086,22777,0,0,0,0,1,0
757,196875,-144,20,124,0,-28831,4073,24758,0,0,0,0,1,0
758,197135,-138,5,132,0,-27522,1021,26501,0,0,0,0,1,0
759,197395,-130,-10,140,0,-25947,-2041,27988,0,0,0,0,1,0
760,197656,-121,-25,146,0,-24123,-5083,29207,0,0,0,0,1,0
761,197916,-110,-40,151,0,-22066,-8077,30143,0,0,0,0,1,0
762,198177,-99,-55,154,0,-19797,-10993,30790,0,0,0,0,1,0
763,198437,-87,-69,156,0,-17337,-13802,31140,0,0,0,0,1,0
764,198697,-74,-82,156,0,-14711,-16479,31190,0,0,0,0,1,0
765,198958,-60,-95,155,0,-11942,-18997,30940,0,0,0,0,1,0
766,199218,-45,-107,152,0,-9059,-21333,30391,0,0,0,0,1,0
767,199479,-30,-117,148,0,-6088,-23462,29551,0,0,0,0,1,0
768,199739,-15,-127,142,0,-3059,-25366,28425,0,0,0,0,1,0
769,200000,0,-135,135,0,0,-27026,27026,0,0,0,0,1,0
770,200260,15,-142,127,0,3059,-28425,25366,0,0,0,0,1,0
771,200520,30,-148,117,0,6088,-29551,23462,0,0,0,0,1,0
772,200781,45,-152,107,0,9059,-30391,21333,0,0,0,0,1,0
773,201041,60,-155,95,0,11942,-30940,18997,0,0,0,0,1,0
774,201302,74,-156,82,0,14711,-31190,16479,0,0,0,0,1,0
775,201562,87,-156,69,0,17337,-31140,13802,0,0,0,0,1,0
776,201822,99,-154,55,0,19797,-30790,10993,0,0,0,0,1,0
777,202083,110,-151,40,0,22066,-30143,8077,0,0,0,0,1,0
778,202343,121,-146,25,0,24123,-29207,5083,0,0,0,0,1,0
779,202604,130,-140,10,0,25947,-27988,2041,0,0,0,0,1,0
780,202864,138,-132,-5,0,27522,-26501,-1021,0,0,0,0,1,0
781,203125,144,-124,-20,0,28831,-24758,-4073,0,0,0,0,1,0
782,203385,149,-114,-35,0,29863,-22777,-7086,0,0,0,0,1,0
783,203645,153,-103,-50,0,30607,-20576,-10031,0,0,0,0,1,0
784,203906,155,-91,-64,0,31056,-18177,-12879,0,0,0,0,1,0
785,204166,156,-78,-78,0,31207,-15603,-15603,0,0,0,0,1,0
786,204427,155,-64,-91,0,31056,-12879,-18177,0,0,0,0,1,0
787,204687,153,-50,-103,0,30607,-10031,-20576,0,0,0,0,1,0
788,204947,149,-35,-114,0,29863,-7086,-22777,0,0,0,0,1,0
789,205208,144,-20,-124,0,28831,-4073,-24758,0,0,0,0,1,0
790,205468,138,-5,-132,0,27522,-1021,-26501,0,0,0,0,1,0
791,205729,130,10,-140,0,25947,2041,-27988,0,0,0,0,1,0
792,205989,121,25,-146,0,24123,5083,-29207,0,0,0,0,1,0
793,206250,110,40,-151,0,22066,8077,-30143,0,0,0,0,1,0
794,206510,99,55,-154,0,19797,10993,-30790,0,0,0,0,1,0
795,206770,87,69,-156,0,17337,13802,-31140,0,0,0,0,1,0
796,207031,74,82,-156,0,14711,16479,-31190,0,0,0,0,1,0
797,207291,60,95,-155,0,11942,18997,-30940,0,0,0,0,1,0
798,207552,45,107,-152,0,9059,21333,-30391,0,0,0,0,1,0
799,207812,30,117,-148,0,6088,23462,-29551,0,0,0,0,1,0
800,208072,15,127,-142,0,3059,25366,-28425,0,0,0,0,1,0
801,208333,0,135,-135,0,0,27026,-27026,0,0,0,0,1,0
802,208593,-15,142,-127,0,-3059,28425,-25366,0,0,0,0,1,0
803,208854,-30,148,-117,0,-6088,29551,-23462,0,0,0,0,1,0
804,209114,-45,152,-107,0,-9059,30391,-21333,0,0,0,0,1,0
805,209375,-60,155,-95,0,-11942,30940,-18997,0,0,0,0,1,0
806,209635,-74,156,-82,0,-14711,31190,-16479,0,0,0,0,1,0
807,209895,-87,156,-69,0,-17337,31140,-13802,0,0,0,0,1,0
808,210156,-99,154,-55,0,-19797,30790,-10993,0,0,0,0,1,0
809,210416,-110,151,-40,0,-22066,30143,-8077,0,0,0,0,1,0
810,210677,-121,146,-25,0,-24123,29207,-5083,0,0,0,0,1,0
811,210937,-130,140,-10,0,-25947,27988,-2041,0,0,0,0,1,0
812,211197,-138,132,5,0,-27522,26501,1021,0,0,0,0,1,0
813,211458,-144,124,20,0,-28831,24758,4073,0,0,0,0,1,0
814,211718,-149,114,35,0,-29863,22777,7086,0,0,0,0,1,0
815,211979,-153,103,50,0,-30607,20576,10031,0,0,0,0,1,0
816,212239,-155,91,64,0,-31056,18177,12879,0,0,0,0,1,0
817,212500,-156,78,78,0,-31207,15603,15603,0,0,0,0,1,0
818,212760,-155,64,91,0,-31056,12879,18177,0,0,0,0,1,0
819,213020,-153,50,103,0,-30607,10031,20576,0,0,0,0,1,0
820,213281,-149,35,114,0,-29863,7086,22777,0,0,0,0,1,0
821,213541,-144,20,124,0,-28831,4073,24758,0,0,0,0,1,0
822,213802,-138,5,132,0,-27522,1021,26501,0,0,0,0,1,0
823,214062,-130,-10,140,0,-25947,-2041,27988,0,0,0,0,1,0
824,214322,-121,-25,146,0,-24123,-5083,29207,0,0,0,0,1,0
825,214583,-110,-40,151,0,-22066,-8077,30143,0,0,0,0,1,0
826,214843,-99,-55,154,0,-19797,-10993,30790,0,0,0,0,1,0
827,215104,-87,-69,156,0,-17337,-13802,31140,0,0,0,0,1,0
828,215364,-74,-82,156,0,-14711,-16479,31190,0,0,0,0,1,0
829,215625,-60,-95,155,0,-11942,-18997,30940,0,0,0,0,1,0
830,215885,-45,-107,152,0,-9059,-21333,30391,0,0,0,0,1,0
831,216145,-30,-117,148,0,-6088,-23462,29551,0,0,0,0,1,0
832,216406,-15,-127,142,0,-3059,-25366,28425,0,0,0,0,1,0
833,216666,0,-135,135,0,0,-27026,27026,0,0,0,0,1,0
834,216927,15,-142,127,0,3059,-28425,25366,0,0,0,0,1,0
835,217187,30,-148,117,0,6088,-29551,23462,0,0,0,0,1,0
836,217447,45,-152,107,0,9059,-30391,21333,0,0,0,0,1,0
837,217708,60,-155,95,0,11942,-30940,18997,0,0,0,0,1,0
838,217968,74,-156,82,0,14711,-31190,16479,0,0,0,0,1,0
839,218229,87,-156,69,0,17337,-31140,13802,0,0,0,0,1,0
840,218489,99,-154,55,0,19797,-30790,10993,0,0,0,0,1,0
841,218750,110,-151,40,0,22066,-30143,8077,0,0,0,0,1,0
842,219010,121,-146,25,0,24123,-29207,5083,0,0,0,0,1,0
843,219270,130,-140,10,0,25947,-27988,2041,0,0,0,0,1,0
844,219531,138,-132,-5,0,27522,-26501,-1021,0,0,0,0,1,0
845,219791,144,-124,-20,0,28831,-24758,-4073,0,0,0,0,1,0
846,220052,149,-114,-35,0,29863,-22777,-7086,0,0,0,0,1,0
847,220312,153,-103,-50,0,30607,-20576,-10031,0,0,0,0,1,0
848,220572,155,-91,-64,0,31056,-18177,-12879,0,0,0,0,1,0
849,220833,156,-78,-78,0,31207,-15603,-15603,0,0,0,0,1,0
850,221093,155,-64,-91,0,31056,-12879,-18177,0,0,0,0,1,0
851,221354,153,-50,-103,0,30607,-10031,-20576,0,0,0,0,1,0
852,221614,149,-35,-114,0,29863,-7086,-22777,0,0,0,0,1,0
853,221875,144,-20,-124,0,28831,-4073,-24758,0,0,0,0,1,0
854,222135,138,-5,-132,0,27522,-1021,-26501,0,0,0,0,1,0
855,222395,130,10,-140,0,25947,2041,-27988,0,0,0,0,1,0
856,222656,121,25,-146,0,24123,5083,-29207,0,0,0,0,1,0
857,222916,110,40,-151,0,22066,8077,-30143,0,0,0,0,1,0
858,223177,99,55,-154,0,19797,10993,-30790,0,0,0,0,1,0
859,223437,87,69,-156,0,17337,13802,-31140,0,0,0,0,1,0
860,223697,74,82,-156,0,14711,16479,-31190,0,0,0,0,1,0
861,223958,60,95,-155,0,11942,18997,-30940,0,0,0,0,1,0
862,224218,45,107,-152,0,9059,21333,-30391,0,0,0,0,1,0
863,224479,30,117,-148,0,6088,23462,-29551,0,0,0,0,1,0
864,224739,15,127,-142,0,3059,25366,-28425,0,0,0,0,1,0
865,225000,0,135,-135,0,0,27026,-27026,0,0,0,0,1,0
866,225260,-15,142,-127,0,-3059,28425,-25366,0,0,0,0,1,0
867,225520,-30,148,-117,0,-6088,29551,-23462,0,0,0,0,1,0
868,225781,-45,152,-107,0,-9059,30391,-21333,0,0,0,0,1,0
869,226041,-60,155,-95,0,-11942,30940,-18997,0,0,0,0,1,0
870,226302,-74,156,-82,0,-14711,31190,-16479,0,0,0,0,1,0
871,226562,-87,156,-69,0,-17337,31140,-13802,0,0,0,0,1,0
872,226822,-99,154,-55,0,-19797,30790,-10993,0,0,0,0,1,0
873,227083,-110,151,-40,0,-22066,30143,-8077,0,0,0,0,1,0
874,227343,-121,146,-25,0,-24123,29207,-5083,0,0,0,0,1,0
875,227604,-130,140,-10,0,-25947,27988,-2041,0,0,0,0,1,0
876,227864,-138,132,5,0,-27522,26501,1021,0,0,0,0,1,0
877,228125,-144,124,20,0,-28831,24758,4073,0,0,0,0,1,0
878,228385,-149,114,35,0,-29863,22777,7086,0,0,0,0,1,0
879,228645,-153,103,50,0,-30607,20576,10031,0,0,0,0,1,0
880,228906,-155,91,64,0,-31056,18177,12879,0,0,0,0,1,0
881,229166,-156,78,78,0,-31207,15603,15603,0,0,0,0,1,0
882,229427,-155,64,91,0,-31056,12879,18177,0,0,0,0,1,0
883,229687,-153,50,103,0,-30607,10031,20576,0,0,0,0,1,0
884,229947,-149,35,114,0,-29863,7086,22777,0,0,0,0,1,0
885,230208,-144,20,124,0,-28831,4073,24758,0,0,0,0,1,0
886,230468,-138,5,132,0,-27522,1021,26501,0,0,0,0,1,0
887,230729,-130,-10,140,0,-25947,-2041,27988,0,0,0,0,1,0
888,230989,-121,-25,146,0,-24123,-5083,29207,0,0,0,0,1,0
889,231250,-110,-40,151,0,-22066,-8077,30143,0,0,0,0,1,0
890,231510,-99,-55,154,0,-19797,-10993,30790,0,0,0,0,1,0
891,231770,-87,-69,156,0,-17337,-13802,31140,0,0,0,0,1,0
892,232031,-74,-82,156,0,-14711,-16479,31190,0,0,0,0,1,0
893,232291,-60,-95,155,0,-11942,-18997,30940,0,0,0,0,1,0
894,232552,-45,-107,152,0,-9059,-21333,30391,0,0,0,0,1,0
895,232812,-30,-117,148,0,-6088,-23462,29551,0,0,0,0,1,0
896,233072,-15,-127,142,0,-3059,-25366,28425,0,0,0,0,1,0
897,233333,0,-135,135,0,0,-27026,27026,0,0,0,0,1,0
898,233593,15,-142,127,0,3059,-28425,25366,0,0,0,0,1,0
899,233854,30,-148,117,0,6088,-29551,23462,0,0,0,0,1,0
900,234114,45,-152,107,0,9059,-30391,21333,0,0,0,0,1,0
901,234375,60,-155,95,0,11942,-30940,18997,0,0,0,0,1,0
902,234635,74,-156,82,0,14711,-31190,16479,0,0,0,0,1,0
903,234895,87,-156,69,0,17337,-31140,13802,0,0,0,0,1,0
904,235156,99,-154,55,0,19797,-30790,10993,0,0,0,0,1,0
905,235416,110,-151,40,0,22066,-30143,8077,0,0,0,0,1,0
906,235677,121,-146,25,0,24123,-29207,5083,0,0,0,0,1,0
907,235937,130,-140,10,0,25947,-27988,2041,0,0,0,0,1,0
908,236197,138,-132,-5,0,27522,-26501,-1021,0,0,0,0,1,0
909,236458,144,-124,-20,0,28831,-24758,-4073,0,0,0,0,1,0
910,236718,149,-114,-35,0,29863,-22777,-7086,0,0,0,0,1,0
911,236979,153,-103,-50,0,30607,-20576,-10031,0,0,0,0,1,0
912,237239,155,-91,-64,0,31056,-18177,-12879,0,0,0,0,1,0
913,237500,156,-78,-78,0,31207,-15603,-15603,0,0,0,0,1,0
914,237760,155,-64,-91,0,31056,-12879,-18177,0,0,0,0,1,0
915,238020,153,-50,-103,0,30607,-10031,-20576,0,0,0,0,1,0
916,238281,149,-35,-114,0,29863,-7086,-22777,0,0,0,0,1,0
917,238541,144,-20,-124,0,28831,-4073,-24758,0,0,0,0,1,0
918,238802,138,-5,-132,0,27522,-1021,-26501,0,0,0,0,1,0
919,239062,130,10,-140,0,25947,2041,-27988,0,0,0,0,1,0
920,239322,121,25,-146,0,24123,5083,-29207,0,0,0,0,1,0
921,239583,110,40,-151,0,22066,8077,-30143,0,0,0,0,1,0
922,239843,99,55,-154,0,19797,10993,-30790,0,0,0,0,1,0
923,240104,87,69,-156,0,17337,13802,-31140,0,0,0,0,1,0
924,240364,74,82,-156,0,14711,16479,-31190,0,0,0,0,1,0
925,240625,60,95,-155,0,11942,18997,-30940,0,0,0,0,1,0
926,240885,45,107,-152,0,9059,21333,-30391,0,0,0,0,1,0
927,241145,30,117,-148,0,6088,23462,-29551,0,0,0,0,1,0
928,241406,15,127,-142,0,3059,25366,-28425,0,0,0,0,1,0
929,241666,0,135,-135,0,0,27026,-27026,0,0,0,0,1,0
