1,0,0,-2110,2110,0,0,-25024,25024,0,0,0,0,1,0
2,520,475,-2307,1832,0,5637,-27362,21724,0,0,0,0,1,0
3,1041,932,-2415,1483,0,11058,-28648,17590,0,0,0,0,1,0
4,1562,1353,-2431,1077,0,16053,-28833,12780,0,0,0,0,1,0
5,2083,1723,-2353,631,0,20432,-27910,7479,0,0,0,0,1,0
6,2604,2026,-2185,159,0,24025,-25915,1890,0,0,0,0,1,0
7,3125,2251,-1933,-318,0,26696,-22924,-3772,0,0,0,0,1,0
8,3645,2389,-1606,-783,0,28340,-19052,-9288,0,0,0,0,1,0
9,4166,2436,-1218,-1218,0,28895,-14448,-14448,0,0,0,0,1,0
10,4687,2389,-783,-1606,0,28340,-9288,-19052,0,0,0,0,1,0
11,5208,2251,-318,-1933,0,26696,-3772,-22924,0,0,0,0,1,0
12,5729,2026,159,-2185,0,24025,1890,-25915,0,0,0,0,1,0
13,6250,1723,631,-2353,0,20432,7479,-27910,0,0,0,0,1,0
14,6770,1353,1077,-2431,0,16053,12780,-28833,0,0,0,0,1,0
15,7291,932,1483,-2415,0,11058,17590,-28648,0,0,0,0,1,0
16,7812,475,1832,-2307,0,5637,21724,-27362,0,0,0,0,1,0
17,8333,0,2110,-2110,0,0,25024,-25024,0,0,0,0,1,0
18,8854,-475,2307,-1832,0,-5637,27362,-21724,0,0,0,0,1,0
19,9375,-932,2415,-1483,0,-11058,28648,-17590,0,0,0,0,1,0
20,9895,-1353,2431,-1077,0,-16053,28833,-12780,0,0,0,0,1,0
21,10416,-1723,2353,-631,0,-20432,27910,-7479,0,0,0,0,1,0
22,10937,-2026,2185,-159,0,-24025,25915,-1890,0,0,0,0,1,0
23,11458,-2251,1933,318,0,-26696,22924,3772,0,0,0,0,1,0
24,11979,-2389,1606,783,0,-28340,19052,9288,0,0,0,0,1,0
25,12500,-2436,1218,1218,0,-28895,14448,14448,0,0,0,0,1,0
26,13020,-2389,783,1606,0,-28340,9288,19052,0,0,0,0,1,0
27,13541,-2251,318,1933,0,-26696,3772,22924,0,0,0,0,1,0
28,14062,-2026,-159,2185,0,-24025,-1890,25915,0,0,0,0,1,0
29,14583,-1723,-631,2353,0,-20432,-7479,27910,0,0,0,0,1,0
30,15104,-1353,-1077,2431,0,-16053,-12780,28833,0,0,0,0,1,0
31,15625,-932,-1483,2415,0,-11058,-17590,28648,0,0,0,0,1,0
32,16145,-475,-1832,2307,0,-5637,-21724,27362,0,0,0,0,1,0
33,16666,0,-2110,2110,0,0,-25024,25024,0,0,0,0,1,0
34,17187,475,-2307,1832,0,5637,-27362,21724,0,0,0,0,1,0
35,17708,932,-2415,1483,0,11058,-28648,17590,0,0,0,0,1,0
36,18229,1353,-2431,1077,0,16053,-28833,12780,0,0,0,0,1,0
37,18750,1723,-2353,631,0,20432,-27910,7479,0,0,0,0,1,0
38,19270,2026,-2185,159,0,24025,-25915,1890,0,0,0,0,1,0
39,19791,2251,-1933,-318,0,26696,-22924,-3772,0,0,0,0,1,0
40,20312,2389,-1606,-783,0,28340,-19052,-9288,0,0,0,0,1,0
41,20833,2436,-1218,-1218,0,28895,-14448,-14448,0,0,0,0,1,0
42,21354,2389,-783,-1606,0,28340,-9288,-19052,0,0,0,0,1,0
43,21875,2251,-318,-1933,0,26696,-3772,-22924,0,0,0,0,1,0
44,22395,2026,159,-2185,0,24025,1890,-25915,0,0,0,0,1,0
45,22916,1723,631,-2353,0,20432,7479,-27910,0,0,0,0,1,0
46,23437,1353,1077,-2431,0,16053,12780,-28833,0,0,0,0,1,0
47,23958,932,1483,-2415,0,11058,17590,-28648,0,0,0,0,1,0
48,24479,475,1832,-2307,0,5637,21724,-27362,0,0,0,0,1,0
49,25000,0,2110,-2110,0,0,25024,-25024,0,0,0,0,1,0
50,25520,-475,2307,-1832,0,-5637,27362,-21724,0,0,0,0,1,0
51,26041,-932,2415,-1483,0,-11058,28648,-17590,0,0,0,0,1,0
52,26562,-1353,2431,-1077,0,-16053,28833,-12780,0,0,0,0,1,0
53,27083,-1723,2353,-631,0,-20432,27910,-7479,0,0,0,0,1,0
54,27604,-2026,2185,-159,0,-24025,25915,-1890,0,0,0,0,1,0
55,28125,-2251,1933,318,0,-26696,22924,3772,0,0,0,0,1,0
56,28645,-2389,1606,783,0,-28340,19052,9288,0,0,0,0,1,0
57,29166,-2436,1218,1218,0,-28895,14448,14448,0,0,0,0,1,0
58,29687,-2389,783,1606,0,-28340,9288,19052,0,0,0,0,1,0
59,30208,-2251,318,1933,0,-26696,3772,22924,0,0,0,0,1,0
60,30729,-2026,-159,2185,0,-24025,-1890,25915,0,0,0,0,1,0
61,31250,-1723,-631,2353,0,-20432,-7479,27910,0,0,0,0,1,0
62,31770,-1353,-1077,2431,0,-16053,-12780,28833,0,0,0,0,1,0
63,32291,-932,-1483,2415,0,-11058,-17590,28648,0,0,0,0,1,0
64,32812,-475,-1832,2307,0,-5637,-21724,27362,0,0,0,0,1,0
65,33333,0,-2110,2110,0,0,-25024,25024,0,0,0,0,1,0
66,33854,475,-2307,1832,0,5637,-27362,21724,0,0,0,0,1,0
67,34375,932,-2415,1483,0,11058,-28648,17590,0,0,0,0,1,0
68,34895,1353,-2431,1077,0,16053,-28833,12780,0,0,0,0,1,0
69,35416,1723,-2353,631,0,20432,-27910,7479,0,0,0,0,1,0
70,35937,2026,-2185,159,0,24025,-25915,1890,0,0,0,0,1,0
71,36458,2251,-1933,-318,0,26696,-22924,-3772,0,0,0,0,1,0
72,36979,2389,-1606,-783,0,28340,-19052,-9288,0,0,0,0,1,0
73,37500,2436,-1218,-1218,0,28895,-14448,-14448,0,0,0,0,1,0
74,38020,2389,-783,-1606,0,28340,-9288,-19052,0,0,0,0,1,0
75,38541,2251,-318,-1933,0,26696,-3772,-22924,0,0,0,0,1,0
76,39062,2026,159,-2185,0,24025,1890,-25915,0,0,0,0,1,0
77,39583,1723,631,-2353,0,20432,7479,-27910,0,0,0,0,1,0
78,40104,1353,1077,-2431,0,16053,12780,-28833,0,0,0,0,1,0
79,40625,932,1483,-2415,0,11058,17590,-28648,0,0,0,0,1,0
80,41145,475,1832,-2307,0,5637,21724,-27362,0,0,0,0,1,0
81,41666,0,2110,-2110,0,0,25024,-25024,0,0,0,0,1,0
82,42187,-475,2307,-1832,0,-5637,27362,-21724,0,0,0,0,1,0
83,42708,-932,2415,-1483,0,-11058,28648,-17590,0,0,0,0,1,0
84,43229,-1353,2431,-1077,0,-16053,28833,-12780,0,0,0,0,1,0
85,43750,-1723,2353,-631,0,-20432,27910,-7479,0,0,0,0,1,0
86,44270,-2026,2185,-159,0,-24025,25915,-1890,0,0,0,0,1,0
87,44791,-2251,1933,318,0,-26696,22924,3772,0,0,0,0,1,0
88,45312,-2389,1606,783,0,-28340,19052,9288,0,0,0,0,1,0
89,45833,-2436,1218,1218,0,-28895,14448,14448,0,0,0,0,1,0
90,46354,-2389,783,1606,0,-28340,9288,19052,0,0,0,0,1,0
91,46875,-2251,318,1933,0,-26696,3772,22924,0,0,0,0,1,0
92,47395,-2026,-159,2185,0,-24025,-1890,25915,0,0,0,0,1,0
93,47916,-1723,-631,2353,0,-20432,-7479,27910,0,0,0,0,1,0
94,48437,-1353,-1077,2431,0,-16053,-12780,28833,0,0,0,0,1,0
95,48958,-932,-1483,2415,0,-11058,-17590,28648,0,0,0,0,1,0
96,49479,-475,-1832,2307,0,-5637,-21724,27362,0,0,0,0,1,0
97,50000,0,-5243,2110,-3133,0,-2502,27026,0,0,0,0,1,0
98,50520,475,-6404,1832,-4097,6088,-2736,23462,0,0,0,0,1,0
99,51041,932,-6763,1483,-4348,11942,-2865,18997,0,0,0,0,1,0
100,51562,1353,-6317,1077,-3886,17337,-2883,13802,0,0,0,0,1,0
101,52083,1723,-5093,631,-2740,22066,-2791,8077,0,0,0,0,1,0
102,52604,2026,-3148,159,-964,25947,-2592,2041,0,0,0,0,1,0
103,53125,2251,-569,-318,1364,28831,-2292,-4073,0,0,0,0,1,0
104,53645,2389,2537,-783,4143,30607,-1905,-10031,0,0,0,0,1,0
105,54166,2436,6040,-1218,7258,31207,-1445,-15603,0,0,0,0,1,0
106,54687,2389,9795,-1606,10578,30607,-929,-20576,0,0,0,0,1,0
107,55208,2251,13650,-1933,13968,28831,-377,-24758,0,0,0,0,1,0
108,55729,2026,17446,-2185,17287,25947,189,-27988,0,0,0,0,1,0
109,56250,1723,21029,-2353,20399,22066,748,-30143,0,0,0,0,1,0
110,56770,1353,24253,-2431,23175,17337,1278,-31140,0,0,0,0,1,0
111,57291,932,26983,-2415,25500,11942,1759,-30940,0,0,0,0,1,0
112,57812,475,29108,-2307,27277,6088,2172,-29551,0,0,0,0,1,0
113,58333,0,30537,-2110,28427,0,2502,-27026,0,0,0,0,1,0
114,58854,-475,31207,-1832,28900,-6088,2736,-23462,0,0,0,0,1,0
115,59375,-932,31083,-1483,28668,-11942,2865,-18997,0,0,0,0,1,0
116,59895,-1353,30164,-1077,27733,-17337,2883,-13802,0,0,0,0,1,0
117,60416,-1723,28477,-631,26123,-22066,2791,-8077,0,0,0,0,1,0
118,60937,-2026,26078,-159,23893,-25947,2592,-2041,0,0,0,0,1,0
119,61458,-2251,23052,318,21119,-28831,2292,4073,0,0,0,0,1,0
120,61979,-2389,19509,783,17903,-30607,1905,10031,0,0,0,0,1,0
121,62500,-2436,15578,1218,14360,-31207,1445,15603,0,0,0,0,1,0
122,63020,-2389,11402,1606,10619,-30607,929,20576,0,0,0,0,1,0
123,63541,-2251,7135,1933,6817,-28831,377,24758,0,0,0,0,1,0
124,64062,-2026,2934,2185,3094,-25947,-189,27988,0,0,0,0,1,0
125,64583,-1723,-1045,2353,-414,-22066,-748,30143,0,0,0,0,1,0
126,65104,-1353,-4657,2431,-3579,-17337,-1278,31140,0,0,0,0,1,0
127,65625,-932,-7768,2415,-6285,-11942,-1759,30940,0,0,0,0,1,0
128,66145,-475,-10267,2307,-8435,-6088,-2172,29551,0,0,0,0,1,0
129,66666,0,-12062,2110,-9952,0,-2502,27026,0,0,0,0,1,0
130,67187,475,-13091,1832,-10784,6088,-2736,23462,0,0,0,0,1,0
131,67708,932,-13320,1483,-10905,11942,-2865,18997,0,0,0,0,1,0
132,68229,1353,-12746,1077,-10315,17337,-2883,13802,0,0,0,0,1,0
133,68750,1723,-11397,631,-9044,22066,-2791,8077,0,0,0,0,1,0
134,69270,2026,-9330,159,-7145,25947,-2592,2041,0,0,0,0,1,0
135,69791,2251,-6630,-318,-4698,28831,-2292,-4073,0,0,0,0,1,0
136,70312,2389,-3407,-783,-1800,30607,-1905,-10031,0,0,0,0,1,0
137,70833,2436,212,-1218,1430,31207,-1445,-15603,0,0,0,0,1,0
138,71354,2389,4081,-1606,4864,30607,-929,-20576,0,0,0,0,1,0
139,71875,2251,8046,-1933,8364,28831,-377,-24758,0,0,0,0,1,0
140,72395,2026,11952,-2185,11792,25947,189,-27988,0,0,0,0,1,0
141,72916,1723,15642,-2353,15011,22066,748,-30143,0,0,0,0,1,0
142,73437,1353,18970,-2431,17892,17337,1278,-31140,0,0,0,0,1,0
143,73958,932,21803,-2415,20320,11942,1759,-30940,0,0,0,0,1,0
144,74479,475,24029,-2307,22197,6088,2172,-29551,0,0,0,0,1,0
145,75000,0,25556,-2110,23446,0,2502,-27026,0,0,0,0,1,0
146,75520,-475,26323,-1832,24016,-6088,2736,-23462,0,0,0,0,1,0
147,76041,-932,26294,-1483,23879,-11942,2865,-18997,0,0,0,0,1,0
148,76562,-1353,25468,-1077,23037,-17337,2883,-13802,0,0,0,0,1,0
149,77083,-1723,23872,-631,21519,-22066,2791,-8077,0,0,0,0,1,0
150,77604,-2026,21562,-159,19378,-25947,2592,-2041,0,0,0,0,1,0
151,78125,-2251,18625,318,16692,-28831,2292,4073,0,0,0,0,1,0
152,78645,-2389,15168,783,13562,-30607,1905,10031,0,0,0,0,1,0
153,79166,-2436,11321,1218,10103,-31207,1445,15603,0,0,0,0,1,0
154,79687,-2389,7228,1606,6445,-30607,929,20576,0,0,0,0,1,0
155,80208,-2251,3042,1933,2724,-28831,377,24758,0,0,0,0,1,0
156,80729,-2026,-1079,2185,-919,-25947,-189,27988,0,0,0,0,1,0
157,81250,-1723,-4980,2353,-4350,-22066,-748,30143,0,0,0,0,1,0
158,81770,-1353,-8515,2431,-7438,-17337,-1278,31140,0,0,0,0,1,0
159,82291,-932,-11552,2415,-10069,-11942,-1759,30940,0,0,0,0,1,0
160,82812,-475,-13977,2307,-12145,-6088,-2172,29551,0,0,0,0,1,0
161,83333,0,-15700,2110,-13590,0,-2502,27026,0,0,0,0,1,0
162,83854,475,-16658,1832,-14351,6088,-2736,23462,0,0,0,0,1,0
163,84375,932,-16818,1483,-14403,11942,-2865,18997,0,0,0,0,1,0
164,84895,1353,-16176,1077,-13745,17337,-2883,13802,0,0,0,0,1,0
165,85416,1723,-14760,631,-12407,22066,-2791,8077,0,0,0,0,1,0
166,85937,2026,-12628,159,-10443,25947,-2592,2041,0,0,0,0,1,0
167,86458,2251,-9864,-318,-7931,28831,-2292,-4073,0,0,0,0,1,0
168,86979,2389,-6577,-783,-4971,30607,-1905,-10031,0,0,0,0,1,0
169,87500,2436,-2897,-1218,-1679,31207,-1445,-15603,0,0,0,0,1,0
170,88020,2389,1032,-1606,1815,30607,-929,-20576,0,0,0,0,1,0
171,88541,2251,5057,-1933,5375,28831,-377,-24758,0,0,0,0,1,0
172,89062,2026,9020,-2185,8861,25947,189,-27988,0,0,0,0,1,0
173,89583,1723,12767,-2353,12137,22066,748,-30143,0,0,0,0,1,0
174,90104,1353,16151,-2431,15074,17337,1278,-31140,0,0,0,0,1,0
175,90625,932,19039,-2415,17556,11942,1759,-30940,0,0,0,0,1,0
176,91145,475,21319,-2307,19487,6088,2172,-29551,0,0,0,0,1,0
177,91666,0,22899,-2110,20789,0,2502,-27026,0,0,0,0,1,0
178,92187,-475,23717,-1832,21410,-6088,2736,-23462,0,0,0,0,1,0
179,92708,-932,23740,-1483,21324,-11942,2865,-18997,0,0,0,0,1,0
180,93229,-1353,22963,-1077,20532,-17337,2883,-13802,0,0,0,0,1,0
181,93750,-1723,21415,-631,19062,-22066,2791,-8077,0,0,0,0,1,0
182,94270,-2026,19154,-159,16969,-25947,2592,-2041,0,0,0,0,1,0
183,94791,-2251,16263,318,14330,-28831,2292,4073,0,0,0,0,1,0
184,95312,-2389,12852,783,11246,-30607,1905,10031,0,0,0,0,1,0
185,95833,-2436,9050,1218,7832,-31207,1445,15603,0,0,0,0,1,0
186,96354,-2389,5001,1606,4218,-30607,929,20576,0,0,0,0,1,0
187,96875,-2251,859,1933,541,-28831,377,24758,0,0,0,0,1,0
188,97395,-2026,-3220,2185,-3061,-25947,-189,27988,0,0,0,0,1,0
189,97916,-1723,-7080,2353,-6449,-22066,-748,30143,0,0,0,0,1,0
190,98437,-1353,-10574,2431,-9496,-17337,-1278,31140,0,0,0,0,1,0
191,98958,-932,-13571,2415,-12088,-11942,-1759,30940,0,0,0,0,1,0
192,99479,-475,-15956,2307,-14125,-6088,-2172,29551,0,0,0,0,1,0
193,100000,0,-17641,2110,-15531,0,-2502,27026,0,0,0,0,1,0
194,100520,475,-18561,1832,-16254,6088,-2736,23462,0,0,0,0,1,0
195,101041,932,-18684,1483,-16269,11942,-2865,18997,0,0,0,0,1,0
196,101562,1353,-18006,1077,-15575,17337,-2883,13802,0,0,0,0,1,0
197,102083,1723,-16554,631,-14201,22066,-2791,8077,0,0,0,0,1,0
198,102604,2026,-14387,159,-12202,25947,-2592,2041,0,0,0,0,1,0
199,103125,2251,-11589,-318,-9656,28831,-2292,-4073,0,0,0,0,1,0
200,103645,2389,-8269,-783,-6663,30607,-1905,-10031,0,0,0,0,1,0
201,104166,2436,-4556,-1218,-3338,31207,-1445,-15603,0,0,0,0,1,0
202,104687,2389,-594,-1606,189,30607,-929,-20576,0,0,0,0,1,0
203,105208,2251,3462,-1933,3780,28831,-377,-24758,0,0,0,0,1,0
204,105729,2026,7457,-2185,7297,25947,189,-27988,0,0,0,0,1,0
205,106250,1723,11234,-2353,10603,22066,748,-30143,0,0,0,0,1,0
206,106770,1353,14648,-2431,13570,17337,1278,-31140,0,0,0,0,1,0
207,107291,932,17565,-2415,16082,11942,1759,-30940,0,0,0,0,1,0
208,107812,475,19873,-2307,18041,6088,2172,-29551,0,0,0,0,1,0
209,108333,0,21481,-2110,19372,0,2502,-27026,0,0,0,0,1,0
210,108854,-475,22327,-1832,20020,-6088,2736,-23462,0,0,0,0,1,0
211,109375,-932,22377,-1483,19961,-11942,2865,-18997,0,0,0,0,1,0
212,109895,-1353,21627,-1077,19196,-17337,2883,-13802,0,0,0,0,1,0
213,110416,-1723,20105,-631,17752,-22066,2791,-8077,0,0,0,0,1,0
214,110937,-2026,17869,-159,15684,-25947,2592,-2041,0,0,0,0,1,0
215,111458,-2251,15003,318,13070,-28831,2292,4073,0,0,0,0,1,0
216,111979,-2389,11616,783,10010,-30607,1905,10031,0,0,0,0,1,0
217,112500,-2436,7838,1218,6620,-31207,1445,15603,0,0,0,0,1,0
218,113020,-2389,3813,1606,3030,-30607,929,20576,0,0,0,0,1,0
219,113541,-2251,-306,1933,-624,-28831,377,24758,0,0,0,0,1,0
220,114062,-2026,-4362,2185,-4203,-25947,-189,27988,0,0,0,0,1,0
221,114583,-1723,-8200,2353,-7569,-22066,-748,30143,0,0,0,0,1,0
222,115104,-1353,-11672,2431,-10595,-17337,-1278,31140,0,0,0,0,1,0
223,115625,-932,-14648,2415,-13164,-11942,-1759,30940,0,0,0,0,1,0
224,116145,-475,-17012,2307,-15181,-6088,-2172,29551,0,0,0,0,1,0
225,116666,0,-18676,2110,-16566,0,-2502,27026,0,0,0,0,1,0
226,117187,475,-19576,1832,-17270,6088,-2736,23462,0,0,0,0,1,0
227,117708,932,-19679,1483,-17264,11942,-2865,18997,0,0,0,0,1,0
228,118229,1353,-18982,1077,-16551,17337,-2883,13802,0,0,0,0,1,0
229,118750,1723,-17512,631,-15158,22066,-2791,8077,0,0,0,0,1,0
230,119270,2026,-15326,159,-13141,25947,-2592,2041,0,0,0,0,1,0
231,119791,2251,-12509,-318,-10577,28831,-2292,-4073,0,0,0,0,1,0
232,120312,2389,-9172,-783,-7565,30607,-1905,-10031,0,0,0,0,1,0
233,120833,2436,-5441,-1218,-4223,31207,-1445,-15603,0,0,0,0,1,0
234,121354,2389,-1462,-1606,-679,30607,-929,-20576,0,0,0,0,1,0
235,121875,2251,2611,-1933,2929,28831,-377,-24758,0,0,0,0,1,0
236,122395,2026,6622,-2185,6463,25947,189,-27988,0,0,0,0,1,0
237,122916,1723,10416,-2353,9785,22066,748,-30143,0,0,0,0,1,0
238,123437,1353,13845,-2431,12768,17337,1278,-31140,0,0,0,0,1,0
239,123958,932,16778,-2415,15295,11942,1759,-30940,0,0,0,0,1,0
240,124479,475,19102,-2307,17270,6088,2172,-29551,0,0,0,0,1,0
241,125000,0,20725,-2110,18615,0,2502,-27026,0,0,0,0,1,0
242,125520,-475,21586,-1832,19279,-6088,2736,-23462,0,0,0,0,1,0
243,126041,-932,21649,-1483,19234,-11942,2865,-18997,0,0,0,0,1,0
244,126562,-1353,20914,-1077,18483,-17337,2883,-13802,0,0,0,0,1,0
245,127083,-1723,19406,-631,17053,-22066,2791,-8077,0,0,0,0,1,0
246,127604,-2026,17183,-159,14998,-25947,2592,-2041,0,0,0,0,1,0
247,128124,-2251,14331,318,12398,-28831,2292,4073,0,0,0,0,1,0
248,128645,-2389,10957,783,9351,-30607,1905,10031,0,0,0,0,1,0
249,129166,-2436,7192,1218,5974,-31207,1445,15603,0,0,0,0,1,0
250,129687,-2389,3179,1606,2396,-30607,929,20576,0,0,0,0,1,0
251,130208,-2251,-928,1933,-1246,-28831,377,24758,0,0,0,0,1,0
252,130729,-2026,-4971,2185,-4812,-25947,-189,27988,0,0,0,0,1,0
253,131250,-1723,-8797,2353,-8167,-22066,-748,30143,0,0,0,0,1,0
254,131770,-1353,-12258,2431,-11181,-17337,-1278,31140,0,0,0,0,1,0
255,132291,-932,-15222,2415,-13739,-11942,-1759,30940,0,0,0,0,1,0
256,132812,-475,-17575,2307,-15744,-6088,-2172,29551,0,0,0,0,1,0
257,133333,0,-19229,2110,-17119,0,-2502,27026,0,0,0,0,1,0
258,133854,475,-20118,1832,-17811,6088,-2736,23462,0,0,0,0,1,0
259,134375,932,-20211,1483,-17795,11942,-2865,18997,0,0,0,0,1,0
260,134895,1353,-19503,1077,-17072,17337,-2883,13802,0,0,0,0,1,0
261,135416,1723,-18022,631,-15669,22066,-2791,8077,0,0,0,0,1,0
262,135937,2026,-15827,159,-13642,25947,-2592,2041,0,0,0,0,1,0
263,136458,2251,-13000,-318,-11068,28831,-2292,-4073,0,0,0,0,1,0
264,136979,2389,-9653,-783,-8047,30607,-1905,-10031,0,0,0,0,1,0
265,137500,2436,-5913,-1218,-4695,31207,-1445,-15603,0,0,0,0,1,0
266,138020,2389,-1925,-1606,-1142,30607,-929,-20576,0,0,0,0,1,0
267,138541,2251,2157,-1933,2475,28831,-377,-24758,0,0,0,0,1,0
268,139062,2026,6177,-2185,6018,25947,189,-27988,0,0,0,0,1,0
269,139583,1723,9979,-2353,9349,22066,748,-30143,0,0,0,0,1,0
270,140104,1353,13417,-2431,12340,17337,1278,-31140,0,0,0,0,1,0
271,140625,932,16359,-2415,14876,11942,1759,-30940,0,0,0,0,1,0
272,141145,475,18690,-2307,16859,6088,2172,-29551,0,0,0,0,1,0
273,141666,0,20322,-2110,18212,0,2502,-27026,0,0,0,0,1,0
274,142187,-475,21190,-1832,18883,-6088,2736,-23462,0,0,0,0,1,0
275,142708,-932,21262,-1483,18846,-11942,2865,-18997,0,0,0,0,1,0
276,143229,-1353,20533,-1077,18102,-17337,2883,-13802,0,0,0,0,1,0
277,143750,-1723,19033,-631,16680,-22066,2791,-8077,0,0,0,0,1,0
278,144270,-2026,16817,-159,14633,-25947,2592,-2041,0,0,0,0,1,0
279,144791,-2251,13972,318,12039,-28831,2292,4073,0,0,0,0,1,0
280,145312,-2389,10606,783,8999,-30607,1905,10031,0,0,0,0,1,0
281,145833,-2436,6847,1218,5629,-31207,1445,15603,0,0,0,0,1,0
282,146354,-2389,2841,1606,2058,-30607,929,20576,0,0,0,0,1,0
283,146875,-2251,-1259,1933,-1577,-28831,377,24758,0,0,0,0,1,0
284,147395,-2026,-5297,2185,-5137,-25947,-189,27988,0,0,0,0,1,0
285,147916,-1723,-9116,2353,-8485,-22066,-748,30143,0,0,0,0,1,0
286,148437,-1353,-12571,2431,-11493,-17337,-1278,31140,0,0,0,0,1,0
287,148958,-932,-15529,2415,-14045,-11942,-1759,30940,0,0,0,0,1,0
288,149479,-475,-17876,2307,-16044,-6088,-2172,29551,0,0,0,0,1,0
289,150000,0,-19523,2110,-17413,0,-2502,27026,0,0,0,0,1,0
290,150520,475,-20407,1832,-18100,6088,-2736,23462,0,0,0,0,1,0
291,151041,932,-20494,1483,-18079,11942,-2865,18997,0,0,0,0,1,0
292,151562,1353,-19781,1077,-17350,17337,-2883,13802,0,0,0,0,1,0
293,152083,1723,-18295,631,-15942,22066,-2791,8077,0,0,0,0,1,0
294,152604,2026,-16094,159,-13909,25947,-2592,2041,0,0,0,0,1,0
295,153125,2251,-13262,-318,-11330,28831,-2292,-4073,0,0,0,0,1,0
296,153645,2389,-9910,-783,-8304,30607,-1905,-10031,0,0,0,0,1,0
297,154166,2436,-6165,-1218,-4947,31207,-1445,-15603,0,0,0,0,1,0
298,154687,2389,-2172,-1606,-1389,30607,-929,-20576,0,0,0,0,1,0
299,155208,2251,1915,-1933,2233,28831,-377,-24758,0,0,0,0,1,0
300,155729,2026,5940,-2185,5780,25947,189,-27988,0,0,0,0,1,0
301,156250,1723,9747,-2353,9116,22066,748,-30143,0,0,0,0,1,0
302,156770,1353,13189,-2431,12112,17337,1278,-31140,0,0,0,0,1,0
303,157291,932,16135,-2415,14652,11942,1759,-30940,0,0,0,0,1,0
304,157812,475,18471,-2307,16639,6088,2172,-29551,0,0,0,0,1,0
305,158333,0,20106,-2110,17997,0,2502,-27026,0,0,0,0,1,0
306,158854,-475,20979,-1832,18672,-6088,2736,-23462,0,0,0,0,1,0
307,159375,-932,21055,-1483,18639,-11942,2865,-18997,0,0,0,0,1,0
308,159895,-1353,20330,-1077,17899,-17337,2883,-13802,0,0,0,0,1,0
309,160416,-1723,18834,-631,16481,-22066,2791,-8077,0,0,0,0,1,0
310,160937,-2026,16622,-159,14437,-25947,2592,-2041,0,0,0,0,1,0
311,161458,-2251,13781,318,11848,-28831,2292,4073,0,0,0,0,1,0
312,161979,-2389,10418,783,8812,-30607,1905,10031,0,0,0,0,1,0
313,162500,-2436,6663,1218,5445,-31207,1445,15603,0,0,0,0,1,0
314,163020,-2389,2661,1606,1878,-30607,929,20576,0,0,0,0,1,0
315,163541,-2251,-1436,1933,-1754,-28831,377,24758,0,0,0,0,1,0
316,164062,-2026,-5470,2185,-5311,-25947,-189,27988,0,0,0,0,1,0
317,164583,-1723,-9286,2353,-8655,-22066,-748,30143,0,0,0,0,1,0
318,165104,-1353,-12737,2431,-11660,-17337,-1278,31140,0,0,0,0,1,0
319,165625,-932,-15692,2415,-14209,-11942,-1759,30940,0,0,0,0,1,0
320,166145,-475,-18036,2307,-16205,-6088,-2172,29551,0,0,0,0,1,0
321,166666,0,-19680,2110,-17571,0,-2502,27026,0,0,0,0,1,0
322,167187,475,-20561,1832,-18254,6088,-2736,23462,0,0,0,0,1,0
323,167708,932,-20645,1483,-18230,11942,-2865,18997,0,0,0,0,1,0
324,168229,1353,-19929,1077,-17498,17337,-2883,13802,0,0,0,0,1,0
325,168750,1723,-18440,631,-16087,22066,-2791,8077,0,0,0,0,1,0
326,169270,2026,-16236,159,-14051,25947,-2592,2041,0,0,0,0,1,0
327,169791,2251,-13402,-318,-11469,28831,-2292,-4073,0,0,0,0,1,0
328,170312,2389,-10047,-783,-8441,30607,-1905,-10031,0,0,0,0,1,0
329,170833,2436,-6299,-1218,-5081,31207,-1445,-15603,0,0,0,0,1,0
330,171354,2389,-2304,-1606,-1521,30607,-929,-20576,0,0,0,0,1,0
331,171875,2251,1786,-1933,2104,28831,-377,-24758,0,0,0,0,1,0
332,172395,2026,5813,-2185,5654,25947,189,-27988,0,0,0,0,1,0
333,172916,1723,9622,-2353,8992,22066,748,-30143,0,0,0,0,1,0
334,173437,1353,13067,-2431,11990,17337,1278,-31140,0,0,0,0,1,0
335,173958,932,16016,-2415,14533,11942,1759,-30940,0,0,0,0,1,0
336,174479,475,18354,-2307,16522,6088,2172,-29551,0,0,0,0,1,0
337,175000,0,19992,-2110,17882,0,2502,-27026,0,0,0,0,1,0
338,175520,-475,20866,-1832,18559,-6088,2736,-23462,0,0,0,0,1,0
339,176041,-932,20944,-1483,18529,-11942,2865,-18997,0,0,0,0,1,0
340,176562,-1353,20222,-1077,17791,-17337,2883,-13802,0,0,0,0,1,0
341,177083,-1723,18728,-631,16375,-22066,2791,-8077,0,0,0,0,1,0
342,177604,-2026,16518,-159,14333,-25947,2592,-2041,0,0,0,0,1,0
343,178125,-2251,13679,318,11746,-28831,2292,4073,0,0,0,0,1,0
344,178645,-2389,10318,783,8712,-30607,1905,10031,0,0,0,0,1,0
345,179166,-2436,6565,1218,5347,-31207,1445,15603,0,0,0,0,1,0
346,179687,-2389,2564,1606,1781,-30607,929,20576,0,0,0,0,1,0
347,180208,-2251,-1531,1933,-1848,-28831,377,24758,0,0,0,0,1,0
348,180729,-2026,-5562,2185,-5403,-25947,-189,27988,0,0,0,0,1,0
349,181250,-1723,-9377,2353,-8746,-22066,-748,30143,0,0,0,0,1,0
350,181770,-1353,-12826,2431,-11749,-17337,-1278,31140,0,0,0,0,1,0
351,182291,-932,-15779,2415,-14296,-11942,-1759,30940,0,0,0,0,1,0
352,182812,-475,-18122,2307,-16290,-6088,-2172,29551,0,0,0,0,1,0
353,183333,0,-19764,2110,-17655,0,-2502,27026,0,0,0,0,1,0
354,183854,475,-20643,1832,-18337,6088,-2736,23462,0,0,0,0,1,0
355,184375,932,-20726,1483,-18310,11942,-2865,18997,0,0,0,0,1,0
356,184895,1353,-20008,1077,-17577,17337,-2883,13802,0,0,0,0,1,0
357,185416,1723,-18518,631,-16164,22066,-2791,8077,0,0,0,0,1,0
358,185937,2026,-16312,159,-14127,25947,-2592,2041,0,0,0,0,1,0
359,186458,2251,-13477,-318,-11544,28831,-2292,-4073,0,0,0,0,1,0
360,186979,2389,-10120,-783,-8514,30607,-1905,-10031,0,0,0,0,1,0
361,187500,2436,-6371,-1218,-5153,31207,-1445,-15603,0,0,0,0,1,0
362,188020,2389,-2374,-1606,-1591,30607,-929,-20576,0,0,0,0,1,0
363,188541,2251,1717,-1933,2035,28831,-377,-24758,0,0,0,0,1,0
364,189062,2026,5746,-2185,5586,25947,189,-27988,0,0,0,0,1,0
365,189583,1723,9556,-2353,8926,22066,748,-30143,0,0,0,0,1,0
366,190104,1353,13002,-2431,11925,17337,1278,-31140,0,0,0,0,1,0
367,190625,932,15952,-2415,14469,11942,1759,-30940,0,0,0,0,1,0
368,191145,475,18291,-2307,16460,6088,2172,-29551,0,0,0,0,1,0
369,191666,0,19930,-2110,17821,0,2502,-27026,0,0,0,0,1,0
370,192187,-475,20806,-1832,18499,-6088,2736,-23462,0,0,0,0,1,0
371,192708,-932,20885,-1483,18470,-11942,2865,-18997,0,0,0,0,1,0
372,193229,-1353,20164,-1077,17733,-17337,2883,-13802,0,0,0,0,1,0
373,193750,-1723,18671,-631,16318,-22066,2791,-8077,0,0,0,0,1,0
374,194270,-2026,16463,-159,14278,-25947,2592,-2041,0,0,0,0,1,0
375,194791,-2251,13624,318,11692,-28831,2292,4073,0,0,0,0,1,0
376,195312,-2389,10265,783,8658,-30607,1905,10031,0,0,0,0,1,0
377,195833,-2436,6513,1218,5295,-31207,1445,15603,0,0,0,0,1,0
378,196354,-2389,2513,1606,1730,-30607,929,20576,0,0,0,0,1,0
379,196875,-2251,-1581,1933,-1899,-28831,377,24758,0,0,0,0,1,0
380,197395,-2026,-5612,2185,-5453,-25947,-189,27988,0,0,0,0,1,0
381,197916,-1723,-9425,2353,-8794,-22066,-748,30143,0,0,0,0,1,0
382,198437,-1353,-12874,2431,-11796,-17337,-1278,31140,0,0,0,0,1,0
383,198958,-932,-15826,2415,-14343,-11942,-1759,30940,0,0,0,0,1,0
384,199479,-475,-18168,2307,-16336,-6088,-2172,29551,0,0,0,0,1,0
385,200000,0,-19809,2110,-17699,0,-2502,27026,0,0,0,0,1,0
386,200520,475,-20687,1832,-18381,6088,-2736,23462,0,0,0,0,1,0
387,201041,932,-20769,1483,-18353,11942,-2865,18997,0,0,0,0,1,0
388,201562,1353,-20050,1077,-17619,17337,-2883,13802,0,0,0,0,1,0
389,202083,1723,-18559,631,-16206,22066,-2791,8077,0,0,0,0,1,0
390,202604,2026,-16353,159,-14168,25947,-2592,2041,0,0,0,0,1,0
391,203125,2251,-13516,-318,-11584,28831,-2292,-4073,0,0,0,0,1,0
392,203645,2389,-10159,-783,-8553,30607,-1905,-10031,0,0,0,0,1,0
393,204166,2436,-6409,-1218,-5191,31207,-1445,-15603,0,0,0,0,1,0
394,204687,2389,-2412,-1606,-1628,30607,-929,-20576,0,0,0,0,1,0
395,205208,2251,1680,-1933,1998,28831,-377,-24758,0,0,0,0,1,0
396,205729,2026,5710,-2185,5550,25947,189,-27988,0,0,0,0,1,0
397,206250,1723,9521,-2353,8890,22066,748,-30143,0,0,0,0,1,0
398,206770,1353,12968,-2431,11890,17337,1278,-31140,0,0,0,0,1,0
399,207291,932,15918,-2415,14435,11942,1759,-30940,0,0,0,0,1,0
400,207812,475,18258,-2307,16426,6088,2172,-29551,0,0,0,0,1,0
401,208333,0,19898,-2110,17788,0,2502,-27026,0,0,0,0,1,0
402,208854,-475,20774,-1832,18467,-6088,2736,-23462,0,0,0,0,1,0
403,209375,-932,20854,-1483,18439,-11942,2865,-18997,0,0,0,0,1,0
404,209895,-1353,20133,-1077,17703,-17337,2883,-13802,0,0,0,0,1,0
405,210416,-1723,18641,-631,16288,-22066,2791,-8077,0,0,0,0,1,0
406,210937,-2026,16433,-159,14248,-25947,2592,-2041,0,0,0,0,1,0
407,211458,-2251,13595,318,11662,-28831,2292,4073,0,0,0,0,1,0
408,211979,-2389,10236,783,8630,-30607,1905,10031,0,0,0,0,1,0
409,212500,-2436,6485,1218,5267,-31207,1445,15603,0,0,0,0,1,0
410,213020,-2389,2486,1606,1703,-30607,929,20576,0,0,0,0,1,0
411,213541,-2251,-1608,1933,-1926,-28831,377,24758,0,0,0,0,1,0
412,214062,-2026,-5638,2185,-5479,-25947,-189,27988,0,0,0,0,1,0
413,214583,-1723,-9451,2353,-8820,-22066,-748,30143,0,0,0,0,1,0
414,215104,-1353,-12899,2431,-11822,-17337,-1278,31140,0,0,0,0,1,0
415,215625,-932,-15851,2415,-14368,-11942,-1759,30940,0,0,0,0,1,0
416,216145,-475,-18192,2307,-16360,-6088,-2172,29551,0,0,0,0,1,0
417,216666,0,-19833,2110,-17723,0,-2502,27026,0,0,0,0,1,0
418,217187,475,-20711,1832,-18404,6088,-2736,23462,0,0,0,0,1,0
419,217708,932,-20792,1483,-18376,11942,-2865,18997,0,0,0,0,1,0
420,218229,1353,-20073,1077,-17642,17337,-2883,13802,0,0,0,0,1,0
421,218750,1723,-18581,631,-16228,22066,-2791,8077,0,0,0,0,1,0
422,219270,2026,-16374,159,-14190,25947,-2592,2041,0,0,0,0,1,0
423,219791,2251,-13538,-318,-11605,28831,-2292,-4073,0,0,0,0,1,0
424,220312,2389,-10180,-783,-8573,30607,-1905,-10031,0,0,0,0,1,0
425,220833,2436,-6430,-1218,-5212,31207,-1445,-15603,0,0,0,0,1,0
426,221354,2389,-2432,-1606,-1649,30607,-929,-20576,0,0,0,0,1,0
427,221875,2251,1661,-1933,1979,28831,-377,-24758,0,0,0,0,1,0
428,222395,2026,5690,-2185,5531,25947,189,-27988,0,0,0,0,1,0
429,222916,1723,9502,-2353,8871,22066,748,-30143,0,0,0,0,1,0
430,223437,1353,12949,-2431,11872,17337,1278,-31140,0,0,0,0,1,0
431,223958,932,15900,-2415,14417,11942,1759,-30940,0,0,0,0,1,0
432,224479,475,18240,-2307,16408,6088,2172,-29551,0,0,0,0,1,0
433,225000,0,19880,-2110,17770,0,2502,-27026,0,0,0,0,1,0
434,225520,-475,20757,-1832,18450,-6088,2736,-23462,0,0,0,0,1,0
435,226041,-932,20837,-1483,18422,-11942,2865,-18997,0,0,0,0,1,0
436,226562,-1353,20117,-1077,17686,-17337,2883,-13802,0,0,0,0,1,0
437,227083,-1723,18625,-631,16272,-22066,2791,-8077,0,0,0,0,1,0
438,227604,-2026,16417,-159,14232,-25947,2592,-2041,0,0,0,0,1,0
439,228125,-2251,13580,318,11647,-28831,2292,4073,0,0,0,0,1,0
440,228645,-2389,10221,783,8615,-30607,1905,10031,0,0,0,0,1,0
441,229166,-2436,6470,1218,5252,-31207,1445,15603,0,0,0,0,1,0
442,229687,-2389,2471,1606,1688,-30607,929,20576,0,0,0,0,1,0
443,230208,-2251,-1622,1933,-1940,-28831,377,24758,0,0,0,0,1,0
444,230729,-2026,-5652,2185,-5493,-25947,-189,27988,0,0,0,0,1,0
445,231250,-1723,-9465,2353,-8834,-22066,-748,30143,0,0,0,0,1,0
446,231770,-1353,-12913,2431,-11835,-17337,-1278,31140,0,0,0,0,1,0
447,232291,-932,-15864,2415,-14381,-11942,-1759,30940,0,0,0,0,1,0
448,232812,-475,-18205,2307,-16373,-6088,-2172,29551,0,0,0,0,1,0
449,233333,0,-19846,2110,-17736,0,-2502,27026,0,0,0,0,1,0
450,233854,475,-20723,1832,-18416,6088,-2736,23462,0,0,0,0,1,0
451,234375,932,-20804,1483,-18389,11942,-2865,18997,0,0,0,0,1,0
452,234895,1353,-20085,1077,-17654,17337,-2883,13802,0,0,0,0,1,0
453,235416,1723,-18593,631,-16240,22066,-2791,8077,0,0,0,0,1,0
454,235937,2026,-16386,159,-14201,25947,-2592,2041,0,0,0,0,1,0
455,236458,2251,-13549,-318,-11616,28831,-2292,-4073,0,0,0,0,1,0
456,236979,2389,-10191,-783,-8585,30607,-1905,-10031,0,0,0,0,1,0
457,237500,2436,-6441,-1218,-5222,31207,-1445,-15603,0,0,0,0,1,0
458,238020,2389,-2442,-1606,-1659,30607,-929,-20576,0,0,0,0,1,0
459,238541,2251,1650,-1933,1968,28831,-377,-24758,0,0,0,0,1,0
460,239062,2026,5680,-2185,5521,25947,189,-27988,0,0,0,0,1,0
461,239583,1723,9492,-2353,8861,22066,748,-30143,0,0,0,0,1,0
462,240104,1353,12939,-2431,11862,17337,1278,-31140,0,0,0,0,1,0
463,240625,932,15890,-2415,14407,11942,1759,-30940,0,0,0,0,1,0
464,241145,475,18231,-2307,16399,6088,2172,-29551,0,0,0,0,1,0
465,241666,0,19871,-2110,17761,0,2502,-27026,0,0,0,0,1,0
466,242187,-475,20748,-1832,18441,-6088,2736,-23462,0,0,0,0,1,0
467,242708,-932,20828,-1483,18413,-11942,2865,-18997,0,0,0,0,1,0
468,243229,-1353,20108,-1077,17677,-17337,2883,-13802,0,0,0,0,1,0
469,243750,-1723,18616,-631,16263,-22066,2791,-8077,0,0,0,0,1,0
470,244270,-2026,16409,-159,14224,-25947,2592,-2041,0,0,0,0,1,0
471,244791,-2251,13571,318,11639,-28831,2292,4073,0,0,0,0,1,0
472,245312,-2389,10213,783,8607,-30607,1905,10031,0,0,0,0,1,0
473,245833,-2436,6462,1218,5244,-31207,1445,15603,0,0,0,0,1,0
474,246354,-2389,2463,1606,1680,-30607,929,20576,0,0,0,0,1,0
475,246875,-2251,-1630,1933,-1948,-28831,377,24758,0,0,0,0,1,0
476,247395,-2026,-5660,2185,-5500,-25947,-189,27988,0,0,0,0,1,0
477,247916,-1723,-9472,2353,-8841,-22066,-748,30143,0,0,0,0,1,0
478,248437,-1353,-12920,2431,-11842,-17337,-1278,31140,0,0,0,0,1,0
479,248958,-932,-15871,2415,-14388,-11942,-1759,30940,0,0,0,0,1,0
480,249479,-475,-18212,2307,-16380,-6088,-2172,29551,0,0,0,0,1,0
481,250000,0,-19852,2110,-17743,0,-2502,27026,0,0,0,0,1,0
482,250520,475,-20730,1832,-18423,6088,-2736,23462,0,0,0,0,1,0
483,251041,932,-20810,1483,-18395,11942,-2865,18997,0,0,0,0,1,0
484,251562,1353,-20091,1077,-17660,17337,-2883,13802,0,0,0,0,1,0
485,252083,1723,-18599,631,-16246,22066,-2791,8077,0,0,0,0,1,0
486,252604,2026,-16392,159,-14207,25947,-2592,2041,0,0,0,0,1,0
487,253125,2251,-13555,-318,-11622,28831,-2292,-4073,0,0,0,0,1,0
488,253645,2389,-10197,-783,-8590,30607,-1905,-10031,0,0,0,0,1,0
489,254166,2436,-6446,-1218,-5228,31207,-1445,-15603,0,0,0,0,1,0
490,254687,2389,-2448,-1606,-1665,30607,-929,-20576,0,0,0,0,1,0
491,255208,2251,1645,-1933,1963,28831,-377,-24758,0,0,0,0,1,0
492,255729,2026,5675,-2185,5515,25947,189,-27988,0,0,0,0,1,0
493,256249,1723,9486,-2353,8856,22066,748,-30143,0,0,0,0,1,0
494,256770,1353,12934,-2431,11857,17337,1278,-31140,0,0,0,0,1,0
495,257291,932,15885,-2415,14402,11942,1759,-30940,0,0,0,0,1,0
496,257812,475,18225,-2307,16394,6088,2172,-29551,0,0,0,0,1,0
497,258333,0,19866,-2110,17756,0,2502,-27026,0,0,0,0,1,0
498,258854,-475,20743,-1832,18436,-6088,2736,-23462,0,0,0,0,1,0
499,259375,-932,20823,-1483,18408,-11942,2865,-18997,0,0,0,0,1,0
500,259895,-1353,20104,-1077,17673,-17337,2883,-13802,0,0,0,0,1,0
501,260416,-1723,18611,-631,16258,-22066,2791,-8077,0,0,0,0,1,0
502,260937,-2026,16404,-159,14219,-25947,2592,-2041,0,0,0,0,1,0
503,261458,-2251,13567,318,11634,-28831,2292,4073,0,0,0,0,1,0
504,261979,-2389,10208,783,8602,-30607,1905,10031,0,0,0,0,1,0
505,262500,-2436,6458,1218,5240,-31207,1445,15603,0,0,0,0,1,0
506,263020,-2389,2459,1606,1676,-30607,929,20576,0,0,0,0,1,0
507,263541,-2251,-1634,1933,-1952,-28831,377,24758,0,0,0,0,1,0
508,264062,-2026,-5664,2185,-5504,-25947,-189,27988,0,0,0,0,1,0
509,264583,-1723,-9476,2353,-8845,-22066,-748,30143,0,0,0,0,1,0
510,265104,-1353,-12924,2431,-11846,-17337,-1278,31140,0,0,0,0,1,0
511,265625,-932,-15875,2415,-14392,-11942,-1759,30940,0,0,0,0,1,0
512,266145,-475,-18215,2307,-16384,-6088,-2172,29551,0,0,0,0,1,0
513,266666,0,-19856,2110,-17746,0,-2502,27026,0,0,0,0,1,0
514,267187,475,-20733,1832,-18427,6088,-2736,23462,0,0,0,0,1,0
515,267708,932,-20814,1483,-18399,11942,-2865,18997,0,0,0,0,1,0
516,268229,1353,-20094,1077,-17663,17337,-2883,13802,0,0,0,0,1,0
517,268750,1723,-18602,631,-16249,22066,-2791,8077,0,0,0,0,1,0
518,269270,2026,-16395,159,-14211,25947,-2592,2041,0,0,0,0,1,0
519,269791,2251,-13558,-318,-11626,28831,-2292,-4073,0,0,0,0,1,0
520,270312,2389,-10200,-783,-8594,30607,-1905,-10031,0,0,0,0,1,0
521,270833,2436,-6449,-1218,-5231,31207,-1445,-15603,0,0,0,0,1,0
522,271354,2389,-2451,-1606,-1668,30607,-929,-20576,0,0,0,0,1,0
523,271875,2251,1642,-1933,1960,28831,-377,-24758,0,0,0,0,1,0
524,272395,2026,5672,-2185,5512,25947,189,-27988,0,0,0,0,1,0
525,272916,1723,9484,-2353,8853,22066,748,-30143,0,0,0,0,1,0
526,273437,1353,12931,-2431,11854,17337,1278,-31140,0,0,0,0,1,0
527,273958,932,15882,-2415,14399,11942,1759,-30940,0,0,0,0,1,0
528,274479,475,18223,-2307,16391,6088,2172,-29551,0,0,0,0,1,0
529,275000,0,19863,-2110,17754,0,2502,-27026,0,0,0,0,1,0
530,275520,-475,20740,-1832,18434,-6088,2736,-23462,0,0,0,0,1,0
531,276041,-932,20821,-1483,18406,-11942,2865,-18997,0,0,0,0,1,0
532,276562,-1353,20101,-1077,17670,-17337,2883,-13802,0,0,0,0,1,0
533,277083,-1723,18609,-631,16256,-22066,2791,-8077,0,0,0,0,1,0
534,277604,-2026,16402,-159,14217,-25947,2592,-2041,0,0,0,0,1,0
535,278125,-2251,13565,318,11632,-28831,2292,4073,0,0,0,0,1,0
536,278645,-2389,10206,783,8600,-30607,1905,10031,0,0,0,0,1,0
537,279166,-2436,6456,1218,5237,-31207,1445,15603,0,0,0,0,1,0
538,279687,-2389,2457,1606,1674,-30607,929,20576,0,0,0,0,1,0
539,280208,-2251,-1636,1933,-1954,-28831,377,24758,0,0,0,0,1,0
540,280729,-2026,-5666,2185,-5507,-25947,-189,27988,0,0,0,0,1,0
541,281250,-1723,-9478,2353,-8847,-22066,-748,30143,0,0,0,0,1,0
542,281770,-1353,-12926,2431,-11848,-17337,-1278,31140,0,0,0,0,1,0
543,282291,-932,-15877,2415,-14394,-11942,-1759,30940,0,0,0,0,1,0
544,282812,-475,-18217,2307,-16386,-6088,-2172,29551,0,0,0,0,1,0
545,283333,0,-19858,2110,-17748,0,-2502,27026,0,0,0,0,1,0
546,283854,475,-20735,1832,-18429,6088,-2736,23462,0,0,0,0,1,0
547,284375,932,-20816,1483,-18400,11942,-2865,18997,0,0,0,0,1,0
548,284895,1353,-20096,1077,-17665,17337,-2883,13802,0,0,0,0,1,0
549,285416,1723,-18604,631,-16251,22066,-2791,8077,0,0,0,0,1,0
550,285937,2026,-16397,159,-14212,25947,-2592,2041,0,0,0,0,1,0
551,286458,2251,-13560,-318,-11627,28831,-2292,-4073,0,0,0,0,1,0
552,286979,2389,-10202,-783,-8595,30607,-1905,-10031,0,0,0,0,1,0
553,287500,2436,-6451,-1218,-5233,31207,-1445,-15603,0,0,0,0,1,0
554,288020,2389,-2453,-1606,-1670,30607,-929,-20576,0,0,0,0,1,0
555,288541,2251,1640,-1933,1958,28831,-377,-24758,0,0,0,0,1,0
556,289062,2026,5670,-2185,5511,25947,189,-27988,0,0,0,0,1,0
557,289583,1723,9482,-2353,8852,22066,748,-30143,0,0,0,0,1,0
558,290104,1353,12930,-2431,11852,17337,1278,-31140,0,0,0,0,1,0
559,290625,932,15881,-2415,14398,11942,1759,-30940,0,0,0,0,1,0
560,291145,475,18221,-2307,16390,6088,2172,-29551,0,0,0,0,1,0
561,291666,0,19862,-2110,17752,0,2502,-27026,0,0,0,0,1,0
562,292187,-475,20739,-1832,18432,-6088,2736,-23462,0,0,0,0,1,0
563,292708,-932,20819,-1483,18404,-11942,2865,-18997,0,0,0,0,1,0
564,293229,-1353,20100,-1077,17669,-17337,2883,-13802,0,0,0,0,1,0
565,293750,-1723,18608,-631,16255,-22066,2791,-8077,0,0,0,0,1,0
566,294270,-2026,16401,-159,14216,-25947,2592,-2041,0,0,0,0,1,0
567,294791,-2251,13563,318,11631,-28831,2292,4073,0,0,0,0,1,0
568,295312,-2389,10205,783,8599,-30607,1905,10031,0,0,0,0,1,0
569,295833,-2436,6454,1218,5236,-31207,1445,15603,0,0,0,0,1,0
570,296354,-2389,2456,1606,1673,-30607,929,20576,0,0,0,0,1,0
571,296875,-2251,-1637,1933,-1955,-28831,377,24758,0,0,0,0,1,0
572,297395,-2026,-5667,2185,-5508,-25947,-189,27988,0,0,0,0,1,0
573,297916,-1723,-9479,2353,-8849,-22066,-748,30143,0,0,0,0,1,0
574,298437,-1353,-12927,2431,-11849,-17337,-1278,31140,0,0,0,0,1,0
575,298958,-932,-15878,2415,-14395,-11942,-1759,30940,0,0,0,0,1,0
576,299479,-475,-18218,2307,-16387,-6088,-2172,29551,0,0,0,0,1,0
577,300000,0,-19859,2110,-17749,0,-2502,27026,0,0,0,0,1,0
578,300520,475,-20736,1832,-18430,6088,-2736,23462,0,0,0,0,1,0
579,301041,932,-20817,1483,-18401,11942,-2865,18997,0,0,0,0,1,0
580,301562,1353,-20097,1077,-17666,17337,-2883,13802,0,0,0,0,1,0
581,302083,1723,-18605,631,-16252,22066,-2791,8077,0,0,0,0,1,0
582,302604,2026,-16398,159,-14213,25947,-2592,2041,0,0,0,0,1,0
583,303125,2251,-13561,-318,-11628,28831,-2292,-4073,0,0,0,0,1,0
584,303645,2389,-10202,-783,-8596,30607,-1905,-10031,0,0,0,0,1,0
585,304166,2436,-6452,-1218,-5234,31207,-1445,-15603,0,0,0,0,1,0
586,304687,2389,-2453,-1606,-1670,30607,-929,-20576,0,0,0,0,1,0
587,305208,2251,1639,-1933,1957,28831,-377,-24758,0,0,0,0,1,0
588,305729,2026,5669,-2185,5510,25947,189,-27988,0,0,0,0,1,0
589,306250,1723,9481,-2353,8851,22066,748,-30143,0,0,0,0,1,0
590,306770,1353,12929,-2431,11852,17337,1278,-31140,0,0,0,0,1,0
591,307291,932,15880,-2415,14397,11942,1759,-30940,0,0,0,0,1,0
592,307812,475,18221,-2307,16389,6088,2172,-29551,0,0,0,0,1,0
593,308333,0,19861,-2110,17751,0,2502,-27026,0,0,0,0,1,0
594,308854,-475,20738,-1832,18432,-6088,2736,-23462,0,0,0,0,1,0
595,309375,-932,20819,-1483,18403,-11942,2865,-18997,0,0,0,0,1,0
596,309895,-1353,20099,-1077,17668,-17337,2883,-13802,0,0,0,0,1,0
597,310416,-1723,18607,-631,16254,-22066,2791,-8077,0,0,0,0,1,0
598,310937,-2026,16400,-159,14215,-25947,2592,-2041,0,0,0,0,1,0
599,311458,-2251,13563,318,11630,-28831,2292,4073,0,0,0,0,1,0
600,311979,-2389,10204,783,8598,-30607,1905,10031,0,0,0,0,1,0
601,312500,-2436,6454,1218,5236,-31207,1445,15603,0,0,0,0,1,0
602,313020,-2389,2455,1606,1672,-30607,929,20576,0,0,0,0,1,0
603,313541,-2251,-1638,1933,-1956,-28831,377,24758,0,0,0,0,1,0
604,314062,-2026,-5668,2185,-5508,-25947,-189,27988,0,0,0,0,1,0
605,314583,-1723,-9480,2353,-8849,-22066,-748,30143,0,0,0,0,1,0
606,315104,-1353,-12927,2431,-11850,-17337,-1278,31140,0,0,0,0,1,0
607,315625,-932,-15878,2415,-14395,-11942,-1759,30940,0,0,0,0,1,0
608,316145,-475,-18219,2307,-16387,-6088,-2172,29551,0,0,0,0,1,0
609,316666,0,-19860,2110,-17750,0,-2502,27026,0,0,0,0,1,0
610,317187,475,-20737,1832,-18430,6088,-2736,23462,0,0,0,0,1,0
611,317708,932,-20817,1483,-18402,11942,-2865,18997,0,0,0,0,1,0
612,318229,1353,-20098,1077,-17667,17337,-2883,13802,0,0,0,0,1,0
613,318750,1723,-18606,631,-16253,22066,-2791,8077,0,0,0,0,1,0
614,319270,2026,-16399,159,-14214,25947,-2592,2041,0,0,0,0,1,0
615,319791,2251,-13561,-318,-11629,28831,-2292,-4073,0,0,0,0,1,0
616,320312,2389,-10203,-783,-8597,30607,-1905,-10031,0,0,0,0,1,0
617,320833,2436,-6452,-1218,-5234,31207,-1445,-15603,0,0,0,0,1,0
618,321354,2389,-2454,-1606,-1671,30607,-929,-20576,0,0,0,0,1,0
619,321875,2251,1639,-1933,1957,28831,-377,-24758,0,0,0,0,1,0
620,322395,2026,5669,-2185,5509,25947,189,-27988,0,0,0,0,1,0
621,322916,1723,9481,-2353,8850,22066,748,-30143,0,0,0,0,1,0
622,323437,1353,12929,-2431,11851,17337,1278,-31140,0,0,0,0,1,0
623,323958,932,15879,-2415,14396,11942,1759,-30940,0,0,0,0,1,0
624,324479,475,18220,-2307,16389,6088,2172,-29551,0,0,0,0,1,0
625,325000,0,19861,-2110,17751,0,2502,-27026,0,0,0,0,1,0
626,325520,-475,20738,-1832,18431,-6088,2736,-23462,0,0,0,0,1,0
627,326041,-932,20818,-1483,18403,-11942,2865,-18997,0,0,0,0,1,0
628,326562,-1353,20099,-1077,17668,-17337,2883,-13802,0,0,0,0,1,0
629,327083,-1723,18607,-631,16254,-22066,2791,-8077,0,0,0,0,1,0
630,327604,-2026,16400,-159,14215,-25947,2592,-2041,0,0,0,0,1,0
631,328125,-2251,13562,318,11630,-28831,2292,4073,0,0,0,0,1,0
632,328645,-2389,10204,783,8598,-30607,1905,10031,0,0,0,0,1,0
633,329166,-2436,6453,1218,5235,-31207,1445,15603,0,0,0,0,1,0
634,329687,-2389,2455,1606,1672,-30607,929,20576,0,0,0,0,1,0
635,330208,-2251,-1638,1933,-1956,-28831,377,24758,0,0,0,0,1,0
636,330729,-2026,-5668,2185,-5509,-25947,-189,27988,0,0,0,0,1,0
637,331250,-1723,-9480,2353,-8849,-22066,-748,30143,0,0,0,0,1,0
638,331770,-1353,-12928,2431,-11850,-17337,-1278,31140,0,0,0,0,1,0
639,332291,-932,-15879,2415,-14396,-11942,-1759,30940,0,0,0,0,1,0
640,332812,-475,-18219,2307,-16388,-6088,-2172,29551,0,0,0,0,1,0
641,333333,0,-19860,2110,-17750,0,-2502,27026,0,0,0,0,1,0
642,333854,475,-20737,1832,-18430,6088,-2736,23462,0,0,0,0,1,0
643,334375,932,-20818,1483,-18402,11942,-2865,18997,0,0,0,0,1,0
644,334895,1353,-20098,1077,-17667,17337,-2883,13802,0,0,0,0,1,0
645,335416,1723,-18606,631,-16253,22066,-2791,8077,0,0,0,0,1,0
646,335937,2026,-16399,159,-14214,25947,-2592,2041,0,0,0,0,1,0
647,336458,2251,-13562,-318,-11629,28831,-2292,-4073,0,0,0,0,1,0
648,336979,2389,-10203,-783,-8597,30607,-1905,-10031,0,0,0,0,1,0
649,337500,2436,-6453,-1218,-5235,31207,-1445,-15603,0,0,0,0,1,0
650,338020,2389,-2454,-1606,-1671,30607,-929,-20576,0,0,0,0,1,0
651,338541,2251,1639,-1933,1957,28831,-377,-24758,0,0,0,0,1,0
652,339062,2026,5669,-2185,5509,25947,189,-27988,0,0,0,0,1,0
653,339583,1723,9481,-2353,8850,22066,748,-30143,0,0,0,0,1,0
654,340104,1353,12928,-2431,11851,17337,1278,-31140,0,0,0,0,1,0
655,340625,932,15879,-2415,14396,11942,1759,-30940,0,0,0,0,1,0
656,341145,475,18220,-2307,16388,6088,2172,-29551,0,0,0,0,1,0
657,341666,0,19860,-2110,17751,0,2502,-27026,0,0,0,0,1,0
658,342187,-475,20738,-1832,18431,-6088,2736,-23462,0,0,0,0,1,0
659,342708,-932,20818,-1483,18403,-11942,2865,-18997,0,0,0,0,1,0
660,343229,-1353,20098,-1077,17668,-17337,2883,-13802,0,0,0,0,1,0
661,343750,-1723,18606,-631,16253,-22066,2791,-8077,0,0,0,0,1,0
662,344270,-2026,16399,-159,14215,-25947,2592,-2041,0,0,0,0,1,0
663,344791,-2251,13562,318,11629,-28831,2292,4073,0,0,0,0,1,0
664,345312,-2389,10204,783,8597,-30607,1905,10031,0,0,0,0,1,0
665,345833,-2436,6453,1218,5235,-31207,1445,15603,0,0,0,0,1,0
666,346354,-2389,2455,1606,1672,-30607,929,20576,0,0,0,0,1,0
667,346875,-2251,-1638,1933,-1956,-28831,377,24758,0,0,0,0,1,0
668,347395,-2026,-5668,2185,-5509,-25947,-189,27988,0,0,0,0,1,0
669,347916,-1723,-9480,2353,-8850,-22066,-748,30143,0,0,0,0,1,0
670,348437,-1353,-12928,2431,-11850,-17337,-1278,31140,0,0,0,0,1,0
671,348958,-932,-15879,2415,-14396,-11942,-1759,30940,0,0,0,0,1,0
672,349479,-475,-18220,2307,-16388,-6088,-2172,29551,0,0,0,0,1,0
673,350000,0,-19860,2110,-17750,0,-2502,27026,0,0,0,0,1,0
674,350520,475,-20737,1832,-18431,6088,-2736,23462,0,0,0,0,1,0
675,351041,932,-20818,1483,-18402,11942,-2865,18997,0,0,0,0,1,0
676,351562,1353,-20098,1077,-17667,17337,-2883,13802,0,0,0,0,1,0
677,352083,1723,-18606,631,-16253,22066,-2791,8077,0,0,0,0,1,0
678,352604,2026,-16399,159,-14214,25947,-2592,2041,0,0,0,0,1,0
679,353125,2251,-13562,-318,-11629,28831,-2292,-4073,0,0,0,0,1,0
680,353645,2389,-10203,-783,-8597,30607,-1905,-10031,0,0,0,0,1,0
681,354166,2436,-6453,-1218,-5235,31207,-1445,-15603,0,0,0,0,1,0
682,354687,2389,-2454,-1606,-1671,30607,-929,-20576,0,0,0,0,1,0
683,355208,2251,1639,-1933,1957,28831,-377,-24758,0,0,0,0,1,0
684,355729,2026,5668,-2185,5509,25947,189,-27988,0,0,0,0,1,0
685,356250,1723,9480,-2353,8850,22066,748,-30143,0,0,0,0,1,0
686,356770,1353,12928,-2431,11851,17337,1278,-31140,0,0,0,0,1,0
687,357291,932,15879,-2415,14396,11942,1759,-30940,0,0,0,0,1,0
688,357812,475,18220,-2307,16388,6088,2172,-29551,0,0,0,0,1,0
689,358333,0,19860,-2110,17751,0,2502,-27026,0,0,0,0,1,0
690,358854,-475,20738,-1832,18431,-6088,2736,-23462,0,0,0,0,1,0
691,359375,-932,20818,-1483,18403,-11942,2865,-18997,0,0,0,0,1,0
692,359895,-1353,20098,-1077,17667,-17337,2883,-13802,0,0,0,0,1,0
693,360416,-1723,18606,-631,16253,-22066,2791,-8077,0,0,0,0,1,0
694,360937,-2026,16399,-159,14214,-25947,2592,-2041,0,0,0,0,1,0
695,361458,-2251,13562,318,11629,-28831,2292,4073,0,0,0,0,1,0
696,361979,-2389,10204,783,8597,-30607,1905,10031,0,0,0,0,1,0
697,362500,-2436,6453,1218,5235,-31207,1445,15603,0,0,0,0,1,0
698,363020,-2389,2455,1606,1671,-30607,929,20576,0,0,0,0,1,0
699,363541,-2251,-1638,1933,-1956,-28831,377,24758,0,0,0,0,1,0
700,364062,-2026,-5668,2185,-5509,-25947,-189,27988,0,0,0,0,1,0
701,364583,-1723,-9480,2353,-8850,-22066,-748,30143,0,0,0,0,1,0
702,365104,-1353,-12928,2431,-11851,-17337,-1278,31140,0,0,0,0,1,0
703,365625,-932,-15879,2415,-14396,-11942,-1759,30940,0,0,0,0,1,0
704,366145,-475,-18220,2307,-16388,-6088,-2172,29551,0,0,0,0,1,0
705,366666,0,-19860,2110,-17750,0,-2502,27026,0,0,0,0,1,0
706,367187,475,-20737,1832,-18431,6088,-2736,23462,0,0,0,0,1,0
707,367708,932,-20818,1483,-18403,11942,-2865,18997,0,0,0,0,1,0
708,368229,1353,-20098,1077,-17667,17337,-2883,13802,0,0,0,0,1,0
709,368750,1723,-18606,631,-16253,22066,-2791,8077,0,0,0,0,1,0
710,369270,2026,-16399,159,-14214,25947,-2592,2041,0,0,0,0,1,0
711,369791,2251,-13562,-318,-11629,28831,-2292,-4073,0,0,0,0,1,0
712,370312,2389,-10203,-783,-8597,30607,-1905,-10031,0,0,0,0,1,0
713,370833,2436,-6453,-1218,-5235,31207,-1445,-15603,0,0,0,0,1,0
714,371354,2389,-2454,-1606,-1671,30607,-929,-20576,0,0,0,0,1,0
715,371875,2251,1638,-1933,1956,28831,-377,-24758,0,0,0,0,1,0
716,372395,2026,5668,-2185,5509,25947,189,-27988,0,0,0,0,1,0
717,372916,1723,9480,-2353,8850,22066,748,-30143,0,0,0,0,1,0
718,373437,1353,12928,-2431,11851,17337,1278,-31140,0,0,0,0,1,0
719,373958,932,15879,-2415,14396,11942,1759,-30940,0,0,0,0,1,0
720,374479,475,18220,-2307,16388,6088,2172,-29551,0,0,0,0,1,0
721,375000,0,19860,-2110,17751,0,2502,-27026,0,0,0,0,1,0
722,375520,-475,20738,-1832,18431,-6088,2736,-23462,0,0,0,0,1,0
723,376041,-932,20818,-1483,18403,-11942,2865,-18997,0,0,0,0,1,0
724,376562,-1353,20098,-1077,17667,-17337,2883,-13802,0,0,0,0,1,0
725,377083,-1723,18606,-631,16253,-22066,2791,-8077,0,0,0,0,1,0
726,377604,-2026,16399,-159,14214,-25947,2592,-2041,0,0,0,0,1,0
727,378125,-1125,966,159,0,-26696,22924,3772,0,0,0,0,1,0
728,378645,-1195,803,392,0,-28340,19052,9288,0,0,0,0,1,0
729,379166,-1218,609,609,0,-28895,14448,14448,0,0,0,0,1,0
730,379687,-1195,392,803,0,-28340,9288,19052,0,0,0,0,1,0
731,380208,-1125,159,966,0,-26696,3772,22924,0,0,0,0,1,0
732,380729,-1013,-80,1092,0,-24025,-1890,25915,0,0,0,0,1,0
733,381250,-861,-315,1177,0,-20432,-7479,27910,0,0,0,0,1,0
734,381770,-677,-539,1215,0,-16053,-12780,28833,0,0,0,0,1,0
735,382291,-466,-742,1208,0,-11058,-17590,28648,0,0,0,0,1,0
736,382812,-238,-916,1153,0,-5637,-21724,27362,0,0,0,0,1,0
737,383333,0,-1055,1055,0,0,-25024,25024,0,0,0,0,1,0
738,383854,238,-1153,916,0,5637,-27362,21724,0,0,0,0,1,0
739,384375,466,-1208,742,0,11058,-28648,17590,0,0,0,0,1,0
740,384895,677,-1215,539,0,16053,-28833,12780,0,0,0,0,1,0
741,385416,861,-1177,315,0,20432,-27910,7479,0,0,0,0,1,0
742,385937,1013,-1092,80,0,24025,-25915,1890,0,0,0,0,1,0
743,386458,1125,-966,-159,0,26696,-22924,-3772,0,0,0,0,1,0
744,386979,1195,-803,-392,0,28340,-19052,-9288,0,0,0,0,1,0
745,387500,1218,-609,-609,0,28895,-14448,-14448,0,0,0,0,1,0
746,388020,1195,-392,-803,0,28340,-9288,-19052,0,0,0,0,1,0
747,388541,1125,-159,-966,0,26696,-3772,-22924,0,0,0,0,1,0
748,389062,1013,80,-1092,0,24025,1890,-25915,0,0,0,0,1,0
749,389583,861,315,-1177,0,20432,7479,-27910,0,0,0,0,1,0
750,390104,677,539,-1215,0,16053,12780,-28833,0,0,0,0,1,0
751,390625,466,742,-1208,0,11058,17590,-28648,0,0,0,0,1,0
752,391145,238,916,-1153,0,5637,21724,-27362,0,0,0,0,1,0
753,391666,0,1055,-1055,0,0,25024,-25024,0,0,0,0,1,0
754,392187,-238,1153,-916,0,-5637,27362,-21724,0,0,0,0,1,0
755,392708,-466,1208,-742,0,-11058,28648,-17590,0,0,0,0,1,0
756,393229,-677,1215,-539,0,-16053,28833,-12780,0,0,0,0,1,0
757,393750,-861,1177,-315,0,-20432,27910,-7479,0,0,0,0,1,0
758,394270,-1013,1092,-80,0,-24025,25915,-1890,0,0,0,0,1,0
759,394791,-1125,966,159,0,-26696,22924,3772,0,0,0,0,1,0
760,395312,-1195,803,392,0,-28340,19052,9288,0,0,0,0,1,0
761,395833,-1218,609,609,0,-28895,14448,14448,0,0,0,0,1,0
762,396354,-1195,392,803,0,-28340,9288,19052,0,0,0,0,1,0
763,396875,-1125,159,966,0,-26696,3772,22924,0,0,0,0,1,0
764,397395,-1013,-80,1092,0,-24025,-1890,25915,0,0,0,0,1,0
765,397916,-861,-315,1177,0,-20432,-7479,27910,0,0,0,0,1,0
766,398437,-677,-539,1215,0,-16053,-12780,28833,0,0,0,0,1,0
767,398958,-466,-742,1208,0,-11058,-17590,28648,0,0,0,0,1,0
768,399479,-238,-916,1153,0,-5637,-21724,27362,0,0,0,0,1,0
769,400000,0,-1055,1055,0,0,-25024,25024,0,0,0,0,1,0
770,400520,238,-1153,916,0,5637,-27362,21724,0,0,0,0,1,0
771,401041,466,-1208,742,0,11058,-28648,17590,0,0,0,0,1,0
772,401562,677,-1215,539,0,16053,-28833,12780,0,0,0,0,1,0
773,402083,861,-1177,315,0,20432,-27910,7479,0,0,0,0,1,0
774,402604,1013,-1092,80,0,24025,-25915,1890,0,0,0,0,1,0
775,403125,1125,-966,-159,0,26696,-22924,-3772,0,0,0,0,1,0
776,403645,1195,-803,-392,0,28340,-19052,-9288,0,0,0,0,1,0
777,404166,1218,-609,-609,0,28895,-14448,-14448,0,0,0,0,1,0
778,404687,1195,-392,-803,0,28340,-9288,-19052,0,0,0,0,1,0
779,405208,1125,-159,-966,0,26696,-3772,-22924,0,0,0,0,1,0
780,405729,1013,80,-1092,0,24025,1890,-25915,0,0,0,0,1,0
781,406250,861,315,-1177,0,20432,7479,-27910,0,0,0,0,1,0
782,406770,677,539,-1215,0,16053,12780,-28833,0,0,0,0,1,0
783,407291,466,742,-1208,0,11058,17590,-28648,0,0,0,0,1,0
784,407812,238,916,-1153,0,5637,21724,-27362,0,0,0,0,1,0
785,408333,0,1055,-1055,0,0,25024,-25024,0,0,0,0,1,0
786,408854,-238,1153,-916,0,-5637,27362,-21724,0,0,0,0,1,0
787,409375,-466,1208,-742,0,-11058,28648,-17590,0,0,0,0,1,0
788,409895,-677,1215,-539,0,-16053,28833,-12780,0,0,0,0,1,0
789,410416,-861,1177,-315,0,-20432,27910,-7479,0,0,0,0,1,0
790,410937,-1013,1092,-80,0,-24025,25915,-1890,0,0,0,0,1,0
791,411458,-1125,966,159,0,-26696,22924,3772,0,0,0,0,1,0
792,411979,-1195,803,392,0,-28340,19052,9288,0,0,0,0,1,0
793,412500,-1218,609,609,0,-28895,14448,14448,0,0,0,0,1,0
794,413020,-1195,392,803,0,-28340,9288,19052,0,0,0,0,1,0
795,413541,-1125,159,966,0,-26696,3772,22924,0,0,0,0,1,0
796,414062,-1013,-80,1092,0,-24025,-1890,25915,0,0,0,0,1,0
797,414583,-861,-315,1177,0,-20432,-7479,27910,0,0,0,0,1,0
798,415104,-677,-539,1215,0,-16053,-12780,28833,0,0,0,0,1,0
799,415625,-466,-742,1208,0,-11058,-17590,28648,0,0,0,0,1,0
800,416145,-238,-916,1153,0,-5637,-21724,27362,0,0,0,0,1,0
801,416666,0,-1055,1055,0,0,-25024,25024,0,0,0,0,1,0
802,417187,238,-1153,916,0,5637,-27362,21724,0,0,0,0,1,0
803,417708,466,-1208,742,0,11058,-28648,17590,0,0,0,0,1,0
804,418229,677,-1215,539,0,16053,-28833,12780,0,0,0,0,1,0
805,418750,861,-1177,315,0,20432,-27910,7479,0,0,0,0,1,0
806,419270,1013,-1092,80,0,24025,-25915,1890,0,0,0,0,1,0
807,419791,1125,-966,-159,0,26696,-22924,-3772,0,0,0,0,1,0
808,420312,1195,-803,-392,0,28340,-19052,-9288,0,0,0,0,1,0
809,420833,1218,-609,-609,0,28895,-14448,-14448,0,0,0,0,1,0
810,421354,1195,-392,-803,0,28340,-9288,-19052,0,0,0,0,1,0
811,421875,1125,-159,-966,0,26696,-3772,-22924,0,0,0,0,1,0
812,422395,1013,80,-1092,0,24025,1890,-25915,0,0,0,0,1,0
813,422916,861,315,-1177,0,20432,7479,-27910,0,0,0,0,1,0
814,423437,677,539,-1215,0,16053,12780,-28833,0,0,0,0,1,0
815,423958,466,742,-1208,0,11058,17590,-28648,0,0,0,0,1,0
816,424479,238,916,-1153,0,5637,21724,-27362,0,0,0,0,1,0
817,425000,0,1055,-1055,0,0,25024,-25024,0,0,0,0,1,0
818,425520,-238,1153,-916,0,-5637,27362,-21724,0,0,0,0,1,0
819,426041,-466,1208,-742,0,-11058,28648,-17590,0,0,0,0,1,0
820,426562,-677,1215,-539,0,-16053,28833,-12780,0,0,0,0,1,0
821,427083,-861,1177,-315,0,-20432,27910,-7479,0,0,0,0,1,0
822,427604,-1013,1092,-80,0,-24025,25915,-1890,0,0,0,0,1,0
823,428125,-1125,966,159,0,-26696,22924,3772,0,0,0,0,1,0
824,428645,-1195,803,392,0,-28340,19052,9288,0,0,0,0,1,0
825,429166,-1218,609,609,0,-28895,14448,14448,0,0,0,0,1,0
826,429687,-1195,392,803,0,-28340,9288,19052,0,0,0,0,1,0
827,430208,-1125,159,966,0,-26696,3772,22924,0,0,0,0,1,0
828,430729,-1013,-80,1092,0,-24025,-1890,25915,0,0,0,0,1,0
829,431250,-861,-315,1177,0,-20432,-7479,27910,0,0,0,0,1,0
830,431770,-677,-539,1215,0,-16053,-12780,28833,0,0,0,0,1,0
831,432291,-466,-742,1208,0,-11058,-17590,28648,0,0,0,0,1,0
832,432812,-238,-916,1153,0,-5637,-21724,27362,0,0,0,0,1,0
833,433333,0,-1055,1055,0,0,-25024,25024,0,0,0,0,1,0
834,433854,238,-1153,916,0,5637,-27362,21724,0,0,0,0,1,0
835,434375,466,-1208,742,0,11058,-28648,17590,0,0,0,0,1,0
836,434895,677,-1215,539,0,16053,-28833,12780,0,0,0,0,1,0
837,435416,861,-1177,315,0,20432,-27910,7479,0,0,0,0,1,0
838,435937,1013,-1092,80,0,24025,-25915,1890,0,0,0,0,1,0
839,436458,1125,-966,-159,0,26696,-22924,-3772,0,0,0,0,1,0
840,436979,1195,-803,-392,0,28340,-19052,-9288,0,0,0,0,1,0
841,437500,1218,-609,-609,0,28895,-14448,-14448,0,0,0,0,1,0
842,438020,1195,-392,-803,0,28340,-9288,-19052,0,0,0,0,1,0
843,438541,1125,-159,-966,0,26696,-3772,-22924,0,0,0,0,1,0
844,439062,1013,80,-1092,0,24025,1890,-25915,0,0,0,0,1,0
845,439583,861,315,-1177,0,20432,7479,-27910,0,0,0,0,1,0
846,440104,677,539,-1215,0,16053,12780,-28833,0,0,0,0,1,0
847,440625,466,742,-1208,0,11058,17590,-28648,0,0,0,0,1,0
848,441145,238,916,-1153,0,5637,21724,-27362,0,0,0,0,1,0
849,441666,0,1055,-1055,0,0,25024,-25024,0,0,0,0,1,0
850,442187,-238,1153,-916,0,-5637,27362,-21724,0,0,0,0,1,0
851,442708,-466,1208,-742,0,-11058,28648,-17590,0,0,0,0,1,0
852,443229,-677,1215,-539,0,-16053,28833,-12780,0,0,0,0,1,0
853,443750,-861,1177,-315,0,-20432,27910,-7479,0,0,0,0,1,0
854,444270,-1013,1092,-80,0,-24025,25915,-1890,0,0,0,0,1,0
855,444791,-1125,966,159,0,-26696,22924,3772,0,0,0,0,1,0
856,445312,-1195,803,392,0,-28340,19052,9288,0,0,0,0,1,0
857,445833,-1218,609,609,0,-28895,14448,14448,0,0,0,0,1,0
858,446354,-1195,392,803,0,-28340,9288,19052,0,0,0,0,1,0
859,446875,-1125,159,966,0,-26696,3772,22924,0,0,0,0,1,0
860,447395,-1013,-80,1092,0,-24025,-1890,25915,0,0,0,0,1,0
861,447916,-861,-315,1177,0,-20432,-7479,27910,0,0,0,0,1,0
862,448437,-677,-539,1215,0,-16053,-12780,28833,0,0,0,0,1,0
863,448958,-466,-742,1208,0,-11058,-17590,28648,0,0,0,0,1,0
864,449479,-238,-916,1153,0,-5637,-21724,27362,0,0,0,0,1,0
865,450000,0,-1055,1055,0,0,-25024,25024,0,0,0,0,1,0
866,450520,238,-1153,916,0,5637,-27362,21724,0,0,0,0,1,0
867,451041,466,-1208,742,0,11058,-28648,17590,0,0,0,0,1,0
868,451562,677,-1215,539,0,16053,-28833,12780,0,0,0,0,1,0
869,452083,861,-1177,315,0,20432,-27910,7479,0,0,0,0,1,0
870,452604,1013,-1092,80,0,24025,-25915,1890,0,0,0,0,1,0
871,453125,1125,-966,-159,0,26696,-22924,-3772,0,0,0,0,1,0
872,453645,1195,-803,-392,0,28340,-19052,-9288,0,0,0,0,1,0
873,454166,1218,-609,-609,0,28895,-14448,-14448,0,0,0,0,1,0
874,454687,1195,-392,-803,0,28340,-9288,-19052,0,0,0,0,1,0
875,455208,1125,-159,-966,0,26696,-3772,-22924,0,0,0,0,1,0
876,455729,1013,80,-1092,0,24025,1890,-25915,0,0,0,0,1,0
877,456250,861,315,-1177,0,20432,7479,-27910,0,0,0,0,1,0
878,456770,677,539,-1215,0,16053,12780,-28833,0,0,0,0,1,0
879,457291,466,742,-1208,0,11058,17590,-28648,0,0,0,0,1,0
880,457812,238,916,-1153,0,5637,21724,-27362,0,0,0,0,1,0
881,458333,0,1055,-1055,0,0,25024,-25024,0,0,0,0,1,0
882,458854,-238,1153,-916,0,-5637,27362,-21724,0,0,0,0,1,0
883,459375,-466,1208,-742,0,-11058,28648,-17590,0,0,0,0,1,0
884,459895,-677,1215,-539,0,-16053,28833,-12780,0,0,0,0,1,0
885,460416,-861,1177,-315,0,-20432,27910,-7479,0,0,0,0,1,0
886,460937,-1013,1092,-80,0,-24025,25915,-1890,0,0,0,0,1,0
887,461458,-1125,966,159,0,-26696,22924,3772,0,0,0,0,1,0
888,461979,-1195,803,392,0,-28340,19052,9288,0,0,0,0,1,0
889,462500,-1218,609,609,0,-28895,14448,14448,0,0,0,0,1,0
890,463020,-1195,392,803,0,-28340,9288,19052,0,0,0,0,1,0
891,463541,-1125,159,966,0,-26696,3772,22924,0,0,0,0,1,0
892,464062,-1013,-80,1092,0,-24025,-1890,25915,0,0,0,0,1,0
893,464583,-861,-315,1177,0,-20432,-7479,27910,0,0,0,0,1,0
894,465104,-677,-539,1215,0,-16053,-12780,28833,0,0,0,0,1,0
895,465625,-466,-742,1208,0,-11058,-17590,28648,0,0,0,0,1,0
896,466145,-238,-916,1153,0,-5637,-21724,27362,0,0,0,0,1,0
897,466666,0,-1055,1055,0,0,-25024,25024,0,0,0,0,1,0
898,467187,238,-1153,916,0,5637,-27362,21724,0,0,0,0,1,0
899,467708,466,-1208,742,0,11058,-28648,17590,0,0,0,0,1,0
900,468229,677,-1215,539,0,16053,-28833,12780,0,0,0,0,1,0
901,468750,861,-1177,315,0,20432,-27910,7479,0,0,0,0,1,0
902,469270,1013,-1092,80,0,24025,-25915,1890,0,0,0,0,1,0
903,469791,1125,-966,-159,0,26696,-22924,-3772,0,0,0,0,1,0
904,470312,1195,-803,-392,0,28340,-19052,-9288,0,0,0,0,1,0
905,470833,1218,-609,-609,0,28895,-14448,-14448,0,0,0,0,1,0
906,471354,1195,-392,-803,0,28340,-9288,-19052,0,0,0,0,1,0
907,471875,1125,-159,-966,0,26696,-3772,-22924,0,0,0,0,1,0
908,472395,1013,80,-1092,0,24025,1890,-25915,0,0,0,0,1,0
909,472916,861,315,-1177,0,20432,7479,-27910,0,0,0,0,1,0
910,473437,677,539,-1215,0,16053,12780,-28833,0,0,0,0,1,0
911,473958,466,742,-1208,0,11058,17590,-28648,0,0,0,0,1,0
912,474479,238,916,-1153,0,5637,21724,-27362,0,0,0,0,1,0
913,475000,0,1055,-1055,0,0,25024,-25024,0,0,0,0,1,0
914,475520,-238,1153,-916,0,-5637,27362,-21724,0,0,0,0,1,0
915,476041,-466,1208,-742,0,-11058,28648,-17590,0,0,0,0,1,0
916,476562,-677,1215,-539,0,-16053,28833,-12780,0,0,0,0,1,0
917,477083,-861,1177,-315,0,-20432,27910,-7479,0,0,0,0,1,0
918,477604,-1013,1092,-80,0,-24025,25915,-1890,0,0,0,0,1,0
919,478125,-1125,966,159,0,-26696,22924,3772,0,0,0,0,1,0
920,478645,-1195,803,392,0,-28340,19052,9288,0,0,0,0,1,0
921,479166,-1218,609,609,0,-28895,14448,14448,0,0,0,0,1,0
922,479687,-1195,392,803,0,-28340,9288,19052,0,0,0,0,1,0
923,480208,-1125,159,966,0,-26696,3772,22924,0,0,0,0,1,0
924,480729,-1013,-80,1092,0,-24025,-1890,25915,0,0,0,0,1,0
925,481250,-861,-315,1177,0,-20432,-7479,27910,0,0,0,0,1,0
926,481770,-677,-539,1215,0,-16053,-12780,28833,0,0,0,0,1,0
927,482291,-466,-742,1208,0,-11058,-17590,28648,0,0,0,0,1,0
928,482812,-238,-916,1153,0,-5637,-21724,27362,0,0,0,0,1,0
929,483333,0,-1055,1055,0,0,-25024,25024,0,0,0,0,1,0
930,483854,238,-1153,916,0,5637,-27362,21724,0,0,0,0,1,0
931,484375,466,-1208,742,0,11058,-28648,17590,0,0,0,0,1,0
932,484895,677,-1215,539,0,16053,-28833,12780,0,0,0,0,1,0
933,485416,861,-1177,315,0,20432,-27910,7479,0,0,0,0,1,0
934,485937,1013,-1092,80,0,24025,-25915,1890,0,0,0,0,1,0
935,486458,1125,-966,-159,0,26696,-22924,-3772,0,0,0,0,1,0
936,486979,1195,-803,-392,0,28340,-19052,-9288,0,0,0,0,1,0
937,487500,1218,-609,-609,0,28895,-14448,-14448,0,0,0,0,1,0
938,488020,1195,-392,-803,0,28340,-9288,-19052,0,0,0,0,1,0
939,488541,1125,-159,-966,0,26696,-3772,-22924,0,0,0,0,1,0
940,489062,1013,80,-1092,0,24025,1890,-25915,0,0,0,0,1,0
941,489583,861,315,-1177,0,20432,7479,-27910,0,0,0,0,1,0
942,490104,677,539,-1215,0,16053,12780,-28833,0,0,0,0,1,0
943,490625,466,742,-1208,0,11058,17590,-28648,0,0,0,0,1,0
944,491145,238,916,-1153,0,5637,21724,-27362,0,0,0,0,1,0
945,491666,0,1055,-1055,0,0,25024,-25024,0,0,0,0,1,0
946,492187,-238,1153,-916,0,-5637,27362,-21724,0,0,0,0,1,0
947,492708,-466,1208,-742,0,-11058,28648,-17590,0,0,0,0,1,0
948,493229,-677,1215,-539,0,-16053,28833,-12780,0,0,0,0,1,0
949,493750,-861,1177,-315,0,-20432,27910,-7479,0,0,0,0,1,0
950,494270,-1013,1092,-80,0,-24025,25915,-1890,0,0,0,0,1,0
951,494791,-1125,966,159,0,-26696,22924,3772,0,0,0,0,1,0
952,495312,-1195,803,392,0,-28340,19052,9288,0,0,0,0,1,0
953,495833,-1218,609,609,0,-28895,14448,14448,0,0,0,0,1,0
954,496354,-1195,392,803,0,-28340,9288,19052,0,0,0,0,1,0
955,496875,-1125,159,966,0,-26696,3772,22924,0,0,0,0,1,0
956,497395,-1013,-80,1092,0,-24025,-1890,25915,0,0,0,0,1,0
957,497916,-861,-315,1177,0,-20432,-7479,27910,0,0,0,0,1,0
958,498437,-677,-539,1215,0,-16053,-12780,28833,0,0,0,0,1,0
959,498958,-466,-742,1208,0,-11058,-17590,28648,0,0,0,0,1,0
960,499479,-238,-916,1153,0,-5637,-21724,27362,0,0,0,0,1,0
961,500000,0,-1055,1055,0,0,-25024,25024,0,0,0,0,1,0
962,500520,238,-1153,916,0,5637,-27362,21724,0,0,0,0,1,0
963,501041,466,-1208,742,0,11058,-28648,17590,0,0,0,0,1,0
964,501562,677,-1215,539,0,16053,-28833,12780,0,0,0,0,1,0
965,502083,861,-1177,315,0,20432,-27910,7479,0,0,0,0,1,0
966,502604,1013,-1092,80,0,24025,-25915,1890,0,0,0,0,1,0
967,503125,1125,-966,-159,0,26696,-22924,-3772,0,0,0,0,1,0
968,503645,1195,-803,-392,0,28340,-19052,-9288,0,0,0,0,1,0
969,504166,1218,-609,-609,0,28895,-14448,-14448,0,0,0,0,1,0
970,504687,1195,-392,-803,0,28340,-9288,-19052,0,0,0,0,1,0
971,505208,1125,-159,-966,0,26696,-3772,-22924,0,0,0,0,1,0
972,505729,1013,80,-1092,0,24025,1890,-25915,0,0,0,0,1,0
973,506250,861,315,-1177,0,20432,7479,-27910,0,0,0,0,1,0
974,506770,677,539,-1215,0,16053,12780,-28833,0,0,0,0,1,0
975,507291,466,742,-1208,0,11058,17590,-28648,0,0,0,0,1,0
976,507812,238,916,-1153,0,5637,21724,-27362,0,0,0,0,1,0
977,508333,0,1055,-1055,0,0,25024,-25024,0,0,0,0,1,0
978,508854,-238,1153,-916,0,-5637,27362,-21724,0,0,0,0,1,0
979,509375,-466,1208,-742,0,-11058,28648,-17590,0,0,0,0,1,0
980,509895,-677,1215,-539,0,-16053,28833,-12780,0,0,0,0,1,0
981,510416,-861,1177,-315,0,-20432,27910,-7479,0,0,0,0,1,0
982,510937,-1013,1092,-80,0,-24025,25915,-1890,0,0,0,0,1,0
983,511458,-1125,966,159,0,-26696,22924,3772,0,0,0,0,1,0
984,511979,-1195,803,392,0,-28340,19052,9288,0,0,0,0,1,0
985,512499,-1218,609,609,0,-28895,14448,14448,0,0,0,0,1,0
986,513020,-1195,392,803,0,-28340,9288,19052,0,0,0,0,1,0
987,513541,-1125,159,966,0,-26696,3772,22924,0,0,0,0,1,0
988,514062,-1013,-80,1092,0,-24025,-1890,25915,0,0,0,0,1,0
989,514583,-861,-315,1177,0,-20432,-7479,27910,0,0,0,0,1,0
990,515104,-677,-539,1215,0,-16053,-12780,28833,0,0,0,0,1,0
991,515625,-466,-742,1208,0,-11058,-17590,28648,0,0,0,0,1,0
992,516145,-238,-916,1153,0,-5637,-21724,27362,0,0,0,0,1,0
993,516666,0,-1055,1055,0,0,-25024,25024,0,0,0,0,1,0
994,517187,238,-1153,916,0,5637,-27362,21724,0,0,0,0,1,0
995,517708,466,-1208,742,0,11058,-28648,17590,0,0,0,0,1,0
996,518229,677,-1215,539,0,16053,-28833,12780,0,0,0,0,1,0
997,518750,861,-1177,315,0,20432,-27910,7479,0,0,0,0,1,0
998,519270,1013,-1092,80,0,24025,-25915,1890,0,0,0,0,1,0
999,519791,1125,-966,-159,0,26696,-22924,-3772,0,0,0,0,1,0
1000,520312,1195,-803,-392,0,28340,-19052,-9288,0,0,0,0,1,0
1001,520833,1218,-609,-609,0,28895,-14448,-14448,0,0,0,0,1,0
1002,521354,1195,-392,-803,0,28340,-9288,-19052,0,0,0,0,1,0
1003,521875,1125,-159,-966,0,26696,-3772,-22924,0,0,0,0,1,0
1004,522395,1013,80,-1092,0,24025,1890,-25915,0,0,0,0,1,0
1005,522916,861,315,-1177,0,20432,7479,-27910,0,0,0,0,1,0
1006,523437,677,539,-1215,0,16053,12780,-28833,0,0,0,0,1,0
1007,523958,466,742,-1208,0,11058,17590,-28648,0,0,0,0,1,0
1008,524479,238,916,-1153,0,5637,21724,-27362,0,0,0,0,1,0
1009,525000,0,1055,-1055,0,0,25024,-25024,0,0,0,0,1,0
1010,525520,-238,1153,-916,0,-5637,27362,-21724,0,0,0,0,1,0
1011,526041,-466,1208,-742,0,-11058,28648,-17590,0,0,0,0,1,0
1012,526562,-677,1215,-539,0,-16053,28833,-12780,0,0,0,0,1,0
1013,527083,-861,1177,-315,0,-20432,27910,-7479,0,0,0,0,1,0
1014,527604,-1013,1092,-80,0,-24025,25915,-1890,0,0,0,0,1,0
1015,528125,-1125,966,159,0,-26696,22924,3772,0,0,0,0,1,0
1016,528645,-1195,803,392,0,-28340,19052,9288,0,0,0,0,1,0
1017,529166,-1218,609,609,0,-28895,14448,14448,0,0,0,0,1,0
1018,529687,-1195,392,803,0,-28340,9288,19052,0,0,0,0,1,0
1019,530208,-1125,159,966,0,-26696,3772,22924,0,0,0,0,1,0
1020,530729,-1013,-80,1092,0,-24025,-1890,25915,0,0,0,0,1,0
1021,531250,-861,-315,1177,0,-20432,-7479,27910,0,0,0,0,1,0
1022,531770,-677,-539,1215,0,-16053,-12780,28833,0,0,0,0,1,0
1023,532291,-466,-742,1208,0,-11058,-17590,28648,0,0,0,0,1,0
1024,532812,-238,-916,1153,0,-5637,-21724,27362,0,0,0,0,1,0
1025,533333,0,-1055,1055,0,0,-25024,25024,0,0,0,0,1,0
1026,533854,238,-1153,916,0,5637,-27362,21724,0,0,0,0,1,0
1027,534375,466,-1208,742,0,11058,-28648,17590,0,0,0,0,1,0
1028,534895,677,-1215,539,0,16053,-28833,12780,0,0,0,0,1,0
1029,535416,861,-1177,315,0,20432,-27910,7479,0,0,0,0,1,0
1030,535937,1013,-1092,80,0,24025,-25915,1890,0,0,0,0,1,0
1031,536458,1125,-966,-159,0,26696,-22924,-3772,0,0,0,0,1,0
1032,536979,1195,-803,-392,0,28340,-19052,-9288,0,0,0,0,1,0
1033,537500,1218,-609,-609,0,28895,-14448,-14448,0,0,0,0,1,0
1034,538020,1195,-392,-803,0,28340,-9288,-19052,0,0,0,0,1,0
1035,538541,1125,-159,-966,0,26696,-3772,-22924,0,0,0,0,1,0
1036,539062,1013,80,-1092,0,24025,1890,-25915,0,0,0,0,1,0
1037,539583,861,315,-1177,0,20432,7479,-27910,0,0,0,0,1,0
1038,540104,677,539,-1215,0,16053,12780,-28833,0,0,0,0,1,0
1039,540625,466,742,-1208,0,11058,17590,-28648,0,0,0,0,1,0
1040,541145,238,916,-1153,0,5637,21724,-27362,0,0,0,0,1,0
1041,541666,0,1055,-1055,0,0,25024,-25024,0,0,0,0,1,0
1042,542187,-238,1153,-916,0,-5637,27362,-21724,0,0,0,0,1,0
1043,542708,-466,1208,-742,0,-11058,28648,-17590,0,0,0,0,1,0
1044,543229,-677,1215,-539,0,-16053,28833,-12780,0,0,0,0,1,0
1045,543750,-861,1177,-315,0,-20432,27910,-7479,0,0,0,0,1,0
1046,544270,-1013,1092,-80,0,-24025,25915,-1890,0,0,0,0,1,0
1047,544791,-1125,966,159,0,-26696,22924,3772,0,0,0,0,1,0
1048,545312,-1195,803,392,0,-28340,19052,9288,0,0,0,0,1,0
1049,545833,-1218,609,609,0,-28895,14448,14448,0,0,0,0,1,0
1050,546354,-1195,392,803,0,-28340,9288,19052,0,0,0,0,1,0
1051,546875,-1125,159,966,0,-26696,3772,22924,0,0,0,0,1,0
1052,547395,-1013,-80,1092,0,-24025,-1890,25915,0,0,0,0,1,0
1053,547916,-861,-315,1177,0,-20432,-7479,27910,0,0,0,0,1,0
1054,548437,-677,-539,1215,0,-16053,-12780,28833,0,0,0,0,1,0
1055,548958,-466,-742,1208,0,-11058,-17590,28648,0,0,0,0,1,0
1056,549479,-238,-916,1153,0,-5637,-21724,27362,0,0,0,0,1,0
1057,550000,0,-1055,1055,0,0,-25024,25024,0,0,0,0,1,0
1058,550520,238,-1153,916,0,5637,-27362,21724,0,0,0,0,1,0
1059,551041,466,-1208,742,0,11058,-28648,17590,0,0,0,0,1,0
1060,551562,677,-1215,539,0,16053,-28833,12780,0,0,0,0,1,0
1061,552083,861,-1177,315,0,20432,-27910,7479,0,0,0,0,1,0
1062,552604,1013,-1092,80,0,24025,-25915,1890,0,0,0,0,1,0
1063,553125,1125,-966,-159,0,26696,-22924,-3772,0,0,0,0,1,0
1064,553645,1195,-803,-392,0,28340,-19052,-9288,0,0,0,0,1,0
1065,554166,1218,-609,-609,0,28895,-14448,-14448,0,0,0,0,1,0
1066,554687,1195,-392,-803,0,28340,-9288,-19052,0,0,0,0,1,0
1067,555208,1125,-159,-966,0,26696,-3772,-22924,0,0,0,0,1,0
1068,555729,1013,80,-1092,0,24025,1890,-25915,0,0,0,0,1,0
1069,556250,861,315,-1177,0,20432,7479,-27910,0,0,0,0,1,0
1070,556770,677,539,-1215,0,16053,12780,-28833,0,0,0,0,1,0
1071,557291,466,742,-1208,0,11058,17590,-28648,0,0,0,0,1,0
1072,557812,238,916,-1153,0,5637,21724,-27362,0,0,0,0,1,0
1073,558333,0,1055,-1055,0,0,25024,-25024,0,0,0,0,1,0
1074,558854,-238,1153,-916,0,-5637,27362,-21724,0,0,0,0,1,0
1075,559375,-466,1208,-742,0,-11058,28648,-17590,0,0,0,0,1,0
1076,559895,-677,1215,-539,0,-16053,28833,-12780,0,0,0,0,1,0
1077,560416,-861,1177,-315,0,-20432,27910,-7479,0,0,0,0,1,0
1078,560937,-1013,1092,-80,0,-24025,25915,-1890,0,0,0,0,1,0
1079,561458,-1125,966,159,0,-26696,22924,3772,0,0,0,0,1,0
1080,561979,-1195,803,392,0,-28340,19052,9288,0,0,0,0,1,0
1081,562500,-1218,609,609,0,-28895,14448,14448,0,0,0,0,1,0
1082,563020,-1195,392,803,0,-28340,9288,19052,0,0,0,0,1,0
1083,563541,-1125,159,966,0,-26696,3772,22924,0,0,0,0,1,0
1084,564062,-1013,-80,1092,0,-24025,-1890,25915,0,0,0,0,1,0
1085,564583,-861,-315,1177,0,-20432,-7479,27910,0,0,0,0,1,0
1086,565104,-677,-539,1215,0,-16053,-12780,28833,0,0,0,0,1,0
1087,565625,-466,-742,1208,0,-11058,-17590,28648,0,0,0,0,1,0
1088,566145,-238,-916,1153,0,-5637,-21724,27362,0,0,0,0,1,0
1089,566666,0,-1055,1055,0,0,-25024,25024,0,0,0,0,1,0
1090,567187,238,-1153,916,0,5637,-27362,21724,0,0,0,0,1,0
1091,567708,466,-1208,742,0,11058,-28648,17590,0,0,0,0,1,0
1092,568229,677,-1215,539,0,16053,-28833,12780,0,0,0,0,1,0
1093,568750,861,-1177,315,0,20432,-27910,7479,0,0,0,0,1,0
1094,569270,1013,-1092,80,0,24025,-25915,1890,0,0,0,0,1,0
1095,569791,1125,-966,-159,0,26696,-22924,-3772,0,0,0,0,1,0
1096,570312,1195,-803,-392,0,28340,-19052,-9288,0,0,0,0,1,0
1097,570833,1218,-609,-609,0,28895,-14448,-14448,0,0,0,0,1,0
1098,571354,1195,-392,-803,0,28340,-9288,-19052,0,0,0,0,1,0
1099,571875,1125,-159,-966,0,26696,-3772,-22924,0,0,0,0,1,0
1100,572395,1013,80,-1092,0,24025,1890,-25915,0,0,0,0,1,0
1101,572916,861,315,-1177,0,20432,7479,-27910,0,0,0,0,1,0
1102,573437,677,539,-1215,0,16053,12780,-28833,0,0,0,0,1,0
1103,573958,466,742,-1208,0,11058,17590,-28648,0,0,0,0,1,0
1104,574479,238,916,-1153,0,5637,21724,-27362,0,0,0,0,1,0
1105,575000,0,1055,-1055,0,0,25024,-25024,0,0,0,0,1,0
1106,575520,-238,1153,-916,0,-5637,27362,-21724,0,0,0,0,1,0
1107,576041,-466,1208,-742,0,-11058,28648,-17590,0,0,0,0,1,0
1108,576562,-677,1215,-539,0,-16053,28833,-12780,0,0,0,0,1,0
1109,577083,-861,1177,-315,0,-20432,27910,-7479,0,0,0,0,1,0
1110,577604,-1013,1092,-80,0,-24025,25915,-1890,0,0,0,0,1,0
1111,578125,-1125,966,159,0,-26696,22924,3772,0,0,0,0,1,0
1112,578645,-1195,803,392,0,-28340,19052,9288,0,0,0,0,1,0
1113,579166,-1218,609,609,0,-28895,14448,14448,0,0,0,0,1,0
1114,579687,-1195,392,803,0,-28340,9288,19052,0,0,0,0,1,0
1115,580208,-1125,159,966,0,-26696,3772,22924,0,0,0,0,1,0
1116,580729,-1013,-80,1092,0,-24025,-1890,25915,0,0,0,0,1,0
1117,581250,-861,-315,1177,0,-20432,-7479,27910,0,0,0,0,1,0
1118,581770,-677,-539,1215,0,-16053,-12780,28833,0,0,0,0,1,0
1119,582291,-466,-742,1208,0,-11058,-17590,28648,0,0,0,0,1,0
1120,582812,-238,-916,1153,0,-5637,-21724,27362,0,0,0,0,1,0
1121,583333,0,-1055,1055,0,0,-25024,25024,0,0,0,0,1,0
1122,583854,238,-1153,916,0,5637,-27362,21724,0,0,0,0,1,0
1123,584375,466,-1208,742,0,11058,-28648,17590,0,0,0,0,1,0
1124,584895,677,-1215,539,0,16053,-28833,12780,0,0,0,0,1,0
1125,585416,861,-1177,315,0,20432,-27910,7479,0,0,0,0,1,0
1126,585937,1013,-1092,80,0,24025,-25915,1890,0,0,0,0,1,0
1127,586458,1125,-966,-159,0,26696,-22924,-3772,0,0,0,0,1,0
1128,586979,1195,-803,-392,0,28340,-19052,-9288,0,0,0,0,1,0
1129,587500,1218,-609,-609,0,28895,-14448,-14448,0,0,0,0,1,0
1130,588020,1195,-392,-803,0,28340,-9288,-19052,0,0,0,0,1,0
1131,588541,1125,-159,-966,0,26696,-3772,-22924,0,0,0,0,1,0
1132,589062,1013,80,-1092,0,24025,1890,-25915,0,0,0,0,1,0
1133,589583,861,315,-1177,0,20432,7479,-27910,0,0,0,0,1,0
1134,590104,677,539,-1215,0,16053,12780,-28833,0,0,0,0,1,0
1135,590625,466,742,-1208,0,11058,17590,-28648,0,0,0,0,1,0
1136,591145,238,916,-1153,0,5637,21724,-27362,0,0,0,0,1,0
1137,591666,0,1055,-1055,0,0,25024,-25024,0,0,0,0,1,0
1138,592187,-238,1153,-916,0,-5637,27362,-21724,0,0,0,0,1,0
1139,592708,-466,1208,-742,0,-11058,28648,-17590,0,0,0,0,1,0
1140,593229,-677,1215,-539,0,-16053,28833,-12780,0,0,0,0,1,0
1141,593750,-861,1177,-315,0,-20432,27910,-7479,0,0,0,0,1,0
1142,594270,-1013,1092,-80,0,-24025,25915,-1890,0,0,0,0,1,0
1143,594791,-1125,966,159,0,-26696,22924,3772,0,0,0,0,1,0
1144,595312,-1195,803,392,0,-28340,19052,9288,0,0,0,0,1,0
1145,595833,-1218,609,609,0,-28895,14448,14448,0,0,0,0,1,0
1146,596354,-1195,392,803,0,-28340,9288,19052,0,0,0,0,1,0
1147,596875,-1125,159,966,0,-26696,3772,22924,0,0,0,0,1,0
1148,597395,-1013,-80,1092,0,-24025,-1890,25915,0,0,0,0,1,0
1149,597916,-861,-315,1177,0,-20432,-7479,27910,0,0,0,0,1,0
1150,598437,-677,-539,1215,0,-16053,-12780,28833,0,0,0,0,1,0
1151,598958,-466,-742,1208,0,-11058,-17590,28648,0,0,0,0,1,0
1152,599479,-238,-916,1153,0,-5637,-21724,27362,0,0,0,0,1,0
1153,600000,0,-1055,1055,0,0,-25024,25024,0,0,0,0,1,0
1154,600520,238,-1153,916,0,5637,-27362,21724,0,0,0,0,1,0
1155,601041,466,-1208,742,0,11058,-28648,17590,0,0,0,0,1,0
1156,601562,677,-1215,539,0,16053,-28833,12780,0,0,0,0,1,0
1157,602083,861,-1177,315,0,20432,-27910,7479,0,0,0,0,1,0
1158,602604,1013,-1092,80,0,24025,-25915,1890,0,0,0,0,1,0
1159,603125,1125,-966,-159,0,26696,-22924,-3772,0,0,0,0,1,0
1160,603645,1195,-803,-392,0,28340,-19052,-9288,0,0,0,0,1,0
1161,604166,1218,-609,-609,0,28895,-14448,-14448,0,0,0,0,1,0
1162,604687,1195,-392,-803,0,28340,-9288,-19052,0,0,0,0,1,0
1163,605208,1125,-159,-966,0,26696,-3772,-22924,0,0,0,0,1,0
1164,605729,1013,80,-1092,0,24025,1890,-25915,0,0,0,0,1,0
1165,606250,861,315,-1177,0,20432,7479,-27910,0,0,0,0,1,0
1166,606770,677,539,-1215,0,16053,12780,-28833,0,0,0,0,1,0
1167,607291,466,742,-1208,0,11058,17590,-28648,0,0,0,0,1,0
1168,607812,238,916,-1153,0,5637,21724,-27362,0,0,0,0,1,0
1169,608333,0,1055,-1055,0,0,25024,-25024,0,0,0,0,1,0
1170,608854,-238,1153,-916,0,-5637,27362,-21724,0,0,0,0,1,0
1171,609375,-466,1208,-742,0,-11058,28648,-17590,0,0,0,0,1,0
1172,609895,-677,1215,-539,0,-16053,28833,-12780,0,0,0,0,1,0
1173,610416,-861,1177,-315,0,-20432,27910,-7479,0,0,0,0,1,0
1174,610937,-1013,1092,-80,0,-24025,25915,-1890,0,0,0,0,1,0
1175,611458,-1125,966,159,0,-26696,22924,3772,0,0,0,0,1,0
1176,611979,-1195,803,392,0,-28340,19052,9288,0,0,0,0,1,0
1177,612500,-1218,609,609,0,-28895,14448,14448,0,0,0,0,1,0
1178,613020,-1195,392,803,0,-28340,9288,19052,0,0,0,0,1,0
1179,613541,-1125,159,966,0,-26696,3772,22924,0,0,0,0,1,0
1180,614062,-1013,-80,1092,0,-24025,-1890,25915,0,0,0,0,1,0
1181,614583,-861,-315,1177,0,-20432,-7479,27910,0,0,0,0,1,0
1182,615104,-677,-539,1215,0,-16053,-12780,28833,0,0,0,0,1,0
1183,615625,-466,-742,1208,0,-11058,-17590,28648,0,0,0,0,1,0
1184,616145,-238,-916,1153,0,-5637,-21724,27362,0,0,0,0,1,0
1185,616666,0,-1055,1055,0,0,-25024,25024,0,0,0,0,1,0
1186,617187,238,-1153,916,0,5637,-27362,21724,0,0,0,0,1,0
1187,617708,466,-1208,742,0,11058,-28648,17590,0,0,0,0,1,0
1188,618229,677,-1215,539,0,16053,-28833,12780,0,0,0,0,1,0
1189,618750,861,-1177,315,0,20432,-27910,7479,0,0,0,0,1,0
1190,619270,1013,-1092,80,0,24025,-25915,1890,0,0,0,0,1,0
1191,619791,1125,-966,-159,0,26696,-22924,-3772,0,0,0,0,1,0
1192,620312,1195,-803,-392,0,28340,-19052,-9288,0,0,0,0,1,0
1193,620833,1218,-609,-609,0,28895,-14448,-14448,0,0,0,0,1,0
1194,621354,1195,-392,-803,0,28340,-9288,-19052,0,0,0,0,1,0
1195,621875,1125,-159,-966,0,26696,-3772,-22924,0,0,0,0,1,0
1196,622395,1013,80,-1092,0,24025,1890,-25915,0,0,0,0,1,0
1197,622916,861,315,-1177,0,20432,7479,-27910,0,0,0,0,1,0
1198,623437,677,539,-1215,0,16053,12780,-28833,0,0,0,0,1,0
1199,623958,466,742,-1208,0,11058,17590,-28648,0,0,0,0,1,0
1200,624479,238,916,-1153,0,5637,21724,-27362,0,0,0,0,1,0
1201,625000,0,1055,-1055,0,0,25024,-25024,0,0,0,0,1,0
1202,625520,-238,1153,-916,0,-5637,27362,-21724,0,0,0,0,1,0
1203,626041,-466,1208,-742,0,-11058,28648,-17590,0,0,0,0,1,0
1204,626562,-677,1215,-539,0,-16053,28833,-12780,0,0,0,0,1,0
1205,627083,-861,1177,-315,0,-20432,27910,-7479,0,0,0,0,1,0
1206,627604,-1013,1092,-80,0,-24025,25915,-1890,0,0,0,0,1,0
1207,628125,-1125,966,159,0,-26696,22924,3772,0,0,0,0,1,0
1208,628645,-1195,803,392,0,-28340,19052,9288,0,0,0,0,1,0
1209,629166,-1218,609,609,0,-28895,14448,14448,0,0,0,0,1,0
1210,629687,-1195,392,803,0,-28340,9288,19052,0,0,0,0,1,0
1211,630208,-1125,159,966,0,-26696,3772,22924,0,0,0,0,1,0
1212,630729,-1013,-80,1092,0,-24025,-1890,25915,0,0,0,0,1,0
1213,631250,-861,-315,1177,0,-20432,-7479,27910,0,0,0,0,1,0
1214,631770,-677,-539,1215,0,-16053,-12780,28833,0,0,0,0,1,0
1215,632291,-466,-742,1208,0,-11058,-17590,28648,0,0,0,0,1,0
1216,632812,-238,-916,1153,0,-5637,-21724,27362,0,0,0,0,1,0
1217,633333,0,-1055,1055,0,0,-25024,25024,0,0,0,0,1,0
1218,633854,238,-1153,916,0,5637,-27362,21724,0,0,0,0,1,0
1219,634375,466,-1208,742,0,11058,-28648,17590,0,0,0,0,1,0
1220,634895,677,-1215,539,0,16053,-28833,12780,0,0,0,0,1,0
1221,635416,861,-1177,315,0,20432,-27910,7479,0,0,0,0,1,0
1222,635937,1013,-1092,80,0,24025,-25915,1890,0,0,0,0,1,0
1223,636458,1125,-966,-159,0,26696,-22924,-3772,0,0,0,0,1,0
1224,636979,1195,-803,-392,0,28340,-19052,-9288,0,0,0,0,1,0
1225,637500,1218,-609,-609,0,28895,-14448,-14448,0,0,0,0,1,0
1226,638020,1195,-392,-803,0,28340,-9288,-19052,0,0,0,0,1,0
1227,638541,1125,-159,-966,0,26696,-3772,-22924,0,0,0,0,1,0
1228,639062,1013,80,-1092,0,24025,1890,-25915,0,0,0,0,1,0
1229,639583,861,315,-1177,0,20432,7479,-27910,0,0,0,0,1,0
1230,640104,677,539,-1215,0,16053,12780,-28833,0,0,0,0,1,0
1231,640625,466,742,-1208,0,11058,17590,-28648,0,0,0,0,1,0
1232,641145,238,916,-1153,0,5637,21724,-27362,0,0,0,0,1,0
1233,641666,0,1055,-1055,0,0,25024,-25024,0,0,0,0,1,0
1234,642187,-238,1153,-916,0,-5637,27362,-21724,0,0,0,0,1,0
1235,642708,-466,1208,-742,0,-11058,28648,-17590,0,0,0,0,1,0
1236,643229,-677,1215,-539,0,-16053,28833,-12780,0,0,0,0,1,0
1237,643750,-861,1177,-315,0,-20432,27910,-7479,0,0,0,0,1,0
1238,644270,-1013,1092,-80,0,-24025,25915,-1890,0,0,0,0,1,0
1239,644791,-1125,966,159,0,-26696,22924,3772,0,0,0,0,1,0
1240,645312,-1195,803,392,0,-28340,19052,9288,0,0,0,0,1,0
1241,645833,-1218,609,609,0,-28895,14448,14448,0,0,0,0,1,0
1242,646354,-1195,392,803,0,-28340,9288,19052,0,0,0,0,1,0
1243,646875,-1125,159,966,0,-26696,3772,22924,0,0,0,0,1,0
1244,647395,-1013,-80,1092,0,-24025,-1890,25915,0,0,0,0,1,0
1245,647916,-861,-315,1177,0,-20432,-7479,27910,0,0,0,0,1,0
1246,648437,-677,-539,1215,0,-16053,-12780,28833,0,0,0,0,1,0
1247,648958,-466,-742,1208,0,-11058,-17590,28648,0,0,0,0,1,0
1248,649479,-238,-916,1153,0,-5637,-21724,27362,0,0,0,0,1,0
1249,650000,0,-1055,1055,0,0,-25024,25024,0,0,0,0,1,0
1250,650520,238,-1153,916,0,5637,-27362,21724,0,0,0,0,1,0
1251,651041,466,-1208,742,0,11058,-28648,17590,0,0,0,0,1,0
1252,651562,677,-1215,539,0,16053,-28833,12780,0,0,0,0,1,0
1253,652083,861,-1177,315,0,20432,-27910,7479,0,0,0,0,1,0
1254,652604,1013,-1092,80,0,24025,-25915,1890,0,0,0,0,1,0
1255,653125,1125,-966,-159,0,26696,-22924,-3772,0,0,0,0,1,0
1256,653645,1195,-803,-392,0,28340,-19052,-9288,0,0,0,0,1,0
1257,654166,1218,-609,-609,0,28895,-14448,-14448,0,0,0,0,1,0
1258,654687,1195,-392,-803,0,28340,-9288,-19052,0,0,0,0,1,0
1259,655208,1125,-159,-966,0,26696,-3772,-22924,0,0,0,0,1,0
1260,655729,1013,80,-1092,0,24025,1890,-25915,0,0,0,0,1,0
1261,656250,861,315,-1177,0,20432,7479,-27910,0,0,0,0,1,0
1262,656770,677,539,-1215,0,16053,12780,-28833,0,0,0,0,1,0
1263,657291,466,742,-1208,0,11058,17590,-28648,0,0,0,0,1,0
1264,657812,238,916,-1153,0,5637,21724,-27362,0,0,0,0,1,0
1265,658333,0,1055,-1055,0,0,25024,-25024,0,0,0,0,1,0
1266,658854,-238,1153,-916,0,-5637,27362,-21724,0,0,0,0,1,0
1267,659375,-466,1208,-742,0,-11058,28648,-17590,0,0,0,0,1,0
1268,659895,-677,1215,-539,0,-16053,28833,-12780,0,0,0,0,1,0
1269,660416,-861,1177,-315,0,-20432,27910,-7479,0,0,0,0,1,0
1270,660937,-1013,1092,-80,0,-24025,25915,-1890,0,0,0,0,1,0
1271,661458,-1125,966,159,0,-26696,22924,3772,0,0,0,0,1,0
1272,661979,-1195,803,392,0,-28340,19052,9288,0,0,0,0,1,0
1273,662500,-1218,609,609,0,-28895,14448,14448,0,0,0,0,1,0
1274,663020,-1195,392,803,0,-28340,9288,19052,0,0,0,0,1,0
1275,663541,-1125,159,966,0,-26696,3772,22924,0,0,0,0,1,0
1276,664062,-1013,-80,1092,0,-24025,-1890,25915,0,0,0,0,1,0
1277,664583,-861,-315,1177,0,-20432,-7479,27910,0,0,0,0,1,0
1278,665104,-677,-539,1215,0,-16053,-12780,28833,0,0,0,0,1,0
1279,665625,-466,-742,1208,0,-11058,-17590,28648,0,0,0,0,1,0
1280,666145,-238,-916,1153,0,-5637,-21724,27362,0,0,0,0,1,0
1281,666666,0,-1055,1055,0,0,-25024,25024,0,0,0,0,1,0
1282,667187,238,-1153,916,0,5637,-27362,21724,0,0,0,0,1,0
1283,667708,466,-1208,742,0,11058,-28648,17590,0,0,0,0,1,0
1284,668229,677,-1215,539,0,16053,-28833,12780,0,0,0,0,1,0
1285,668750,861,-1177,315,0,20432,-27910,7479,0,0,0,0,1,0
1286,669270,1013,-1092,80,0,24025,-25915,1890,0,0,0,0,1,0
1287,669791,1125,-966,-159,0,26696,-22924,-3772,0,0,0,0,1,0
1288,670312,1195,-803,-392,0,28340,-19052,-9288,0,0,0,0,1,0
1289,670833,1218,-609,-609,0,28895,-14448,-14448,0,0,0,0,1,0
1290,671354,1195,-392,-803,0,28340,-9288,-19052,0,0,0,0,1,0
1291,671875,1125,-159,-966,0,26696,-3772,-22924,0,0,0,0,1,0
1292,672395,1013,80,-1092,0,24025,1890,-25915,0,0,0,0,1,0
1293,672916,861,315,-1177,0,20432,7479,-27910,0,0,0,0,1,0
1294,673437,677,539,-1215,0,16053,12780,-28833,0,0,0,0,1,0
1295,673958,466,742,-1208,0,11058,17590,-28648,0,0,0,0,1,0
1296,674479,238,916,-1153,0,5637,21724,-27362,0,0,0,0,1,0
1297,675000,0,1055,-1055,0,0,25024,-25024,0,0,0,0,1,0
1298,675520,-238,1153,-916,0,-5637,27362,-21724,0,0,0,0,1,0
1299,676041,-466,1208,-742,0,-11058,28648,-17590,0,0,0,0,1,0
1300,676562,-677,1215,-539,0,-16053,28833,-12780,0,0,0,0,1,0
1301,677083,-861,1177,-315,0,-20432,27910,-7479,0,0,0,0,1,0
1302,677604,-1013,1092,-80,0,-24025,25915,-1890,0,0,0,0,1,0
1303,678125,-1125,966,159,0,-26696,22924,3772,0,0,0,0,1,0
1304,678645,-1195,803,392,0,-28340,19052,9288,0,0,0,0,1,0
1305,679166,-1218,609,609,0,-28895,14448,14448,0,0,0,0,1,0
1306,679687,-1195,392,803,0,-28340,9288,19052,0,0,0,0,1,0
1307,680208,-1125,159,966,0,-26696,3772,22924,0,0,0,0,1,0
1308,680729,-1013,-80,1092,0,-24025,-1890,25915,0,0,0,0,1,0
1309,681250,-861,-315,1177,0,-20432,-7479,27910,0,0,0,0,1,0
1310,681770,-677,-539,1215,0,-16053,-12780,28833,0,0,0,0,1,0
1311,682291,-466,-742,1208,0,-11058,-17590,28648,0,0,0,0,1,0
1312,682812,-238,-916,1153,0,-5637,-21724,27362,0,0,0,0,1,0
1313,683333,0,-1055,1055,0,0,-25024,25024,0,0,0,0,1,0
1314,683854,238,-1153,916,0,5637,-27362,21724,0,0,0,0,1,0
1315,684375,466,-1208,742,0,11058,-28648,17590,0,0,0,0,1,0
1316,684895,677,-1215,539,0,16053,-28833,12780,0,0,0,0,1,0
