1,0,0,-1033,1033,0,0,-25078,25078,0,0,0,0,1,0
2,520,233,-1130,897,0,5649,-27420,21771,0,0,0,0,1,0
3,1041,457,-1183,726,0,11081,-28709,17628,0,0,0,0,1,0
4,1562,663,-1191,528,0,16088,-28895,12807,0,0,0,0,1,0
5,2083,844,-1152,309,0,20476,-27970,7495,0,0,0,0,1,0
6,2604,992,-1070,78,0,24077,-25971,1894,0,0,0,0,1,0
7,3125,1102,-947,-156,0,26753,-22973,-3780,0,0,0,0,1,0
8,3645,1170,-787,-383,0,28401,-19093,-9308,0,0,0,0,1,0
9,4166,1193,-597,-597,0,28957,-14479,-14479,0,0,0,0,1,0
10,4687,1170,-383,-787,0,28401,-9308,-19093,0,0,0,0,1,0
11,5208,1102,-156,-947,0,26753,-3780,-22973,0,0,0,0,1,0
12,5729,992,78,-1070,0,24077,1894,-25971,0,0,0,0,1,0
13,6250,844,309,-1152,0,20476,7495,-27970,0,0,0,0,1,0
14,6770,663,528,-1191,0,16088,12807,-28895,0,0,0,0,1,0
15,7291,457,726,-1183,0,11081,17628,-28709,0,0,0,0,1,0
16,7812,233,897,-1130,0,5649,21771,-27420,0,0,0,0,1,0
17,8333,0,1033,-1033,0,0,25078,-25078,0,0,0,0,1,0
18,8854,-233,1130,-897,0,-5649,27420,-21771,0,0,0,0,1,0
19,9375,-457,1183,-726,0,-11081,28709,-17628,0,0,0,0,1,0
20,9895,-663,1191,-528,0,-16088,28895,-12807,0,0,0,0,1,0
21,10416,-844,1152,-309,0,-20476,27970,-7495,0,0,0,0,1,0
22,10937,-992,1070,-78,0,-24077,25971,-1894,0,0,0,0,1,0
23,11458,-1102,947,156,0,-26753,22973,3780,0,0,0,0,1,0
24,11979,-1170,787,383,0,-28401,19093,9308,0,0,0,0,1,0
25,12500,-1193,597,597,0,-28957,14479,14479,0,0,0,0,1,0
26,13020,-1170,383,787,0,-28401,9308,19093,0,0,0,0,1,0
27,13541,-1102,156,947,0,-26753,3780,22973,0,0,0,0,1,0
28,14062,-992,-78,1070,0,-24077,-1894,25971,0,0,0,0,1,0
29,14583,-844,-309,1152,0,-20476,-7495,27970,0,0,0,0,1,0
30,15104,-663,-528,1191,0,-16088,-12807,28895,0,0,0,0,1,0
31,15625,-457,-726,1183,0,-11081,-17628,28709,0,0,0,0,1,0
32,16145,-233,-897,1130,0,-5649,-21771,27420,0,0,0,0,1,0
33,16666,0,-1033,1033,0,0,-25078,25078,0,0,0,0,1,0
34,17187,233,-1130,897,0,5649,-27420,21771,0,0,0,0,1,0
35,17708,457,-1183,726,0,11081,-28709,17628,0,0,0,0,1,0
36,18229,663,-1191,528,0,16088,-28895,12807,0,0,0,0,1,0
37,18750,844,-1152,309,0,20476,-27970,7495,0,0,0,0,1,0
38,19270,992,-1070,78,0,24077,-25971,1894,0,0,0,0,1,0
39,19791,1102,-947,-156,0,26753,-22973,-3780,0,0,0,0,1,0
40,20312,1170,-787,-383,0,28401,-19093,-9308,0,0,0,0,1,0
41,20833,1193,-597,-597,0,28957,-14479,-14479,0,0,0,0,1,0
42,21354,1170,-383,-787,0,28401,-9308,-19093,0,0,0,0,1,0
43,21875,1102,-156,-947,0,26753,-3780,-22973,0,0,0,0,1,0
44,22395,992,78,-1070,0,24077,1894,-25971,0,0,0,0,1,0
45,22916,844,309,-1152,0,20476,7495,-27970,0,0,0,0,1,0
46,23437,663,528,-1191,0,16088,12807,-28895,0,0,0,0,1,0
47,23958,457,726,-1183,0,11081,17628,-28709,0,0,0,0,1,0
48,24479,233,897,-1130,0,5649,21771,-27420,0,0,0,0,1,0
49,25000,0,1033,-1033,0,0,25078,-25078,0,0,0,0,1,0
50,25520,-233,1130,-897,0,-5649,27420,-21771,0,0,0,0,1,0
51,26041,-457,1183,-726,0,-11081,28709,-17628,0,0,0,0,1,0
52,26562,-663,1191,-528,0,-16088,28895,-12807,0,0,0,0,1,0
53,27083,-844,1152,-309,0,-20476,27970,-7495,0,0,0,0,1,0
54,27604,-992,1070,-78,0,-24077,25971,-1894,0,0,0,0,1,0
55,28125,-1102,947,156,0,-26753,22973,3780,0,0,0,0,1,0
56,28645,-1170,787,383,0,-28401,19093,9308,0,0,0,0,1,0
57,29166,-1193,597,597,0,-28957,14479,14479,0,0,0,0,1,0
58,29687,-1170,383,787,0,-28401,9308,19093,0,0,0,0,1,0
59,30208,-1102,156,947,0,-26753,3780,22973,0,0,0,0,1,0
60,30729,-992,-78,1070,0,-24077,-1894,25971,0,0,0,0,1,0
61,31250,-844,-309,1152,0,-20476,-7495,27970,0,0,0,0,1,0
62,31770,-663,-528,1191,0,-16088,-12807,28895,0,0,0,0,1,0
63,32291,-457,-726,1183,0,-11081,-17628,28709,0,0,0,0,1,0
64,32812,-233,-897,1130,0,-5649,-21771,27420,0,0,0,0,1,0
65,33333,0,-1033,1033,0,0,-25078,25078,0,0,0,0,1,0
66,33854,233,-1130,897,0,5649,-27420,21771,0,0,0,0,1,0
67,34375,457,-1183,726,0,11081,-28709,17628,0,0,0,0,1,0
68,34895,663,-1191,528,0,16088,-28895,12807,0,0,0,0,1,0
69,35416,844,-1152,309,0,20476,-27970,7495,0,0,0,0,1,0
70,35937,992,-1070,78,0,24077,-25971,1894,0,0,0,0,1,0
71,36458,1102,-947,-156,0,26753,-22973,-3780,0,0,0,0,1,0
72,36979,1170,-787,-383,0,28401,-19093,-9308,0,0,0,0,1,0
73,37500,1193,-597,-597,0,28957,-14479,-14479,0,0,0,0,1,0
74,38020,1170,-383,-787,0,28401,-9308,-19093,0,0,0,0,1,0
75,38541,1102,-156,-947,0,26753,-3780,-22973,0,0,0,0,1,0
76,39062,992,78,-1070,0,24077,1894,-25971,0,0,0,0,1,0
77,39583,844,309,-1152,0,20476,7495,-27970,0,0,0,0,1,0
78,40104,663,528,-1191,0,16088,12807,-28895,0,0,0,0,1,0
79,40625,457,726,-1183,0,11081,17628,-28709,0,0,0,0,1,0
80,41145,233,897,-1130,0,5649,21771,-27420,0,0,0,0,1,0
81,41666,0,1033,-1033,0,0,25078,-25078,0,0,0,0,1,0
82,42187,-233,1130,-897,0,-5649,27420,-21771,0,0,0,0,1,0
83,42708,-457,1183,-726,0,-11081,28709,-17628,0,0,0,0,1,0
84,43229,-663,1191,-528,0,-16088,28895,-12807,0,0,0,0,1,0
85,43750,-844,1152,-309,0,-20476,27970,-7495,0,0,0,0,1,0
86,44270,-992,1070,-78,0,-24077,25971,-1894,0,0,0,0,1,0
87,44791,-1102,947,156,0,-26753,22973,3780,0,0,0,0,1,0
88,45312,-1170,787,383,0,-28401,19093,9308,0,0,0,0,1,0
89,45833,-1193,597,597,0,-28957,14479,14479,0,0,0,0,1,0
90,46354,-1170,383,787,0,-28401,9308,19093,0,0,0,0,1,0
91,46875,-1102,156,947,0,-26753,3780,22973,0,0,0,0,1,0
92,47395,-992,-78,1070,0,-24077,-1894,25971,0,0,0,0,1,0
93,47916,-844,-309,1152,0,-20476,-7495,27970,0,0,0,0,1,0
94,48437,-663,-528,1191,0,-16088,-12807,28895,0,0,0,0,1,0
95,48958,-457,-726,1183,0,-11081,-17628,28709,0,0,0,0,1,0
96,49479,-233,-897,1130,0,-5649,-21771,27420,0,0,0,0,1,0
97,50000,17598,-1033,1033,17598,0,-27084,27084,0,0,0,0,1,0
98,50520,20955,-1130,897,20723,565,-29614,23513,0,0,0,0,1,0
99,51041,24024,-1183,726,23567,1108,-31006,19038,0,0,0,0,1,0
100,51562,26676,-1191,528,26013,1609,-31207,13832,0,0,0,0,1,0
101,52083,28799,-1152,309,27955,2048,-30208,8094,0,0,0,0,1,0
102,52604,30302,-1070,78,29310,2408,-28048,2045,0,0,0,0,1,0
103,53125,31118,-947,-156,30016,2675,-24811,-4082,0,0,0,0,1,0
104,53645,31207,-787,-383,30037,2840,-20620,-10053,0,0,0,0,1,0
105,54166,30555,-597,-597,29362,2896,-15637,-15637,0,0,0,0,1,0
106,54687,29179,-383,-787,28009,2840,-10053,-20620,0,0,0,0,1,0
107,55208,27123,-156,-947,26021,2675,-4082,-24811,0,0,0,0,1,0
108,55729,24457,78,-1070,23465,2408,2045,-28048,0,0,0,0,1,0
109,56250,21276,309,-1152,20433,2048,8094,-30208,0,0,0,0,1,0
110,56770,17694,528,-1191,17031,1609,13832,-31207,0,0,0,0,1,0
111,57291,13839,726,-1183,13383,1108,19038,-31006,0,0,0,0,1,0
112,57812,9853,897,-1130,9620,565,23513,-29614,0,0,0,0,1,0
113,58333,5880,1033,-1033,5880,0,27084,-27084,0,0,0,0,1,0
114,58854,2066,1130,-897,2299,-565,29614,-23513,0,0,0,0,1,0
115,59375,-1450,1183,-726,-994,-1108,31006,-19038,0,0,0,0,1,0
116,59895,-4541,1191,-528,-3878,-1609,31207,-13832,0,0,0,0,1,0
117,60416,-7094,1152,-309,-6251,-2048,30208,-8094,0,0,0,0,1,0
118,60937,-9020,1070,-78,-8028,-2408,28048,-2045,0,0,0,0,1,0
119,61458,-10249,947,156,-9147,-2675,24811,4082,0,0,0,0,1,0
120,61979,-10744,787,383,-9574,-2840,20620,10053,0,0,0,0,1,0
121,62500,-10490,597,597,-9297,-2896,15637,15637,0,0,0,0,1,0
122,63020,-9504,383,787,-8334,-2840,10053,20620,0,0,0,0,1,0
123,63541,-7830,156,947,-6728,-2675,4082,24811,0,0,0,0,1,0
124,64062,-5540,-78,1070,-4548,-2408,-2045,28048,0,0,0,0,1,0
125,64583,-2727,-309,1152,-1883,-2048,-8094,30208,0,0,0,0,1,0
126,65104,495,-528,1191,1158,-1609,-13832,31207,0,0,0,0,1,0
127,65625,3996,-726,1183,4453,-1108,-19038,31006,0,0,0,0,1,0
128,66145,7636,-897,1130,7868,-565,-23513,29614,0,0,0,0,1,0
129,66666,11268,-1033,1033,11268,0,-27084,27084,0,0,0,0,1,0
130,67187,14749,-1130,897,14516,565,-29614,23513,0,0,0,0,1,0
131,67708,17938,-1183,726,17482,1108,-31006,19038,0,0,0,0,1,0
132,68229,20708,-1191,528,20045,1609,-31207,13832,0,0,0,0,1,0
133,68750,22947,-1152,309,22104,2048,-30208,8094,0,0,0,0,1,0
134,69270,24564,-1070,78,23572,2408,-28048,2045,0,0,0,0,1,0
135,69791,25492,-947,-156,24390,2675,-24811,-4082,0,0,0,0,1,0
136,70312,25690,-787,-383,24520,2840,-20620,-10053,0,0,0,0,1,0
137,70833,25145,-597,-597,23952,2896,-15637,-15637,0,0,0,0,1,0
138,71354,23875,-383,-787,22704,2840,-10053,-20620,0,0,0,0,1,0
139,71875,21922,-156,-947,20820,2675,-4082,-24811,0,0,0,0,1,0
140,72395,19357,78,-1070,18365,2408,2045,-28048,0,0,0,0,1,0
141,72916,16275,309,-1152,15432,2048,8094,-30208,0,0,0,0,1,0
142,73437,12790,528,-1191,12127,1609,13832,-31207,0,0,0,0,1,0
143,73958,9031,726,-1183,8574,1108,19038,-31006,0,0,0,0,1,0
144,74479,5138,897,-1130,4905,565,23513,-29614,0,0,0,0,1,0
145,75000,1257,1033,-1033,1257,0,27084,-27084,0,0,0,0,1,0
146,75520,-2467,1130,-897,-2234,-565,29614,-23513,0,0,0,0,1,0
147,76041,-5895,1183,-726,-5439,-1108,31006,-19038,0,0,0,0,1,0
148,76562,-8899,1191,-528,-8237,-1609,31207,-13832,0,0,0,0,1,0
149,77083,-11368,1152,-309,-10525,-2048,30208,-8094,0,0,0,0,1,0
150,77604,-13210,1070,-78,-12218,-2408,28048,-2045,0,0,0,0,1,0
151,78125,-14359,947,156,-13257,-2675,24811,4082,0,0,0,0,1,0
152,78645,-14773,787,383,-13603,-2840,20620,10053,0,0,0,0,1,0
153,79166,-14441,597,597,-13248,-2896,15637,15637,0,0,0,0,1,0
154,79687,-13378,383,787,-12208,-2840,10053,20620,0,0,0,0,1,0
155,80208,-11629,156,947,-10527,-2675,4082,24811,0,0,0,0,1,0
156,80729,-9265,-78,1070,-8273,-2408,-2045,28048,0,0,0,0,1,0
157,81250,-6380,-309,1152,-5536,-2048,-8094,30208,0,0,0,0,1,0
158,81770,-3087,-528,1191,-2424,-1609,-13832,31207,0,0,0,0,1,0
159,82291,484,-726,1183,941,-1108,-19038,31006,0,0,0,0,1,0
160,82812,4192,-897,1130,4425,-565,-23513,29614,0,0,0,0,1,0
161,83333,7891,-1033,1033,7891,0,-27084,27084,0,0,0,0,1,0
162,83854,11438,-1130,897,11205,565,-29614,23513,0,0,0,0,1,0
163,84375,14691,-1183,726,14235,1108,-31006,19038,0,0,0,0,1,0
164,84895,17525,-1191,528,16862,1609,-31207,13832,0,0,0,0,1,0
165,85416,19826,-1152,309,18982,2048,-30208,8094,0,0,0,0,1,0
166,85937,21503,-1070,78,20511,2408,-28048,2045,0,0,0,0,1,0
167,86458,22491,-947,-156,21388,2675,-24811,-4082,0,0,0,0,1,0
168,86979,22747,-787,-383,21577,2840,-20620,-10053,0,0,0,0,1,0
169,87500,22259,-597,-597,21066,2896,-15637,-15637,0,0,0,0,1,0
170,88020,21045,-383,-787,19875,2840,-10053,-20620,0,0,0,0,1,0
171,88541,19147,-156,-947,18045,2675,-4082,-24811,0,0,0,0,1,0
172,89062,16637,78,-1070,15645,2408,2045,-28048,0,0,0,0,1,0
173,89583,13608,309,-1152,12764,2048,8094,-30208,0,0,0,0,1,0
174,90104,10174,528,-1191,9511,1609,13832,-31207,0,0,0,0,1,0
175,90625,6466,726,-1183,6009,1108,19038,-31006,0,0,0,0,1,0
176,91145,2623,897,-1130,2390,565,23513,-29614,0,0,0,0,1,0
177,91666,-1209,1033,-1033,-1209,0,27084,-27084,0,0,0,0,1,0
178,92187,-4886,1130,-897,-4653,-565,29614,-23513,0,0,0,0,1,0
179,92708,-8267,1183,-726,-7810,-1108,31006,-19038,0,0,0,0,1,0
180,93229,-11225,1191,-528,-10562,-1609,31207,-13832,0,0,0,0,1,0
181,93750,-13648,1152,-309,-12805,-2048,30208,-8094,0,0,0,0,1,0
182,94270,-15446,1070,-78,-14454,-2408,28048,-2045,0,0,0,0,1,0
183,94791,-16551,947,156,-15449,-2675,24811,4082,0,0,0,0,1,0
184,95312,-16923,787,383,-15753,-2840,20620,10053,0,0,0,0,1,0
185,95833,-16549,597,597,-15356,-2896,15637,15637,0,0,0,0,1,0
186,96354,-15445,383,787,-14275,-2840,10053,20620,0,0,0,0,1,0
187,96875,-13656,156,947,-12554,-2675,4082,24811,0,0,0,0,1,0
188,97395,-11252,-78,1070,-10260,-2408,-2045,28048,0,0,0,0,1,0
189,97916,-8328,-309,1152,-7485,-2048,-8094,30208,0,0,0,0,1,0
190,98437,-4997,-528,1191,-4334,-1609,-13832,31207,0,0,0,0,1,0
191,98958,-1390,-726,1183,-933,-1108,-19038,31006,0,0,0,0,1,0
192,99479,2355,-897,1130,2587,-565,-23513,29614,0,0,0,0,1,0
193,100000,6090,-1033,1033,6090,0,-27084,27084,0,0,0,0,1,0
194,100520,9671,-1130,897,9439,565,-29614,23513,0,0,0,0,1,0
195,101041,12959,-1183,726,12503,1108,-31006,19038,0,0,0,0,1,0
196,101562,15826,-1191,528,15163,1609,-31207,13832,0,0,0,0,1,0
197,102083,18160,-1152,309,17317,2048,-30208,8094,0,0,0,0,1,0
198,102604,19870,-1070,78,18878,2408,-28048,2045,0,0,0,0,1,0
199,103125,20889,-947,-156,19787,2675,-24811,-4082,0,0,0,0,1,0
200,103645,21177,-787,-383,20006,2840,-20620,-10053,0,0,0,0,1,0
201,104166,20720,-597,-597,19527,2896,-15637,-15637,0,0,0,0,1,0
202,104687,19535,-383,-787,18365,2840,-10053,-20620,0,0,0,0,1,0
203,105208,17667,-156,-947,16564,2675,-4082,-24811,0,0,0,0,1,0
204,105729,15185,78,-1070,14193,2408,2045,-28048,0,0,0,0,1,0
205,106250,12184,309,-1152,11341,2048,8094,-30208,0,0,0,0,1,0
206,106770,8778,528,-1191,8116,1609,13832,-31207,0,0,0,0,1,0
207,107291,5097,726,-1183,4641,1108,19038,-31006,0,0,0,0,1,0
208,107812,1281,897,-1130,1048,565,23513,-29614,0,0,0,0,1,0
209,108333,0,777,-777,0,0,25078,-25078,0,0,0,0,1,0
210,108854,-175,849,-674,0,-5649,27420,-21771,0,0,0,0,1,0
211,109375,-343,889,-546,0,-11081,28709,-17628,0,0,0,0,1,0
212,109895,-498,895,-397,0,-16088,28895,-12807,0,0,0,0,1,0
213,110416,-634,866,-232,0,-20476,27970,-7495,0,0,0,0,1,0
214,110937,-746,805,-59,0,-24077,25971,-1894,0,0,0,0,1,0
215,111458,-829,712,117,0,-26753,22973,3780,0,0,0,0,1,0
216,111979,-880,591,288,0,-28401,19093,9308,0,0,0,0,1,0
217,112500,-897,449,449,0,-28957,14479,14479,0,0,0,0,1,0
218,113020,-880,288,591,0,-28401,9308,19093,0,0,0,0,1,0
219,113541,-829,117,712,0,-26753,3780,22973,0,0,0,0,1,0
220,114062,-746,-59,805,0,-24077,-1894,25971,0,0,0,0,1,0
221,114583,-634,-232,866,0,-20476,-7495,27970,0,0,0,0,1,0
222,115104,-498,-397,895,0,-16088,-12807,28895,0,0,0,0,1,0
223,115625,-343,-546,889,0,-11081,-17628,28709,0,0,0,0,1,0
224,116145,-175,-674,849,0,-5649,-21771,27420,0,0,0,0,1,0
225,116666,0,-777,777,0,0,-25078,25078,0,0,0,0,1,0
226,117187,175,-849,674,0,5649,-27420,21771,0,0,0,0,1,0
227,117708,343,-889,546,0,11081,-28709,17628,0,0,0,0,1,0
228,118229,498,-895,397,0,16088,-28895,12807,0,0,0,0,1,0
229,118750,634,-866,232,0,20476,-27970,7495,0,0,0,0,1,0
230,119270,746,-805,59,0,24077,-25971,1894,0,0,0,0,1,0
231,119791,829,-712,-117,0,26753,-22973,-3780,0,0,0,0,1,0
232,120312,880,-591,-288,0,28401,-19093,-9308,0,0,0,0,1,0
233,120833,897,-449,-449,0,28957,-14479,-14479,0,0,0,0,1,0
234,121354,880,-288,-591,0,28401,-9308,-19093,0,0,0,0,1,0
235,121875,829,-117,-712,0,26753,-3780,-22973,0,0,0,0,1,0
236,122395,746,59,-805,0,24077,1894,-25971,0,0,0,0,1,0
237,122916,634,232,-866,0,20476,7495,-27970,0,0,0,0,1,0
238,123437,498,397,-895,0,16088,12807,-28895,0,0,0,0,1,0
239,123958,343,546,-889,0,11081,17628,-28709,0,0,0,0,1,0
240,124479,175,674,-849,0,5649,21771,-27420,0,0,0,0,1,0
241,125000,0,777,-777,0,0,25078,-25078,0,0,0,0,1,0
242,125520,-175,849,-674,0,-5649,27420,-21771,0,0,0,0,1,0
243,126041,-343,889,-546,0,-11081,28709,-17628,0,0,0,0,1,0
244,126562,-498,895,-397,0,-16088,28895,-12807,0,0,0,0,1,0
245,127083,-634,866,-232,0,-20476,27970,-7495,0,0,0,0,1,0
246,127604,-746,805,-59,0,-24077,25971,-1894,0,0,0,0,1,0
247,128124,-829,712,117,0,-26753,22973,3780,0,0,0,0,1,0
248,128645,-880,591,288,0,-28401,19093,9308,0,0,0,0,1,0
249,129166,-897,449,449,0,-28957,14479,14479,0,0,0,0,1,0
250,129687,-880,288,591,0,-28401,9308,19093,0,0,0,0,1,0
251,130208,-829,117,712,0,-26753,3780,22973,0,0,0,0,1,0
252,130729,-746,-59,805,0,-24077,-1894,25971,0,0,0,0,1,0
253,131250,-634,-232,866,0,-20476,-7495,27970,0,0,0,0,1,0
254,131770,-498,-397,895,0,-16088,-12807,28895,0,0,0,0,1,0
255,132291,-343,-546,889,0,-11081,-17628,28709,0,0,0,0,1,0
256,132812,-175,-674,849,0,-5649,-21771,27420,0,0,0,0,1,0
257,133333,0,-777,777,0,0,-25078,25078,0,0,0,0,1,0
258,133854,175,-849,674,0,5649,-27420,21771,0,0,0,0,1,0
259,134375,343,-889,546,0,11081,-28709,17628,0,0,0,0,1,0
260,134895,498,-895,397,0,16088,-28895,12807,0,0,0,0,1,0
261,135416,634,-866,232,0,20476,-27970,7495,0,0,0,0,1,0
262,135937,746,-805,59,0,24077,-25971,1894,0,0,0,0,1,0
263,136458,829,-712,-117,0,26753,-22973,-3780,0,0,0,0,1,0
264,136979,880,-591,-288,0,28401,-19093,-9308,0,0,0,0,1,0
265,137500,897,-449,-449,0,28957,-14479,-14479,0,0,0,0,1,0
266,138020,880,-288,-591,0,28401,-9308,-19093,0,0,0,0,1,0
267,138541,829,-117,-712,0,26753,-3780,-22973,0,0,0,0,1,0
268,139062,746,59,-805,0,24077,1894,-25971,0,0,0,0,1,0
269,139583,634,232,-866,0,20476,7495,-27970,0,0,0,0,1,0
270,140104,498,397,-895,0,16088,12807,-28895,0,0,0,0,1,0
271,140625,343,546,-889,0,11081,17628,-28709,0,0,0,0,1,0
272,141145,175,674,-849,0,5649,21771,-27420,0,0,0,0,1,0
273,141666,0,777,-777,0,0,25078,-25078,0,0,0,0,1,0
274,142187,-175,849,-674,0,-5649,27420,-21771,0,0,0,0,1,0
275,142708,-343,889,-546,0,-11081,28709,-17628,0,0,0,0,1,0
276,143229,-498,895,-397,0,-16088,28895,-12807,0,0,0,0,1,0
277,143750,-634,866,-232,0,-20476,27970,-7495,0,0,0,0,1,0
278,144270,-746,805,-59,0,-24077,25971,-1894,0,0,0,0,1,0
279,144791,-829,712,117,0,-26753,22973,3780,0,0,0,0,1,0
280,145312,-880,591,288,0,-28401,19093,9308,0,0,0,0,1,0
281,145833,-897,449,449,0,-28957,14479,14479,0,0,0,0,1,0
282,146354,-880,288,591,0,-28401,9308,19093,0,0,0,0,1,0
283,146875,-829,117,712,0,-26753,3780,22973,0,0,0,0,1,0
284,147395,-746,-59,805,0,-24077,-1894,25971,0,0,0,0,1,0
285,147916,-634,-232,866,0,-20476,-7495,27970,0,0,0,0,1,0
286,148437,-498,-397,895,0,-16088,-12807,28895,0,0,0,0,1,0
287,148958,-343,-546,889,0,-11081,-17628,28709,0,0,0,0,1,0
288,149479,-175,-674,849,0,-5649,-21771,27420,0,0,0,0,1,0
289,150000,0,-777,777,0,0,-25078,25078,0,0,0,0,1,0
290,150520,175,-849,674,0,5649,-27420,21771,0,0,0,0,1,0
291,151041,343,-889,546,0,11081,-28709,17628,0,0,0,0,1,0
292,151562,498,-895,397,0,16088,-28895,12807,0,0,0,0,1,0
293,152083,634,-866,232,0,20476,-27970,7495,0,0,0,0,1,0
294,152604,746,-805,59,0,24077,-25971,1894,0,0,0,0,1,0
295,153125,829,-712,-117,0,26753,-22973,-3780,0,0,0,0,1,0
296,153645,880,-591,-288,0,28401,-19093,-9308,0,0,0,0,1,0
297,154166,897,-449,-449,0,28957,-14479,-14479,0,0,0,0,1,0
298,154687,880,-288,-591,0,28401,-9308,-19093,0,0,0,0,1,0
299,155208,829,-117,-712,0,26753,-3780,-22973,0,0,0,0,1,0
300,155729,746,59,-805,0,24077,1894,-25971,0,0,0,0,1,0
301,156250,634,232,-866,0,20476,7495,-27970,0,0,0,0,1,0
302,156770,498,397,-895,0,16088,12807,-28895,0,0,0,0,1,0
303,157291,343,546,-889,0,11081,17628,-28709,0,0,0,0,1,0
304,157812,175,674,-849,0,5649,21771,-27420,0,0,0,0,1,0
305,158333,0,777,-777,0,0,25078,-25078,0,0,0,0,1,0
306,158854,-175,849,-674,0,-5649,27420,-21771,0,0,0,0,1,0
307,159375,-343,889,-546,0,-11081,28709,-17628,0,0,0,0,1,0
308,159895,-498,895,-397,0,-16088,28895,-12807,0,0,0,0,1,0
309,160416,-634,866,-232,0,-20476,27970,-7495,0,0,0,0,1,0
310,160937,-746,805,-59,0,-24077,25971,-1894,0,0,0,0,1,0
311,161458,-829,712,117,0,-26753,22973,3780,0,0,0,0,1,0
312,161979,-880,591,288,0,-28401,19093,9308,0,0,0,0,1,0
313,162500,-897,449,449,0,-28957,14479,14479,0,0,0,0,1,0
314,163020,-880,288,591,0,-28401,9308,19093,0,0,0,0,1,0
315,163541,-829,117,712,0,-26753,3780,22973,0,0,0,0,1,0
316,164062,-746,-59,805,0,-24077,-1894,25971,0,0,0,0,1,0
317,164583,-634,-232,866,0,-20476,-7495,27970,0,0,0,0,1,0
318,165104,-498,-397,895,0,-16088,-12807,28895,0,0,0,0,1,0
319,165625,-343,-546,889,0,-11081,-17628,28709,0,0,0,0,1,0
320,166145,-175,-674,849,0,-5649,-21771,27420,0,0,0,0,1,0
321,166666,0,-777,777,0,0,-25078,25078,0,0,0,0,1,0
322,167187,175,-849,674,0,5649,-27420,21771,0,0,0,0,1,0
323,167708,343,-889,546,0,11081,-28709,17628,0,0,0,0,1,0
324,168229,498,-895,397,0,16088,-28895,12807,0,0,0,0,1,0
325,168750,634,-866,232,0,20476,-27970,7495,0,0,0,0,1,0
326,169270,746,-805,59,0,24077,-25971,1894,0,0,0,0,1,0
327,169791,829,-712,-117,0,26753,-22973,-3780,0,0,0,0,1,0
328,170312,880,-591,-288,0,28401,-19093,-9308,0,0,0,0,1,0
329,170833,897,-449,-449,0,28957,-14479,-14479,0,0,0,0,1,0
330,171354,880,-288,-591,0,28401,-9308,-19093,0,0,0,0,1,0
331,171875,829,-117,-712,0,26753,-3780,-22973,0,0,0,0,1,0
332,172395,746,59,-805,0,24077,1894,-25971,0,0,0,0,1,0
333,172916,634,232,-866,0,20476,7495,-27970,0,0,0,0,1,0
334,173437,498,397,-895,0,16088,12807,-28895,0,0,0,0,1,0
335,173958,343,546,-889,0,11081,17628,-28709,0,0,0,0,1,0
336,174479,175,674,-849,0,5649,21771,-27420,0,0,0,0,1,0
337,175000,0,777,-777,0,0,25078,-25078,0,0,0,0,1,0
338,175520,-175,849,-674,0,-5649,27420,-21771,0,0,0,0,1,0
339,176041,-343,889,-546,0,-11081,28709,-17628,0,0,0,0,1,0
340,176562,-498,895,-397,0,-16088,28895,-12807,0,0,0,0,1,0
341,177083,-634,866,-232,0,-20476,27970,-7495,0,0,0,0,1,0
342,177604,-746,805,-59,0,-24077,25971,-1894,0,0,0,0,1,0
343,178125,-829,712,117,0,-26753,22973,3780,0,0,0,0,1,0
344,178645,-880,591,288,0,-28401,19093,9308,0,0,0,0,1,0
345,179166,-897,449,449,0,-28957,14479,14479,0,0,0,0,1,0
346,179687,-880,288,591,0,-28401,9308,19093,0,0,0,0,1,0
347,180208,-829,117,712,0,-26753,3780,22973,0,0,0,0,1,0
348,180729,-746,-59,805,0,-24077,-1894,25971,0,0,0,0,1,0
349,181250,-634,-232,866,0,-20476,-7495,27970,0,0,0,0,1,0
350,181770,-498,-397,895,0,-16088,-12807,28895,0,0,0,0,1,0
351,182291,-343,-546,889,0,-11081,-17628,28709,0,0,0,0,1,0
352,182812,-175,-674,849,0,-5649,-21771,27420,0,0,0,0,1,0
353,183333,0,-777,777,0,0,-25078,25078,0,0,0,0,1,0
354,183854,175,-849,674,0,5649,-27420,21771,0,0,0,0,1,0
355,184375,343,-889,546,0,11081,-28709,17628,0,0,0,0,1,0
356,184895,498,-895,397,0,16088,-28895,12807,0,0,0,0,1,0
357,185416,634,-866,232,0,20476,-27970,7495,0,0,0,0,1,0
358,185937,746,-805,59,0,24077,-25971,1894,0,0,0,0,1,0
359,186458,829,-712,-117,0,26753,-22973,-3780,0,0,0,0,1,0
360,186979,880,-591,-288,0,28401,-19093,-9308,0,0,0,0,1,0
361,187500,897,-449,-449,0,28957,-14479,-14479,0,0,0,0,1,0
362,188020,880,-288,-591,0,28401,-9308,-19093,0,0,0,0,1,0
363,188541,829,-117,-712,0,26753,-3780,-22973,0,0,0,0,1,0
364,189062,746,59,-805,0,24077,1894,-25971,0,0,0,0,1,0
365,189583,634,232,-866,0,20476,7495,-27970,0,0,0,0,1,0
366,190104,498,397,-895,0,16088,12807,-28895,0,0,0,0,1,0
367,190625,343,546,-889,0,11081,17628,-28709,0,0,0,0,1,0
368,191145,175,674,-849,0,5649,21771,-27420,0,0,0,0,1,0
369,191666,0,777,-777,0,0,25078,-25078,0,0,0,0,1,0
370,192187,-175,849,-674,0,-5649,27420,-21771,0,0,0,0,1,0
371,192708,-343,889,-546,0,-11081,28709,-17628,0,0,0,0,1,0
372,193229,-498,895,-397,0,-16088,28895,-12807,0,0,0,0,1,0
373,193750,-634,866,-232,0,-20476,27970,-7495,0,0,0,0,1,0
374,194270,-746,805,-59,0,-24077,25971,-1894,0,0,0,0,1,0
375,194791,-829,712,117,0,-26753,22973,3780,0,0,0,0,1,0
376,195312,-880,591,288,0,-28401,19093,9308,0,0,0,0,1,0
377,195833,-897,449,449,0,-28957,14479,14479,0,0,0,0,1,0
378,196354,-880,288,591,0,-28401,9308,19093,0,0,0,0,1,0
379,196875,-829,117,712,0,-26753,3780,22973,0,0,0,0,1,0
380,197395,-746,-59,805,0,-24077,-1894,25971,0,0,0,0,1,0
381,197916,-634,-232,866,0,-20476,-7495,27970,0,0,0,0,1,0
382,198437,-498,-397,895,0,-16088,-12807,28895,0,0,0,0,1,0
383,198958,-343,-546,889,0,-11081,-17628,28709,0,0,0,0,1,0
384,199479,-175,-674,849,0,-5649,-21771,27420,0,0,0,0,1,0
385,200000,0,-777,777,0,0,-25078,25078,0,0,0,0,1,0
386,200520,175,-849,674,0,5649,-27420,21771,0,0,0,0,1,0
387,201041,343,-889,546,0,11081,-28709,17628,0,0,0,0,1,0
388,201562,498,-895,397,0,16088,-28895,12807,0,0,0,0,1,0
389,202083,634,-866,232,0,20476,-27970,7495,0,0,0,0,1,0
390,202604,746,-805,59,0,24077,-25971,1894,0,0,0,0,1,0
391,203125,829,-712,-117,0,26753,-22973,-3780,0,0,0,0,1,0
392,203645,880,-591,-288,0,28401,-19093,-9308,0,0,0,0,1,0
393,204166,897,-449,-449,0,28957,-14479,-14479,0,0,0,0,1,0
394,204687,880,-288,-591,0,28401,-9308,-19093,0,0,0,0,1,0
395,205208,829,-117,-712,0,26753,-3780,-22973,0,0,0,0,1,0
396,205729,746,59,-805,0,24077,1894,-25971,0,0,0,0,1,0
397,206250,634,232,-866,0,20476,7495,-27970,0,0,0,0,1,0
398,206770,498,397,-895,0,16088,12807,-28895,0,0,0,0,1,0
399,207291,343,546,-889,0,11081,17628,-28709,0,0,0,0,1,0
400,207812,175,674,-849,0,5649,21771,-27420,0,0,0,0,1,0
401,208333,0,777,-777,0,0,25078,-25078,0,0,0,0,1,0
402,208854,-175,849,-674,0,-5649,27420,-21771,0,0,0,0,1,0
403,209375,-343,889,-546,0,-11081,28709,-17628,0,0,0,0,1,0
404,209895,-498,895,-397,0,-16088,28895,-12807,0,0,0,0,1,0
405,210416,-634,866,-232,0,-20476,27970,-7495,0,0,0,0,1,0
406,210937,-746,805,-59,0,-24077,25971,-1894,0,0,0,0,1,0
407,211458,-829,712,117,0,-26753,22973,3780,0,0,0,0,1,0
408,211979,-880,591,288,0,-28401,19093,9308,0,0,0,0,1,0
409,212500,-897,449,449,0,-28957,14479,14479,0,0,0,0,1,0
410,213020,-880,288,591,0,-28401,9308,19093,0,0,0,0,1,0
411,213541,-829,117,712,0,-26753,3780,22973,0,0,0,0,1,0
412,214062,-746,-59,805,0,-24077,-1894,25971,0,0,0,0,1,0
413,214583,-634,-232,866,0,-20476,-7495,27970,0,0,0,0,1,0
414,215104,-498,-397,895,0,-16088,-12807,28895,0,0,0,0,1,0
415,215625,-343,-546,889,0,-11081,-17628,28709,0,0,0,0,1,0
416,216145,-175,-674,849,0,-5649,-21771,27420,0,0,0,0,1,0
417,216666,0,-777,777,0,0,-25078,25078,0,0,0,0,1,0
418,217187,175,-849,674,0,5649,-27420,21771,0,0,0,0,1,0
419,217708,343,-889,546,0,11081,-28709,17628,0,0,0,0,1,0
420,218229,498,-895,397,0,16088,-28895,12807,0,0,0,0,1,0
421,218750,634,-866,232,0,20476,-27970,7495,0,0,0,0,1,0
422,219270,746,-805,59,0,24077,-25971,1894,0,0,0,0,1,0
423,219791,829,-712,-117,0,26753,-22973,-3780,0,0,0,0,1,0
424,220312,880,-591,-288,0,28401,-19093,-9308,0,0,0,0,1,0
425,220833,897,-449,-449,0,28957,-14479,-14479,0,0,0,0,1,0
426,221354,880,-288,-591,0,28401,-9308,-19093,0,0,0,0,1,0
427,221875,829,-117,-712,0,26753,-3780,-22973,0,0,0,0,1,0
428,222395,746,59,-805,0,24077,1894,-25971,0,0,0,0,1,0
429,222916,634,232,-866,0,20476,7495,-27970,0,0,0,0,1,0
430,223437,498,397,-895,0,16088,12807,-28895,0,0,0,0,1,0
431,223958,343,546,-889,0,11081,17628,-28709,0,0,0,0,1,0
432,224479,175,674,-849,0,5649,21771,-27420,0,0,0,0,1,0
433,225000,0,777,-777,0,0,25078,-25078,0,0,0,0,1,0
434,225520,-175,849,-674,0,-5649,27420,-21771,0,0,0,0,1,0
435,226041,-343,889,-546,0,-11081,28709,-17628,0,0,0,0,1,0
436,226562,-498,895,-397,0,-16088,28895,-12807,0,0,0,0,1,0
437,227083,-634,866,-232,0,-20476,27970,-7495,0,0,0,0,1,0
438,227604,-746,805,-59,0,-24077,25971,-1894,0,0,0,0,1,0
439,228125,-829,712,117,0,-26753,22973,3780,0,0,0,0,1,0
440,228645,-880,591,288,0,-28401,19093,9308,0,0,0,0,1,0
441,229166,-897,449,449,0,-28957,14479,14479,0,0,0,0,1,0
442,229687,-880,288,591,0,-28401,9308,19093,0,0,0,0,1,0
443,230208,-829,117,712,0,-26753,3780,22973,0,0,0,0,1,0
444,230729,-746,-59,805,0,-24077,-1894,25971,0,0,0,0,1,0
445,231250,-634,-232,866,0,-20476,-7495,27970,0,0,0,0,1,0
446,231770,-498,-397,895,0,-16088,-12807,28895,0,0,0,0,1,0
447,232291,-343,-546,889,0,-11081,-17628,28709,0,0,0,0,1,0
448,232812,-175,-674,849,0,-5649,-21771,27420,0,0,0,0,1,0
449,233333,0,-777,777,0,0,-25078,25078,0,0,0,0,1,0
450,233854,175,-849,674,0,5649,-27420,21771,0,0,0,0,1,0
451,234375,343,-889,546,0,11081,-28709,17628,0,0,0,0,1,0
452,234895,498,-895,397,0,16088,-28895,12807,0,0,0,0,1,0
453,235416,634,-866,232,0,20476,-27970,7495,0,0,0,0,1,0
454,235937,746,-805,59,0,24077,-25971,1894,0,0,0,0,1,0
455,236458,829,-712,-117,0,26753,-22973,-3780,0,0,0,0,1,0
456,236979,880,-591,-288,0,28401,-19093,-9308,0,0,0,0,1,0
457,237500,897,-449,-449,0,28957,-14479,-14479,0,0,0,0,1,0
458,238020,880,-288,-591,0,28401,-9308,-19093,0,0,0,0,1,0
459,238541,829,-117,-712,0,26753,-3780,-22973,0,0,0,0,1,0
460,239062,746,59,-805,0,24077,1894,-25971,0,0,0,0,1,0
461,239583,634,232,-866,0,20476,7495,-27970,0,0,0,0,1,0
462,240104,498,397,-895,0,16088,12807,-28895,0,0,0,0,1,0
463,240625,343,546,-889,0,11081,17628,-28709,0,0,0,0,1,0
464,241145,175,674,-849,0,5649,21771,-27420,0,0,0,0,1,0
465,241666,0,777,-777,0,0,25078,-25078,0,0,0,0,1,0
466,242187,-175,849,-674,0,-5649,27420,-21771,0,0,0,0,1,0
467,242708,-343,889,-546,0,-11081,28709,-17628,0,0,0,0,1,0
468,243229,-498,895,-397,0,-16088,28895,-12807,0,0,0,0,1,0
469,243750,-634,866,-232,0,-20476,27970,-7495,0,0,0,0,1,0
470,244270,-746,805,-59,0,-24077,25971,-1894,0,0,0,0,1,0
471,244791,-829,712,117,0,-26753,22973,3780,0,0,0,0,1,0
472,245312,-880,591,288,0,-28401,19093,9308,0,0,0,0,1,0
473,245833,-897,449,449,0,-28957,14479,14479,0,0,0,0,1,0
474,246354,-880,288,591,0,-28401,9308,19093,0,0,0,0,1,0
475,246875,-829,117,712,0,-26753,3780,22973,0,0,0,0,1,0
476,247395,-746,-59,805,0,-24077,-1894,25971,0,0,0,0,1,0
477,247916,-634,-232,866,0,-20476,-7495,27970,0,0,0,0,1,0
478,248437,-498,-397,895,0,-16088,-12807,28895,0,0,0,0,1,0
479,248958,-343,-546,889,0,-11081,-17628,28709,0,0,0,0,1,0
480,249479,-175,-674,849,0,-5649,-21771,27420,0,0,0,0,1,0
481,250000,0,-777,777,0,0,-25078,25078,0,0,0,0,1,0
482,250520,175,-849,674,0,5649,-27420,21771,0,0,0,0,1,0
483,251041,343,-889,546,0,11081,-28709,17628,0,0,0,0,1,0
484,251562,498,-895,397,0,16088,-28895,12807,0,0,0,0,1,0
485,252083,634,-866,232,0,20476,-27970,7495,0,0,0,0,1,0
486,252604,746,-805,59,0,24077,-25971,1894,0,0,0,0,1,0
487,253125,829,-712,-117,0,26753,-22973,-3780,0,0,0,0,1,0
488,253645,880,-591,-288,0,28401,-19093,-9308,0,0,0,0,1,0
489,254166,897,-449,-449,0,28957,-14479,-14479,0,0,0,0,1,0
490,254687,880,-288,-591,0,28401,-9308,-19093,0,0,0,0,1,0
491,255208,829,-117,-712,0,26753,-3780,-22973,0,0,0,0,1,0
492,255729,746,59,-805,0,24077,1894,-25971,0,0,0,0,1,0
493,256249,634,232,-866,0,20476,7495,-27970,0,0,0,0,1,0
494,256770,498,397,-895,0,16088,12807,-28895,0,0,0,0,1,0
495,257291,343,546,-889,0,11081,17628,-28709,0,0,0,0,1,0
496,257812,175,674,-849,0,5649,21771,-27420,0,0,0,0,1,0
497,258333,0,777,-777,0,0,25078,-25078,0,0,0,0,1,0
498,258854,-175,849,-674,0,-5649,27420,-21771,0,0,0,0,1,0
499,259375,-343,889,-546,0,-11081,28709,-17628,0,0,0,0,1,0
500,259895,-498,895,-397,0,-16088,28895,-12807,0,0,0,0,1,0
501,260416,-634,866,-232,0,-20476,27970,-7495,0,0,0,0,1,0
502,260937,-746,805,-59,0,-24077,25971,-1894,0,0,0,0,1,0
503,261458,-829,712,117,0,-26753,22973,3780,0,0,0,0,1,0
504,261979,-880,591,288,0,-28401,19093,9308,0,0,0,0,1,0
505,262500,-897,449,449,0,-28957,14479,14479,0,0,0,0,1,0
506,263020,-880,288,591,0,-28401,9308,19093,0,0,0,0,1,0
507,263541,-829,117,712,0,-26753,3780,22973,0,0,0,0,1,0
508,264062,-746,-59,805,0,-24077,-1894,25971,0,0,0,0,1,0
509,264583,-634,-232,866,0,-20476,-7495,27970,0,0,0,0,1,0
510,265104,-498,-397,895,0,-16088,-12807,28895,0,0,0,0,1,0
511,265625,-343,-546,889,0,-11081,-17628,28709,0,0,0,0,1,0
512,266145,-175,-674,849,0,-5649,-21771,27420,0,0,0,0,1,0
513,266666,0,-777,777,0,0,-25078,25078,0,0,0,0,1,0
514,267187,175,-849,674,0,5649,-27420,21771,0,0,0,0,1,0
515,267708,343,-889,546,0,11081,-28709,17628,0,0,0,0,1,0
516,268229,498,-895,397,0,16088,-28895,12807,0,0,0,0,1,0
517,268750,634,-866,232,0,20476,-27970,7495,0,0,0,0,1,0
518,269270,746,-805,59,0,24077,-25971,1894,0,0,0,0,1,0
519,269791,829,-712,-117,0,26753,-22973,-3780,0,0,0,0,1,0
520,270312,880,-591,-288,0,28401,-19093,-9308,0,0,0,0,1,0
521,270833,897,-449,-449,0,28957,-14479,-14479,0,0,0,0,1,0
522,271354,880,-288,-591,0,28401,-9308,-19093,0,0,0,0,1,0
523,271875,829,-117,-712,0,26753,-3780,-22973,0,0,0,0,1,0
524,272395,746,59,-805,0,24077,1894,-25971,0,0,0,0,1,0
525,272916,634,232,-866,0,20476,7495,-27970,0,0,0,0,1,0
526,273437,498,397,-895,0,16088,12807,-28895,0,0,0,0,1,0
527,273958,343,546,-889,0,11081,17628,-28709,0,0,0,0,1,0
528,274479,175,674,-849,0,5649,21771,-27420,0,0,0,0,1,0
529,275000,0,777,-777,0,0,25078,-25078,0,0,0,0,1,0
530,275520,-175,849,-674,0,-5649,27420,-21771,0,0,0,0,1,0
531,276041,-343,889,-546,0,-11081,28709,-17628,0,0,0,0,1,0
532,276562,-498,895,-397,0,-16088,28895,-12807,0,0,0,0,1,0
533,277083,-634,866,-232,0,-20476,27970,-7495,0,0,0,0,1,0
534,277604,-746,805,-59,0,-24077,25971,-1894,0,0,0,0,1,0
535,278125,-829,712,117,0,-26753,22973,3780,0,0,0,0,1,0
536,278645,-880,591,288,0,-28401,19093,9308,0,0,0,0,1,0
537,279166,-897,449,449,0,-28957,14479,14479,0,0,0,0,1,0
538,279687,-880,288,591,0,-28401,9308,19093,0,0,0,0,1,0
539,280208,-829,117,712,0,-26753,3780,22973,0,0,0,0,1,0
540,280729,-746,-59,805,0,-24077,-1894,25971,0,0,0,0,1,0
541,281250,-634,-232,866,0,-20476,-7495,27970,0,0,0,0,1,0
542,281770,-498,-397,895,0,-16088,-12807,28895,0,0,0,0,1,0
543,282291,-343,-546,889,0,-11081,-17628,28709,0,0,0,0,1,0
544,282812,-175,-674,849,0,-5649,-21771,27420,0,0,0,0,1,0
545,283333,0,-777,777,0,0,-25078,25078,0,0,0,0,1,0
546,283854,175,-849,674,0,5649,-27420,21771,0,0,0,0,1,0
547,284375,343,-889,546,0,11081,-28709,17628,0,0,0,0,1,0
548,284895,498,-895,397,0,16088,-28895,12807,0,0,0,0,1,0
549,285416,634,-866,232,0,20476,-27970,7495,0,0,0,0,1,0
550,285937,746,-805,59,0,24077,-25971,1894,0,0,0,0,1,0
551,286458,829,-712,-117,0,26753,-22973,-3780,0,0,0,0,1,0
552,286979,880,-591,-288,0,28401,-19093,-9308,0,0,0,0,1,0
553,287500,897,-449,-449,0,28957,-14479,-14479,0,0,0,0,1,0
554,288020,880,-288,-591,0,28401,-9308,-19093,0,0,0,0,1,0
555,288541,829,-117,-712,0,26753,-3780,-22973,0,0,0,0,1,0
556,289062,746,59,-805,0,24077,1894,-25971,0,0,0,0,1,0
557,289583,634,232,-866,0,20476,7495,-27970,0,0,0,0,1,0
558,290104,498,397,-895,0,16088,12807,-28895,0,0,0,0,1,0
559,290625,343,546,-889,0,11081,17628,-28709,0,0,0,0,1,0
560,291145,175,674,-849,0,5649,21771,-27420,0,0,0,0,1,0
561,291666,0,777,-777,0,0,25078,-25078,0,0,0,0,1,0
562,292187,-175,849,-674,0,-5649,27420,-21771,0,0,0,0,1,0
563,292708,-343,889,-546,0,-11081,28709,-17628,0,0,0,0,1,0
564,293229,-498,895,-397,0,-16088,28895,-12807,0,0,0,0,1,0
565,293750,-634,866,-232,0,-20476,27970,-7495,0,0,0,0,1,0
566,294270,-746,805,-59,0,-24077,25971,-1894,0,0,0,0,1,0
567,294791,-829,712,117,0,-26753,22973,3780,0,0,0,0,1,0
568,295312,-880,591,288,0,-28401,19093,9308,0,0,0,0,1,0
569,295833,-897,449,449,0,-28957,14479,14479,0,0,0,0,1,0
570,296354,-880,288,591,0,-28401,9308,19093,0,0,0,0,1,0
571,296875,-829,117,712,0,-26753,3780,22973,0,0,0,0,1,0
572,297395,-746,-59,805,0,-24077,-1894,25971,0,0,0,0,1,0
573,297916,-634,-232,866,0,-20476,-7495,27970,0,0,0,0,1,0
574,298437,-498,-397,895,0,-16088,-12807,28895,0,0,0,0,1,0
575,298958,-343,-546,889,0,-11081,-17628,28709,0,0,0,0,1,0
576,299479,-175,-674,849,0,-5649,-21771,27420,0,0,0,0,1,0
577,300000,0,-777,777,0,0,-25078,25078,0,0,0,0,1,0
578,300520,175,-849,674,0,5649,-27420,21771,0,0,0,0,1,0
579,301041,343,-889,546,0,11081,-28709,17628,0,0,0,0,1,0
580,301562,498,-895,397,0,16088,-28895,12807,0,0,0,0,1,0
581,302083,634,-866,232,0,20476,-27970,7495,0,0,0,0,1,0
582,302604,746,-805,59,0,24077,-25971,1894,0,0,0,0,1,0
583,303125,829,-712,-117,0,26753,-22973,-3780,0,0,0,0,1,0
584,303645,880,-591,-288,0,28401,-19093,-9308,0,0,0,0,1,0
585,304166,897,-449,-449,0,28957,-14479,-14479,0,0,0,0,1,0
586,304687,880,-288,-591,0,28401,-9308,-19093,0,0,0,0,1,0
587,305208,829,-117,-712,0,26753,-3780,-22973,0,0,0,0,1,0
588,305729,746,59,-805,0,24077,1894,-25971,0,0,0,0,1,0
589,306250,634,232,-866,0,20476,7495,-27970,0,0,0,0,1,0
590,306770,498,397,-895,0,16088,12807,-28895,0,0,0,0,1,0
591,307291,343,546,-889,0,11081,17628,-28709,0,0,0,0,1,0
592,307812,175,674,-849,0,5649,21771,-27420,0,0,0,0,1,0
593,308333,0,777,-777,0,0,25078,-25078,0,0,0,0,1,0
594,308854,-175,849,-674,0,-5649,27420,-21771,0,0,0,0,1,0
595,309375,-343,889,-546,0,-11081,28709,-17628,0,0,0,0,1,0
596,309895,-498,895,-397,0,-16088,28895,-12807,0,0,0,0,1,0
597,310416,-634,866,-232,0,-20476,27970,-7495,0,0,0,0,1,0
598,310937,-746,805,-59,0,-24077,25971,-1894,0,0,0,0,1,0
599,311458,-829,712,117,0,-26753,22973,3780,0,0,0,0,1,0
600,311979,-880,591,288,0,-28401,19093,9308,0,0,0,0,1,0
601,312500,-897,449,449,0,-28957,14479,14479,0,0,0,0,1,0
602,313020,-880,288,591,0,-28401,9308,19093,0,0,0,0,1,0
603,313541,-829,117,712,0,-26753,3780,22973,0,0,0,0,1,0
604,314062,-746,-59,805,0,-24077,-1894,25971,0,0,0,0,1,0
605,314583,-634,-232,866,0,-20476,-7495,27970,0,0,0,0,1,0
606,315104,-498,-397,895,0,-16088,-12807,28895,0,0,0,0,1,0
607,315625,-343,-546,889,0,-11081,-17628,28709,0,0,0,0,1,0
608,316145,-175,-674,849,0,-5649,-21771,27420,0,0,0,0,1,0
609,316666,0,-777,777,0,0,-25078,25078,0,0,0,0,1,0
610,317187,175,-849,674,0,5649,-27420,21771,0,0,0,0,1,0
611,317708,343,-889,546,0,11081,-28709,17628,0,0,0,0,1,0
612,318229,498,-895,397,0,16088,-28895,12807,0,0,0,0,1,0
613,318750,634,-866,232,0,20476,-27970,7495,0,0,0,0,1,0
614,319270,746,-805,59,0,24077,-25971,1894,0,0,0,0,1,0
615,319791,829,-712,-117,0,26753,-22973,-3780,0,0,0,0,1,0
616,320312,880,-591,-288,0,28401,-19093,-9308,0,0,0,0,1,0
617,320833,897,-449,-449,0,28957,-14479,-14479,0,0,0,0,1,0
