1,0,0,-862,862,0,0,-25024,25024,0,0,0,0,1,0
2,520,194,-942,748,0,5637,-27362,21724,0,0,0,0,1,0
3,1041,381,-987,606,0,11058,-28648,17590,0,0,0,0,1,0
4,1562,553,-993,440,0,16053,-28833,12780,0,0,0,0,1,0
5,2083,704,-961,258,0,20432,-27910,7479,0,0,0,0,1,0
6,2604,827,-892,65,0,24025,-25915,1890,0,0,0,0,1,0
7,3125,919,-789,-130,0,26696,-22924,-3772,0,0,0,0,1,0
8,3645,976,-656,-320,0,28340,-19052,-9288,0,0,0,0,1,0
9,4166,995,-498,-498,0,28895,-14448,-14448,0,0,0,0,1,0
10,4687,976,-320,-656,0,28340,-9288,-19052,0,0,0,0,1,0
11,5208,919,-130,-789,0,26696,-3772,-22924,0,0,0,0,1,0
12,5729,827,65,-892,0,24025,1890,-25915,0,0,0,0,1,0
13,6250,704,258,-961,0,20432,7479,-27910,0,0,0,0,1,0
14,6770,553,440,-993,0,16053,12780,-28833,0,0,0,0,1,0
15,7291,381,606,-987,0,11058,17590,-28648,0,0,0,0,1,0
16,7812,194,748,-942,0,5637,21724,-27362,0,0,0,0,1,0
17,8333,0,862,-862,0,0,25024,-25024,0,0,0,0,1,0
18,8854,-194,942,-748,0,-5637,27362,-21724,0,0,0,0,1,0
19,9375,-381,987,-606,0,-11058,28648,-17590,0,0,0,0,1,0
20,9895,-553,993,-440,0,-16053,28833,-12780,0,0,0,0,1,0
21,10416,-704,961,-258,0,-20432,27910,-7479,0,0,0,0,1,0
22,10937,-827,892,-65,0,-24025,25915,-1890,0,0,0,0,1,0
23,11458,-919,789,130,0,-26696,22924,3772,0,0,0,0,1,0
24,11979,-976,656,320,0,-28340,19052,9288,0,0,0,0,1,0
25,12500,-995,498,498,0,-28895,14448,14448,0,0,0,0,1,0
26,13020,-976,320,656,0,-28340,9288,19052,0,0,0,0,1,0
27,13541,-919,130,789,0,-26696,3772,22924,0,0,0,0,1,0
28,14062,-827,-65,892,0,-24025,-1890,25915,0,0,0,0,1,0
29,14583,-704,-258,961,0,-20432,-7479,27910,0,0,0,0,1,0
30,15104,-553,-440,993,0,-16053,-12780,28833,0,0,0,0,1,0
31,15625,-381,-606,987,0,-11058,-17590,28648,0,0,0,0,1,0
32,16145,-194,-748,942,0,-5637,-21724,27362,0,0,0,0,1,0
33,16666,0,-862,862,0,0,-25024,25024,0,0,0,0,1,0
34,17187,194,-942,748,0,5637,-27362,21724,0,0,0,0,1,0
35,17708,381,-987,606,0,11058,-28648,17590,0,0,0,0,1,0
36,18229,553,-993,440,0,16053,-28833,12780,0,0,0,0,1,0
37,18750,704,-961,258,0,20432,-27910,7479,0,0,0,0,1,0
38,19270,827,-892,65,0,24025,-25915,1890,0,0,0,0,1,0
39,19791,919,-789,-130,0,26696,-22924,-3772,0,0,0,0,1,0
40,20312,976,-656,-320,0,28340,-19052,-9288,0,0,0,0,1,0
41,20833,995,-498,-498,0,28895,-14448,-14448,0,0,0,0,1,0
42,21354,976,-320,-656,0,28340,-9288,-19052,0,0,0,0,1,0
43,21875,919,-130,-789,0,26696,-3772,-22924,0,0,0,0,1,0
44,22395,827,65,-892,0,24025,1890,-25915,0,0,0,0,1,0
45,22916,704,258,-961,0,20432,7479,-27910,0,0,0,0,1,0
46,23437,553,440,-993,0,16053,12780,-28833,0,0,0,0,1,0
47,23958,381,606,-987,0,11058,17590,-28648,0,0,0,0,1,0
48,24479,194,748,-942,0,5637,21724,-27362,0,0,0,0,1,0
49,25000,0,862,-862,0,0,25024,-25024,0,0,0,0,1,0
50,25520,-194,942,-748,0,-5637,27362,-21724,0,0,0,0,1,0
51,26041,-381,987,-606,0,-11058,28648,-17590,0,0,0,0,1,0
52,26562,-553,993,-440,0,-16053,28833,-12780,0,0,0,0,1,0
53,27083,-704,961,-258,0,-20432,27910,-7479,0,0,0,0,1,0
54,27604,-827,892,-65,0,-24025,25915,-1890,0,0,0,0,1,0
55,28125,-919,789,130,0,-26696,22924,3772,0,0,0,0,1,0
56,28645,-976,656,320,0,-28340,19052,9288,0,0,0,0,1,0
57,29166,-995,498,498,0,-28895,14448,14448,0,0,0,0,1,0
58,29687,-976,320,656,0,-28340,9288,19052,0,0,0,0,1,0
59,30208,-919,130,789,0,-26696,3772,22924,0,0,0,0,1,0
60,30729,-827,-65,892,0,-24025,-1890,25915,0,0,0,0,1,0
61,31250,-704,-258,961,0,-20432,-7479,27910,0,0,0,0,1,0
62,31770,-553,-440,993,0,-16053,-12780,28833,0,0,0,0,1,0
63,32291,-381,-606,987,0,-11058,-17590,28648,0,0,0,0,1,0
64,32812,-194,-748,942,0,-5637,-21724,27362,0,0,0,0,1,0
65,33333,0,-862,862,0,0,-25024,25024,0,0,0,0,1,0
66,33854,194,-942,748,0,5637,-27362,21724,0,0,0,0,1,0
67,34375,381,-987,606,0,11058,-28648,17590,0,0,0,0,1,0
68,34895,553,-993,440,0,16053,-28833,12780,0,0,0,0,1,0
69,35416,704,-961,258,0,20432,-27910,7479,0,0,0,0,1,0
70,35937,827,-892,65,0,24025,-25915,1890,0,0,0,0,1,0
71,36458,919,-789,-130,0,26696,-22924,-3772,0,0,0,0,1,0
72,36979,976,-656,-320,0,28340,-19052,-9288,0,0,0,0,1,0
73,37500,995,-498,-498,0,28895,-14448,-14448,0,0,0,0,1,0
74,38020,976,-320,-656,0,28340,-9288,-19052,0,0,0,0,1,0
75,38541,919,-130,-789,0,26696,-3772,-22924,0,0,0,0,1,0
76,39062,827,65,-892,0,24025,1890,-25915,0,0,0,0,1,0
77,39583,704,258,-961,0,20432,7479,-27910,0,0,0,0,1,0
78,40104,553,440,-993,0,16053,12780,-28833,0,0,0,0,1,0
79,40625,381,606,-987,0,11058,17590,-28648,0,0,0,0,1,0
80,41145,194,748,-942,0,5637,21724,-27362,0,0,0,0,1,0
81,41666,0,862,-862,0,0,25024,-25024,0,0,0,0,1,0
82,42187,-194,942,-748,0,-5637,27362,-21724,0,0,0,0,1,0
83,42708,-381,987,-606,0,-11058,28648,-17590,0,0,0,0,1,0
84,43229,-553,993,-440,0,-16053,28833,-12780,0,0,0,0,1,0
85,43750,-704,961,-258,0,-20432,27910,-7479,0,0,0,0,1,0
86,44270,-827,892,-65,0,-24025,25915,-1890,0,0,0,0,1,0
87,44791,-919,789,130,0,-26696,22924,3772,0,0,0,0,1,0
88,45312,-976,656,320,0,-28340,19052,9288,0,0,0,0,1,0
89,45833,-995,498,498,0,-28895,14448,14448,0,0,0,0,1,0
90,46354,-976,320,656,0,-28340,9288,19052,0,0,0,0,1,0
91,46875,-919,130,789,0,-26696,3772,22924,0,0,0,0,1,0
92,47395,-827,-65,892,0,-24025,-1890,25915,0,0,0,0,1,0
93,47916,-704,-258,961,0,-20432,-7479,27910,0,0,0,0,1,0
94,48437,-553,-440,993,0,-16053,-12780,28833,0,0,0,0,1,0
95,48958,-381,-606,987,0,-11058,-17590,28648,0,0,0,0,1,0
96,49479,-194,-748,942,0,-5637,-21724,27362,0,0,0,0,1,0
97,50000,0,-862,31207,30345,0,-27026,2502,0,0,0,0,1,0
98,50520,194,-942,27781,27033,6088,-29551,2172,0,0,0,0,1,0
99,51041,381,-987,23863,23258,11942,-30940,1759,0,0,0,0,1,0
100,51562,553,-993,19594,19154,17337,-31140,1278,0,0,0,0,1,0
101,52083,704,-961,15125,14868,22066,-30143,748,0,0,0,0,1,0
102,52604,827,-892,10619,10553,25947,-27988,189,0,0,0,0,1,0
103,53125,919,-789,6236,6366,28831,-24758,-377,0,0,0,0,1,0
104,53645,976,-656,2137,2457,30607,-20576,-929,0,0,0,0,1,0
105,54166,995,-498,-1533,-1035,31207,-15603,-1445,0,0,0,0,1,0
106,54687,976,-320,-4641,-3985,30607,-10031,-1905,0,0,0,0,1,0
107,55208,919,-130,-7079,-6290,28831,-4073,-2292,0,0,0,0,1,0
108,55729,827,65,-8762,-7870,25947,2041,-2592,0,0,0,0,1,0
109,56250,704,258,-9635,-8674,22066,8077,-2791,0,0,0,0,1,0
110,56770,553,440,-9673,-8681,17337,13802,-2883,0,0,0,0,1,0
111,57291,381,606,-8885,-7898,11942,18997,-2865,0,0,0,0,1,0
112,57812,194,748,-7309,-6366,6088,23462,-2736,0,0,0,0,1,0
113,58333,0,862,-5014,-4152,0,27026,-2502,0,0,0,0,1,0
114,58854,-194,942,-2097,-1349,-6088,29551,-2172,0,0,0,0,1,0
115,59375,-381,987,1321,1927,-11942,30940,-1759,0,0,0,0,1,0
116,59895,-553,993,5101,5541,-17337,31140,-1278,0,0,0,0,1,0
117,60416,-704,961,9089,9347,-22066,30143,-748,0,0,0,0,1,0
118,60937,-827,892,13125,13190,-25947,27988,-189,0,0,0,0,1,0
119,61458,-919,789,17046,16916,-28831,24758,377,0,0,0,0,1,0
120,61979,-976,656,20692,20373,-30607,20576,929,0,0,0,0,1,0
121,62500,-995,498,23918,23421,-31207,15603,1445,0,0,0,0,1,0
122,63020,-976,320,26592,25935,-30607,10031,1905,0,0,0,0,1,0
123,63541,-919,130,28603,27813,-28831,4073,2292,0,0,0,0,1,0
124,64062,-827,-65,29867,28975,-25947,-2041,2592,0,0,0,0,1,0
125,64583,-704,-258,30330,29368,-22066,-8077,2791,0,0,0,0,1,0
126,65104,-553,-440,29966,28973,-17337,-13802,2883,0,0,0,0,1,0
127,65625,-381,-606,28783,27796,-11942,-18997,2865,0,0,0,0,1,0
128,66145,-194,-748,26819,25877,-6088,-23462,2736,0,0,0,0,1,0
129,66666,0,-862,24145,23283,0,-27026,2502,0,0,0,0,1,0
130,67187,194,-942,20857,20108,6088,-29551,2172,0,0,0,0,1,0
131,67708,381,-987,17074,16468,11942,-30940,1759,0,0,0,0,1,0
132,68229,553,-993,12936,12496,17337,-31140,1278,0,0,0,0,1,0
133,68750,704,-961,8597,8340,22066,-30143,748,0,0,0,0,1,0
134,69270,827,-892,4217,4152,25947,-27988,189,0,0,0,0,1,0
135,69791,919,-789,-40,89,28831,-24758,-377,0,0,0,0,1,0
136,70312,976,-656,-4018,-3698,30607,-20576,-929,0,0,0,0,1,0
137,70833,995,-498,-7568,-7070,31207,-15603,-1445,0,0,0,0,1,0
138,71354,976,-320,-10559,-9903,30607,-10031,-1905,0,0,0,0,1,0
139,71875,919,-130,-12882,-12092,28831,-4073,-2292,0,0,0,0,1,0
140,72395,827,65,-14452,-13560,25947,2041,-2592,0,0,0,0,1,0
141,72916,704,258,-15214,-14253,22066,8077,-2791,0,0,0,0,1,0
142,73437,553,440,-15144,-14151,17337,13802,-2883,0,0,0,0,1,0
143,73958,381,606,-14249,-13263,11942,18997,-2865,0,0,0,0,1,0
144,74479,194,748,-12569,-11626,6088,23462,-2736,0,0,0,0,1,0
145,75000,0,862,-10172,-9310,0,27026,-2502,0,0,0,0,1,0
146,75520,-194,942,-7155,-6407,-6088,29551,-2172,0,0,0,0,1,0
147,76041,-381,987,-3638,-3033,-11942,30940,-1759,0,0,0,0,1,0
148,76562,-553,993,238,678,-17337,31140,-1278,0,0,0,0,1,0
149,77083,-704,961,4321,4579,-22066,30143,-748,0,0,0,0,1,0
150,77604,-827,892,8450,8515,-25947,27988,-189,0,0,0,0,1,0
151,78125,-919,789,12461,12331,-28831,24758,377,0,0,0,0,1,0
152,78645,-976,656,16197,15877,-30607,20576,929,0,0,0,0,1,0
153,79166,-872,436,436,0,-28895,14448,14448,0,0,0,0,1,0
154,79687,-855,280,575,0,-28340,9288,19052,0,0,0,0,1,0
155,80208,-805,114,691,0,-26696,3772,22924,0,0,0,0,1,0
156,80729,-725,-57,782,0,-24025,-1890,25915,0,0,0,0,1,0
157,81250,-616,-226,842,0,-20432,-7479,27910,0,0,0,0,1,0
158,81770,-484,-385,870,0,-16053,-12780,28833,0,0,0,0,1,0
159,82291,-334,-531,864,0,-11058,-17590,28648,0,0,0,0,1,0
160,82812,-170,-655,825,0,-5637,-21724,27362,0,0,0,0,1,0
161,83333,0,-755,755,0,0,-25024,25024,0,0,0,0,1,0
162,83854,170,-825,655,0,5637,-27362,21724,0,0,0,0,1,0
163,84375,334,-864,531,0,11058,-28648,17590,0,0,0,0,1,0
164,84895,484,-870,385,0,16053,-28833,12780,0,0,0,0,1,0
165,85416,616,-842,226,0,20432,-27910,7479,0,0,0,0,1,0
166,85937,725,-782,57,0,24025,-25915,1890,0,0,0,0,1,0
167,86458,805,-691,-114,0,26696,-22924,-3772,0,0,0,0,1,0
168,86979,855,-575,-280,0,28340,-19052,-9288,0,0,0,0,1,0
169,87500,872,-436,-436,0,28895,-14448,-14448,0,0,0,0,1,0
170,88020,855,-280,-575,0,28340,-9288,-19052,0,0,0,0,1,0
171,88541,805,-114,-691,0,26696,-3772,-22924,0,0,0,0,1,0
172,89062,725,57,-782,0,24025,1890,-25915,0,0,0,0,1,0
173,89583,616,226,-842,0,20432,7479,-27910,0,0,0,0,1,0
174,90104,484,385,-870,0,16053,12780,-28833,0,0,0,0,1,0
175,90625,334,531,-864,0,11058,17590,-28648,0,0,0,0,1,0
176,91145,170,655,-825,0,5637,21724,-27362,0,0,0,0,1,0
177,91666,0,755,-755,0,0,25024,-25024,0,0,0,0,1,0
178,92187,-170,825,-655,0,-5637,27362,-21724,0,0,0,0,1,0
179,92708,-334,864,-531,0,-11058,28648,-17590,0,0,0,0,1,0
180,93229,-484,870,-385,0,-16053,28833,-12780,0,0,0,0,1,0
181,93750,-616,842,-226,0,-20432,27910,-7479,0,0,0,0,1,0
182,94270,-725,782,-57,0,-24025,25915,-1890,0,0,0,0,1,0
183,94791,-805,691,114,0,-26696,22924,3772,0,0,0,0,1,0
184,95312,-855,575,280,0,-28340,19052,9288,0,0,0,0,1,0
185,95833,-872,436,436,0,-28895,14448,14448,0,0,0,0,1,0
186,96354,-855,280,575,0,-28340,9288,19052,0,0,0,0,1,0
187,96875,-805,114,691,0,-26696,3772,22924,0,0,0,0,1,0
188,97395,-725,-57,782,0,-24025,-1890,25915,0,0,0,0,1,0
189,97916,-616,-226,842,0,-20432,-7479,27910,0,0,0,0,1,0
190,98437,-484,-385,870,0,-16053,-12780,28833,0,0,0,0,1,0
191,98958,-334,-531,864,0,-11058,-17590,28648,0,0,0,0,1,0
192,99479,-170,-655,825,0,-5637,-21724,27362,0,0,0,0,1,0
193,100000,0,-755,755,0,0,-25024,25024,0,0,0,0,1,0
194,100520,170,-825,655,0,5637,-27362,21724,0,0,0,0,1,0
195,101041,334,-864,531,0,11058,-28648,17590,0,0,0,0,1,0
196,101562,484,-870,385,0,16053,-28833,12780,0,0,0,0,1,0
197,102083,616,-842,226,0,20432,-27910,7479,0,0,0,0,1,0
198,102604,725,-782,57,0,24025,-25915,1890,0,0,0,0,1,0
199,103125,805,-691,-114,0,26696,-22924,-3772,0,0,0,0,1,0
200,103645,855,-575,-280,0,28340,-19052,-9288,0,0,0,0,1,0
201,104166,872,-436,-436,0,28895,-14448,-14448,0,0,0,0,1,0
202,104687,855,-280,-575,0,28340,-9288,-19052,0,0,0,0,1,0
203,105208,805,-114,-691,0,26696,-3772,-22924,0,0,0,0,1,0
204,105729,725,57,-782,0,24025,1890,-25915,0,0,0,0,1,0
205,106250,616,226,-842,0,20432,7479,-27910,0,0,0,0,1,0
206,106770,484,385,-870,0,16053,12780,-28833,0,0,0,0,1,0
207,107291,334,531,-864,0,11058,17590,-28648,0,0,0,0,1,0
208,107812,170,655,-825,0,5637,21724,-27362,0,0,0,0,1,0
209,108333,0,755,-755,0,0,25024,-25024,0,0,0,0,1,0
210,108854,-170,825,-655,0,-5637,27362,-21724,0,0,0,0,1,0
211,109375,-334,864,-531,0,-11058,28648,-17590,0,0,0,0,1,0
212,109895,-484,870,-385,0,-16053,28833,-12780,0,0,0,0,1,0
213,110416,-616,842,-226,0,-20432,27910,-7479,0,0,0,0,1,0
214,110937,-725,782,-57,0,-24025,25915,-1890,0,0,0,0,1,0
215,111458,-805,691,114,0,-26696,22924,3772,0,0,0,0,1,0
216,111979,-855,575,280,0,-28340,19052,9288,0,0,0,0,1,0
217,112500,-872,436,436,0,-28895,14448,14448,0,0,0,0,1,0
218,113020,-855,280,575,0,-28340,9288,19052,0,0,0,0,1,0
219,113541,-805,114,691,0,-26696,3772,22924,0,0,0,0,1,0
220,114062,-725,-57,782,0,-24025,-1890,25915,0,0,0,0,1,0
221,114583,-616,-226,842,0,-20432,-7479,27910,0,0,0,0,1,0
222,115104,-484,-385,870,0,-16053,-12780,28833,0,0,0,0,1,0
223,115625,-334,-531,864,0,-11058,-17590,28648,0,0,0,0,1,0
224,116145,-170,-655,825,0,-5637,-21724,27362,0,0,0,0,1,0
225,116666,0,-755,755,0,0,-25024,25024,0,0,0,0,1,0
226,117187,170,-825,655,0,5637,-27362,21724,0,0,0,0,1,0
227,117708,334,-864,531,0,11058,-28648,17590,0,0,0,0,1,0
228,118229,484,-870,385,0,16053,-28833,12780,0,0,0,0,1,0
229,118750,616,-842,226,0,20432,-27910,7479,0,0,0,0,1,0
230,119270,725,-782,57,0,24025,-25915,1890,0,0,0,0,1,0
231,119791,805,-691,-114,0,26696,-22924,-3772,0,0,0,0,1,0
232,120312,855,-575,-280,0,28340,-19052,-9288,0,0,0,0,1,0
233,120833,872,-436,-436,0,28895,-14448,-14448,0,0,0,0,1,0
234,121354,855,-280,-575,0,28340,-9288,-19052,0,0,0,0,1,0
235,121875,805,-114,-691,0,26696,-3772,-22924,0,0,0,0,1,0
236,122395,725,57,-782,0,24025,1890,-25915,0,0,0,0,1,0
237,122916,616,226,-842,0,20432,7479,-27910,0,0,0,0,1,0
238,123437,484,385,-870,0,16053,12780,-28833,0,0,0,0,1,0
239,123958,334,531,-864,0,11058,17590,-28648,0,0,0,0,1,0
240,124479,170,655,-825,0,5637,21724,-27362,0,0,0,0,1,0
241,125000,0,755,-755,0,0,25024,-25024,0,0,0,0,1,0
242,125520,-170,825,-655,0,-5637,27362,-21724,0,0,0,0,1,0
243,126041,-334,864,-531,0,-11058,28648,-17590,0,0,0,0,1,0
244,126562,-484,870,-385,0,-16053,28833,-12780,0,0,0,0,1,0
245,127083,-616,842,-226,0,-20432,27910,-7479,0,0,0,0,1,0
246,127604,-725,782,-57,0,-24025,25915,-1890,0,0,0,0,1,0
247,128124,-805,691,114,0,-26696,22924,3772,0,0,0,0,1,0
248,128645,-855,575,280,0,-28340,19052,9288,0,0,0,0,1,0
249,129166,-872,436,436,0,-28895,14448,14448,0,0,0,0,1,0
250,129687,-855,280,575,0,-28340,9288,19052,0,0,0,0,1,0
251,130208,-805,114,691,0,-26696,3772,22924,0,0,0,0,1,0
252,130729,-725,-57,782,0,-24025,-1890,25915,0,0,0,0,1,0
253,131250,-616,-226,842,0,-20432,-7479,27910,0,0,0,0,1,0
254,131770,-484,-385,870,0,-16053,-12780,28833,0,0,0,0,1,0
255,132291,-334,-531,864,0,-11058,-17590,28648,0,0,0,0,1,0
256,132812,-170,-655,825,0,-5637,-21724,27362,0,0,0,0,1,0
257,133333,0,-755,755,0,0,-25024,25024,0,0,0,0,1,0
258,133854,170,-825,655,0,5637,-27362,21724,0,0,0,0,1,0
259,134375,334,-864,531,0,11058,-28648,17590,0,0,0,0,1,0
260,134895,484,-870,385,0,16053,-28833,12780,0,0,0,0,1,0
261,135416,616,-842,226,0,20432,-27910,7479,0,0,0,0,1,0
262,135937,725,-782,57,0,24025,-25915,1890,0,0,0,0,1,0
263,136458,805,-691,-114,0,26696,-22924,-3772,0,0,0,0,1,0
264,136979,855,-575,-280,0,28340,-19052,-9288,0,0,0,0,1,0
265,137500,872,-436,-436,0,28895,-14448,-14448,0,0,0,0,1,0
266,138020,855,-280,-575,0,28340,-9288,-19052,0,0,0,0,1,0
267,138541,805,-114,-691,0,26696,-3772,-22924,0,0,0,0,1,0
268,139062,725,57,-782,0,24025,1890,-25915,0,0,0,0,1,0
269,139583,616,226,-842,0,20432,7479,-27910,0,0,0,0,1,0
270,140104,484,385,-870,0,16053,12780,-28833,0,0,0,0,1,0
271,140625,334,531,-864,0,11058,17590,-28648,0,0,0,0,1,0
272,141145,170,655,-825,0,5637,21724,-27362,0,0,0,0,1,0
273,141666,0,755,-755,0,0,25024,-25024,0,0,0,0,1,0
274,142187,-170,825,-655,0,-5637,27362,-21724,0,0,0,0,1,0
275,142708,-334,864,-531,0,-11058,28648,-17590,0,0,0,0,1,0
276,143229,-484,870,-385,0,-16053,28833,-12780,0,0,0,0,1,0
277,143750,-616,842,-226,0,-20432,27910,-7479,0,0,0,0,1,0
278,144270,-725,782,-57,0,-24025,25915,-1890,0,0,0,0,1,0
279,144791,-805,691,114,0,-26696,22924,3772,0,0,0,0,1,0
280,145312,-855,575,280,0,-28340,19052,9288,0,0,0,0,1,0
281,145833,-872,436,436,0,-28895,14448,14448,0,0,0,0,1,0
282,146354,-855,280,575,0,-28340,9288,19052,0,0,0,0,1,0
283,146875,-805,114,691,0,-26696,3772,22924,0,0,0,0,1,0
284,147395,-725,-57,782,0,-24025,-1890,25915,0,0,0,0,1,0
285,147916,-616,-226,842,0,-20432,-7479,27910,0,0,0,0,1,0
286,148437,-484,-385,870,0,-16053,-12780,28833,0,0,0,0,1,0
287,148958,-334,-531,864,0,-11058,-17590,28648,0,0,0,0,1,0
288,149479,-170,-655,825,0,-5637,-21724,27362,0,0,0,0,1,0
289,150000,0,-755,755,0,0,-25024,25024,0,0,0,0,1,0
290,150520,170,-825,655,0,5637,-27362,21724,0,0,0,0,1,0
291,151041,334,-864,531,0,11058,-28648,17590,0,0,0,0,1,0
292,151562,484,-870,385,0,16053,-28833,12780,0,0,0,0,1,0
293,152083,616,-842,226,0,20432,-27910,7479,0,0,0,0,1,0
294,152604,725,-782,57,0,24025,-25915,1890,0,0,0,0,1,0
295,153125,805,-691,-114,0,26696,-22924,-3772,0,0,0,0,1,0
296,153645,855,-575,-280,0,28340,-19052,-9288,0,0,0,0,1,0
297,154166,872,-436,-436,0,28895,-14448,-14448,0,0,0,0,1,0
298,154687,855,-280,-575,0,28340,-9288,-19052,0,0,0,0,1,0
299,155208,805,-114,-691,0,26696,-3772,-22924,0,0,0,0,1,0
300,155729,725,57,-782,0,24025,1890,-25915,0,0,0,0,1,0
301,156250,616,226,-842,0,20432,7479,-27910,0,0,0,0,1,0
302,156770,484,385,-870,0,16053,12780,-28833,0,0,0,0,1,0
303,157291,334,531,-864,0,11058,17590,-28648,0,0,0,0,1,0
304,157812,170,655,-825,0,5637,21724,-27362,0,0,0,0,1,0
305,158333,0,755,-755,0,0,25024,-25024,0,0,0,0,1,0
306,158854,-170,825,-655,0,-5637,27362,-21724,0,0,0,0,1,0
307,159375,-334,864,-531,0,-11058,28648,-17590,0,0,0,0,1,0
308,159895,-484,870,-385,0,-16053,28833,-12780,0,0,0,0,1,0
309,160416,-616,842,-226,0,-20432,27910,-7479,0,0,0,0,1,0
310,160937,-725,782,-57,0,-24025,25915,-1890,0,0,0,0,1,0
311,161458,-805,691,114,0,-26696,22924,3772,0,0,0,0,1,0
312,161979,-855,575,280,0,-28340,19052,9288,0,0,0,0,1,0
313,162500,-872,436,436,0,-28895,14448,14448,0,0,0,0,1,0
314,163020,-855,280,575,0,-28340,9288,19052,0,0,0,0,1,0
315,163541,-805,114,691,0,-26696,3772,22924,0,0,0,0,1,0
316,164062,-725,-57,782,0,-24025,-1890,25915,0,0,0,0,1,0
317,164583,-616,-226,842,0,-20432,-7479,27910,0,0,0,0,1,0
318,165104,-484,-385,870,0,-16053,-12780,28833,0,0,0,0,1,0
319,165625,-334,-531,864,0,-11058,-17590,28648,0,0,0,0,1,0
320,166145,-170,-655,825,0,-5637,-21724,27362,0,0,0,0,1,0
321,166666,0,-755,755,0,0,-25024,25024,0,0,0,0,1,0
322,167187,170,-825,655,0,5637,-27362,21724,0,0,0,0,1,0
323,167708,334,-864,531,0,11058,-28648,17590,0,0,0,0,1,0
324,168229,484,-870,385,0,16053,-28833,12780,0,0,0,0,1,0
325,168750,616,-842,226,0,20432,-27910,7479,0,0,0,0,1,0
326,169270,725,-782,57,0,24025,-25915,1890,0,0,0,0,1,0
327,169791,805,-691,-114,0,26696,-22924,-3772,0,0,0,0,1,0
328,170312,855,-575,-280,0,28340,-19052,-9288,0,0,0,0,1,0
329,170833,872,-436,-436,0,28895,-14448,-14448,0,0,0,0,1,0
330,171354,855,-280,-575,0,28340,-9288,-19052,0,0,0,0,1,0
331,171875,805,-114,-691,0,26696,-3772,-22924,0,0,0,0,1,0
332,172395,725,57,-782,0,24025,1890,-25915,0,0,0,0,1,0
333,172916,616,226,-842,0,20432,7479,-27910,0,0,0,0,1,0
334,173437,484,385,-870,0,16053,12780,-28833,0,0,0,0,1,0
335,173958,334,531,-864,0,11058,17590,-28648,0,0,0,0,1,0
336,174479,170,655,-825,0,5637,21724,-27362,0,0,0,0,1,0
337,175000,0,755,-755,0,0,25024,-25024,0,0,0,0,1,0
338,175520,-170,825,-655,0,-5637,27362,-21724,0,0,0,0,1,0
339,176041,-334,864,-531,0,-11058,28648,-17590,0,0,0,0,1,0
340,176562,-484,870,-385,0,-16053,28833,-12780,0,0,0,0,1,0
341,177083,-616,842,-226,0,-20432,27910,-7479,0,0,0,0,1,0
342,177604,-725,782,-57,0,-24025,25915,-1890,0,0,0,0,1,0
343,178125,-805,691,114,0,-26696,22924,3772,0,0,0,0,1,0
344,178645,-855,575,280,0,-28340,19052,9288,0,0,0,0,1,0
345,179166,-872,436,436,0,-28895,14448,14448,0,0,0,0,1,0
346,179687,-855,280,575,0,-28340,9288,19052,0,0,0,0,1,0
347,180208,-805,114,691,0,-26696,3772,22924,0,0,0,0,1,0
348,180729,-725,-57,782,0,-24025,-1890,25915,0,0,0,0,1,0
349,181250,-616,-226,842,0,-20432,-7479,27910,0,0,0,0,1,0
350,181770,-484,-385,870,0,-16053,-12780,28833,0,0,0,0,1,0
351,182291,-334,-531,864,0,-11058,-17590,28648,0,0,0,0,1,0
352,182812,-170,-655,825,0,-5637,-21724,27362,0,0,0,0,1,0
353,183333,0,-755,755,0,0,-25024,25024,0,0,0,0,1,0
354,183854,170,-825,655,0,5637,-27362,21724,0,0,0,0,1,0
355,184375,334,-864,531,0,11058,-28648,17590,0,0,0,0,1,0
356,184895,484,-870,385,0,16053,-28833,12780,0,0,0,0,1,0
357,185416,616,-842,226,0,20432,-27910,7479,0,0,0,0,1,0
358,185937,725,-782,57,0,24025,-25915,1890,0,0,0,0,1,0
359,186458,805,-691,-114,0,26696,-22924,-3772,0,0,0,0,1,0
360,186979,855,-575,-280,0,28340,-19052,-9288,0,0,0,0,1,0
361,187500,872,-436,-436,0,28895,-14448,-14448,0,0,0,0,1,0
362,188020,855,-280,-575,0,28340,-9288,-19052,0,0,0,0,1,0
363,188541,805,-114,-691,0,26696,-3772,-22924,0,0,0,0,1,0
364,189062,725,57,-782,0,24025,1890,-25915,0,0,0,0,1,0
365,189583,616,226,-842,0,20432,7479,-27910,0,0,0,0,1,0
366,190104,484,385,-870,0,16053,12780,-28833,0,0,0,0,1,0
367,190625,334,531,-864,0,11058,17590,-28648,0,0,0,0,1,0
368,191145,170,655,-825,0,5637,21724,-27362,0,0,0,0,1,0
369,191666,0,755,-755,0,0,25024,-25024,0,0,0,0,1,0
370,192187,-170,825,-655,0,-5637,27362,-21724,0,0,0,0,1,0
371,192708,-334,864,-531,0,-11058,28648,-17590,0,0,0,0,1,0
372,193229,-484,870,-385,0,-16053,28833,-12780,0,0,0,0,1,0
373,193750,-616,842,-226,0,-20432,27910,-7479,0,0,0,0,1,0
374,194270,-725,782,-57,0,-24025,25915,-1890,0,0,0,0,1,0
375,194791,-805,691,114,0,-26696,22924,3772,0,0,0,0,1,0
376,195312,-855,575,280,0,-28340,19052,9288,0,0,0,0,1,0
377,195833,-872,436,436,0,-28895,14448,14448,0,0,0,0,1,0
378,196354,-855,280,575,0,-28340,9288,19052,0,0,0,0,1,0
379,196875,-805,114,691,0,-26696,3772,22924,0,0,0,0,1,0
380,197395,-725,-57,782,0,-24025,-1890,25915,0,0,0,0,1,0
381,197916,-616,-226,842,0,-20432,-7479,27910,0,0,0,0,1,0
382,198437,-484,-385,870,0,-16053,-12780,28833,0,0,0,0,1,0
383,198958,-334,-531,864,0,-11058,-17590,28648,0,0,0,0,1,0
384,199479,-170,-655,825,0,-5637,-21724,27362,0,0,0,0,1,0
385,200000,0,-755,755,0,0,-25024,25024,0,0,0,0,1,0
386,200520,170,-825,655,0,5637,-27362,21724,0,0,0,0,1,0
387,201041,334,-864,531,0,11058,-28648,17590,0,0,0,0,1,0
388,201562,484,-870,385,0,16053,-28833,12780,0,0,0,0,1,0
389,202083,616,-842,226,0,20432,-27910,7479,0,0,0,0,1,0
390,202604,725,-782,57,0,24025,-25915,1890,0,0,0,0,1,0
391,203125,805,-691,-114,0,26696,-22924,-3772,0,0,0,0,1,0
392,203645,855,-575,-280,0,28340,-19052,-9288,0,0,0,0,1,0
393,204166,872,-436,-436,0,28895,-14448,-14448,0,0,0,0,1,0
394,204687,855,-280,-575,0,28340,-9288,-19052,0,0,0,0,1,0
395,205208,805,-114,-691,0,26696,-3772,-22924,0,0,0,0,1,0
396,205729,725,57,-782,0,24025,1890,-25915,0,0,0,0,1,0
397,206250,616,226,-842,0,20432,7479,-27910,0,0,0,0,1,0
398,206770,484,385,-870,0,16053,12780,-28833,0,0,0,0,1,0
399,207291,334,531,-864,0,11058,17590,-28648,0,0,0,0,1,0
400,207812,170,655,-825,0,5637,21724,-27362,0,0,0,0,1,0
401,208333,0,755,-755,0,0,25024,-25024,0,0,0,0,1,0
402,208854,-170,825,-655,0,-5637,27362,-21724,0,0,0,0,1,0
403,209375,-334,864,-531,0,-11058,28648,-17590,0,0,0,0,1,0
404,209895,-484,870,-385,0,-16053,28833,-12780,0,0,0,0,1,0
405,210416,-616,842,-226,0,-20432,27910,-7479,0,0,0,0,1,0
406,210937,-725,782,-57,0,-24025,25915,-1890,0,0,0,0,1,0
407,211458,-805,691,114,0,-26696,22924,3772,0,0,0,0,1,0
408,211979,-855,575,280,0,-28340,19052,9288,0,0,0,0,1,0
409,212500,-872,436,436,0,-28895,14448,14448,0,0,0,0,1,0
410,213020,-855,280,575,0,-28340,9288,19052,0,0,0,0,1,0
411,213541,-805,114,691,0,-26696,3772,22924,0,0,0,0,1,0
412,214062,-725,-57,782,0,-24025,-1890,25915,0,0,0,0,1,0
413,214583,-616,-226,842,0,-20432,-7479,27910,0,0,0,0,1,0
414,215104,-484,-385,870,0,-16053,-12780,28833,0,0,0,0,1,0
415,215625,-334,-531,864,0,-11058,-17590,28648,0,0,0,0,1,0
416,216145,-170,-655,825,0,-5637,-21724,27362,0,0,0,0,1,0
417,216666,0,-755,755,0,0,-25024,25024,0,0,0,0,1,0
418,217187,170,-825,655,0,5637,-27362,21724,0,0,0,0,1,0
419,217708,334,-864,531,0,11058,-28648,17590,0,0,0,0,1,0
420,218229,484,-870,385,0,16053,-28833,12780,0,0,0,0,1,0
421,218750,616,-842,226,0,20432,-27910,7479,0,0,0,0,1,0
422,219270,725,-782,57,0,24025,-25915,1890,0,0,0,0,1,0
423,219791,805,-691,-114,0,26696,-22924,-3772,0,0,0,0,1,0
424,220312,855,-575,-280,0,28340,-19052,-9288,0,0,0,0,1,0
425,220833,872,-436,-436,0,28895,-14448,-14448,0,0,0,0,1,0
426,221354,855,-280,-575,0,28340,-9288,-19052,0,0,0,0,1,0
427,221875,805,-114,-691,0,26696,-3772,-22924,0,0,0,0,1,0
428,222395,725,57,-782,0,24025,1890,-25915,0,0,0,0,1,0
429,222916,616,226,-842,0,20432,7479,-27910,0,0,0,0,1,0
430,223437,484,385,-870,0,16053,12780,-28833,0,0,0,0,1,0
431,223958,334,531,-864,0,11058,17590,-28648,0,0,0,0,1,0
432,224479,170,655,-825,0,5637,21724,-27362,0,0,0,0,1,0
433,225000,0,755,-755,0,0,25024,-25024,0,0,0,0,1,0
434,225520,-170,825,-655,0,-5637,27362,-21724,0,0,0,0,1,0
435,226041,-334,864,-531,0,-11058,28648,-17590,0,0,0,0,1,0
436,226562,-484,870,-385,0,-16053,28833,-12780,0,0,0,0,1,0
437,227083,-616,842,-226,0,-20432,27910,-7479,0,0,0,0,1,0
438,227604,-725,782,-57,0,-24025,25915,-1890,0,0,0,0,1,0
439,228125,-805,691,114,0,-26696,22924,3772,0,0,0,0,1,0
440,228645,-855,575,280,0,-28340,19052,9288,0,0,0,0,1,0
441,229166,-872,436,436,0,-28895,14448,14448,0,0,0,0,1,0
442,229687,-855,280,575,0,-28340,9288,19052,0,0,0,0,1,0
443,230208,-805,114,691,0,-26696,3772,22924,0,0,0,0,1,0
444,230729,-725,-57,782,0,-24025,-1890,25915,0,0,0,0,1,0
445,231250,-616,-226,842,0,-20432,-7479,27910,0,0,0,0,1,0
446,231770,-484,-385,870,0,-16053,-12780,28833,0,0,0,0,1,0
447,232291,-334,-531,864,0,-11058,-17590,28648,0,0,0,0,1,0
448,232812,-170,-655,825,0,-5637,-21724,27362,0,0,0,0,1,0
449,233333,0,-755,755,0,0,-25024,25024,0,0,0,0,1,0
450,233854,170,-825,655,0,5637,-27362,21724,0,0,0,0,1,0
451,234375,334,-864,531,0,11058,-28648,17590,0,0,0,0,1,0
452,234895,484,-870,385,0,16053,-28833,12780,0,0,0,0,1,0
453,235416,616,-842,226,0,20432,-27910,7479,0,0,0,0,1,0
454,235937,725,-782,57,0,24025,-25915,1890,0,0,0,0,1,0
455,236458,805,-691,-114,0,26696,-22924,-3772,0,0,0,0,1,0
456,236979,855,-575,-280,0,28340,-19052,-9288,0,0,0,0,1,0
457,237500,872,-436,-436,0,28895,-14448,-14448,0,0,0,0,1,0
458,238020,855,-280,-575,0,28340,-9288,-19052,0,0,0,0,1,0
459,238541,805,-114,-691,0,26696,-3772,-22924,0,0,0,0,1,0
460,239062,725,57,-782,0,24025,1890,-25915,0,0,0,0,1,0
461,239583,616,226,-842,0,20432,7479,-27910,0,0,0,0,1,0
462,240104,484,385,-870,0,16053,12780,-28833,0,0,0,0,1,0
463,240625,334,531,-864,0,11058,17590,-28648,0,0,0,0,1,0
464,241145,170,655,-825,0,5637,21724,-27362,0,0,0,0,1,0
465,241666,0,755,-755,0,0,25024,-25024,0,0,0,0,1,0
466,242187,-170,825,-655,0,-5637,27362,-21724,0,0,0,0,1,0
467,242708,-334,864,-531,0,-11058,28648,-17590,0,0,0,0,1,0
468,243229,-484,870,-385,0,-16053,28833,-12780,0,0,0,0,1,0
469,243750,-616,842,-226,0,-20432,27910,-7479,0,0,0,0,1,0
470,244270,-725,782,-57,0,-24025,25915,-1890,0,0,0,0,1,0
471,244791,-805,691,114,0,-26696,22924,3772,0,0,0,0,1,0
472,245312,-855,575,280,0,-28340,19052,9288,0,0,0,0,1,0
473,245833,-872,436,436,0,-28895,14448,14448,0,0,0,0,1,0
474,246354,-855,280,575,0,-28340,9288,19052,0,0,0,0,1,0
475,246875,-805,114,691,0,-26696,3772,22924,0,0,0,0,1,0
476,247395,-725,-57,782,0,-24025,-1890,25915,0,0,0,0,1,0
477,247916,-616,-226,842,0,-20432,-7479,27910,0,0,0,0,1,0
478,248437,-484,-385,870,0,-16053,-12780,28833,0,0,0,0,1,0
479,248958,-334,-531,864,0,-11058,-17590,28648,0,0,0,0,1,0
480,249479,-170,-655,825,0,-5637,-21724,27362,0,0,0,0,1,0
481,250000,0,-755,755,0,0,-25024,25024,0,0,0,0,1,0
482,250520,170,-825,655,0,5637,-27362,21724,0,0,0,0,1,0
483,251041,334,-864,531,0,11058,-28648,17590,0,0,0,0,1,0
484,251562,484,-870,385,0,16053,-28833,12780,0,0,0,0,1,0
485,252083,616,-842,226,0,20432,-27910,7479,0,0,0,0,1,0
486,252604,725,-782,57,0,24025,-25915,1890,0,0,0,0,1,0
487,253125,805,-691,-114,0,26696,-22924,-3772,0,0,0,0,1,0
488,253645,855,-575,-280,0,28340,-19052,-9288,0,0,0,0,1,0
489,254166,872,-436,-436,0,28895,-14448,-14448,0,0,0,0,1,0
490,254687,855,-280,-575,0,28340,-9288,-19052,0,0,0,0,1,0
491,255208,805,-114,-691,0,26696,-3772,-22924,0,0,0,0,1,0
492,255729,725,57,-782,0,24025,1890,-25915,0,0,0,0,1,0
493,256249,616,226,-842,0,20432,7479,-27910,0,0,0,0,1,0
494,256770,484,385,-870,0,16053,12780,-28833,0,0,0,0,1,0
495,257291,334,531,-864,0,11058,17590,-28648,0,0,0,0,1,0
496,257812,170,655,-825,0,5637,21724,-27362,0,0,0,0,1,0
497,258333,0,755,-755,0,0,25024,-25024,0,0,0,0,1,0
498,258854,-170,825,-655,0,-5637,27362,-21724,0,0,0,0,1,0
499,259375,-334,864,-531,0,-11058,28648,-17590,0,0,0,0,1,0
500,259895,-484,870,-385,0,-16053,28833,-12780,0,0,0,0,1,0
501,260416,-616,842,-226,0,-20432,27910,-7479,0,0,0,0,1,0
502,260937,-725,782,-57,0,-24025,25915,-1890,0,0,0,0,1,0
503,261458,-805,691,114,0,-26696,22924,3772,0,0,0,0,1,0
504,261979,-855,575,280,0,-28340,19052,9288,0,0,0,0,1,0
505,262500,-872,436,436,0,-28895,14448,14448,0,0,0,0,1,0
506,263020,-855,280,575,0,-28340,9288,19052,0,0,0,0,1,0
507,263541,-805,114,691,0,-26696,3772,22924,0,0,0,0,1,0
508,264062,-725,-57,782,0,-24025,-1890,25915,0,0,0,0,1,0
509,264583,-616,-226,842,0,-20432,-7479,27910,0,0,0,0,1,0
510,265104,-484,-385,870,0,-16053,-12780,28833,0,0,0,0,1,0
511,265625,-334,-531,864,0,-11058,-17590,28648,0,0,0,0,1,0
512,266145,-170,-655,825,0,-5637,-21724,27362,0,0,0,0,1,0
513,266666,0,-755,755,0,0,-25024,25024,0,0,0,0,1,0
514,267187,170,-825,655,0,5637,-27362,21724,0,0,0,0,1,0
515,267708,334,-864,531,0,11058,-28648,17590,0,0,0,0,1,0
516,268229,484,-870,385,0,16053,-28833,12780,0,0,0,0,1,0
517,268750,616,-842,226,0,20432,-27910,7479,0,0,0,0,1,0
518,269270,725,-782,57,0,24025,-25915,1890,0,0,0,0,1,0
519,269791,805,-691,-114,0,26696,-22924,-3772,0,0,0,0,1,0
520,270312,855,-575,-280,0,28340,-19052,-9288,0,0,0,0,1,0
521,270833,872,-436,-436,0,28895,-14448,-14448,0,0,0,0,1,0
522,271354,855,-280,-575,0,28340,-9288,-19052,0,0,0,0,1,0
523,271875,805,-114,-691,0,26696,-3772,-22924,0,0,0,0,1,0
524,272395,725,57,-782,0,24025,1890,-25915,0,0,0,0,1,0
525,272916,616,226,-842,0,20432,7479,-27910,0,0,0,0,1,0
526,273437,484,385,-870,0,16053,12780,-28833,0,0,0,0,1,0
527,273958,334,531,-864,0,11058,17590,-28648,0,0,0,0,1,0
528,274479,170,655,-825,0,5637,21724,-27362,0,0,0,0,1,0
529,275000,0,755,-755,0,0,25024,-25024,0,0,0,0,1,0
530,275520,-170,825,-655,0,-5637,27362,-21724,0,0,0,0,1,0
531,276041,-334,864,-531,0,-11058,28648,-17590,0,0,0,0,1,0
532,276562,-484,870,-385,0,-16053,28833,-12780,0,0,0,0,1,0
533,277083,-616,842,-226,0,-20432,27910,-7479,0,0,0,0,1,0
534,277604,-725,782,-57,0,-24025,25915,-1890,0,0,0,0,1,0
535,278125,-805,691,114,0,-26696,22924,3772,0,0,0,0,1,0
536,278645,-855,575,280,0,-28340,19052,9288,0,0,0,0,1,0
537,279166,-872,436,436,0,-28895,14448,14448,0,0,0,0,1,0
538,279687,-855,280,575,0,-28340,9288,19052,0,0,0,0,1,0
539,280208,-805,114,691,0,-26696,3772,22924,0,0,0,0,1,0
540,280729,-725,-57,782,0,-24025,-1890,25915,0,0,0,0,1,0
541,281250,-616,-226,842,0,-20432,-7479,27910,0,0,0,0,1,0
542,281770,-484,-385,870,0,-16053,-12780,28833,0,0,0,0,1,0
543,282291,-334,-531,864,0,-11058,-17590,28648,0,0,0,0,1,0
544,282812,-170,-655,825,0,-5637,-21724,27362,0,0,0,0,1,0
545,283333,0,-755,755,0,0,-25024,25024,0,0,0,0,1,0
546,283854,170,-825,655,0,5637,-27362,21724,0,0,0,0,1,0
547,284375,334,-864,531,0,11058,-28648,17590,0,0,0,0,1,0
548,284895,484,-870,385,0,16053,-28833,12780,0,0,0,0,1,0
549,285416,616,-842,226,0,20432,-27910,7479,0,0,0,0,1,0
550,285937,725,-782,57,0,24025,-25915,1890,0,0,0,0,1,0
551,286458,805,-691,-114,0,26696,-22924,-3772,0,0,0,0,1,0
552,286979,855,-575,-280,0,28340,-19052,-9288,0,0,0,0,1,0
553,287500,872,-436,-436,0,28895,-14448,-14448,0,0,0,0,1,0
554,288020,855,-280,-575,0,28340,-9288,-19052,0,0,0,0,1,0
555,288541,805,-114,-691,0,26696,-3772,-22924,0,0,0,0,1,0
556,289062,725,57,-782,0,24025,1890,-25915,0,0,0,0,1,0
557,289583,616,226,-842,0,20432,7479,-27910,0,0,0,0,1,0
558,290104,484,385,-870,0,16053,12780,-28833,0,0,0,0,1,0
559,290625,334,531,-864,0,11058,17590,-28648,0,0,0,0,1,0
560,291145,170,655,-825,0,5637,21724,-27362,0,0,0,0,1,0
561,291666,0,755,-755,0,0,25024,-25024,0,0,0,0,1,0
562,292187,-170,825,-655,0,-5637,27362,-21724,0,0,0,0,1,0
563,292708,-334,864,-531,0,-11058,28648,-17590,0,0,0,0,1,0
564,293229,-484,870,-385,0,-16053,28833,-12780,0,0,0,0,1,0
565,293750,-616,842,-226,0,-20432,27910,-7479,0,0,0,0,1,0
566,294270,-725,782,-57,0,-24025,25915,-1890,0,0,0,0,1,0
567,294791,-805,691,114,0,-26696,22924,3772,0,0,0,0,1,0
568,295312,-855,575,280,0,-28340,19052,9288,0,0,0,0,1,0
569,295833,-872,436,436,0,-28895,14448,14448,0,0,0,0,1,0
570,296354,-855,280,575,0,-28340,9288,19052,0,0,0,0,1,0
571,296875,-805,114,691,0,-26696,3772,22924,0,0,0,0,1,0
572,297395,-725,-57,782,0,-24025,-1890,25915,0,0,0,0,1,0
573,297916,-616,-226,842,0,-20432,-7479,27910,0,0,0,0,1,0
574,298437,-484,-385,870,0,-16053,-12780,28833,0,0,0,0,1,0
575,298958,-334,-531,864,0,-11058,-17590,28648,0,0,0,0,1,0
576,299479,-170,-655,825,0,-5637,-21724,27362,0,0,0,0,1,0
577,300000,0,-755,755,0,0,-25024,25024,0,0,0,0,1,0
578,300520,170,-825,655,0,5637,-27362,21724,0,0,0,0,1,0
579,301041,334,-864,531,0,11058,-28648,17590,0,0,0,0,1,0
580,301562,484,-870,385,0,16053,-28833,12780,0,0,0,0,1,0
581,302083,616,-842,226,0,20432,-27910,7479,0,0,0,0,1,0
582,302604,725,-782,57,0,24025,-25915,1890,0,0,0,0,1,0
583,303125,805,-691,-114,0,26696,-22924,-3772,0,0,0,0,1,0
584,303645,855,-575,-280,0,28340,-19052,-9288,0,0,0,0,1,0
585,304166,872,-436,-436,0,28895,-14448,-14448,0,0,0,0,1,0
586,304687,855,-280,-575,0,28340,-9288,-19052,0,0,0,0,1,0
587,305208,805,-114,-691,0,26696,-3772,-22924,0,0,0,0,1,0
588,305729,725,57,-782,0,24025,1890,-25915,0,0,0,0,1,0
589,306250,616,226,-842,0,20432,7479,-27910,0,0,0,0,1,0
590,306770,484,385,-870,0,16053,12780,-28833,0,0,0,0,1,0
591,307291,334,531,-864,0,11058,17590,-28648,0,0,0,0,1,0
592,307812,170,655,-825,0,5637,21724,-27362,0,0,0,0,1,0
593,308333,0,755,-755,0,0,25024,-25024,0,0,0,0,1,0
594,308854,-170,825,-655,0,-5637,27362,-21724,0,0,0,0,1,0
595,309375,-334,864,-531,0,-11058,28648,-17590,0,0,0,0,1,0
596,309895,-484,870,-385,0,-16053,28833,-12780,0,0,0,0,1,0
597,310416,-616,842,-226,0,-20432,27910,-7479,0,0,0,0,1,0
598,310937,-725,782,-57,0,-24025,25915,-1890,0,0,0,0,1,0
599,311458,-805,691,114,0,-26696,22924,3772,0,0,0,0,1,0
600,311979,-855,575,280,0,-28340,19052,9288,0,0,0,0,1,0
601,312500,-872,436,436,0,-28895,14448,14448,0,0,0,0,1,0
602,313020,-855,280,575,0,-28340,9288,19052,0,0,0,0,1,0
603,313541,-805,114,691,0,-26696,3772,22924,0,0,0,0,1,0
604,314062,-725,-57,782,0,-24025,-1890,25915,0,0,0,0,1,0
605,314583,-616,-226,842,0,-20432,-7479,27910,0,0,0,0,1,0
606,315104,-484,-385,870,0,-16053,-12780,28833,0,0,0,0,1,0
607,315625,-334,-531,864,0,-11058,-17590,28648,0,0,0,0,1,0
608,316145,-170,-655,825,0,-5637,-21724,27362,0,0,0,0,1,0
609,316666,0,-755,755,0,0,-25024,25024,0,0,0,0,1,0
610,317187,170,-825,655,0,5637,-27362,21724,0,0,0,0,1,0
611,317708,334,-864,531,0,11058,-28648,17590,0,0,0,0,1,0
612,318229,484,-870,385,0,16053,-28833,12780,0,0,0,0,1,0
613,318750,616,-842,226,0,20432,-27910,7479,0,0,0,0,1,0
614,319270,725,-782,57,0,24025,-25915,1890,0,0,0,0,1,0
615,319791,805,-691,-114,0,26696,-22924,-3772,0,0,0,0,1,0
616,320312,855,-575,-280,0,28340,-19052,-9288,0,0,0,0,1,0
617,320833,872,-436,-436,0,28895,-14448,-14448,0,0,0,0,1,0
618,321354,855,-280,-575,0,28340,-9288,-19052,0,0,0,0,1,0
619,321875,805,-114,-691,0,26696,-3772,-22924,0,0,0,0,1,0
620,322395,725,57,-782,0,24025,1890,-25915,0,0,0,0,1,0
621,322916,616,226,-842,0,20432,7479,-27910,0,0,0,0,1,0
622,323437,484,385,-870,0,16053,12780,-28833,0,0,0,0,1,0
623,323958,334,531,-864,0,11058,17590,-28648,0,0,0,0,1,0
624,324479,170,655,-825,0,5637,21724,-27362,0,0,0,0,1,0
625,325000,0,755,-755,0,0,25024,-25024,0,0,0,0,1,0
626,325520,-170,825,-655,0,-5637,27362,-21724,0,0,0,0,1,0
627,326041,-334,864,-531,0,-11058,28648,-17590,0,0,0,0,1,0
628,326562,-484,870,-385,0,-16053,28833,-12780,0,0,0,0,1,0
629,327083,-616,842,-226,0,-20432,27910,-7479,0,0,0,0,1,0
630,327604,-725,782,-57,0,-24025,25915,-1890,0,0,0,0,1,0
631,328125,-805,691,114,0,-26696,22924,3772,0,0,0,0,1,0
632,328645,-855,575,280,0,-28340,19052,9288,0,0,0,0,1,0
633,329166,-872,436,436,0,-28895,14448,14448,0,0,0,0,1,0
634,329687,-855,280,575,0,-28340,9288,19052,0,0,0,0,1,0
635,330208,-805,114,691,0,-26696,3772,22924,0,0,0,0,1,0
636,330729,-725,-57,782,0,-24025,-1890,25915,0,0,0,0,1,0
637,331250,-616,-226,842,0,-20432,-7479,27910,0,0,0,0,1,0
638,331770,-484,-385,870,0,-16053,-12780,28833,0,0,0,0,1,0
639,332291,-334,-531,864,0,-11058,-17590,28648,0,0,0,0,1,0
640,332812,-170,-655,825,0,-5637,-21724,27362,0,0,0,0,1,0
641,333333,0,-755,755,0,0,-25024,25024,0,0,0,0,1,0
642,333854,170,-825,655,0,5637,-27362,21724,0,0,0,0,1,0
643,334375,334,-864,531,0,11058,-28648,17590,0,0,0,0,1,0
644,334895,484,-870,385,0,16053,-28833,12780,0,0,0,0,1,0
645,335416,616,-842,226,0,20432,-27910,7479,0,0,0,0,1,0
646,335937,725,-782,57,0,24025,-25915,1890,0,0,0,0,1,0
647,336458,805,-691,-114,0,26696,-22924,-3772,0,0,0,0,1,0
648,336979,855,-575,-280,0,28340,-19052,-9288,0,0,0,0,1,0
649,337500,872,-436,-436,0,28895,-14448,-14448,0,0,0,0,1,0
650,338020,855,-280,-575,0,28340,-9288,-19052,0,0,0,0,1,0
651,338541,805,-114,-691,0,26696,-3772,-22924,0,0,0,0,1,0
652,339062,725,57,-782,0,24025,1890,-25915,0,0,0,0,1,0
653,339583,616,226,-842,0,20432,7479,-27910,0,0,0,0,1,0
654,340104,484,385,-870,0,16053,12780,-28833,0,0,0,0,1,0
655,340625,334,531,-864,0,11058,17590,-28648,0,0,0,0,1,0
656,341145,170,655,-825,0,5637,21724,-27362,0,0,0,0,1,0
657,341666,0,755,-755,0,0,25024,-25024,0,0,0,0,1,0
658,342187,-170,825,-655,0,-5637,27362,-21724,0,0,0,0,1,0
659,342708,-334,864,-531,0,-11058,28648,-17590,0,0,0,0,1,0
660,343229,-484,870,-385,0,-16053,28833,-12780,0,0,0,0,1,0
661,343750,-616,842,-226,0,-20432,27910,-7479,0,0,0,0,1,0
662,344270,-725,782,-57,0,-24025,25915,-1890,0,0,0,0,1,0
663,344791,-805,691,114,0,-26696,22924,3772,0,0,0,0,1,0
664,345312,-855,575,280,0,-28340,19052,9288,0,0,0,0,1,0
665,345833,-872,436,436,0,-28895,14448,14448,0,0,0,0,1,0
666,346354,-855,280,575,0,-28340,9288,19052,0,0,0,0,1,0
667,346875,-805,114,691,0,-26696,3772,22924,0,0,0,0,1,0
668,347395,-725,-57,782,0,-24025,-1890,25915,0,0,0,0,1,0
669,347916,-616,-226,842,0,-20432,-7479,27910,0,0,0,0,1,0
670,348437,-484,-385,870,0,-16053,-12780,28833,0,0,0,0,1,0
671,348958,-334,-531,864,0,-11058,-17590,28648,0,0,0,0,1,0
672,349479,-170,-655,825,0,-5637,-21724,27362,0,0,0,0,1,0
673,350000,0,-755,755,0,0,-25024,25024,0,0,0,0,1,0
674,350520,170,-825,655,0,5637,-27362,21724,0,0,0,0,1,0
675,351041,334,-864,531,0,11058,-28648,17590,0,0,0,0,1,0
676,351562,484,-870,385,0,16053,-28833,12780,0,0,0,0,1,0
677,352083,616,-842,226,0,20432,-27910,7479,0,0,0,0,1,0
678,352604,725,-782,57,0,24025,-25915,1890,0,0,0,0,1,0
679,353125,805,-691,-114,0,26696,-22924,-3772,0,0,0,0,1,0
680,353645,855,-575,-280,0,28340,-19052,-9288,0,0,0,0,1,0
681,354166,872,-436,-436,0,28895,-14448,-14448,0,0,0,0,1,0
682,354687,855,-280,-575,0,28340,-9288,-19052,0,0,0,0,1,0
683,355208,805,-114,-691,0,26696,-3772,-22924,0,0,0,0,1,0
684,355729,725,57,-782,0,24025,1890,-25915,0,0,0,0,1,0
685,356250,616,226,-842,0,20432,7479,-27910,0,0,0,0,1,0
686,356770,484,385,-870,0,16053,12780,-28833,0,0,0,0,1,0
687,357291,334,531,-864,0,11058,17590,-28648,0,0,0,0,1,0
688,357812,170,655,-825,0,5637,21724,-27362,0,0,0,0,1,0
689,358333,0,755,-755,0,0,25024,-25024,0,0,0,0,1,0
690,358854,-170,825,-655,0,-5637,27362,-21724,0,0,0,0,1,0
691,359375,-334,864,-531,0,-11058,28648,-17590,0,0,0,0,1,0
692,359895,-484,870,-385,0,-16053,28833,-12780,0,0,0,0,1,0
693,360416,-616,842,-226,0,-20432,27910,-7479,0,0,0,0,1,0
694,360937,-725,782,-57,0,-24025,25915,-1890,0,0,0,0,1,0
695,361458,-805,691,114,0,-26696,22924,3772,0,0,0,0,1,0
696,361979,-855,575,280,0,-28340,19052,9288,0,0,0,0,1,0
697,362500,-872,436,436,0,-28895,14448,14448,0,0,0,0,1,0
698,363020,-855,280,575,0,-28340,9288,19052,0,0,0,0,1,0
699,363541,-805,114,691,0,-26696,3772,22924,0,0,0,0,1,0
700,364062,-725,-57,782,0,-24025,-1890,25915,0,0,0,0,1,0
701,364583,-616,-226,842,0,-20432,-7479,27910,0,0,0,0,1,0
702,365104,-484,-385,870,0,-16053,-12780,28833,0,0,0,0,1,0
703,365625,-334,-531,864,0,-11058,-17590,28648,0,0,0,0,1,0
704,366145,-170,-655,825,0,-5637,-21724,27362,0,0,0,0,1,0
705,366666,0,-755,755,0,0,-25024,25024,0,0,0,0,1,0
706,367187,170,-825,655,0,5637,-27362,21724,0,0,0,0,1,0
707,367708,334,-864,531,0,11058,-28648,17590,0,0,0,0,1,0
708,368229,484,-870,385,0,16053,-28833,12780,0,0,0,0,1,0
709,368750,616,-842,226,0,20432,-27910,7479,0,0,0,0,1,0
710,369270,725,-782,57,0,24025,-25915,1890,0,0,0,0,1,0
711,369791,805,-691,-114,0,26696,-22924,-3772,0,0,0,0,1,0
712,370312,855,-575,-280,0,28340,-19052,-9288,0,0,0,0,1,0
713,370833,872,-436,-436,0,28895,-14448,-14448,0,0,0,0,1,0
714,371354,855,-280,-575,0,28340,-9288,-19052,0,0,0,0,1,0
715,371875,805,-114,-691,0,26696,-3772,-22924,0,0,0,0,1,0
716,372395,725,57,-782,0,24025,1890,-25915,0,0,0,0,1,0
717,372916,616,226,-842,0,20432,7479,-27910,0,0,0,0,1,0
718,373437,484,385,-870,0,16053,12780,-28833,0,0,0,0,1,0
719,373958,334,531,-864,0,11058,17590,-28648,0,0,0,0,1,0
720,374479,170,655,-825,0,5637,21724,-27362,0,0,0,0,1,0
721,375000,0,755,-755,0,0,25024,-25024,0,0,0,0,1,0
722,375520,-170,825,-655,0,-5637,27362,-21724,0,0,0,0,1,0
723,376041,-334,864,-531,0,-11058,28648,-17590,0,0,0,0,1,0
724,376562,-484,870,-385,0,-16053,28833,-12780,0,0,0,0,1,0
725,377083,-616,842,-226,0,-20432,27910,-7479,0,0,0,0,1,0
726,377604,-725,782,-57,0,-24025,25915,-1890,0,0,0,0,1,0
727,378125,-805,691,114,0,-26696,22924,3772,0,0,0,0,1,0
728,378645,-855,575,280,0,-28340,19052,9288,0,0,0,0,1,0
729,379166,-872,436,436,0,-28895,14448,14448,0,0,0,0,1,0
730,379687,-855,280,575,0,-28340,9288,19052,0,0,0,0,1,0
731,380208,-805,114,691,0,-26696,3772,22924,0,0,0,0,1,0
732,380729,-725,-57,782,0,-24025,-1890,25915,0,0,0,0,1,0
733,381250,-616,-226,842,0,-20432,-7479,27910,0,0,0,0,1,0
734,381770,-484,-385,870,0,-16053,-12780,28833,0,0,0,0,1,0
735,382291,-334,-531,864,0,-11058,-17590,28648,0,0,0,0,1,0
736,382812,-170,-655,825,0,-5637,-21724,27362,0,0,0,0,1,0
737,383333,0,-755,755,0,0,-25024,25024,0,0,0,0,1,0
738,383854,170,-825,655,0,5637,-27362,21724,0,0,0,0,1,0
739,384375,334,-864,531,0,11058,-28648,17590,0,0,0,0,1,0
740,384895,484,-870,385,0,16053,-28833,12780,0,0,0,0,1,0
741,385416,616,-842,226,0,20432,-27910,7479,0,0,0,0,1,0
742,385937,725,-782,57,0,24025,-25915,1890,0,0,0,0,1,0
743,386458,805,-691,-114,0,26696,-22924,-3772,0,0,0,0,1,0
744,386979,855,-575,-280,0,28340,-19052,-9288,0,0,0,0,1,0
745,387500,872,-436,-436,0,28895,-14448,-14448,0,0,0,0,1,0
746,388020,855,-280,-575,0,28340,-9288,-19052,0,0,0,0,1,0
747,388541,805,-114,-691,0,26696,-3772,-22924,0,0,0,0,1,0
