1,0,0,-2359,2359,0,0,-25024,25024,0,0,0,0,1,0
2,520,531,-2580,2048,0,5637,-27362,21724,0,0,0,0,1,0
3,1041,1043,-2701,1658,0,11058,-28648,17590,0,0,0,0,1,0
4,1562,1513,-2718,1205,0,16053,-28833,12780,0,0,0,0,1,0
5,2083,1926,-2631,705,0,20432,-27910,7479,0,0,0,0,1,0
6,2604,2265,-2443,178,0,24025,-25915,1890,0,0,0,0,1,0
7,3125,2517,-2161,-356,0,26696,-22924,-3772,0,0,0,0,1,0
8,3645,2672,-1796,-876,0,28340,-19052,-9288,0,0,0,0,1,0
9,4166,2724,-1362,-1362,0,28895,-14448,-14448,0,0,0,0,1,0
10,4687,2672,-876,-1796,0,28340,-9288,-19052,0,0,0,0,1,0
11,5208,2517,-356,-2161,0,26696,-3772,-22924,0,0,0,0,1,0
12,5729,2265,178,-2443,0,24025,1890,-25915,0,0,0,0,1,0
13,6250,1926,705,-2631,0,20432,7479,-27910,0,0,0,0,1,0
14,6770,1513,1205,-2718,0,16053,12780,-28833,0,0,0,0,1,0
15,7291,1043,1658,-2701,0,11058,17590,-28648,0,0,0,0,1,0
16,7812,531,2048,-2580,0,5637,21724,-27362,0,0,0,0,1,0
17,8333,0,2359,-2359,0,0,25024,-25024,0,0,0,0,1,0
18,8854,-531,2580,-2048,0,-5637,27362,-21724,0,0,0,0,1,0
19,9375,-1043,2701,-1658,0,-11058,28648,-17590,0,0,0,0,1,0
20,9895,-1513,2718,-1205,0,-16053,28833,-12780,0,0,0,0,1,0
21,10416,-1926,2631,-705,0,-20432,27910,-7479,0,0,0,0,1,0
22,10937,-2265,2443,-178,0,-24025,25915,-1890,0,0,0,0,1,0
23,11458,-2517,2161,356,0,-26696,22924,3772,0,0,0,0,1,0
24,11979,-2672,1796,876,0,-28340,19052,9288,0,0,0,0,1,0
25,12500,-2724,1362,1362,0,-28895,14448,14448,0,0,0,0,1,0
26,13020,-2672,876,1796,0,-28340,9288,19052,0,0,0,0,1,0
27,13541,-2517,356,2161,0,-26696,3772,22924,0,0,0,0,1,0
28,14062,-2265,-178,2443,0,-24025,-1890,25915,0,0,0,0,1,0
29,14583,-1926,-705,2631,0,-20432,-7479,27910,0,0,0,0,1,0
30,15104,-1513,-1205,2718,0,-16053,-12780,28833,0,0,0,0,1,0
31,15625,-1043,-1658,2701,0,-11058,-17590,28648,0,0,0,0,1,0
32,16145,-531,-2048,2580,0,-5637,-21724,27362,0,0,0,0,1,0
33,16666,0,-2359,2359,0,0,-25024,25024,0,0,0,0,1,0
34,17187,531,-2580,2048,0,5637,-27362,21724,0,0,0,0,1,0
35,17708,1043,-2701,1658,0,11058,-28648,17590,0,0,0,0,1,0
36,18229,1513,-2718,1205,0,16053,-28833,12780,0,0,0,0,1,0
37,18750,1926,-2631,705,0,20432,-27910,7479,0,0,0,0,1,0
38,19270,2265,-2443,178,0,24025,-25915,1890,0,0,0,0,1,0
39,19791,2517,-2161,-356,0,26696,-22924,-3772,0,0,0,0,1,0
40,20312,2672,-1796,-876,0,28340,-19052,-9288,0,0,0,0,1,0
41,20833,2724,-1362,-1362,0,28895,-14448,-14448,0,0,0,0,1,0
42,21354,2672,-876,-1796,0,28340,-9288,-19052,0,0,0,0,1,0
43,21875,2517,-356,-2161,0,26696,-3772,-22924,0,0,0,0,1,0
44,22395,2265,178,-2443,0,24025,1890,-25915,0,0,0,0,1,0
45,22916,1926,705,-2631,0,20432,7479,-27910,0,0,0,0,1,0
46,23437,1513,1205,-2718,0,16053,12780,-28833,0,0,0,0,1,0
47,23958,1043,1658,-2701,0,11058,17590,-28648,0,0,0,0,1,0
48,24479,531,2048,-2580,0,5637,21724,-27362,0,0,0,0,1,0
49,25000,0,2359,-2359,0,0,25024,-25024,0,0,0,0,1,0
50,25520,-531,2580,-2048,0,-5637,27362,-21724,0,0,0,0,1,0
51,26041,-1043,2701,-1658,0,-11058,28648,-17590,0,0,0,0,1,0
52,26562,-1513,2718,-1205,0,-16053,28833,-12780,0,0,0,0,1,0
53,27083,-1926,2631,-705,0,-20432,27910,-7479,0,0,0,0,1,0
54,27604,-2265,2443,-178,0,-24025,25915,-1890,0,0,0,0,1,0
55,28125,-2517,2161,356,0,-26696,22924,3772,0,0,0,0,1,0
56,28645,-2672,1796,876,0,-28340,19052,9288,0,0,0,0,1,0
57,29166,-2724,1362,1362,0,-28895,14448,14448,0,0,0,0,1,0
58,29687,-2672,876,1796,0,-28340,9288,19052,0,0,0,0,1,0
59,30208,-2517,356,2161,0,-26696,3772,22924,0,0,0,0,1,0
60,30729,-2265,-178,2443,0,-24025,-1890,25915,0,0,0,0,1,0
61,31250,-1926,-705,2631,0,-20432,-7479,27910,0,0,0,0,1,0
62,31770,-1513,-1205,2718,0,-16053,-12780,28833,0,0,0,0,1,0
63,32291,-1043,-1658,2701,0,-11058,-17590,28648,0,0,0,0,1,0
64,32812,-531,-2048,2580,0,-5637,-21724,27362,0,0,0,0,1,0
65,33333,0,-2359,2359,0,0,-25024,25024,0,0,0,0,1,0
66,33854,531,-2580,2048,0,5637,-27362,21724,0,0,0,0,1,0
67,34375,1043,-2701,1658,0,11058,-28648,17590,0,0,0,0,1,0
68,34895,1513,-2718,1205,0,16053,-28833,12780,0,0,0,0,1,0
69,35416,1926,-2631,705,0,20432,-27910,7479,0,0,0,0,1,0
70,35937,2265,-2443,178,0,24025,-25915,1890,0,0,0,0,1,0
71,36458,2517,-2161,-356,0,26696,-22924,-3772,0,0,0,0,1,0
72,36979,2672,-1796,-876,0,28340,-19052,-9288,0,0,0,0,1,0
73,37500,2724,-1362,-1362,0,28895,-14448,-14448,0,0,0,0,1,0
74,38020,2672,-876,-1796,0,28340,-9288,-19052,0,0,0,0,1,0
75,38541,2517,-356,-2161,0,26696,-3772,-22924,0,0,0,0,1,0
76,39062,2265,178,-2443,0,24025,1890,-25915,0,0,0,0,1,0
77,39583,1926,705,-2631,0,20432,7479,-27910,0,0,0,0,1,0
78,40104,1513,1205,-2718,0,16053,12780,-28833,0,0,0,0,1,0
79,40625,1043,1658,-2701,0,11058,17590,-28648,0,0,0,0,1,0
80,41145,531,2048,-2580,0,5637,21724,-27362,0,0,0,0,1,0
81,41666,0,2359,-2359,0,0,25024,-25024,0,0,0,0,1,0
82,42187,-531,2580,-2048,0,-5637,27362,-21724,0,0,0,0,1,0
83,42708,-1043,2701,-1658,0,-11058,28648,-17590,0,0,0,0,1,0
84,43229,-1513,2718,-1205,0,-16053,28833,-12780,0,0,0,0,1,0
85,43750,-1926,2631,-705,0,-20432,27910,-7479,0,0,0,0,1,0
86,44270,-2265,2443,-178,0,-24025,25915,-1890,0,0,0,0,1,0
87,44791,-2517,2161,356,0,-26696,22924,3772,0,0,0,0,1,0
88,45312,-2672,1796,876,0,-28340,19052,9288,0,0,0,0,1,0
89,45833,-2724,1362,1362,0,-28895,14448,14448,0,0,0,0,1,0
90,46354,-2672,876,1796,0,-28340,9288,19052,0,0,0,0,1,0
91,46875,-2517,356,2161,0,-26696,3772,22924,0,0,0,0,1,0
92,47395,-2265,-178,2443,0,-24025,-1890,25915,0,0,0,0,1,0
93,47916,-1926,-705,2631,0,-20432,-7479,27910,0,0,0,0,1,0
94,48437,-1513,-1205,2718,0,-16053,-12780,28833,0,0,0,0,1,0
95,48958,-1043,-1658,2701,0,-11058,-17590,28648,0,0,0,0,1,0
96,49479,-531,-2048,2580,0,-5637,-21724,27362,0,0,0,0,1,0
97,50000,0,-2359,31207,28847,0,-27026,2502,0,0,0,0,1,0
98,50520,531,-2580,27781,25733,6088,-29551,2172,0,0,0,0,1,0
99,51041,1043,-2701,23863,22205,11942,-30940,1759,0,0,0,0,1,0
100,51562,1513,-2718,19594,18389,17337,-31140,1278,0,0,0,0,1,0
101,52083,1926,-2631,15125,14420,22066,-30143,748,0,0,0,0,1,0
102,52604,2265,-2443,10619,10440,25947,-27988,189,0,0,0,0,1,0
103,53125,2517,-2161,6236,6592,28831,-24758,-377,0,0,0,0,1,0
104,53645,2672,-1796,2137,3012,30607,-20576,-929,0,0,0,0,1,0
105,54166,2724,-1362,-1533,-171,31207,-15603,-1445,0,0,0,0,1,0
106,54687,2672,-876,-4641,-2845,30607,-10031,-1905,0,0,0,0,1,0
107,55208,2517,-356,-7079,-4918,28831,-4073,-2292,0,0,0,0,1,0
108,55729,2265,178,-8762,-6319,25947,2041,-2592,0,0,0,0,1,0
109,56250,1926,705,-9635,-7004,22066,8077,-2791,0,0,0,0,1,0
110,56770,1513,1205,-9673,-6955,17337,13802,-2883,0,0,0,0,1,0
111,57291,1043,1658,-8885,-6184,11942,18997,-2865,0,0,0,0,1,0
112,57812,531,2048,-7309,-4729,6088,23462,-2736,0,0,0,0,1,0
113,58333,0,2359,-5014,-2655,0,27026,-2502,0,0,0,0,1,0
114,58854,-531,2580,-2097,-49,-6088,29551,-2172,0,0,0,0,1,0
115,59375,-1043,2701,1321,2979,-11942,30940,-1759,0,0,0,0,1,0
116,59895,-1513,2718,5101,6306,-17337,31140,-1278,0,0,0,0,1,0
117,60416,-1926,2631,9089,9794,-22066,30143,-748,0,0,0,0,1,0
118,60937,-2265,2443,13125,13303,-25947,27988,-189,0,0,0,0,1,0
119,61458,-2517,2161,17046,16690,-28831,24758,377,0,0,0,0,1,0
120,61979,-2672,1796,20692,19817,-30607,20576,929,0,0,0,0,1,0
121,62500,-2724,1362,23918,22556,-31207,15603,1445,0,0,0,0,1,0
122,63020,-2672,876,26592,24795,-30607,10031,1905,0,0,0,0,1,0
123,63541,-2517,356,28603,26441,-28831,4073,2292,0,0,0,0,1,0
124,64062,-2265,-178,29867,27424,-25947,-2041,2592,0,0,0,0,1,0
125,64583,-1926,-705,30330,27698,-22066,-8077,2791,0,0,0,0,1,0
126,65104,-1513,-1205,29966,27247,-17337,-13802,2883,0,0,0,0,1,0
127,65625,-1043,-1658,28783,26082,-11942,-18997,2865,0,0,0,0,1,0
128,66145,-531,-2048,26819,24240,-6088,-23462,2736,0,0,0,0,1,0
129,66666,0,-2359,24145,21786,0,-27026,2502,0,0,0,0,1,0
130,67187,531,-2580,20857,18808,6088,-29551,2172,0,0,0,0,1,0
131,67708,1043,-2701,17074,15415,11942,-30940,1759,0,0,0,0,1,0
132,68229,1513,-2718,12936,11731,17337,-31140,1278,0,0,0,0,1,0
133,68750,1926,-2631,8597,7892,22066,-30143,748,0,0,0,0,1,0
134,69270,2265,-2443,4217,4039,25947,-27988,189,0,0,0,0,1,0
135,69791,2517,-2161,-40,315,28831,-24758,-377,0,0,0,0,1,0
136,70312,2672,-1796,-4018,-3142,30607,-20576,-929,0,0,0,0,1,0
137,70833,2724,-1362,-7568,-6206,31207,-15603,-1445,0,0,0,0,1,0
138,71354,2672,-876,-10559,-8763,30607,-10031,-1905,0,0,0,0,1,0
139,71875,2517,-356,-12882,-10721,28831,-4073,-2292,0,0,0,0,1,0
140,72395,2265,178,-14452,-12009,25947,2041,-2592,0,0,0,0,1,0
141,72916,1926,705,-15214,-12583,22066,8077,-2791,0,0,0,0,1,0
142,73437,1513,1205,-15144,-12426,17337,13802,-2883,0,0,0,0,1,0
143,73958,1043,1658,-14249,-11548,11942,18997,-2865,0,0,0,0,1,0
144,74479,531,2048,-12569,-9989,6088,23462,-2736,0,0,0,0,1,0
145,75000,0,2359,-10172,-7812,0,27026,-2502,0,0,0,0,1,0
146,75520,-531,2580,-7155,-5106,-6088,29551,-2172,0,0,0,0,1,0
147,76041,-521,1350,-829,0,-11058,28648,-17590,0,0,0,0,1,0
148,76562,-757,1359,-602,0,-16053,28833,-12780,0,0,0,0,1,0
149,77083,-963,1316,-353,0,-20432,27910,-7479,0,0,0,0,1,0
150,77604,-1133,1222,-89,0,-24025,25915,-1890,0,0,0,0,1,0
151,78125,-1258,1081,178,0,-26696,22924,3772,0,0,0,0,1,0
152,78645,-1336,898,438,0,-28340,19052,9288,0,0,0,0,1,0
153,79166,-1362,681,681,0,-28895,14448,14448,0,0,0,0,1,0
154,79687,-1336,438,898,0,-28340,9288,19052,0,0,0,0,1,0
155,80208,-1258,178,1081,0,-26696,3772,22924,0,0,0,0,1,0
156,80729,-1133,-89,1222,0,-24025,-1890,25915,0,0,0,0,1,0
157,81250,-963,-353,1316,0,-20432,-7479,27910,0,0,0,0,1,0
158,81770,-757,-602,1359,0,-16053,-12780,28833,0,0,0,0,1,0
159,82291,-521,-829,1350,0,-11058,-17590,28648,0,0,0,0,1,0
160,82812,-266,-1024,1290,0,-5637,-21724,27362,0,0,0,0,1,0
161,83333,0,-1180,1180,0,0,-25024,25024,0,0,0,0,1,0
162,83854,266,-1290,1024,0,5637,-27362,21724,0,0,0,0,1,0
163,84375,521,-1350,829,0,11058,-28648,17590,0,0,0,0,1,0
164,84895,757,-1359,602,0,16053,-28833,12780,0,0,0,0,1,0
165,85416,963,-1316,353,0,20432,-27910,7479,0,0,0,0,1,0
166,85937,1133,-1222,89,0,24025,-25915,1890,0,0,0,0,1,0
167,86458,1258,-1081,-178,0,26696,-22924,-3772,0,0,0,0,1,0
168,86979,1336,-898,-438,0,28340,-19052,-9288,0,0,0,0,1,0
169,87500,1362,-681,-681,0,28895,-14448,-14448,0,0,0,0,1,0
170,88020,1336,-438,-898,0,28340,-9288,-19052,0,0,0,0,1,0
171,88541,1258,-178,-1081,0,26696,-3772,-22924,0,0,0,0,1,0
172,89062,1133,89,-1222,0,24025,1890,-25915,0,0,0,0,1,0
173,89583,963,353,-1316,0,20432,7479,-27910,0,0,0,0,1,0
174,90104,757,602,-1359,0,16053,12780,-28833,0,0,0,0,1,0
175,90625,521,829,-1350,0,11058,17590,-28648,0,0,0,0,1,0
176,91145,266,1024,-1290,0,5637,21724,-27362,0,0,0,0,1,0
177,91666,0,1180,-1180,0,0,25024,-25024,0,0,0,0,1,0
178,92187,-266,1290,-1024,0,-5637,27362,-21724,0,0,0,0,1,0
179,92708,-521,1350,-829,0,-11058,28648,-17590,0,0,0,0,1,0
180,93229,-757,1359,-602,0,-16053,28833,-12780,0,0,0,0,1,0
181,93750,-963,1316,-353,0,-20432,27910,-7479,0,0,0,0,1,0
182,94270,-1133,1222,-89,0,-24025,25915,-1890,0,0,0,0,1,0
183,94791,-1258,1081,178,0,-26696,22924,3772,0,0,0,0,1,0
184,95312,-1336,898,438,0,-28340,19052,9288,0,0,0,0,1,0
185,95833,-1362,681,681,0,-28895,14448,14448,0,0,0,0,1,0
186,96354,-1336,438,898,0,-28340,9288,19052,0,0,0,0,1,0
187,96875,-1258,178,1081,0,-26696,3772,22924,0,0,0,0,1,0
188,97395,-1133,-89,1222,0,-24025,-1890,25915,0,0,0,0,1,0
189,97916,-963,-353,1316,0,-20432,-7479,27910,0,0,0,0,1,0
190,98437,-757,-602,1359,0,-16053,-12780,28833,0,0,0,0,1,0
191,98958,-521,-829,1350,0,-11058,-17590,28648,0,0,0,0,1,0
192,99479,-266,-1024,1290,0,-5637,-21724,27362,0,0,0,0,1,0
193,100000,0,-1180,1180,0,0,-25024,25024,0,0,0,0,1,0
194,100520,266,-1290,1024,0,5637,-27362,21724,0,0,0,0,1,0
195,101041,521,-1350,829,0,11058,-28648,17590,0,0,0,0,1,0
196,101562,757,-1359,602,0,16053,-28833,12780,0,0,0,0,1,0
197,102083,963,-1316,353,0,20432,-27910,7479,0,0,0,0,1,0
198,102604,1133,-1222,89,0,24025,-25915,1890,0,0,0,0,1,0
199,103125,1258,-1081,-178,0,26696,-22924,-3772,0,0,0,0,1,0
200,103645,1336,-898,-438,0,28340,-19052,-9288,0,0,0,0,1,0
201,104166,1362,-681,-681,0,28895,-14448,-14448,0,0,0,0,1,0
202,104687,1336,-438,-898,0,28340,-9288,-19052,0,0,0,0,1,0
203,105208,1258,-178,-1081,0,26696,-3772,-22924,0,0,0,0,1,0
204,105729,1133,89,-1222,0,24025,1890,-25915,0,0,0,0,1,0
205,106250,963,353,-1316,0,20432,7479,-27910,0,0,0,0,1,0
206,106770,757,602,-1359,0,16053,12780,-28833,0,0,0,0,1,0
207,107291,521,829,-1350,0,11058,17590,-28648,0,0,0,0,1,0
208,107812,266,1024,-1290,0,5637,21724,-27362,0,0,0,0,1,0
209,108333,0,1180,-1180,0,0,25024,-25024,0,0,0,0,1,0
210,108854,-266,1290,-1024,0,-5637,27362,-21724,0,0,0,0,1,0
211,109375,-521,1350,-829,0,-11058,28648,-17590,0,0,0,0,1,0
212,109895,-757,1359,-602,0,-16053,28833,-12780,0,0,0,0,1,0
213,110416,-963,1316,-353,0,-20432,27910,-7479,0,0,0,0,1,0
214,110937,-1133,1222,-89,0,-24025,25915,-1890,0,0,0,0,1,0
215,111458,-1258,1081,178,0,-26696,22924,3772,0,0,0,0,1,0
216,111979,-1336,898,438,0,-28340,19052,9288,0,0,0,0,1,0
217,112500,-1362,681,681,0,-28895,14448,14448,0,0,0,0,1,0
218,113020,-1336,438,898,0,-28340,9288,19052,0,0,0,0,1,0
219,113541,-1258,178,1081,0,-26696,3772,22924,0,0,0,0,1,0
220,114062,-1133,-89,1222,0,-24025,-1890,25915,0,0,0,0,1,0
221,114583,-963,-353,1316,0,-20432,-7479,27910,0,0,0,0,1,0
222,115104,-757,-602,1359,0,-16053,-12780,28833,0,0,0,0,1,0
223,115625,-521,-829,1350,0,-11058,-17590,28648,0,0,0,0,1,0
224,116145,-266,-1024,1290,0,-5637,-21724,27362,0,0,0,0,1,0
225,116666,0,-1180,1180,0,0,-25024,25024,0,0,0,0,1,0
226,117187,266,-1290,1024,0,5637,-27362,21724,0,0,0,0,1,0
227,117708,521,-1350,829,0,11058,-28648,17590,0,0,0,0,1,0
228,118229,757,-1359,602,0,16053,-28833,12780,0,0,0,0,1,0
229,118750,963,-1316,353,0,20432,-27910,7479,0,0,0,0,1,0
230,119270,1133,-1222,89,0,24025,-25915,1890,0,0,0,0,1,0
231,119791,1258,-1081,-178,0,26696,-22924,-3772,0,0,0,0,1,0
232,120312,1336,-898,-438,0,28340,-19052,-9288,0,0,0,0,1,0
233,120833,1362,-681,-681,0,28895,-14448,-14448,0,0,0,0,1,0
234,121354,1336,-438,-898,0,28340,-9288,-19052,0,0,0,0,1,0
235,121875,1258,-178,-1081,0,26696,-3772,-22924,0,0,0,0,1,0
236,122395,1133,89,-1222,0,24025,1890,-25915,0,0,0,0,1,0
237,122916,963,353,-1316,0,20432,7479,-27910,0,0,0,0,1,0
238,123437,757,602,-1359,0,16053,12780,-28833,0,0,0,0,1,0
239,123958,521,829,-1350,0,11058,17590,-28648,0,0,0,0,1,0
240,124479,266,1024,-1290,0,5637,21724,-27362,0,0,0,0,1,0
241,125000,0,1180,-1180,0,0,25024,-25024,0,0,0,0,1,0
242,125520,-266,1290,-1024,0,-5637,27362,-21724,0,0,0,0,1,0
243,126041,-521,1350,-829,0,-11058,28648,-17590,0,0,0,0,1,0
244,126562,-757,1359,-602,0,-16053,28833,-12780,0,0,0,0,1,0
245,127083,-963,1316,-353,0,-20432,27910,-7479,0,0,0,0,1,0
246,127604,-1133,1222,-89,0,-24025,25915,-1890,0,0,0,0,1,0
247,128124,-1258,1081,178,0,-26696,22924,3772,0,0,0,0,1,0
248,128645,-1336,898,438,0,-28340,19052,9288,0,0,0,0,1,0
249,129166,-1362,681,681,0,-28895,14448,14448,0,0,0,0,1,0
250,129687,-1336,438,898,0,-28340,9288,19052,0,0,0,0,1,0
251,130208,-1258,178,1081,0,-26696,3772,22924,0,0,0,0,1,0
252,130729,-1133,-89,1222,0,-24025,-1890,25915,0,0,0,0,1,0
253,131250,-963,-353,1316,0,-20432,-7479,27910,0,0,0,0,1,0
254,131770,-757,-602,1359,0,-16053,-12780,28833,0,0,0,0,1,0
255,132291,-521,-829,1350,0,-11058,-17590,28648,0,0,0,0,1,0
256,132812,-266,-1024,1290,0,-5637,-21724,27362,0,0,0,0,1,0
257,133333,0,-1180,1180,0,0,-25024,25024,0,0,0,0,1,0
258,133854,266,-1290,1024,0,5637,-27362,21724,0,0,0,0,1,0
259,134375,521,-1350,829,0,11058,-28648,17590,0,0,0,0,1,0
260,134895,757,-1359,602,0,16053,-28833,12780,0,0,0,0,1,0
261,135416,963,-1316,353,0,20432,-27910,7479,0,0,0,0,1,0
262,135937,1133,-1222,89,0,24025,-25915,1890,0,0,0,0,1,0
263,136458,1258,-1081,-178,0,26696,-22924,-3772,0,0,0,0,1,0
264,136979,1336,-898,-438,0,28340,-19052,-9288,0,0,0,0,1,0
265,137500,1362,-681,-681,0,28895,-14448,-14448,0,0,0,0,1,0
266,138020,1336,-438,-898,0,28340,-9288,-19052,0,0,0,0,1,0
267,138541,1258,-178,-1081,0,26696,-3772,-22924,0,0,0,0,1,0
268,139062,1133,89,-1222,0,24025,1890,-25915,0,0,0,0,1,0
269,139583,963,353,-1316,0,20432,7479,-27910,0,0,0,0,1,0
270,140104,757,602,-1359,0,16053,12780,-28833,0,0,0,0,1,0
271,140625,521,829,-1350,0,11058,17590,-28648,0,0,0,0,1,0
272,141145,266,1024,-1290,0,5637,21724,-27362,0,0,0,0,1,0
273,141666,0,1180,-1180,0,0,25024,-25024,0,0,0,0,1,0
274,142187,-266,1290,-1024,0,-5637,27362,-21724,0,0,0,0,1,0
275,142708,-521,1350,-829,0,-11058,28648,-17590,0,0,0,0,1,0
276,143229,-757,1359,-602,0,-16053,28833,-12780,0,0,0,0,1,0
277,143750,-963,1316,-353,0,-20432,27910,-7479,0,0,0,0,1,0
278,144270,-1133,1222,-89,0,-24025,25915,-1890,0,0,0,0,1,0
279,144791,-1258,1081,178,0,-26696,22924,3772,0,0,0,0,1,0
280,145312,-1336,898,438,0,-28340,19052,9288,0,0,0,0,1,0
281,145833,-1362,681,681,0,-28895,14448,14448,0,0,0,0,1,0
282,146354,-1336,438,898,0,-28340,9288,19052,0,0,0,0,1,0
283,146875,-1258,178,1081,0,-26696,3772,22924,0,0,0,0,1,0
284,147395,-1133,-89,1222,0,-24025,-1890,25915,0,0,0,0,1,0
285,147916,-963,-353,1316,0,-20432,-7479,27910,0,0,0,0,1,0
286,148437,-757,-602,1359,0,-16053,-12780,28833,0,0,0,0,1,0
287,148958,-521,-829,1350,0,-11058,-17590,28648,0,0,0,0,1,0
288,149479,-266,-1024,1290,0,-5637,-21724,27362,0,0,0,0,1,0
289,150000,0,-1180,1180,0,0,-25024,25024,0,0,0,0,1,0
290,150520,266,-1290,1024,0,5637,-27362,21724,0,0,0,0,1,0
291,151041,521,-1350,829,0,11058,-28648,17590,0,0,0,0,1,0
292,151562,757,-1359,602,0,16053,-28833,12780,0,0,0,0,1,0
293,152083,963,-1316,353,0,20432,-27910,7479,0,0,0,0,1,0
294,152604,1133,-1222,89,0,24025,-25915,1890,0,0,0,0,1,0
295,153125,1258,-1081,-178,0,26696,-22924,-3772,0,0,0,0,1,0
296,153645,1336,-898,-438,0,28340,-19052,-9288,0,0,0,0,1,0
297,154166,1362,-681,-681,0,28895,-14448,-14448,0,0,0,0,1,0
298,154687,1336,-438,-898,0,28340,-9288,-19052,0,0,0,0,1,0
299,155208,1258,-178,-1081,0,26696,-3772,-22924,0,0,0,0,1,0
300,155729,1133,89,-1222,0,24025,1890,-25915,0,0,0,0,1,0
301,156250,963,353,-1316,0,20432,7479,-27910,0,0,0,0,1,0
302,156770,757,602,-1359,0,16053,12780,-28833,0,0,0,0,1,0
303,157291,521,829,-1350,0,11058,17590,-28648,0,0,0,0,1,0
304,157812,266,1024,-1290,0,5637,21724,-27362,0,0,0,0,1,0
305,158333,0,1180,-1180,0,0,25024,-25024,0,0,0,0,1,0
306,158854,-266,1290,-1024,0,-5637,27362,-21724,0,0,0,0,1,0
307,159375,-521,1350,-829,0,-11058,28648,-17590,0,0,0,0,1,0
308,159895,-757,1359,-602,0,-16053,28833,-12780,0,0,0,0,1,0
309,160416,-963,1316,-353,0,-20432,27910,-7479,0,0,0,0,1,0
310,160937,-1133,1222,-89,0,-24025,25915,-1890,0,0,0,0,1,0
311,161458,-1258,1081,178,0,-26696,22924,3772,0,0,0,0,1,0
312,161979,-1336,898,438,0,-28340,19052,9288,0,0,0,0,1,0
313,162500,-1362,681,681,0,-28895,14448,14448,0,0,0,0,1,0
314,163020,-1336,438,898,0,-28340,9288,19052,0,0,0,0,1,0
315,163541,-1258,178,1081,0,-26696,3772,22924,0,0,0,0,1,0
316,164062,-1133,-89,1222,0,-24025,-1890,25915,0,0,0,0,1,0
317,164583,-963,-353,1316,0,-20432,-7479,27910,0,0,0,0,1,0
318,165104,-757,-602,1359,0,-16053,-12780,28833,0,0,0,0,1,0
319,165625,-521,-829,1350,0,-11058,-17590,28648,0,0,0,0,1,0
320,166145,-266,-1024,1290,0,-5637,-21724,27362,0,0,0,0,1,0
321,166666,0,-1180,1180,0,0,-25024,25024,0,0,0,0,1,0
322,167187,266,-1290,1024,0,5637,-27362,21724,0,0,0,0,1,0
323,167708,521,-1350,829,0,11058,-28648,17590,0,0,0,0,1,0
324,168229,757,-1359,602,0,16053,-28833,12780,0,0,0,0,1,0
325,168750,963,-1316,353,0,20432,-27910,7479,0,0,0,0,1,0
326,169270,1133,-1222,89,0,24025,-25915,1890,0,0,0,0,1,0
327,169791,1258,-1081,-178,0,26696,-22924,-3772,0,0,0,0,1,0
328,170312,1336,-898,-438,0,28340,-19052,-9288,0,0,0,0,1,0
329,170833,1362,-681,-681,0,28895,-14448,-14448,0,0,0,0,1,0
330,171354,1336,-438,-898,0,28340,-9288,-19052,0,0,0,0,1,0
331,171875,1258,-178,-1081,0,26696,-3772,-22924,0,0,0,0,1,0
332,172395,1133,89,-1222,0,24025,1890,-25915,0,0,0,0,1,0
333,172916,963,353,-1316,0,20432,7479,-27910,0,0,0,0,1,0
334,173437,757,602,-1359,0,16053,12780,-28833,0,0,0,0,1,0
335,173958,521,829,-1350,0,11058,17590,-28648,0,0,0,0,1,0
336,174479,266,1024,-1290,0,5637,21724,-27362,0,0,0,0,1,0
337,175000,0,1180,-1180,0,0,25024,-25024,0,0,0,0,1,0
338,175520,-266,1290,-1024,0,-5637,27362,-21724,0,0,0,0,1,0
339,176041,-521,1350,-829,0,-11058,28648,-17590,0,0,0,0,1,0
340,176562,-757,1359,-602,0,-16053,28833,-12780,0,0,0,0,1,0
341,177083,-963,1316,-353,0,-20432,27910,-7479,0,0,0,0,1,0
342,177604,-1133,1222,-89,0,-24025,25915,-1890,0,0,0,0,1,0
343,178125,-1258,1081,178,0,-26696,22924,3772,0,0,0,0,1,0
344,178645,-1336,898,438,0,-28340,19052,9288,0,0,0,0,1,0
345,179166,-1362,681,681,0,-28895,14448,14448,0,0,0,0,1,0
346,179687,-1336,438,898,0,-28340,9288,19052,0,0,0,0,1,0
347,180208,-1258,178,1081,0,-26696,3772,22924,0,0,0,0,1,0
348,180729,-1133,-89,1222,0,-24025,-1890,25915,0,0,0,0,1,0
349,181250,-963,-353,1316,0,-20432,-7479,27910,0,0,0,0,1,0
350,181770,-757,-602,1359,0,-16053,-12780,28833,0,0,0,0,1,0
351,182291,-521,-829,1350,0,-11058,-17590,28648,0,0,0,0,1,0
352,182812,-266,-1024,1290,0,-5637,-21724,27362,0,0,0,0,1,0
353,183333,0,-1180,1180,0,0,-25024,25024,0,0,0,0,1,0
354,183854,266,-1290,1024,0,5637,-27362,21724,0,0,0,0,1,0
355,184375,521,-1350,829,0,11058,-28648,17590,0,0,0,0,1,0
356,184895,757,-1359,602,0,16053,-28833,12780,0,0,0,0,1,0
357,185416,963,-1316,353,0,20432,-27910,7479,0,0,0,0,1,0
358,185937,1133,-1222,89,0,24025,-25915,1890,0,0,0,0,1,0
359,186458,1258,-1081,-178,0,26696,-22924,-3772,0,0,0,0,1,0
360,186979,1336,-898,-438,0,28340,-19052,-9288,0,0,0,0,1,0
361,187500,1362,-681,-681,0,28895,-14448,-14448,0,0,0,0,1,0
362,188020,1336,-438,-898,0,28340,-9288,-19052,0,0,0,0,1,0
363,188541,1258,-178,-1081,0,26696,-3772,-22924,0,0,0,0,1,0
364,189062,1133,89,-1222,0,24025,1890,-25915,0,0,0,0,1,0
365,189583,963,353,-1316,0,20432,7479,-27910,0,0,0,0,1,0
366,190104,757,602,-1359,0,16053,12780,-28833,0,0,0,0,1,0
367,190625,521,829,-1350,0,11058,17590,-28648,0,0,0,0,1,0
368,191145,266,1024,-1290,0,5637,21724,-27362,0,0,0,0,1,0
369,191666,0,1180,-1180,0,0,25024,-25024,0,0,0,0,1,0
370,192187,-266,1290,-1024,0,-5637,27362,-21724,0,0,0,0,1,0
371,192708,-521,1350,-829,0,-11058,28648,-17590,0,0,0,0,1,0
372,193229,-757,1359,-602,0,-16053,28833,-12780,0,0,0,0,1,0
373,193750,-963,1316,-353,0,-20432,27910,-7479,0,0,0,0,1,0
374,194270,-1133,1222,-89,0,-24025,25915,-1890,0,0,0,0,1,0
375,194791,-1258,1081,178,0,-26696,22924,3772,0,0,0,0,1,0
376,195312,-1336,898,438,0,-28340,19052,9288,0,0,0,0,1,0
377,195833,-1362,681,681,0,-28895,14448,14448,0,0,0,0,1,0
378,196354,-1336,438,898,0,-28340,9288,19052,0,0,0,0,1,0
379,196875,-1258,178,1081,0,-26696,3772,22924,0,0,0,0,1,0
380,197395,-1133,-89,1222,0,-24025,-1890,25915,0,0,0,0,1,0
381,197916,-963,-353,1316,0,-20432,-7479,27910,0,0,0,0,1,0
382,198437,-757,-602,1359,0,-16053,-12780,28833,0,0,0,0,1,0
383,198958,-521,-829,1350,0,-11058,-17590,28648,0,0,0,0,1,0
384,199479,-266,-1024,1290,0,-5637,-21724,27362,0,0,0,0,1,0
385,200000,0,-1180,1180,0,0,-25024,25024,0,0,0,0,1,0
386,200520,266,-1290,1024,0,5637,-27362,21724,0,0,0,0,1,0
387,201041,521,-1350,829,0,11058,-28648,17590,0,0,0,0,1,0
388,201562,757,-1359,602,0,16053,-28833,12780,0,0,0,0,1,0
389,202083,963,-1316,353,0,20432,-27910,7479,0,0,0,0,1,0
390,202604,1133,-1222,89,0,24025,-25915,1890,0,0,0,0,1,0
391,203125,1258,-1081,-178,0,26696,-22924,-3772,0,0,0,0,1,0
392,203645,1336,-898,-438,0,28340,-19052,-9288,0,0,0,0,1,0
393,204166,1362,-681,-681,0,28895,-14448,-14448,0,0,0,0,1,0
394,204687,1336,-438,-898,0,28340,-9288,-19052,0,0,0,0,1,0
395,205208,1258,-178,-1081,0,26696,-3772,-22924,0,0,0,0,1,0
396,205729,1133,89,-1222,0,24025,1890,-25915,0,0,0,0,1,0
397,206250,963,353,-1316,0,20432,7479,-27910,0,0,0,0,1,0
398,206770,757,602,-1359,0,16053,12780,-28833,0,0,0,0,1,0
399,207291,521,829,-1350,0,11058,17590,-28648,0,0,0,0,1,0
400,207812,266,1024,-1290,0,5637,21724,-27362,0,0,0,0,1,0
401,208333,0,1180,-1180,0,0,25024,-25024,0,0,0,0,1,0
402,208854,-266,1290,-1024,0,-5637,27362,-21724,0,0,0,0,1,0
403,209375,-521,1350,-829,0,-11058,28648,-17590,0,0,0,0,1,0
404,209895,-757,1359,-602,0,-16053,28833,-12780,0,0,0,0,1,0
405,210416,-963,1316,-353,0,-20432,27910,-7479,0,0,0,0,1,0
406,210937,-1133,1222,-89,0,-24025,25915,-1890,0,0,0,0,1,0
407,211458,-1258,1081,178,0,-26696,22924,3772,0,0,0,0,1,0
408,211979,-1336,898,438,0,-28340,19052,9288,0,0,0,0,1,0
409,212500,-1362,681,681,0,-28895,14448,14448,0,0,0,0,1,0
410,213020,-1336,438,898,0,-28340,9288,19052,0,0,0,0,1,0
411,213541,-1258,178,1081,0,-26696,3772,22924,0,0,0,0,1,0
412,214062,-1133,-89,1222,0,-24025,-1890,25915,0,0,0,0,1,0
413,214583,-963,-353,1316,0,-20432,-7479,27910,0,0,0,0,1,0
414,215104,-757,-602,1359,0,-16053,-12780,28833,0,0,0,0,1,0
415,215625,-521,-829,1350,0,-11058,-17590,28648,0,0,0,0,1,0
416,216145,-266,-1024,1290,0,-5637,-21724,27362,0,0,0,0,1,0
417,216666,0,-1180,1180,0,0,-25024,25024,0,0,0,0,1,0
418,217187,266,-1290,1024,0,5637,-27362,21724,0,0,0,0,1,0
419,217708,521,-1350,829,0,11058,-28648,17590,0,0,0,0,1,0
420,218229,757,-1359,602,0,16053,-28833,12780,0,0,0,0,1,0
421,218750,963,-1316,353,0,20432,-27910,7479,0,0,0,0,1,0
422,219270,1133,-1222,89,0,24025,-25915,1890,0,0,0,0,1,0
423,219791,1258,-1081,-178,0,26696,-22924,-3772,0,0,0,0,1,0
424,220312,1336,-898,-438,0,28340,-19052,-9288,0,0,0,0,1,0
425,220833,1362,-681,-681,0,28895,-14448,-14448,0,0,0,0,1,0
426,221354,1336,-438,-898,0,28340,-9288,-19052,0,0,0,0,1,0
427,221875,1258,-178,-1081,0,26696,-3772,-22924,0,0,0,0,1,0
428,222395,1133,89,-1222,0,24025,1890,-25915,0,0,0,0,1,0
429,222916,963,353,-1316,0,20432,7479,-27910,0,0,0,0,1,0
430,223437,757,602,-1359,0,16053,12780,-28833,0,0,0,0,1,0
431,223958,521,829,-1350,0,11058,17590,-28648,0,0,0,0,1,0
432,224479,266,1024,-1290,0,5637,21724,-27362,0,0,0,0,1,0
433,225000,0,1180,-1180,0,0,25024,-25024,0,0,0,0,1,0
434,225520,-266,1290,-1024,0,-5637,27362,-21724,0,0,0,0,1,0
435,226041,-521,1350,-829,0,-11058,28648,-17590,0,0,0,0,1,0
436,226562,-757,1359,-602,0,-16053,28833,-12780,0,0,0,0,1,0
437,227083,-963,1316,-353,0,-20432,27910,-7479,0,0,0,0,1,0
438,227604,-1133,1222,-89,0,-24025,25915,-1890,0,0,0,0,1,0
439,228125,-1258,1081,178,0,-26696,22924,3772,0,0,0,0,1,0
440,228645,-1336,898,438,0,-28340,19052,9288,0,0,0,0,1,0
441,229166,-1362,681,681,0,-28895,14448,14448,0,0,0,0,1,0
442,229687,-1336,438,898,0,-28340,9288,19052,0,0,0,0,1,0
443,230208,-1258,178,1081,0,-26696,3772,22924,0,0,0,0,1,0
444,230729,-1133,-89,1222,0,-24025,-1890,25915,0,0,0,0,1,0
445,231250,-963,-353,1316,0,-20432,-7479,27910,0,0,0,0,1,0
446,231770,-757,-602,1359,0,-16053,-12780,28833,0,0,0,0,1,0
447,232291,-521,-829,1350,0,-11058,-17590,28648,0,0,0,0,1,0
448,232812,-266,-1024,1290,0,-5637,-21724,27362,0,0,0,0,1,0
449,233333,0,-1180,1180,0,0,-25024,25024,0,0,0,0,1,0
450,233854,266,-1290,1024,0,5637,-27362,21724,0,0,0,0,1,0
451,234375,521,-1350,829,0,11058,-28648,17590,0,0,0,0,1,0
452,234895,757,-1359,602,0,16053,-28833,12780,0,0,0,0,1,0
453,235416,963,-1316,353,0,20432,-27910,7479,0,0,0,0,1,0
454,235937,1133,-1222,89,0,24025,-25915,1890,0,0,0,0,1,0
455,236458,1258,-1081,-178,0,26696,-22924,-3772,0,0,0,0,1,0
456,236979,1336,-898,-438,0,28340,-19052,-9288,0,0,0,0,1,0
457,237500,1362,-681,-681,0,28895,-14448,-14448,0,0,0,0,1,0
458,238020,1336,-438,-898,0,28340,-9288,-19052,0,0,0,0,1,0
459,238541,1258,-178,-1081,0,26696,-3772,-22924,0,0,0,0,1,0
460,239062,1133,89,-1222,0,24025,1890,-25915,0,0,0,0,1,0
461,239583,963,353,-1316,0,20432,7479,-27910,0,0,0,0,1,0
462,240104,757,602,-1359,0,16053,12780,-28833,0,0,0,0,1,0
463,240625,521,829,-1350,0,11058,17590,-28648,0,0,0,0,1,0
464,241145,266,1024,-1290,0,5637,21724,-27362,0,0,0,0,1,0
465,241666,0,1180,-1180,0,0,25024,-25024,0,0,0,0,1,0
466,242187,-266,1290,-1024,0,-5637,27362,-21724,0,0,0,0,1,0
467,242708,-521,1350,-829,0,-11058,28648,-17590,0,0,0,0,1,0
468,243229,-757,1359,-602,0,-16053,28833,-12780,0,0,0,0,1,0
469,243750,-963,1316,-353,0,-20432,27910,-7479,0,0,0,0,1,0
470,244270,-1133,1222,-89,0,-24025,25915,-1890,0,0,0,0,1,0
471,244791,-1258,1081,178,0,-26696,22924,3772,0,0,0,0,1,0
472,245312,-1336,898,438,0,-28340,19052,9288,0,0,0,0,1,0
473,245833,-1362,681,681,0,-28895,14448,14448,0,0,0,0,1,0
474,246354,-1336,438,898,0,-28340,9288,19052,0,0,0,0,1,0
475,246875,-1258,178,1081,0,-26696,3772,22924,0,0,0,0,1,0
476,247395,-1133,-89,1222,0,-24025,-1890,25915,0,0,0,0,1,0
477,247916,-963,-353,1316,0,-20432,-7479,27910,0,0,0,0,1,0
478,248437,-757,-602,1359,0,-16053,-12780,28833,0,0,0,0,1,0
479,248958,-521,-829,1350,0,-11058,-17590,28648,0,0,0,0,1,0
480,249479,-266,-1024,1290,0,-5637,-21724,27362,0,0,0,0,1,0
481,250000,0,-1180,1180,0,0,-25024,25024,0,0,0,0,1,0
482,250520,266,-1290,1024,0,5637,-27362,21724,0,0,0,0,1,0
483,251041,521,-1350,829,0,11058,-28648,17590,0,0,0,0,1,0
484,251562,757,-1359,602,0,16053,-28833,12780,0,0,0,0,1,0
485,252083,963,-1316,353,0,20432,-27910,7479,0,0,0,0,1,0
486,252604,1133,-1222,89,0,24025,-25915,1890,0,0,0,0,1,0
487,253125,1258,-1081,-178,0,26696,-22924,-3772,0,0,0,0,1,0
488,253645,1336,-898,-438,0,28340,-19052,-9288,0,0,0,0,1,0
489,254166,1362,-681,-681,0,28895,-14448,-14448,0,0,0,0,1,0
490,254687,1336,-438,-898,0,28340,-9288,-19052,0,0,0,0,1,0
491,255208,1258,-178,-1081,0,26696,-3772,-22924,0,0,0,0,1,0
492,255729,1133,89,-1222,0,24025,1890,-25915,0,0,0,0,1,0
493,256249,963,353,-1316,0,20432,7479,-27910,0,0,0,0,1,0
494,256770,757,602,-1359,0,16053,12780,-28833,0,0,0,0,1,0
495,257291,521,829,-1350,0,11058,17590,-28648,0,0,0,0,1,0
496,257812,266,1024,-1290,0,5637,21724,-27362,0,0,0,0,1,0
497,258333,0,1180,-1180,0,0,25024,-25024,0,0,0,0,1,0
498,258854,-266,1290,-1024,0,-5637,27362,-21724,0,0,0,0,1,0
499,259375,-521,1350,-829,0,-11058,28648,-17590,0,0,0,0,1,0
500,259895,-757,1359,-602,0,-16053,28833,-12780,0,0,0,0,1,0
501,260416,-963,1316,-353,0,-20432,27910,-7479,0,0,0,0,1,0
502,260937,-1133,1222,-89,0,-24025,25915,-1890,0,0,0,0,1,0
503,261458,-1258,1081,178,0,-26696,22924,3772,0,0,0,0,1,0
504,261979,-1336,898,438,0,-28340,19052,9288,0,0,0,0,1,0
505,262500,-1362,681,681,0,-28895,14448,14448,0,0,0,0,1,0
506,263020,-1336,438,898,0,-28340,9288,19052,0,0,0,0,1,0
507,263541,-1258,178,1081,0,-26696,3772,22924,0,0,0,0,1,0
508,264062,-1133,-89,1222,0,-24025,-1890,25915,0,0,0,0,1,0
509,264583,-963,-353,1316,0,-20432,-7479,27910,0,0,0,0,1,0
510,265104,-757,-602,1359,0,-16053,-12780,28833,0,0,0,0,1,0
511,265625,-521,-829,1350,0,-11058,-17590,28648,0,0,0,0,1,0
512,266145,-266,-1024,1290,0,-5637,-21724,27362,0,0,0,0,1,0
513,266666,0,-1180,1180,0,0,-25024,25024,0,0,0,0,1,0
514,267187,266,-1290,1024,0,5637,-27362,21724,0,0,0,0,1,0
515,267708,521,-1350,829,0,11058,-28648,17590,0,0,0,0,1,0
516,268229,757,-1359,602,0,16053,-28833,12780,0,0,0,0,1,0
517,268750,963,-1316,353,0,20432,-27910,7479,0,0,0,0,1,0
518,269270,1133,-1222,89,0,24025,-25915,1890,0,0,0,0,1,0
519,269791,1258,-1081,-178,0,26696,-22924,-3772,0,0,0,0,1,0
520,270312,1336,-898,-438,0,28340,-19052,-9288,0,0,0,0,1,0
521,270833,1362,-681,-681,0,28895,-14448,-14448,0,0,0,0,1,0
522,271354,1336,-438,-898,0,28340,-9288,-19052,0,0,0,0,1,0
523,271875,1258,-178,-1081,0,26696,-3772,-22924,0,0,0,0,1,0
524,272395,1133,89,-1222,0,24025,1890,-25915,0,0,0,0,1,0
525,272916,963,353,-1316,0,20432,7479,-27910,0,0,0,0,1,0
526,273437,757,602,-1359,0,16053,12780,-28833,0,0,0,0,1,0
527,273958,521,829,-1350,0,11058,17590,-28648,0,0,0,0,1,0
528,274479,266,1024,-1290,0,5637,21724,-27362,0,0,0,0,1,0
529,275000,0,1180,-1180,0,0,25024,-25024,0,0,0,0,1,0
530,275520,-266,1290,-1024,0,-5637,27362,-21724,0,0,0,0,1,0
531,276041,-521,1350,-829,0,-11058,28648,-17590,0,0,0,0,1,0
532,276562,-757,1359,-602,0,-16053,28833,-12780,0,0,0,0,1,0
533,277083,-963,1316,-353,0,-20432,27910,-7479,0,0,0,0,1,0
534,277604,-1133,1222,-89,0,-24025,25915,-1890,0,0,0,0,1,0
535,278125,-1258,1081,178,0,-26696,22924,3772,0,0,0,0,1,0
536,278645,-1336,898,438,0,-28340,19052,9288,0,0,0,0,1,0
537,279166,-1362,681,681,0,-28895,14448,14448,0,0,0,0,1,0
538,279687,-1336,438,898,0,-28340,9288,19052,0,0,0,0,1,0
539,280208,-1258,178,1081,0,-26696,3772,22924,0,0,0,0,1,0
540,280729,-1133,-89,1222,0,-24025,-1890,25915,0,0,0,0,1,0
541,281250,-963,-353,1316,0,-20432,-7479,27910,0,0,0,0,1,0
542,281770,-757,-602,1359,0,-16053,-12780,28833,0,0,0,0,1,0
543,282291,-521,-829,1350,0,-11058,-17590,28648,0,0,0,0,1,0
544,282812,-266,-1024,1290,0,-5637,-21724,27362,0,0,0,0,1,0
545,283333,0,-1180,1180,0,0,-25024,25024,0,0,0,0,1,0
546,283854,266,-1290,1024,0,5637,-27362,21724,0,0,0,0,1,0
547,284375,521,-1350,829,0,11058,-28648,17590,0,0,0,0,1,0
548,284895,757,-1359,602,0,16053,-28833,12780,0,0,0,0,1,0
549,285416,963,-1316,353,0,20432,-27910,7479,0,0,0,0,1,0
550,285937,1133,-1222,89,0,24025,-25915,1890,0,0,0,0,1,0
551,286458,1258,-1081,-178,0,26696,-22924,-3772,0,0,0,0,1,0
552,286979,1336,-898,-438,0,28340,-19052,-9288,0,0,0,0,1,0
553,287500,1362,-681,-681,0,28895,-14448,-14448,0,0,0,0,1,0
554,288020,1336,-438,-898,0,28340,-9288,-19052,0,0,0,0,1,0
555,288541,1258,-178,-1081,0,26696,-3772,-22924,0,0,0,0,1,0
556,289062,1133,89,-1222,0,24025,1890,-25915,0,0,0,0,1,0
557,289583,963,353,-1316,0,20432,7479,-27910,0,0,0,0,1,0
558,290104,757,602,-1359,0,16053,12780,-28833,0,0,0,0,1,0
559,290625,521,829,-1350,0,11058,17590,-28648,0,0,0,0,1,0
560,291145,266,1024,-1290,0,5637,21724,-27362,0,0,0,0,1,0
561,291666,0,1180,-1180,0,0,25024,-25024,0,0,0,0,1,0
562,292187,-266,1290,-1024,0,-5637,27362,-21724,0,0,0,0,1,0
563,292708,-521,1350,-829,0,-11058,28648,-17590,0,0,0,0,1,0
564,293229,-757,1359,-602,0,-16053,28833,-12780,0,0,0,0,1,0
565,293750,-963,1316,-353,0,-20432,27910,-7479,0,0,0,0,1,0
566,294270,-1133,1222,-89,0,-24025,25915,-1890,0,0,0,0,1,0
567,294791,-1258,1081,178,0,-26696,22924,3772,0,0,0,0,1,0
568,295312,-1336,898,438,0,-28340,19052,9288,0,0,0,0,1,0
569,295833,-1362,681,681,0,-28895,14448,14448,0,0,0,0,1,0
570,296354,-1336,438,898,0,-28340,9288,19052,0,0,0,0,1,0
571,296875,-1258,178,1081,0,-26696,3772,22924,0,0,0,0,1,0
572,297395,-1133,-89,1222,0,-24025,-1890,25915,0,0,0,0,1,0
573,297916,-963,-353,1316,0,-20432,-7479,27910,0,0,0,0,1,0
574,298437,-757,-602,1359,0,-16053,-12780,28833,0,0,0,0,1,0
575,298958,-521,-829,1350,0,-11058,-17590,28648,0,0,0,0,1,0
576,299479,-266,-1024,1290,0,-5637,-21724,27362,0,0,0,0,1,0
577,300000,0,-1180,1180,0,0,-25024,25024,0,0,0,0,1,0
578,300520,266,-1290,1024,0,5637,-27362,21724,0,0,0,0,1,0
579,301041,521,-1350,829,0,11058,-28648,17590,0,0,0,0,1,0
580,301562,757,-1359,602,0,16053,-28833,12780,0,0,0,0,1,0
581,302083,963,-1316,353,0,20432,-27910,7479,0,0,0,0,1,0
582,302604,1133,-1222,89,0,24025,-25915,1890,0,0,0,0,1,0
583,303125,1258,-1081,-178,0,26696,-22924,-3772,0,0,0,0,1,0
584,303645,1336,-898,-438,0,28340,-19052,-9288,0,0,0,0,1,0
585,304166,1362,-681,-681,0,28895,-14448,-14448,0,0,0,0,1,0
586,304687,1336,-438,-898,0,28340,-9288,-19052,0,0,0,0,1,0
587,305208,1258,-178,-1081,0,26696,-3772,-22924,0,0,0,0,1,0
588,305729,1133,89,-1222,0,24025,1890,-25915,0,0,0,0,1,0
589,306250,963,353,-1316,0,20432,7479,-27910,0,0,0,0,1,0
590,306770,757,602,-1359,0,16053,12780,-28833,0,0,0,0,1,0
591,307291,521,829,-1350,0,11058,17590,-28648,0,0,0,0,1,0
592,307812,266,1024,-1290,0,5637,21724,-27362,0,0,0,0,1,0
593,308333,0,1180,-1180,0,0,25024,-25024,0,0,0,0,1,0
594,308854,-266,1290,-1024,0,-5637,27362,-21724,0,0,0,0,1,0
595,309375,-521,1350,-829,0,-11058,28648,-17590,0,0,0,0,1,0
596,309895,-757,1359,-602,0,-16053,28833,-12780,0,0,0,0,1,0
597,310416,-963,1316,-353,0,-20432,27910,-7479,0,0,0,0,1,0
598,310937,-1133,1222,-89,0,-24025,25915,-1890,0,0,0,0,1,0
599,311458,-1258,1081,178,0,-26696,22924,3772,0,0,0,0,1,0
600,311979,-1336,898,438,0,-28340,19052,9288,0,0,0,0,1,0
601,312500,-1362,681,681,0,-28895,14448,14448,0,0,0,0,1,0
602,313020,-1336,438,898,0,-28340,9288,19052,0,0,0,0,1,0
603,313541,-1258,178,1081,0,-26696,3772,22924,0,0,0,0,1,0
604,314062,-1133,-89,1222,0,-24025,-1890,25915,0,0,0,0,1,0
605,314583,-963,-353,1316,0,-20432,-7479,27910,0,0,0,0,1,0
606,315104,-757,-602,1359,0,-16053,-12780,28833,0,0,0,0,1,0
607,315625,-521,-829,1350,0,-11058,-17590,28648,0,0,0,0,1,0
608,316145,-266,-1024,1290,0,-5637,-21724,27362,0,0,0,0,1,0
609,316666,0,-1180,1180,0,0,-25024,25024,0,0,0,0,1,0
610,317187,266,-1290,1024,0,5637,-27362,21724,0,0,0,0,1,0
611,317708,521,-1350,829,0,11058,-28648,17590,0,0,0,0,1,0
612,318229,757,-1359,602,0,16053,-28833,12780,0,0,0,0,1,0
613,318750,963,-1316,353,0,20432,-27910,7479,0,0,0,0,1,0
614,319270,1133,-1222,89,0,24025,-25915,1890,0,0,0,0,1,0
615,319791,1258,-1081,-178,0,26696,-22924,-3772,0,0,0,0,1,0
616,320312,1336,-898,-438,0,28340,-19052,-9288,0,0,0,0,1,0
617,320833,1362,-681,-681,0,28895,-14448,-14448,0,0,0,0,1,0
618,321354,1336,-438,-898,0,28340,-9288,-19052,0,0,0,0,1,0
619,321875,1258,-178,-1081,0,26696,-3772,-22924,0,0,0,0,1,0
620,322395,1133,89,-1222,0,24025,1890,-25915,0,0,0,0,1,0
621,322916,963,353,-1316,0,20432,7479,-27910,0,0,0,0,1,0
622,323437,757,602,-1359,0,16053,12780,-28833,0,0,0,0,1,0
623,323958,521,829,-1350,0,11058,17590,-28648,0,0,0,0,1,0
624,324479,266,1024,-1290,0,5637,21724,-27362,0,0,0,0,1,0
625,325000,0,1180,-1180,0,0,25024,-25024,0,0,0,0,1,0
626,325520,-266,1290,-1024,0,-5637,27362,-21724,0,0,0,0,1,0
627,326041,-521,1350,-829,0,-11058,28648,-17590,0,0,0,0,1,0
628,326562,-757,1359,-602,0,-16053,28833,-12780,0,0,0,0,1,0
629,327083,-963,1316,-353,0,-20432,27910,-7479,0,0,0,0,1,0
630,327604,-1133,1222,-89,0,-24025,25915,-1890,0,0,0,0,1,0
631,328125,-1258,1081,178,0,-26696,22924,3772,0,0,0,0,1,0
632,328645,-1336,898,438,0,-28340,19052,9288,0,0,0,0,1,0
633,329166,-1362,681,681,0,-28895,14448,14448,0,0,0,0,1,0
634,329687,-1336,438,898,0,-28340,9288,19052,0,0,0,0,1,0
635,330208,-1258,178,1081,0,-26696,3772,22924,0,0,0,0,1,0
636,330729,-1133,-89,1222,0,-24025,-1890,25915,0,0,0,0,1,0
637,331250,-963,-353,1316,0,-20432,-7479,27910,0,0,0,0,1,0
638,331770,-757,-602,1359,0,-16053,-12780,28833,0,0,0,0,1,0
639,332291,-521,-829,1350,0,-11058,-17590,28648,0,0,0,0,1,0
640,332812,-266,-1024,1290,0,-5637,-21724,27362,0,0,0,0,1,0
641,333333,0,-1180,1180,0,0,-25024,25024,0,0,0,0,1,0
642,333854,266,-1290,1024,0,5637,-27362,21724,0,0,0,0,1,0
643,334375,521,-1350,829,0,11058,-28648,17590,0,0,0,0,1,0
644,334895,757,-1359,602,0,16053,-28833,12780,0,0,0,0,1,0
645,335416,963,-1316,353,0,20432,-27910,7479,0,0,0,0,1,0
646,335937,1133,-1222,89,0,24025,-25915,1890,0,0,0,0,1,0
647,336458,1258,-1081,-178,0,26696,-22924,-3772,0,0,0,0,1,0
648,336979,1336,-898,-438,0,28340,-19052,-9288,0,0,0,0,1,0
649,337500,1362,-681,-681,0,28895,-14448,-14448,0,0,0,0,1,0
650,338020,1336,-438,-898,0,28340,-9288,-19052,0,0,0,0,1,0
651,338541,1258,-178,-1081,0,26696,-3772,-22924,0,0,0,0,1,0
652,339062,1133,89,-1222,0,24025,1890,-25915,0,0,0,0,1,0
653,339583,963,353,-1316,0,20432,7479,-27910,0,0,0,0,1,0
654,340104,757,602,-1359,0,16053,12780,-28833,0,0,0,0,1,0
655,340625,521,829,-1350,0,11058,17590,-28648,0,0,0,0,1,0
656,341145,266,1024,-1290,0,5637,21724,-27362,0,0,0,0,1,0
657,341666,0,1180,-1180,0,0,25024,-25024,0,0,0,0,1,0
658,342187,-266,1290,-1024,0,-5637,27362,-21724,0,0,0,0,1,0
659,342708,-521,1350,-829,0,-11058,28648,-17590,0,0,0,0,1,0
660,343229,-757,1359,-602,0,-16053,28833,-12780,0,0,0,0,1,0
661,343750,-963,1316,-353,0,-20432,27910,-7479,0,0,0,0,1,0
662,344270,-1133,1222,-89,0,-24025,25915,-1890,0,0,0,0,1,0
663,344791,-1258,1081,178,0,-26696,22924,3772,0,0,0,0,1,0
664,345312,-1336,898,438,0,-28340,19052,9288,0,0,0,0,1,0
665,345833,-1362,681,681,0,-28895,14448,14448,0,0,0,0,1,0
666,346354,-1336,438,898,0,-28340,9288,19052,0,0,0,0,1,0
667,346875,-1258,178,1081,0,-26696,3772,22924,0,0,0,0,1,0
668,347395,-1133,-89,1222,0,-24025,-1890,25915,0,0,0,0,1,0
669,347916,-963,-353,1316,0,-20432,-7479,27910,0,0,0,0,1,0
670,348437,-757,-602,1359,0,-16053,-12780,28833,0,0,0,0,1,0
671,348958,-521,-829,1350,0,-11058,-17590,28648,0,0,0,0,1,0
672,349479,-266,-1024,1290,0,-5637,-21724,27362,0,0,0,0,1,0
673,350000,0,-1180,1180,0,0,-25024,25024,0,0,0,0,1,0
674,350520,266,-1290,1024,0,5637,-27362,21724,0,0,0,0,1,0
675,351041,521,-1350,829,0,11058,-28648,17590,0,0,0,0,1,0
676,351562,757,-1359,602,0,16053,-28833,12780,0,0,0,0,1,0
677,352083,963,-1316,353,0,20432,-27910,7479,0,0,0,0,1,0
678,352604,1133,-1222,89,0,24025,-25915,1890,0,0,0,0,1,0
679,353125,1258,-1081,-178,0,26696,-22924,-3772,0,0,0,0,1,0
680,353645,1336,-898,-438,0,28340,-19052,-9288,0,0,0,0,1,0
681,354166,1362,-681,-681,0,28895,-14448,-14448,0,0,0,0,1,0
682,354687,1336,-438,-898,0,28340,-9288,-19052,0,0,0,0,1,0
683,355208,1258,-178,-1081,0,26696,-3772,-22924,0,0,0,0,1,0
684,355729,1133,89,-1222,0,24025,1890,-25915,0,0,0,0,1,0
685,356250,963,353,-1316,0,20432,7479,-27910,0,0,0,0,1,0
686,356770,757,602,-1359,0,16053,12780,-28833,0,0,0,0,1,0
687,357291,521,829,-1350,0,11058,17590,-28648,0,0,0,0,1,0
688,357812,266,1024,-1290,0,5637,21724,-27362,0,0,0,0,1,0
689,358333,0,1180,-1180,0,0,25024,-25024,0,0,0,0,1,0
690,358854,-266,1290,-1024,0,-5637,27362,-21724,0,0,0,0,1,0
691,359375,-521,1350,-829,0,-11058,28648,-17590,0,0,0,0,1,0
692,359895,-757,1359,-602,0,-16053,28833,-12780,0,0,0,0,1,0
693,360416,-963,1316,-353,0,-20432,27910,-7479,0,0,0,0,1,0
694,360937,-1133,1222,-89,0,-24025,25915,-1890,0,0,0,0,1,0
695,361458,-1258,1081,178,0,-26696,22924,3772,0,0,0,0,1,0
696,361979,-1336,898,438,0,-28340,19052,9288,0,0,0,0,1,0
697,362500,-1362,681,681,0,-28895,14448,14448,0,0,0,0,1,0
698,363020,-1336,438,898,0,-28340,9288,19052,0,0,0,0,1,0
699,363541,-1258,178,1081,0,-26696,3772,22924,0,0,0,0,1,0
700,364062,-1133,-89,1222,0,-24025,-1890,25915,0,0,0,0,1,0
701,364583,-963,-353,1316,0,-20432,-7479,27910,0,0,0,0,1,0
702,365104,-757,-602,1359,0,-16053,-12780,28833,0,0,0,0,1,0
703,365625,-521,-829,1350,0,-11058,-17590,28648,0,0,0,0,1,0
704,366145,-266,-1024,1290,0,-5637,-21724,27362,0,0,0,0,1,0
705,366666,0,-1180,1180,0,0,-25024,25024,0,0,0,0,1,0
706,367187,266,-1290,1024,0,5637,-27362,21724,0,0,0,0,1,0
707,367708,521,-1350,829,0,11058,-28648,17590,0,0,0,0,1,0
708,368229,757,-1359,602,0,16053,-28833,12780,0,0,0,0,1,0
709,368750,963,-1316,353,0,20432,-27910,7479,0,0,0,0,1,0
710,369270,1133,-1222,89,0,24025,-25915,1890,0,0,0,0,1,0
711,369791,1258,-1081,-178,0,26696,-22924,-3772,0,0,0,0,1,0
712,370312,1336,-898,-438,0,28340,-19052,-9288,0,0,0,0,1,0
713,370833,1362,-681,-681,0,28895,-14448,-14448,0,0,0,0,1,0
714,371354,1336,-438,-898,0,28340,-9288,-19052,0,0,0,0,1,0
715,371875,1258,-178,-1081,0,26696,-3772,-22924,0,0,0,0,1,0
716,372395,1133,89,-1222,0,24025,1890,-25915,0,0,0,0,1,0
717,372916,963,353,-1316,0,20432,7479,-27910,0,0,0,0,1,0
718,373437,757,602,-1359,0,16053,12780,-28833,0,0,0,0,1,0
719,373958,521,829,-1350,0,11058,17590,-28648,0,0,0,0,1,0
720,374479,266,1024,-1290,0,5637,21724,-27362,0,0,0,0,1,0
721,375000,0,1180,-1180,0,0,25024,-25024,0,0,0,0,1,0
722,375520,-266,1290,-1024,0,-5637,27362,-21724,0,0,0,0,1,0
723,376041,-521,1350,-829,0,-11058,28648,-17590,0,0,0,0,1,0
724,376562,-757,1359,-602,0,-16053,28833,-12780,0,0,0,0,1,0
725,377083,-963,1316,-353,0,-20432,27910,-7479,0,0,0,0,1,0
726,377604,-1133,1222,-89,0,-24025,25915,-1890,0,0,0,0,1,0
727,378125,-1258,1081,178,0,-26696,22924,3772,0,0,0,0,1,0
728,378645,-1336,898,438,0,-28340,19052,9288,0,0,0,0,1,0
729,379166,-1362,681,681,0,-28895,14448,14448,0,0,0,0,1,0
730,379687,-1336,438,898,0,-28340,9288,19052,0,0,0,0,1,0
731,380208,-1258,178,1081,0,-26696,3772,22924,0,0,0,0,1,0
732,380729,-1133,-89,1222,0,-24025,-1890,25915,0,0,0,0,1,0
733,381250,-963,-353,1316,0,-20432,-7479,27910,0,0,0,0,1,0
734,381770,-757,-602,1359,0,-16053,-12780,28833,0,0,0,0,1,0
735,382291,-521,-829,1350,0,-11058,-17590,28648,0,0,0,0,1,0
736,382812,-266,-1024,1290,0,-5637,-21724,27362,0,0,0,0,1,0
737,383333,0,-1180,1180,0,0,-25024,25024,0,0,0,0,1,0
738,383854,266,-1290,1024,0,5637,-27362,21724,0,0,0,0,1,0
739,384375,521,-1350,829,0,11058,-28648,17590,0,0,0,0,1,0
740,384895,757,-1359,602,0,16053,-28833,12780,0,0,0,0,1,0
741,385416,963,-1316,353,0,20432,-27910,7479,0,0,0,0,1,0
742,385937,1133,-1222,89,0,24025,-25915,1890,0,0,0,0,1,0
743,386458,1258,-1081,-178,0,26696,-22924,-3772,0,0,0,0,1,0
744,386979,1336,-898,-438,0,28340,-19052,-9288,0,0,0,0,1,0
745,387500,1362,-681,-681,0,28895,-14448,-14448,0,0,0,0,1,0
746,388020,1336,-438,-898,0,28340,-9288,-19052,0,0,0,0,1,0
747,388541,1258,-178,-1081,0,26696,-3772,-22924,0,0,0,0,1,0
748,389062,1133,89,-1222,0,24025,1890,-25915,0,0,0,0,1,0
749,389583,963,353,-1316,0,20432,7479,-27910,0,0,0,0,1,0
750,390104,757,602,-1359,0,16053,12780,-28833,0,0,0,0,1,0
751,390625,521,829,-1350,0,11058,17590,-28648,0,0,0,0,1,0
752,391145,266,1024,-1290,0,5637,21724,-27362,0,0,0,0,1,0
753,391666,0,1180,-1180,0,0,25024,-25024,0,0,0,0,1,0
754,392187,-266,1290,-1024,0,-5637,27362,-21724,0,0,0,0,1,0
755,392708,-521,1350,-829,0,-11058,28648,-17590,0,0,0,0,1,0
756,393229,-757,1359,-602,0,-16053,28833,-12780,0,0,0,0,1,0
757,393750,-963,1316,-353,0,-20432,27910,-7479,0,0,0,0,1,0
758,394270,-1133,1222,-89,0,-24025,25915,-1890,0,0,0,0,1,0
759,394791,-1258,1081,178,0,-26696,22924,3772,0,0,0,0,1,0
760,395312,-1336,898,438,0,-28340,19052,9288,0,0,0,0,1,0
761,395833,-1362,681,681,0,-28895,14448,14448,0,0,0,0,1,0
762,396354,-1336,438,898,0,-28340,9288,19052,0,0,0,0,1,0
