1,0,0,-1610,1610,0,0,-25240,25240,0,0,0,0,1,0
2,1041,711,-1843,1131,0,11153,-28895,17742,0,0,0,0,1,0
3,2083,1314,-1795,481,0,20608,-28151,7543,0,0,0,0,1,0
4,3125,1717,-1475,-243,0,26926,-23122,-3804,0,0,0,0,1,0
5,4166,1859,-929,-929,0,29144,-14572,-14572,0,0,0,0,1,0
6,5208,1717,-243,-1475,0,26926,-3804,-23122,0,0,0,0,1,0
7,6250,1314,481,-1795,0,20608,7543,-28151,0,0,0,0,1,0
8,7291,711,1131,-1843,0,11153,17742,-28895,0,0,0,0,1,0
9,8333,0,1610,-1610,0,0,25240,-25240,0,0,0,0,1,0
10,9375,-711,1843,-1131,0,-11153,28895,-17742,0,0,0,0,1,0
11,10416,-1314,1795,-481,0,-20608,28151,-7543,0,0,0,0,1,0
12,11458,-1717,1475,243,0,-26926,23122,3804,0,0,0,0,1,0
13,12500,-1859,929,929,0,-29144,14572,14572,0,0,0,0,1,0
14,13541,-1717,243,1475,0,-26926,3804,23122,0,0,0,0,1,0
15,14583,-1314,-481,1795,0,-20608,-7543,28151,0,0,0,0,1,0
16,15625,-711,-1131,1843,0,-11153,-17742,28895,0,0,0,0,1,0
17,16666,0,-1610,1610,0,0,-25240,25240,0,0,0,0,1,0
18,17708,711,-1843,1131,0,11153,-28895,17742,0,0,0,0,1,0
19,18750,1314,-1795,481,0,20608,-28151,7543,0,0,0,0,1,0
20,19791,1717,-1475,-243,0,26926,-23122,-3804,0,0,0,0,1,0
21,20833,1859,-929,-929,0,29144,-14572,-14572,0,0,0,0,1,0
22,21875,1717,-243,-1475,0,26926,-3804,-23122,0,0,0,0,1,0
23,22916,1314,481,-1795,0,20608,7543,-28151,0,0,0,0,1,0
24,23958,711,1131,-1843,0,11153,17742,-28895,0,0,0,0,1,0
25,25000,0,1610,-1610,0,0,25240,-25240,0,0,0,0,1,0
26,26041,-711,1843,-1131,0,-11153,28895,-17742,0,0,0,0,1,0
27,27083,-1314,1795,-481,0,-20608,28151,-7543,0,0,0,0,1,0
28,28125,-1717,1475,243,0,-26926,23122,3804,0,0,0,0,1,0
29,29166,-1859,929,929,0,-29144,14572,14572,0,0,0,0,1,0
30,30208,-1717,243,1475,0,-26926,3804,23122,0,0,0,0,1,0
31,31250,-1314,-481,1795,0,-20608,-7543,28151,0,0,0,0,1,0
32,32291,-711,-1131,1843,0,-11153,-17742,28895,0,0,0,0,1,0
33,33333,0,-1610,1610,0,0,-25240,25240,0,0,0,0,1,0
34,34375,711,-1843,1131,0,11153,-28895,17742,0,0,0,0,1,0
35,35416,1314,-1795,481,0,20608,-28151,7543,0,0,0,0,1,0
36,36458,1717,-1475,-243,0,26926,-23122,-3804,0,0,0,0,1,0
37,37500,1859,-929,-929,0,29144,-14572,-14572,0,0,0,0,1,0
38,38541,1717,-243,-1475,0,26926,-3804,-23122,0,0,0,0,1,0
39,39583,1314,481,-1795,0,20608,7543,-28151,0,0,0,0,1,0
40,40625,711,1131,-1843,0,11153,17742,-28895,0,0,0,0,1,0
41,41666,0,1610,-1610,0,0,25240,-25240,0,0,0,0,1,0
42,42708,-711,1843,-1131,0,-11153,28895,-17742,0,0,0,0,1,0
43,43750,-1314,1795,-481,0,-20608,28151,-7543,0,0,0,0,1,0
44,44791,-1717,1475,243,0,-26926,23122,3804,0,0,0,0,1,0
45,45833,-1859,929,929,0,-29144,14572,14572,0,0,0,0,1,0
46,46875,-1717,243,1475,0,-26926,3804,23122,0,0,0,0,1,0
47,47916,-1314,-481,1795,0,-20608,-7543,28151,0,0,0,0,1,0
48,48958,-711,-1131,1843,0,-11153,-17742,28895,0,0,0,0,1,0
49,50000,17648,-1610,1610,17648,0,-27259,27259,0,0,0,0,1,0
50,51041,24092,-1843,1131,23381,1115,-31207,19161,0,0,0,0,1,0
51,52083,28881,-1795,481,27566,2061,-30403,8147,0,0,0,0,1,0
52,53125,31207,-1475,-243,29490,2693,-24972,-4108,0,0,0,0,1,0
53,54166,30642,-929,-929,28783,2914,-15738,-15738,0,0,0,0,1,0
54,55208,27200,-243,-1475,25483,2693,-4108,-24972,0,0,0,0,1,0
55,56250,21337,481,-1795,20023,2061,8147,-30403,0,0,0,0,1,0
56,57291,13879,1131,-1843,13167,1115,19161,-31207,0,0,0,0,1,0
57,58333,5897,1610,-1610,5897,0,27259,-27259,0,0,0,0,1,0
58,59375,-1454,1843,-1131,-743,-1115,31207,-19161,0,0,0,0,1,0
59,60416,-7114,1795,-481,-5800,-2061,30403,-8147,0,0,0,0,1,0
60,61458,-10279,1475,243,-8562,-2693,24972,4108,0,0,0,0,1,0
61,62500,-10520,929,929,-8661,-2914,15738,15738,0,0,0,0,1,0
62,63541,-7853,243,1475,-6136,-2693,4108,24972,0,0,0,0,1,0
63,64583,-2735,-481,1795,-1420,-2061,-8147,30403,0,0,0,0,1,0
64,65625,4007,-1131,1843,4719,-1115,-19161,31207,0,0,0,0,1,0
65,66666,11300,-1610,1610,11300,0,-27259,27259,0,0,0,0,1,0
66,67708,17989,-1843,1131,17278,1115,-31207,19161,0,0,0,0,1,0
67,68750,23013,-1795,481,21698,2061,-30403,8147,0,0,0,0,1,0
68,69791,25565,-1475,-243,23847,2693,-24972,-4108,0,0,0,0,1,0
69,70833,25217,-929,-929,23358,2914,-15738,-15738,0,0,0,0,1,0
70,71875,21984,-243,-1475,20267,2693,-4108,-24972,0,0,0,0,1,0
71,72916,16322,481,-1795,15008,2061,8147,-30403,0,0,0,0,1,0
72,73958,9057,1131,-1843,8345,1115,19161,-31207,0,0,0,0,1,0
73,75000,1261,1610,-1610,1261,0,27259,-27259,0,0,0,0,1,0
74,76041,-5912,1843,-1131,-5201,-1115,31207,-19161,0,0,0,0,1,0
75,77083,-11400,1795,-481,-10086,-2061,30403,-8147,0,0,0,0,1,0
76,78125,-14400,1475,243,-12683,-2693,24972,4108,0,0,0,0,1,0
77,79166,-14482,929,929,-12623,-2914,15738,15738,0,0,0,0,1,0
78,80208,-11663,243,1475,-9945,-2693,4108,24972,0,0,0,0,1,0
79,81250,-6398,-481,1795,-5083,-2061,-8147,30403,0,0,0,0,1,0
80,82291,485,-1131,1843,1197,-1115,-19161,31207,0,0,0,0,1,0
81,83333,7914,-1610,1610,7914,0,-27259,27259,0,0,0,0,1,0
82,84375,14733,-1843,1131,14022,1115,-31207,19161,0,0,0,0,1,0
83,85416,19882,-1795,481,18568,2061,-30403,8147,0,0,0,0,1,0
84,86458,22555,-1475,-243,20837,2693,-24972,-4108,0,0,0,0,1,0
85,87500,22323,-929,-929,20464,2914,-15738,-15738,0,0,0,0,1,0
86,88541,19201,-243,-1475,17484,2693,-4108,-24972,0,0,0,0,1,0
87,89583,13646,481,-1795,12332,2061,8147,-30403,0,0,0,0,1,0
88,90625,6484,1131,-1843,5773,1115,19161,-31207,0,0,0,0,1,0
89,91666,-1213,1610,-1610,-1213,0,27259,-27259,0,0,0,0,1,0
90,92708,-8290,1843,-1131,-7579,-1115,31207,-19161,0,0,0,0,1,0
91,93750,-13687,1795,-481,-12373,-2061,30403,-8147,0,0,0,0,1,0
92,94791,-16598,1475,243,-14881,-2693,24972,4108,0,0,0,0,1,0
93,95833,-16596,929,929,-14737,-2914,15738,15738,0,0,0,0,1,0
94,96875,-13695,243,1475,-11978,-2693,4108,24972,0,0,0,0,1,0
95,97916,-8352,-481,1795,-7038,-2061,-8147,30403,0,0,0,0,1,0
96,98958,-1394,-1131,1843,-682,-1115,-19161,31207,0,0,0,0,1,0
97,100000,6107,-1610,1610,6107,0,-27259,27259,0,0,0,0,1,0
98,101041,12996,-1843,1131,12285,1115,-31207,19161,0,0,0,0,1,0
99,102083,18212,-1795,481,16898,2061,-30403,8147,0,0,0,0,1,0
100,103125,20949,-1475,-243,19232,2693,-24972,-4108,0,0,0,0,1,0
101,104166,20779,-929,-929,18920,2914,-15738,-15738,0,0,0,0,1,0
102,105208,17717,-243,-1475,16000,2693,-4108,-24972,0,0,0,0,1,0
103,106250,12219,481,-1795,10905,2061,8147,-30403,0,0,0,0,1,0
104,107291,5112,1131,-1843,4400,1115,19161,-31207,0,0,0,0,1,0
105,108333,-2532,1610,-1610,-2532,0,27259,-27259,0,0,0,0,1,0
106,109375,-9559,1843,-1131,-8848,-1115,31207,-19161,0,0,0,0,1,0
107,110416,-14907,1795,-481,-13593,-2061,30403,-8147,0,0,0,0,1,0
108,111458,-17771,1475,243,-16054,-2693,24972,4108,0,0,0,0,1,0
109,112500,-17723,929,929,-15865,-2914,15738,15738,0,0,0,0,1,0
110,113541,-14779,243,1475,-13062,-2693,4108,24972,0,0,0,0,1,0
111,114583,-9394,-481,1795,-8080,-2061,-8147,30403,0,0,0,0,1,0
112,115625,-2396,-1131,1843,-1685,-1115,-19161,31207,0,0,0,0,1,0
113,116666,5144,-1610,1610,5144,0,-27259,27259,0,0,0,0,1,0
114,117708,12069,-1843,1131,11358,1115,-31207,19161,0,0,0,0,1,0
115,118750,17321,-1795,481,16007,2061,-30403,8147,0,0,0,0,1,0
116,119791,20092,-1475,-243,18375,2693,-24972,-4108,0,0,0,0,1,0
117,120833,19955,-929,-929,18096,2914,-15738,-15738,0,0,0,0,1,0
118,121875,16925,-243,-1475,15208,2693,-4108,-24972,0,0,0,0,1,0
119,122916,11457,481,-1795,10143,2061,8147,-30403,0,0,0,0,1,0
120,123958,4380,1131,-1843,3668,1115,19161,-31207,0,0,0,0,1,0
121,125000,-3236,1610,-1610,-3236,0,27259,-27259,0,0,0,0,1,0
122,126041,-10236,1843,-1131,-9524,-1115,31207,-19161,0,0,0,0,1,0
123,127083,-15558,1795,-481,-14244,-2061,30403,-8147,0,0,0,0,1,0
124,128124,-18397,1475,243,-16680,-2693,24972,4108,0,0,0,0,1,0
125,129166,-18325,929,929,-16466,-2914,15738,15738,0,0,0,0,1,0
126,130208,-15358,243,1475,-13641,-2693,4108,24972,0,0,0,0,1,0
127,131250,-9951,-481,1795,-8636,-2061,-8147,30403,0,0,0,0,1,0
128,132291,-2931,-1131,1843,-2219,-1115,-19161,31207,0,0,0,0,1,0
129,133333,4629,-1610,1610,4629,0,-27259,27259,0,0,0,0,1,0
130,134375,11575,-1843,1131,10864,1115,-31207,19161,0,0,0,0,1,0
131,135416,16846,-1795,481,15531,2061,-30403,8147,0,0,0,0,1,0
132,136458,19635,-1475,-243,17918,2693,-24972,-4108,0,0,0,0,1,0
133,137500,19516,-929,-929,17657,2914,-15738,-15738,0,0,0,0,1,0
134,138541,16502,-243,-1475,14785,2693,-4108,-24972,0,0,0,0,1,0
135,139583,11051,481,-1795,9737,2061,8147,-30403,0,0,0,0,1,0
136,140625,3989,1131,-1843,3278,1115,19161,-31207,0,0,0,0,1,0
137,141666,-3612,1610,-1610,-3612,0,27259,-27259,0,0,0,0,1,0
138,142708,-10597,1843,-1131,-9886,-1115,31207,-19161,0,0,0,0,1,0
139,143750,-15905,1795,-481,-14591,-2061,30403,-8147,0,0,0,0,1,0
140,144791,-18731,1475,243,-17013,-2693,24972,4108,0,0,0,0,1,0
141,145833,-18646,929,929,-16787,-2914,15738,15738,0,0,0,0,1,0
142,146875,-15666,243,1475,-13949,-2693,4108,24972,0,0,0,0,1,0
143,147916,-10247,-481,1795,-8933,-2061,-8147,30403,0,0,0,0,1,0
144,148958,-3216,-1131,1843,-2505,-1115,-19161,31207,0,0,0,0,1,0
145,150000,4355,-1610,1610,4355,0,-27259,27259,0,0,0,0,1,0
146,151041,11311,-1843,1131,10600,1115,-31207,19161,0,0,0,0,1,0
147,152083,16592,-1795,481,15278,2061,-30403,8147,0,0,0,0,1,0
148,153125,19391,-1475,-243,17674,2693,-24972,-4108,0,0,0,0,1,0
149,154166,19281,-929,-929,17423,2914,-15738,-15738,0,0,0,0,1,0
150,155208,16277,-243,-1475,14560,2693,-4108,-24972,0,0,0,0,1,0
151,156250,10834,481,-1795,9520,2061,8147,-30403,0,0,0,0,1,0
152,157291,3781,1131,-1843,3069,1115,19161,-31207,0,0,0,0,1,0
153,158333,-3812,1610,-1610,-3812,0,27259,-27259,0,0,0,0,1,0
154,159375,-10789,1843,-1131,-10078,-1115,31207,-19161,0,0,0,0,1,0
155,160416,-16090,1795,-481,-14776,-2061,30403,-8147,0,0,0,0,1,0
156,161458,-18909,1475,243,-17192,-2693,24972,4108,0,0,0,0,1,0
157,162500,-18817,929,929,-16959,-2914,15738,15738,0,0,0,0,1,0
158,163541,-15831,243,1475,-14114,-2693,4108,24972,0,0,0,0,1,0
159,164583,-10406,-481,1795,-9091,-2061,-8147,30403,0,0,0,0,1,0
160,165625,-3368,-1131,1843,-2657,-1115,-19161,31207,0,0,0,0,1,0
161,166666,4209,-1610,1610,4209,0,-27259,27259,0,0,0,0,1,0
162,167708,11171,-1843,1131,10459,1115,-31207,19161,0,0,0,0,1,0
163,168750,16457,-1795,481,15142,2061,-30403,8147,0,0,0,0,1,0
164,169791,19261,-1475,-243,17544,2693,-24972,-4108,0,0,0,0,1,0
165,170833,19156,-929,-929,17298,2914,-15738,-15738,0,0,0,0,1,0
166,171875,16157,-243,-1475,14440,2693,-4108,-24972,0,0,0,0,1,0
167,172916,10719,481,-1795,9405,2061,8147,-30403,0,0,0,0,1,0
168,173958,3669,1131,-1843,2958,1115,19161,-31207,0,0,0,0,1,0
169,175000,-3919,1610,-1610,-3919,0,27259,-27259,0,0,0,0,1,0
170,176041,-10892,1843,-1131,-10181,-1115,31207,-19161,0,0,0,0,1,0
171,177083,-16189,1795,-481,-14875,-2061,30403,-8147,0,0,0,0,1,0
172,178125,-19004,1475,243,-17287,-2693,24972,4108,0,0,0,0,1,0
173,179166,-18909,929,929,-17050,-2914,15738,15738,0,0,0,0,1,0
174,180208,-15919,243,1475,-14202,-2693,4108,24972,0,0,0,0,1,0
175,181250,-10490,-481,1795,-9176,-2061,-8147,30403,0,0,0,0,1,0
176,182291,-3449,-1131,1843,-2738,-1115,-19161,31207,0,0,0,0,1,0
177,183333,4131,-1610,1610,4131,0,-27259,27259,0,0,0,0,1,0
178,184375,11096,-1843,1131,10384,1115,-31207,19161,0,0,0,0,1,0
179,185416,16384,-1795,481,15070,2061,-30403,8147,0,0,0,0,1,0
180,186458,19192,-1475,-243,17475,2693,-24972,-4108,0,0,0,0,1,0
181,187500,19089,-929,-929,17231,2914,-15738,-15738,0,0,0,0,1,0
182,188541,16093,-243,-1475,14375,2693,-4108,-24972,0,0,0,0,1,0
183,189583,10657,481,-1795,9343,2061,8147,-30403,0,0,0,0,1,0
184,190625,3610,1131,-1843,2899,1115,19161,-31207,0,0,0,0,1,0
185,191666,-3976,1610,-1610,-3976,0,27259,-27259,0,0,0,0,1,0
186,192708,-10947,1843,-1131,-10236,-1115,31207,-19161,0,0,0,0,1,0
187,193750,-16242,1795,-481,-14927,-2061,30403,-8147,0,0,0,0,1,0
188,194791,-19054,1475,243,-17337,-2693,24972,4108,0,0,0,0,1,0
189,195833,-18957,929,929,-17099,-2914,15738,15738,0,0,0,0,1,0
190,196875,-15966,243,1475,-14249,-2693,4108,24972,0,0,0,0,1,0
191,197916,-10535,-481,1795,-9221,-2061,-8147,30403,0,0,0,0,1,0
192,198958,-3493,-1131,1843,-2781,-1115,-19161,31207,0,0,0,0,1,0
193,200000,4089,-1610,1610,4089,0,-27259,27259,0,0,0,0,1,0
194,201041,11056,-1843,1131,10344,1115,-31207,19161,0,0,0,0,1,0
195,202083,16346,-1795,481,15032,2061,-30403,8147,0,0,0,0,1,0
196,203125,19155,-1475,-243,17438,2693,-24972,-4108,0,0,0,0,1,0
197,204166,19054,-929,-929,17195,2914,-15738,-15738,0,0,0,0,1,0
198,205208,16058,-243,-1475,14341,2693,-4108,-24972,0,0,0,0,1,0
199,206250,10624,481,-1795,9310,2061,8147,-30403,0,0,0,0,1,0
200,207291,3578,1131,-1843,2867,1115,19161,-31207,0,0,0,0,1,0
201,208333,-4007,1610,-1610,-4007,0,27259,-27259,0,0,0,0,1,0
202,209375,-10976,1843,-1131,-10265,-1115,31207,-19161,0,0,0,0,1,0
203,210416,-16270,1795,-481,-14956,-2061,30403,-8147,0,0,0,0,1,0
204,211458,-19081,1475,243,-17364,-2693,24972,4108,0,0,0,0,1,0
205,212500,-18983,929,929,-17125,-2914,15738,15738,0,0,0,0,1,0
206,213541,-15991,243,1475,-14274,-2693,4108,24972,0,0,0,0,1,0
207,214583,-10559,-481,1795,-9245,-2061,-8147,30403,0,0,0,0,1,0
208,215625,-3516,-1131,1843,-2805,-1115,-19161,31207,0,0,0,0,1,0
209,216666,4067,-1610,1610,4067,0,-27259,27259,0,0,0,0,1,0
210,217708,11034,-1843,1131,10323,1115,-31207,19161,0,0,0,0,1,0
211,218750,16325,-1795,481,15011,2061,-30403,8147,0,0,0,0,1,0
212,219791,19135,-1475,-243,17418,2693,-24972,-4108,0,0,0,0,1,0
213,220833,19035,-929,-929,17176,2914,-15738,-15738,0,0,0,0,1,0
214,221875,16040,-243,-1475,14323,2693,-4108,-24972,0,0,0,0,1,0
215,222916,10607,481,-1795,9292,2061,8147,-30403,0,0,0,0,1,0
216,223958,3562,1131,-1843,2850,1115,19161,-31207,0,0,0,0,1,0
217,225000,-4023,1610,-1610,-4023,0,27259,-27259,0,0,0,0,1,0
218,226041,-10992,1843,-1131,-10281,-1115,31207,-19161,0,0,0,0,1,0
219,227083,-16285,1795,-481,-14971,-2061,30403,-8147,0,0,0,0,1,0
220,228125,-19096,1475,243,-17379,-2693,24972,4108,0,0,0,0,1,0
221,229166,-18997,929,929,-17139,-2914,15738,15738,0,0,0,0,1,0
222,230208,-16004,243,1475,-14287,-2693,4108,24972,0,0,0,0,1,0
223,231250,-10572,-481,1795,-9258,-2061,-8147,30403,0,0,0,0,1,0
224,232291,-3528,-1131,1843,-2817,-1115,-19161,31207,0,0,0,0,1,0
225,233333,4055,-1610,1610,4055,0,-27259,27259,0,0,0,0,1,0
226,234375,11023,-1843,1131,10311,1115,-31207,19161,0,0,0,0,1,0
227,235416,16314,-1795,481,15000,2061,-30403,8147,0,0,0,0,1,0
228,236458,19124,-1475,-243,17407,2693,-24972,-4108,0,0,0,0,1,0
229,237500,19025,-929,-929,17166,2914,-15738,-15738,0,0,0,0,1,0
230,238541,16030,-243,-1475,14313,2693,-4108,-24972,0,0,0,0,1,0
231,239583,10597,481,-1795,9283,2061,8147,-30403,0,0,0,0,1,0
232,240625,3553,1131,-1843,2841,1115,19161,-31207,0,0,0,0,1,0
233,241666,-4031,1610,-1610,-4031,0,27259,-27259,0,0,0,0,1,0
234,242708,-11000,1843,-1131,-10289,-1115,31207,-19161,0,0,0,0,1,0
235,243750,-16293,1795,-481,-14979,-2061,30403,-8147,0,0,0,0,1,0
236,244791,-19104,1475,243,-17386,-2693,24972,4108,0,0,0,0,1,0
237,245833,-19005,929,929,-17146,-2914,15738,15738,0,0,0,0,1,0
238,246875,-16011,243,1475,-14294,-2693,4108,24972,0,0,0,0,1,0
239,247916,-10579,-481,1795,-9265,-2061,-8147,30403,0,0,0,0,1,0
240,248958,-3535,-1131,1843,-2823,-1115,-19161,31207,0,0,0,0,1,0
241,250000,4049,-1610,1610,4049,0,-27259,27259,0,0,0,0,1,0
242,251041,11017,-1843,1131,10305,1115,-31207,19161,0,0,0,0,1,0
243,252083,16309,-1795,481,14994,2061,-30403,8147,0,0,0,0,1,0
244,253125,19119,-1475,-243,17402,2693,-24972,-4108,0,0,0,0,1,0
245,254166,19019,-929,-929,17161,2914,-15738,-15738,0,0,0,0,1,0
246,255208,16025,-243,-1475,14308,2693,-4108,-24972,0,0,0,0,1,0
247,256249,10592,481,-1795,9278,2061,8147,-30403,0,0,0,0,1,0
248,257291,3548,1131,-1843,2837,1115,19161,-31207,0,0,0,0,1,0
249,258333,-4036,1610,-1610,-4036,0,27259,-27259,0,0,0,0,1,0
250,259375,-11005,1843,-1131,-10293,-1115,31207,-19161,0,0,0,0,1,0
251,260416,-16297,1795,-481,-14983,-2061,30403,-8147,0,0,0,0,1,0
252,261458,-19108,1475,243,-17391,-2693,24972,4108,0,0,0,0,1,0
253,262500,-19009,929,929,-17150,-2914,15738,15738,0,0,0,0,1,0
254,263541,-16015,243,1475,-14298,-2693,4108,24972,0,0,0,0,1,0
255,264583,-10582,-481,1795,-9268,-2061,-8147,30403,0,0,0,0,1,0
256,265625,-3538,-1131,1843,-2827,-1115,-19161,31207,0,0,0,0,1,0
257,266666,4045,-1610,1610,4045,0,-27259,27259,0,0,0,0,1,0
258,267708,11013,-1843,1131,10302,1115,-31207,19161,0,0,0,0,1,0
259,268750,16306,-1795,481,14991,2061,-30403,8147,0,0,0,0,1,0
260,269791,19116,-1475,-243,17399,2693,-24972,-4108,0,0,0,0,1,0
261,270833,19016,-929,-929,17158,2914,-15738,-15738,0,0,0,0,1,0
262,271875,16022,-243,-1475,14305,2693,-4108,-24972,0,0,0,0,1,0
263,272916,10590,481,-1795,9275,2061,8147,-30403,0,0,0,0,1,0
264,273958,3545,1131,-1843,2834,1115,19161,-31207,0,0,0,0,1,0
265,275000,-4039,1610,-1610,-4039,0,27259,-27259,0,0,0,0,1,0
266,276041,-11007,1843,-1131,-10296,-1115,31207,-19161,0,0,0,0,1,0
267,277083,-16299,1795,-481,-14985,-2061,30403,-8147,0,0,0,0,1,0
268,278125,-19110,1475,243,-17393,-2693,24972,4108,0,0,0,0,1,0
269,279166,-19011,929,929,-17152,-2914,15738,15738,0,0,0,0,1,0
270,280208,-16017,243,1475,-14300,-2693,4108,24972,0,0,0,0,1,0
271,281250,-10584,-481,1795,-9270,-2061,-8147,30403,0,0,0,0,1,0
272,282291,-3540,-1131,1843,-2829,-1115,-19161,31207,0,0,0,0,1,0
273,283333,4043,-1610,1610,4043,0,-27259,27259,0,0,0,0,1,0
274,284375,11012,-1843,1131,10300,1115,-31207,19161,0,0,0,0,1,0
275,285416,16304,-1795,481,14990,2061,-30403,8147,0,0,0,0,1,0
276,286458,19114,-1475,-243,17397,2693,-24972,-4108,0,0,0,0,1,0
277,287500,19015,-929,-929,17156,2914,-15738,-15738,0,0,0,0,1,0
278,288541,16021,-243,-1475,14304,2693,-4108,-24972,0,0,0,0,1,0
279,289583,10588,481,-1795,9274,2061,8147,-30403,0,0,0,0,1,0
280,290625,3544,1131,-1843,2833,1115,19161,-31207,0,0,0,0,1,0
281,291666,-4040,1610,-1610,-4040,0,27259,-27259,0,0,0,0,1,0
282,292708,-11008,1843,-1131,-10297,-1115,31207,-19161,0,0,0,0,1,0
283,293750,-16301,1795,-481,-14986,-2061,30403,-8147,0,0,0,0,1,0
284,294791,-19111,1475,243,-17394,-2693,24972,4108,0,0,0,0,1,0
285,295833,-19012,929,929,-17153,-2914,15738,15738,0,0,0,0,1,0
286,296875,-16018,243,1475,-14301,-2693,4108,24972,0,0,0,0,1,0
287,297916,-10585,-481,1795,-9271,-2061,-8147,30403,0,0,0,0,1,0
288,298958,-3541,-1131,1843,-2830,-1115,-19161,31207,0,0,0,0,1,0
289,300000,4042,-1610,1610,4042,0,-27259,27259,0,0,0,0,1,0
290,301041,11011,-1843,1131,10300,1115,-31207,19161,0,0,0,0,1,0
291,302083,16303,-1795,481,14989,2061,-30403,8147,0,0,0,0,1,0
292,303125,19113,-1475,-243,17396,2693,-24972,-4108,0,0,0,0,1,0
293,304166,19014,-929,-929,17155,2914,-15738,-15738,0,0,0,0,1,0
294,305208,16020,-243,-1475,14303,2693,-4108,-24972,0,0,0,0,1,0
295,306250,10587,481,-1795,9273,2061,8147,-30403,0,0,0,0,1,0
296,307291,3543,1131,-1843,2832,1115,19161,-31207,0,0,0,0,1,0
297,308333,-4041,1610,-1610,-4041,0,27259,-27259,0,0,0,0,1,0
298,309375,-11009,1843,-1131,-10298,-1115,31207,-19161,0,0,0,0,1,0
299,310416,-16301,1795,-481,-14987,-2061,30403,-8147,0,0,0,0,1,0
300,311458,-19112,1475,243,-17395,-2693,24972,4108,0,0,0,0,1,0
301,312500,-19012,929,929,-17154,-2914,15738,15738,0,0,0,0,1,0
302,313541,-16019,243,1475,-14301,-2693,4108,24972,0,0,0,0,1,0
303,314583,-10586,-481,1795,-9272,-2061,-8147,30403,0,0,0,0,1,0
304,315625,-3542,-1131,1843,-2830,-1115,-19161,31207,0,0,0,0,1,0
305,316666,4042,-1610,1610,4042,0,-27259,27259,0,0,0,0,1,0
306,317708,11010,-1843,1131,10299,1115,-31207,19161,0,0,0,0,1,0
307,318750,16302,-1795,481,14988,2061,-30403,8147,0,0,0,0,1,0
308,319791,19113,-1475,-243,17396,2693,-24972,-4108,0,0,0,0,1,0
309,320833,19014,-929,-929,17155,2914,-15738,-15738,0,0,0,0,1,0
310,321875,16020,-243,-1475,14303,2693,-4108,-24972,0,0,0,0,1,0
311,322916,10587,481,-1795,9273,2061,8147,-30403,0,0,0,0,1,0
312,323958,3543,1131,-1843,2831,1115,19161,-31207,0,0,0,0,1,0
313,325000,-4041,1610,-1610,-4041,0,27259,-27259,0,0,0,0,1,0
314,326041,-11009,1843,-1131,-10298,-1115,31207,-19161,0,0,0,0,1,0
315,327083,-16302,1795,-481,-14987,-2061,30403,-8147,0,0,0,0,1,0
316,328125,-19112,1475,243,-17395,-2693,24972,4108,0,0,0,0,1,0
317,329166,-19013,929,929,-17154,-2914,15738,15738,0,0,0,0,1,0
318,330208,-16019,243,1475,-14302,-2693,4108,24972,0,0,0,0,1,0
319,331250,-10586,-481,1795,-9272,-2061,-8147,30403,0,0,0,0,1,0
320,332291,-3542,-1131,1843,-2831,-1115,-19161,31207,0,0,0,0,1,0
321,333333,4042,-1610,1610,4042,0,-27259,27259,0,0,0,0,1,0
322,334375,11010,-1843,1131,10299,1115,-31207,19161,0,0,0,0,1,0
323,335416,16302,-1795,481,14988,2061,-30403,8147,0,0,0,0,1,0
324,336458,19113,-1475,-243,17396,2693,-24972,-4108,0,0,0,0,1,0
325,337500,19013,-929,-929,17155,2914,-15738,-15738,0,0,0,0,1,0
326,338541,16019,-243,-1475,14302,2693,-4108,-24972,0,0,0,0,1,0
327,339583,10587,481,-1795,9273,2061,8147,-30403,0,0,0,0,1,0
328,340625,3543,1131,-1843,2831,1115,19161,-31207,0,0,0,0,1,0
329,341666,-4041,1610,-1610,-4041,0,27259,-27259,0,0,0,0,1,0
330,342708,-11009,1843,-1131,-10298,-1115,31207,-19161,0,0,0,0,1,0
331,343750,-16302,1795,-481,-14988,-2061,30403,-8147,0,0,0,0,1,0
332,344791,-19112,1475,243,-17395,-2693,24972,4108,0,0,0,0,1,0
333,345833,-19013,929,929,-17154,-2914,15738,15738,0,0,0,0,1,0
334,346875,-16019,243,1475,-14302,-2693,4108,24972,0,0,0,0,1,0
335,347916,-10586,-481,1795,-9272,-2061,-8147,30403,0,0,0,0,1,0
336,348958,-3542,-1131,1843,-2831,-1115,-19161,31207,0,0,0,0,1,0
337,350000,4042,-1610,1610,4042,0,-27259,27259,0,0,0,0,1,0
338,351041,11010,-1843,1131,10299,1115,-31207,19161,0,0,0,0,1,0
339,352083,16302,-1795,481,14988,2061,-30403,8147,0,0,0,0,1,0
340,353125,19112,-1475,-243,17395,2693,-24972,-4108,0,0,0,0,1,0
341,354166,19013,-929,-929,17155,2914,-15738,-15738,0,0,0,0,1,0
342,355208,16019,-243,-1475,14302,2693,-4108,-24972,0,0,0,0,1,0
343,356250,10587,481,-1795,9273,2061,8147,-30403,0,0,0,0,1,0
344,357291,3542,1131,-1843,2831,1115,19161,-31207,0,0,0,0,1,0
345,358333,-4041,1610,-1610,-4041,0,27259,-27259,0,0,0,0,1,0
346,359375,-11010,1843,-1131,-10298,-1115,31207,-19161,0,0,0,0,1,0
347,360416,-16302,1795,-481,-14988,-2061,30403,-8147,0,0,0,0,1,0
348,361458,-19112,1475,243,-17395,-2693,24972,4108,0,0,0,0,1,0
349,362500,-19013,929,929,-17154,-2914,15738,15738,0,0,0,0,1,0
350,363541,-16019,243,1475,-14302,-2693,4108,24972,0,0,0,0,1,0
351,364583,-10587,-481,1795,-9272,-2061,-8147,30403,0,0,0,0,1,0
352,365625,-3542,-1131,1843,-2831,-1115,-19161,31207,0,0,0,0,1,0
353,366666,4041,-1610,1610,4041,0,-27259,27259,0,0,0,0,1,0
354,367708,11010,-1843,1131,10299,1115,-31207,19161,0,0,0,0,1,0
355,368750,16302,-1795,481,14988,2061,-30403,8147,0,0,0,0,1,0
356,369791,19112,-1475,-243,17395,2693,-24972,-4108,0,0,0,0,1,0
357,370833,19013,-929,-929,17155,2914,-15738,-15738,0,0,0,0,1,0
358,371875,16019,-243,-1475,14302,2693,-4108,-24972,0,0,0,0,1,0
359,372916,10587,481,-1795,9272,2061,8147,-30403,0,0,0,0,1,0
360,373958,3542,1131,-1843,2831,1115,19161,-31207,0,0,0,0,1,0
361,375000,-4041,1610,-1610,-4041,0,27259,-27259,0,0,0,0,1,0
362,376041,-11010,1843,-1131,-10298,-1115,31207,-19161,0,0,0,0,1,0
363,377083,-16302,1795,-481,-14988,-2061,30403,-8147,0,0,0,0,1,0
364,378125,-19112,1475,243,-17395,-2693,24972,4108,0,0,0,0,1,0
365,379166,-19013,929,929,-17154,-2914,15738,15738,0,0,0,0,1,0
366,380208,-16019,243,1475,-14302,-2693,4108,24972,0,0,0,0,1,0
367,381250,-10587,-481,1795,-9272,-2061,-8147,30403,0,0,0,0,1,0
368,382291,-3542,-1131,1843,-2831,-1115,-19161,31207,0,0,0,0,1,0
369,383333,4041,-1610,1610,4041,0,-27259,27259,0,0,0,0,1,0
370,384375,11010,-1843,1131,10299,1115,-31207,19161,0,0,0,0,1,0
371,385416,16302,-1795,481,14988,2061,-30403,8147,0,0,0,0,1,0
372,386458,19112,-1475,-243,17395,2693,-24972,-4108,0,0,0,0,1,0
373,387500,19013,-929,-929,17155,2914,-15738,-15738,0,0,0,0,1,0
374,388541,16019,-243,-1475,14302,2693,-4108,-24972,0,0,0,0,1,0
375,389583,10587,481,-1795,9272,2061,8147,-30403,0,0,0,0,1,0
376,390625,533,849,-1382,0,11153,17742,-28895,0,0,0,0,1,0
377,391666,0,1207,-1207,0,0,25240,-25240,0,0,0,0,1,0
378,392708,-533,1382,-849,0,-11153,28895,-17742,0,0,0,0,1,0
379,393750,-986,1346,-361,0,-20608,28151,-7543,0,0,0,0,1,0
380,394791,-1288,1106,182,0,-26926,23122,3804,0,0,0,0,1,0
381,395833,-1394,697,697,0,-29144,14572,14572,0,0,0,0,1,0
382,396875,-1288,182,1106,0,-26926,3804,23122,0,0,0,0,1,0
383,397916,-986,-361,1346,0,-20608,-7543,28151,0,0,0,0,1,0
384,398958,-533,-849,1382,0,-11153,-17742,28895,0,0,0,0,1,0
385,400000,0,-1207,1207,0,0,-25240,25240,0,0,0,0,1,0
386,401041,533,-1382,849,0,11153,-28895,17742,0,0,0,0,1,0
387,402083,986,-1346,361,0,20608,-28151,7543,0,0,0,0,1,0
388,403125,1288,-1106,-182,0,26926,-23122,-3804,0,0,0,0,1,0
389,404166,1394,-697,-697,0,29144,-14572,-14572,0,0,0,0,1,0
390,405208,1288,-182,-1106,0,26926,-3804,-23122,0,0,0,0,1,0
391,406250,986,361,-1346,0,20608,7543,-28151,0,0,0,0,1,0
392,407291,533,849,-1382,0,11153,17742,-28895,0,0,0,0,1,0
393,408333,0,1207,-1207,0,0,25240,-25240,0,0,0,0,1,0
394,409375,-533,1382,-849,0,-11153,28895,-17742,0,0,0,0,1,0
395,410416,-986,1346,-361,0,-20608,28151,-7543,0,0,0,0,1,0
396,411458,-1288,1106,182,0,-26926,23122,3804,0,0,0,0,1,0
397,412500,-1394,697,697,0,-29144,14572,14572,0,0,0,0,1,0
398,413541,-1288,182,1106,0,-26926,3804,23122,0,0,0,0,1,0
399,414583,-986,-361,1346,0,-20608,-7543,28151,0,0,0,0,1,0
400,415625,-533,-849,1382,0,-11153,-17742,28895,0,0,0,0,1,0
401,416666,0,-1207,1207,0,0,-25240,25240,0,0,0,0,1,0
402,417708,533,-1382,849,0,11153,-28895,17742,0,0,0,0,1,0
403,418750,986,-1346,361,0,20608,-28151,7543,0,0,0,0,1,0
404,419791,1288,-1106,-182,0,26926,-23122,-3804,0,0,0,0,1,0
405,420833,1394,-697,-697,0,29144,-14572,-14572,0,0,0,0,1,0
406,421875,1288,-182,-1106,0,26926,-3804,-23122,0,0,0,0,1,0
407,422916,986,361,-1346,0,20608,7543,-28151,0,0,0,0,1,0
408,423958,533,849,-1382,0,11153,17742,-28895,0,0,0,0,1,0
409,425000,0,1207,-1207,0,0,25240,-25240,0,0,0,0,1,0
410,426041,-533,1382,-849,0,-11153,28895,-17742,0,0,0,0,1,0
411,427083,-986,1346,-361,0,-20608,28151,-7543,0,0,0,0,1,0
412,428125,-1288,1106,182,0,-26926,23122,3804,0,0,0,0,1,0
413,429166,-1394,697,697,0,-29144,14572,14572,0,0,0,0,1,0
414,430208,-1288,182,1106,0,-26926,3804,23122,0,0,0,0,1,0
415,431250,-986,-361,1346,0,-20608,-7543,28151,0,0,0,0,1,0
416,432291,-533,-849,1382,0,-11153,-17742,28895,0,0,0,0,1,0
417,433333,0,-1207,1207,0,0,-25240,25240,0,0,0,0,1,0
418,434375,533,-1382,849,0,11153,-28895,17742,0,0,0,0,1,0
419,435416,986,-1346,361,0,20608,-28151,7543,0,0,0,0,1,0
420,436458,1288,-1106,-182,0,26926,-23122,-3804,0,0,0,0,1,0
421,437500,1394,-697,-697,0,29144,-14572,-14572,0,0,0,0,1,0
422,438541,1288,-182,-1106,0,26926,-3804,-23122,0,0,0,0,1,0
423,439583,986,361,-1346,0,20608,7543,-28151,0,0,0,0,1,0
424,440625,533,849,-1382,0,11153,17742,-28895,0,0,0,0,1,0
425,441666,0,1207,-1207,0,0,25240,-25240,0,0,0,0,1,0
426,442708,-533,1382,-849,0,-11153,28895,-17742,0,0,0,0,1,0
427,443750,-986,1346,-361,0,-20608,28151,-7543,0,0,0,0,1,0
428,444791,-1288,1106,182,0,-26926,23122,3804,0,0,0,0,1,0
429,445833,-1394,697,697,0,-29144,14572,14572,0,0,0,0,1,0
430,446875,-1288,182,1106,0,-26926,3804,23122,0,0,0,0,1,0
431,447916,-986,-361,1346,0,-20608,-7543,28151,0,0,0,0,1,0
432,448958,-533,-849,1382,0,-11153,-17742,28895,0,0,0,0,1,0
433,450000,0,-1207,1207,0,0,-25240,25240,0,0,0,0,1,0
434,451041,533,-1382,849,0,11153,-28895,17742,0,0,0,0,1,0
435,452083,986,-1346,361,0,20608,-28151,7543,0,0,0,0,1,0
436,453125,1288,-1106,-182,0,26926,-23122,-3804,0,0,0,0,1,0
437,454166,1394,-697,-697,0,29144,-14572,-14572,0,0,0,0,1,0
438,455208,1288,-182,-1106,0,26926,-3804,-23122,0,0,0,0,1,0
439,456250,986,361,-1346,0,20608,7543,-28151,0,0,0,0,1,0
440,457291,533,849,-1382,0,11153,17742,-28895,0,0,0,0,1,0
441,458333,0,1207,-1207,0,0,25240,-25240,0,0,0,0,1,0
442,459375,-533,1382,-849,0,-11153,28895,-17742,0,0,0,0,1,0
443,460416,-986,1346,-361,0,-20608,28151,-7543,0,0,0,0,1,0
444,461458,-1288,1106,182,0,-26926,23122,3804,0,0,0,0,1,0
445,462500,-1394,697,697,0,-29144,14572,14572,0,0,0,0,1,0
446,463541,-1288,182,1106,0,-26926,3804,23122,0,0,0,0,1,0
447,464583,-986,-361,1346,0,-20608,-7543,28151,0,0,0,0,1,0
448,465625,-533,-849,1382,0,-11153,-17742,28895,0,0,0,0,1,0
449,466666,0,-1207,1207,0,0,-25240,25240,0,0,0,0,1,0
450,467708,533,-1382,849,0,11153,-28895,17742,0,0,0,0,1,0
451,468750,986,-1346,361,0,20608,-28151,7543,0,0,0,0,1,0
452,469791,1288,-1106,-182,0,26926,-23122,-3804,0,0,0,0,1,0
453,470833,1394,-697,-697,0,29144,-14572,-14572,0,0,0,0,1,0
454,471875,1288,-182,-1106,0,26926,-3804,-23122,0,0,0,0,1,0
455,472916,986,361,-1346,0,20608,7543,-28151,0,0,0,0,1,0
456,473958,533,849,-1382,0,11153,17742,-28895,0,0,0,0,1,0
457,475000,0,1207,-1207,0,0,25240,-25240,0,0,0,0,1,0
458,476041,-533,1382,-849,0,-11153,28895,-17742,0,0,0,0,1,0
459,477083,-986,1346,-361,0,-20608,28151,-7543,0,0,0,0,1,0
460,478125,-1288,1106,182,0,-26926,23122,3804,0,0,0,0,1,0
461,479166,-1394,697,697,0,-29144,14572,14572,0,0,0,0,1,0
462,480208,-1288,182,1106,0,-26926,3804,23122,0,0,0,0,1,0
463,481250,-986,-361,1346,0,-20608,-7543,28151,0,0,0,0,1,0
464,482291,-533,-849,1382,0,-11153,-17742,28895,0,0,0,0,1,0
465,483333,0,-1207,1207,0,0,-25240,25240,0,0,0,0,1,0
466,484375,533,-1382,849,0,11153,-28895,17742,0,0,0,0,1,0
467,485416,986,-1346,361,0,20608,-28151,7543,0,0,0,0,1,0
468,486458,1288,-1106,-182,0,26926,-23122,-3804,0,0,0,0,1,0
469,487500,1394,-697,-697,0,29144,-14572,-14572,0,0,0,0,1,0
470,488541,1288,-182,-1106,0,26926,-3804,-23122,0,0,0,0,1,0
471,489583,986,361,-1346,0,20608,7543,-28151,0,0,0,0,1,0
472,490625,533,849,-1382,0,11153,17742,-28895,0,0,0,0,1,0
473,491666,0,1207,-1207,0,0,25240,-25240,0,0,0,0,1,0
474,492708,-533,1382,-849,0,-11153,28895,-17742,0,0,0,0,1,0
475,493750,-986,1346,-361,0,-20608,28151,-7543,0,0,0,0,1,0
476,494791,-1288,1106,182,0,-26926,23122,3804,0,0,0,0,1,0
477,495833,-1394,697,697,0,-29144,14572,14572,0,0,0,0,1,0
478,496875,-1288,182,1106,0,-26926,3804,23122,0,0,0,0,1,0
479,497916,-986,-361,1346,0,-20608,-7543,28151,0,0,0,0,1,0
480,498958,-533,-849,1382,0,-11153,-17742,28895,0,0,0,0,1,0
481,500000,0,-1207,1207,0,0,-25240,25240,0,0,0,0,1,0
482,501041,533,-1382,849,0,11153,-28895,17742,0,0,0,0,1,0
483,502083,986,-1346,361,0,20608,-28151,7543,0,0,0,0,1,0
484,503125,1288,-1106,-182,0,26926,-23122,-3804,0,0,0,0,1,0
485,504166,1394,-697,-697,0,29144,-14572,-14572,0,0,0,0,1,0
486,505208,1288,-182,-1106,0,26926,-3804,-23122,0,0,0,0,1,0
487,506250,986,361,-1346,0,20608,7543,-28151,0,0,0,0,1,0
488,507291,533,849,-1382,0,11153,17742,-28895,0,0,0,0,1,0
489,508333,0,1207,-1207,0,0,25240,-25240,0,0,0,0,1,0
490,509375,-533,1382,-849,0,-11153,28895,-17742,0,0,0,0,1,0
491,510416,-986,1346,-361,0,-20608,28151,-7543,0,0,0,0,1,0
492,511458,-1288,1106,182,0,-26926,23122,3804,0,0,0,0,1,0
493,512499,-1394,697,697,0,-29144,14572,14572,0,0,0,0,1,0
494,513541,-1288,182,1106,0,-26926,3804,23122,0,0,0,0,1,0
495,514583,-986,-361,1346,0,-20608,-7543,28151,0,0,0,0,1,0
496,515625,-533,-849,1382,0,-11153,-17742,28895,0,0,0,0,1,0
497,516666,0,-1207,1207,0,0,-25240,25240,0,0,0,0,1,0
498,517708,533,-1382,849,0,11153,-28895,17742,0,0,0,0,1,0
499,518750,986,-1346,361,0,20608,-28151,7543,0,0,0,0,1,0
500,519791,1288,-1106,-182,0,26926,-23122,-3804,0,0,0,0,1,0
501,520833,1394,-697,-697,0,29144,-14572,-14572,0,0,0,0,1,0
502,521875,1288,-182,-1106,0,26926,-3804,-23122,0,0,0,0,1,0
503,522916,986,361,-1346,0,20608,7543,-28151,0,0,0,0,1,0
504,523958,533,849,-1382,0,11153,17742,-28895,0,0,0,0,1,0
505,525000,0,1207,-1207,0,0,25240,-25240,0,0,0,0,1,0
506,526041,-533,1382,-849,0,-11153,28895,-17742,0,0,0,0,1,0
507,527083,-986,1346,-361,0,-20608,28151,-7543,0,0,0,0,1,0
508,528125,-1288,1106,182,0,-26926,23122,3804,0,0,0,0,1,0
509,529166,-1394,697,697,0,-29144,14572,14572,0,0,0,0,1,0
510,530208,-1288,182,1106,0,-26926,3804,23122,0,0,0,0,1,0
511,531250,-986,-361,1346,0,-20608,-7543,28151,0,0,0,0,1,0
512,532291,-533,-849,1382,0,-11153,-17742,28895,0,0,0,0,1,0
513,533333,0,-1207,1207,0,0,-25240,25240,0,0,0,0,1,0
514,534375,533,-1382,849,0,11153,-28895,17742,0,0,0,0,1,0
515,535416,986,-1346,361,0,20608,-28151,7543,0,0,0,0,1,0
516,536458,1288,-1106,-182,0,26926,-23122,-3804,0,0,0,0,1,0
517,537500,1394,-697,-697,0,29144,-14572,-14572,0,0,0,0,1,0
518,538541,1288,-182,-1106,0,26926,-3804,-23122,0,0,0,0,1,0
519,539583,986,361,-1346,0,20608,7543,-28151,0,0,0,0,1,0
520,540625,533,849,-1382,0,11153,17742,-28895,0,0,0,0,1,0
521,541666,0,1207,-1207,0,0,25240,-25240,0,0,0,0,1,0
522,542708,-533,1382,-849,0,-11153,28895,-17742,0,0,0,0,1,0
523,543750,-986,1346,-361,0,-20608,28151,-7543,0,0,0,0,1,0
524,544791,-1288,1106,182,0,-26926,23122,3804,0,0,0,0,1,0
525,545833,-1394,697,697,0,-29144,14572,14572,0,0,0,0,1,0
526,546875,-1288,182,1106,0,-26926,3804,23122,0,0,0,0,1,0
527,547916,-986,-361,1346,0,-20608,-7543,28151,0,0,0,0,1,0
528,548958,-533,-849,1382,0,-11153,-17742,28895,0,0,0,0,1,0
529,550000,0,-1207,1207,0,0,-25240,25240,0,0,0,0,1,0
530,551041,533,-1382,849,0,11153,-28895,17742,0,0,0,0,1,0
531,552083,986,-1346,361,0,20608,-28151,7543,0,0,0,0,1,0
532,553125,1288,-1106,-182,0,26926,-23122,-3804,0,0,0,0,1,0
533,554166,1394,-697,-697,0,29144,-14572,-14572,0,0,0,0,1,0
534,555208,1288,-182,-1106,0,26926,-3804,-23122,0,0,0,0,1,0
535,556250,986,361,-1346,0,20608,7543,-28151,0,0,0,0,1,0
536,557291,533,849,-1382,0,11153,17742,-28895,0,0,0,0,1,0
537,558333,0,1207,-1207,0,0,25240,-25240,0,0,0,0,1,0
538,559375,-533,1382,-849,0,-11153,28895,-17742,0,0,0,0,1,0
539,560416,-986,1346,-361,0,-20608,28151,-7543,0,0,0,0,1,0
540,561458,-1288,1106,182,0,-26926,23122,3804,0,0,0,0,1,0
541,562500,-1394,697,697,0,-29144,14572,14572,0,0,0,0,1,0
542,563541,-1288,182,1106,0,-26926,3804,23122,0,0,0,0,1,0
543,564583,-986,-361,1346,0,-20608,-7543,28151,0,0,0,0,1,0
544,565625,-533,-849,1382,0,-11153,-17742,28895,0,0,0,0,1,0
545,566666,0,-1207,1207,0,0,-25240,25240,0,0,0,0,1,0
546,567708,533,-1382,849,0,11153,-28895,17742,0,0,0,0,1,0
547,568750,986,-1346,361,0,20608,-28151,7543,0,0,0,0,1,0
548,569791,1288,-1106,-182,0,26926,-23122,-3804,0,0,0,0,1,0
549,570833,1394,-697,-697,0,29144,-14572,-14572,0,0,0,0,1,0
550,571875,1288,-182,-1106,0,26926,-3804,-23122,0,0,0,0,1,0
551,572916,986,361,-1346,0,20608,7543,-28151,0,0,0,0,1,0
552,573958,533,849,-1382,0,11153,17742,-28895,0,0,0,0,1,0
553,575000,0,1207,-1207,0,0,25240,-25240,0,0,0,0,1,0
554,576041,-533,1382,-849,0,-11153,28895,-17742,0,0,0,0,1,0
555,577083,-986,1346,-361,0,-20608,28151,-7543,0,0,0,0,1,0
556,578125,-1288,1106,182,0,-26926,23122,3804,0,0,0,0,1,0
557,579166,-1394,697,697,0,-29144,14572,14572,0,0,0,0,1,0
558,580208,-1288,182,1106,0,-26926,3804,23122,0,0,0,0,1,0
559,581250,-986,-361,1346,0,-20608,-7543,28151,0,0,0,0,1,0
560,582291,-533,-849,1382,0,-11153,-17742,28895,0,0,0,0,1,0
561,583333,0,-1207,1207,0,0,-25240,25240,0,0,0,0,1,0
562,584375,533,-1382,849,0,11153,-28895,17742,0,0,0,0,1,0
563,585416,986,-1346,361,0,20608,-28151,7543,0,0,0,0,1,0
564,586458,1288,-1106,-182,0,26926,-23122,-3804,0,0,0,0,1,0
565,587500,1394,-697,-697,0,29144,-14572,-14572,0,0,0,0,1,0
566,588541,1288,-182,-1106,0,26926,-3804,-23122,0,0,0,0,1,0
567,589583,986,361,-1346,0,20608,7543,-28151,0,0,0,0,1,0
568,590625,533,849,-1382,0,11153,17742,-28895,0,0,0,0,1,0
569,591666,0,1207,-1207,0,0,25240,-25240,0,0,0,0,1,0
570,592708,-533,1382,-849,0,-11153,28895,-17742,0,0,0,0,1,0
571,593750,-986,1346,-361,0,-20608,28151,-7543,0,0,0,0,1,0
572,594791,-1288,1106,182,0,-26926,23122,3804,0,0,0,0,1,0
573,595833,-1394,697,697,0,-29144,14572,14572,0,0,0,0,1,0
574,596875,-1288,182,1106,0,-26926,3804,23122,0,0,0,0,1,0
575,597916,-986,-361,1346,0,-20608,-7543,28151,0,0,0,0,1,0
