1,0,0,-771,771,0,0,-25739,25739,0,0,0,0,1,0
2,520,174,-843,669,0,5798,-28143,22345,0,0,0,0,1,0
3,1041,340,-882,542,0,11374,-29466,18093,0,0,0,0,1,0
4,1562,494,-888,394,0,16512,-29657,13145,0,0,0,0,1,0
5,2083,629,-859,230,0,21016,-28708,7692,0,0,0,0,1,0
6,2604,740,-798,58,0,24712,-26656,1944,0,0,0,0,1,0
7,3125,822,-706,-116,0,27458,-23579,-3879,0,0,0,0,1,0
8,3645,873,-587,-286,0,29150,-19596,-9553,0,0,0,0,1,0
9,4166,890,-445,-445,0,29721,-14860,-14860,0,0,0,0,1,0
10,4687,873,-286,-587,0,29150,-9553,-19596,0,0,0,0,1,0
11,5208,822,-116,-706,0,27458,-3879,-23579,0,0,0,0,1,0
12,5729,740,58,-798,0,24712,1944,-26656,0,0,0,0,1,0
13,6250,629,230,-859,0,21016,7692,-28708,0,0,0,0,1,0
14,6770,494,394,-888,0,16512,13145,-29657,0,0,0,0,1,0
15,7291,340,542,-882,0,11374,18093,-29466,0,0,0,0,1,0
16,7812,174,669,-843,0,5798,22345,-28143,0,0,0,0,1,0
17,8333,0,771,-771,0,0,25739,-25739,0,0,0,0,1,0
18,8854,-174,843,-669,0,-5798,28143,-22345,0,0,0,0,1,0
19,9375,-340,882,-542,0,-11374,29466,-18093,0,0,0,0,1,0
20,9895,-494,888,-394,0,-16512,29657,-13145,0,0,0,0,1,0
21,10416,-629,859,-230,0,-21016,28708,-7692,0,0,0,0,1,0
22,10937,-740,798,-58,0,-24712,26656,-1944,0,0,0,0,1,0
23,11458,-822,706,116,0,-27458,23579,3879,0,0,0,0,1,0
24,11979,-873,587,286,0,-29150,19596,9553,0,0,0,0,1,0
25,12500,-890,445,445,0,-29721,14860,14860,0,0,0,0,1,0
26,13020,-873,286,587,0,-29150,9553,19596,0,0,0,0,1,0
27,13541,-822,116,706,0,-27458,3879,23579,0,0,0,0,1,0
28,14062,-740,-58,798,0,-24712,-1944,26656,0,0,0,0,1,0
29,14583,-629,-230,859,0,-21016,-7692,28708,0,0,0,0,1,0
30,15104,-494,-394,888,0,-16512,-13145,29657,0,0,0,0,1,0
31,15625,-340,-542,882,0,-11374,-18093,29466,0,0,0,0,1,0
32,16145,-174,-669,843,0,-5798,-22345,28143,0,0,0,0,1,0
33,16666,0,-771,771,0,0,-25739,25739,0,0,0,0,1,0
34,17187,174,-843,669,0,5798,-28143,22345,0,0,0,0,1,0
35,17708,340,-882,542,0,11374,-29466,18093,0,0,0,0,1,0
36,18229,494,-888,394,0,16512,-29657,13145,0,0,0,0,1,0
37,18750,629,-859,230,0,21016,-28708,7692,0,0,0,0,1,0
38,19270,740,-798,58,0,24712,-26656,1944,0,0,0,0,1,0
39,19791,822,-706,-116,0,27458,-23579,-3879,0,0,0,0,1,0
40,20312,873,-587,-286,0,29150,-19596,-9553,0,0,0,0,1,0
41,20833,890,-445,-445,0,29721,-14860,-14860,0,0,0,0,1,0
42,21354,873,-286,-587,0,29150,-9553,-19596,0,0,0,0,1,0
43,21875,822,-116,-706,0,27458,-3879,-23579,0,0,0,0,1,0
44,22395,740,58,-798,0,24712,1944,-26656,0,0,0,0,1,0
45,22916,629,230,-859,0,21016,7692,-28708,0,0,0,0,1,0
46,23437,494,394,-888,0,16512,13145,-29657,0,0,0,0,1,0
47,23958,340,542,-882,0,11374,18093,-29466,0,0,0,0,1,0
48,24479,174,669,-843,0,5798,22345,-28143,0,0,0,0,1,0
49,25000,0,771,-771,0,0,25739,-25739,0,0,0,0,1,0
50,25520,-174,843,-669,0,-5798,28143,-22345,0,0,0,0,1,0
51,26041,-340,882,-542,0,-11374,29466,-18093,0,0,0,0,1,0
52,26562,-494,888,-394,0,-16512,29657,-13145,0,0,0,0,1,0
53,27083,-629,859,-230,0,-21016,28708,-7692,0,0,0,0,1,0
54,27604,-740,798,-58,0,-24712,26656,-1944,0,0,0,0,1,0
55,28125,-822,706,116,0,-27458,23579,3879,0,0,0,0,1,0
56,28645,-873,587,286,0,-29150,19596,9553,0,0,0,0,1,0
57,29166,-890,445,445,0,-29721,14860,14860,0,0,0,0,1,0
58,29687,-873,286,587,0,-29150,9553,19596,0,0,0,0,1,0
59,30208,-822,116,706,0,-27458,3879,23579,0,0,0,0,1,0
60,30729,-740,-58,798,0,-24712,-1944,26656,0,0,0,0,1,0
61,31250,-629,-230,859,0,-21016,-7692,28708,0,0,0,0,1,0
62,31770,-494,-394,888,0,-16512,-13145,29657,0,0,0,0,1,0
63,32291,-340,-542,882,0,-11374,-18093,29466,0,0,0,0,1,0
64,32812,-174,-669,843,0,-5798,-22345,28143,0,0,0,0,1,0
65,33333,0,-771,771,0,0,-25739,25739,0,0,0,0,1,0
66,33854,174,-843,669,0,5798,-28143,22345,0,0,0,0,1,0
67,34375,340,-882,542,0,11374,-29466,18093,0,0,0,0,1,0
68,34895,494,-888,394,0,16512,-29657,13145,0,0,0,0,1,0
69,35416,629,-859,230,0,21016,-28708,7692,0,0,0,0,1,0
70,35937,740,-798,58,0,24712,-26656,1944,0,0,0,0,1,0
71,36458,822,-706,-116,0,27458,-23579,-3879,0,0,0,0,1,0
72,36979,873,-587,-286,0,29150,-19596,-9553,0,0,0,0,1,0
73,37500,890,-445,-445,0,29721,-14860,-14860,0,0,0,0,1,0
74,38020,873,-286,-587,0,29150,-9553,-19596,0,0,0,0,1,0
75,38541,822,-116,-706,0,27458,-3879,-23579,0,0,0,0,1,0
76,39062,740,58,-798,0,24712,1944,-26656,0,0,0,0,1,0
77,39583,629,230,-859,0,21016,7692,-28708,0,0,0,0,1,0
78,40104,494,394,-888,0,16512,13145,-29657,0,0,0,0,1,0
79,40625,340,542,-882,0,11374,18093,-29466,0,0,0,0,1,0
80,41145,174,669,-843,0,5798,22345,-28143,0,0,0,0,1,0
81,41666,0,771,-771,0,0,25739,-25739,0,0,0,0,1,0
82,42187,-174,843,-669,0,-5798,28143,-22345,0,0,0,0,1,0
83,42708,-340,882,-542,0,-11374,29466,-18093,0,0,0,0,1,0
84,43229,-494,888,-394,0,-16512,29657,-13145,0,0,0,0,1,0
85,43750,-629,859,-230,0,-21016,28708,-7692,0,0,0,0,1,0
86,44270,-740,798,-58,0,-24712,26656,-1944,0,0,0,0,1,0
87,44791,-822,706,116,0,-27458,23579,3879,0,0,0,0,1,0
88,45312,-873,587,286,0,-29150,19596,9553,0,0,0,0,1,0
89,45833,-890,445,445,0,-29721,14860,14860,0,0,0,0,1,0
90,46354,-873,286,587,0,-29150,9553,19596,0,0,0,0,1,0
91,46875,-822,116,706,0,-27458,3879,23579,0,0,0,0,1,0
92,47395,-740,-58,798,0,-24712,-1944,26656,0,0,0,0,1,0
93,47916,-629,-230,859,0,-21016,-7692,28708,0,0,0,0,1,0
94,48437,-494,-394,888,0,-16512,-13145,29657,0,0,0,0,1,0
95,48958,-340,-542,882,0,-11374,-18093,29466,0,0,0,0,1,0
96,49479,-174,-669,843,0,-5798,-22345,28143,0,0,0,0,1,0
97,50000,0,-8679,8679,0,0,0,0,0,0,0,0,1,0
98,50520,174,-8515,8515,174,6088,-2899,-2899,0,0,0,0,1,0
99,51041,340,-7529,7529,340,11942,-5687,-5687,0,0,0,0,1,0
100,51562,494,-5767,5767,494,17337,-8256,-8256,0,0,0,0,1,0
101,52083,629,-3307,3307,629,22066,-10508,-10508,0,0,0,0,1,0
102,52604,740,-253,253,740,25947,-12356,-12356,0,0,0,0,1,0
103,53125,822,3268,-3268,822,28831,-13729,-13729,0,0,0,0,1,0
104,53645,873,7114,-7114,873,30607,-14575,-14575,0,0,0,0,1,0
105,54166,890,11126,-11126,890,31207,-14860,-14860,0,0,0,0,1,0
106,54687,873,15143,-15143,873,30607,-14575,-14575,0,0,0,0,1,0
107,55208,822,19001,-19001,822,28831,-13729,-13729,0,0,0,0,1,0
108,55729,740,22544,-22544,740,25947,-12356,-12356,0,0,0,0,1,0
109,56250,629,25628,-25628,629,22066,-10508,-10508,0,0,0,0,1,0
110,56770,494,28127,-28127,494,17337,-8256,-8256,0,0,0,0,1,0
111,57291,340,29936,-29936,340,11942,-5687,-5687,0,0,0,0,1,0
112,57812,174,30978,-30978,174,6088,-2899,-2899,0,0,0,0,1,0
113,58333,0,31207,-31207,0,0,0,0,0,0,0,0,1,0
114,58854,-174,30605,-30605,-174,-6088,2899,2899,0,0,0,0,1,0
115,59375,-340,29189,-29189,-340,-11942,5687,5687,0,0,0,0,1,0
116,59895,-494,27006,-27006,-494,-17337,8256,8256,0,0,0,0,1,0
117,60416,-629,24133,-24133,-629,-22066,10508,10508,0,0,0,0,1,0
118,60937,-740,20674,-20674,-740,-25947,12356,12356,0,0,0,0,1,0
119,61458,-822,16755,-16755,-822,-28831,13729,13729,0,0,0,0,1,0
120,61979,-873,12521,-12521,-873,-30607,14575,14575,0,0,0,0,1,0
121,62500,-890,8127,-8127,-890,-31207,14860,14860,0,0,0,0,1,0
122,63020,-873,3736,-3736,-873,-30607,14575,14575,0,0,0,0,1,0
123,63541,-822,-490,490,-822,-28831,13729,13729,0,0,0,0,1,0
124,64062,-740,-4393,4393,-740,-25947,12356,12356,0,0,0,0,1,0
125,64583,-629,-7830,7830,-629,-22066,10508,10508,0,0,0,0,1,0
126,65104,-494,-10674,10674,-494,-17337,8256,8256,0,0,0,0,1,0
127,65625,-340,-12823,12823,-340,-11942,5687,5687,0,0,0,0,1,0
128,66145,-174,-14198,14198,-174,-6088,2899,2899,0,0,0,0,1,0
129,66666,0,-14752,14752,0,0,0,0,0,0,0,0,1,0
130,67187,174,-14471,14471,174,6088,-2899,-2899,0,0,0,0,1,0
131,67708,340,-13368,13368,340,11942,-5687,-5687,0,0,0,0,1,0
132,68229,494,-11493,11493,494,17337,-8256,-8256,0,0,0,0,1,0
133,68750,629,-8922,8922,629,22066,-10508,-10508,0,0,0,0,1,0
134,69270,740,-5759,5759,740,25947,-12356,-12356,0,0,0,0,1,0
135,69791,822,-2130,2130,822,28831,-13729,-13729,0,0,0,0,1,0
136,70312,873,1820,-1820,873,30607,-14575,-14575,0,0,0,0,1,0
137,70833,890,5936,-5936,890,31207,-14860,-14860,0,0,0,0,1,0
138,71354,873,10053,-10053,873,30607,-14575,-14575,0,0,0,0,1,0
139,71875,822,14011,-14011,822,28831,-13729,-13729,0,0,0,0,1,0
140,72395,740,17651,-17651,740,25947,-12356,-12356,0,0,0,0,1,0
141,72916,629,20830,-20830,629,22066,-10508,-10508,0,0,0,0,1,0
142,73437,494,23422,-23422,494,17337,-8256,-8256,0,0,0,0,1,0
143,73958,340,25322,-25322,340,11942,-5687,-5687,0,0,0,0,1,0
144,74479,174,26454,-26454,174,6088,-2899,-2899,0,0,0,0,1,0
145,75000,0,26771,-26771,0,0,0,0,0,0,0,0,1,0
146,75520,-174,26255,-26255,-174,-6088,2899,2899,0,0,0,0,1,0
147,76041,-340,24924,-24924,-340,-11942,5687,5687,0,0,0,0,1,0
148,76562,-494,22824,-22824,-494,-17337,8256,8256,0,0,0,0,1,0
149,77083,-629,20032,-20032,-629,-22066,10508,10508,0,0,0,0,1,0
150,77604,-740,16653,-16653,-740,-25947,12356,12356,0,0,0,0,1,0
151,78125,-822,12812,-12812,-822,-28831,13729,13729,0,0,0,0,1,0
152,78645,-873,8654,-8654,-873,-30607,14575,14575,0,0,0,0,1,0
153,79166,-890,4335,-4335,-890,-31207,14860,14860,0,0,0,0,1,0
154,79687,-873,18,-18,-873,-30607,14575,14575,0,0,0,0,1,0
155,80208,-822,-4135,4135,-822,-28831,13729,13729,0,0,0,0,1,0
156,80729,-740,-7967,7967,-740,-25947,12356,12356,0,0,0,0,1,0
157,81250,-629,-11335,11335,-629,-22066,10508,10508,0,0,0,0,1,0
158,81770,-494,-14111,14111,-494,-17337,8256,8256,0,0,0,0,1,0
159,82291,-340,-16193,16193,-340,-11942,5687,5687,0,0,0,0,1,0
160,82812,-174,-17502,17502,-174,-6088,2899,2899,0,0,0,0,1,0
161,83333,0,-17993,17993,0,0,0,0,0,0,0,0,1,0
162,83854,174,-17648,17648,174,6088,-2899,-2899,0,0,0,0,1,0
163,84375,340,-16484,16484,340,11942,-5687,-5687,0,0,0,0,1,0
164,84895,494,-14548,14548,494,17337,-8256,-8256,0,0,0,0,1,0
165,85416,629,-11917,11917,629,22066,-10508,-10508,0,0,0,0,1,0
166,85937,740,-8696,8696,740,25947,-12356,-12356,0,0,0,0,1,0
167,86458,822,-5010,5010,822,28831,-13729,-13729,0,0,0,0,1,0
168,86979,873,-1004,1004,873,30607,-14575,-14575,0,0,0,0,1,0
169,87500,890,3167,-3167,890,31207,-14860,-14860,0,0,0,0,1,0
170,88020,873,7338,-7338,873,30607,-14575,-14575,0,0,0,0,1,0
171,88541,822,11348,-11348,822,28831,-13729,-13729,0,0,0,0,1,0
172,89062,740,15040,-15040,740,25947,-12356,-12356,0,0,0,0,1,0
173,89583,629,18270,-18270,629,22066,-10508,-10508,0,0,0,0,1,0
174,90104,494,20912,-20912,494,17337,-8256,-8256,0,0,0,0,1,0
175,90625,340,22861,-22861,340,11942,-5687,-5687,0,0,0,0,1,0
176,91145,174,24041,-24041,174,6088,-2899,-2899,0,0,0,0,1,0
177,91666,0,24404,-24404,0,0,0,0,0,0,0,0,1,0
178,92187,-174,23935,-23935,-174,-6088,2899,2899,0,0,0,0,1,0
179,92708,-340,22648,-22648,-340,-11942,5687,5687,0,0,0,0,1,0
180,93229,-494,20593,-20593,-494,-17337,8256,8256,0,0,0,0,1,0
181,93750,-629,17845,-17845,-629,-22066,10508,10508,0,0,0,0,1,0
182,94270,-740,14508,-14508,-740,-25947,12356,12356,0,0,0,0,1,0
183,94791,-822,10709,-10709,-822,-28831,13729,13729,0,0,0,0,1,0
184,95312,-873,6592,-6592,-873,-30607,14575,14575,0,0,0,0,1,0
185,95833,-890,2313,-2313,-890,-31207,14860,14860,0,0,0,0,1,0
186,96354,-873,-1965,1965,-873,-30607,14575,14575,0,0,0,0,1,0
187,96875,-822,-6080,6080,-822,-28831,13729,13729,0,0,0,0,1,0
188,97395,-740,-9874,9874,-740,-25947,12356,12356,0,0,0,0,1,0
189,97916,-629,-13204,13204,-629,-22066,10508,10508,0,0,0,0,1,0
190,98437,-494,-15944,15944,-494,-17337,8256,8256,0,0,0,0,1,0
191,98958,-340,-17990,17990,-340,-11942,5687,5687,0,0,0,0,1,0
192,99479,-174,-19265,19265,-174,-6088,2899,2899,0,0,0,0,1,0
193,100000,0,-19721,19721,0,0,0,0,0,0,0,0,1,0
194,100520,174,-19343,19343,174,6088,-2899,-2899,0,0,0,0,1,0
195,101041,340,-18146,18146,340,11942,-5687,-5687,0,0,0,0,1,0
196,101562,494,-16177,16177,494,17337,-8256,-8256,0,0,0,0,1,0
197,102083,629,-13515,13515,629,22066,-10508,-10508,0,0,0,0,1,0
198,102604,740,-10263,10263,740,25947,-12356,-12356,0,0,0,0,1,0
199,103125,822,-6546,6546,822,28831,-13729,-13729,0,0,0,0,1,0
200,103645,873,-2510,2510,873,30607,-14575,-14575,0,0,0,0,1,0
201,104166,890,1689,-1689,890,31207,-14860,-14860,0,0,0,0,1,0
202,104687,873,5890,-5890,873,30607,-14575,-14575,0,0,0,0,1,0
203,105208,822,9928,-9928,822,28831,-13729,-13729,0,0,0,0,1,0
204,105729,740,13647,-13647,740,25947,-12356,-12356,0,0,0,0,1,0
205,106250,629,16904,-16904,629,22066,-10508,-10508,0,0,0,0,1,0
206,106770,494,19572,-19572,494,17337,-8256,-8256,0,0,0,0,1,0
207,107291,340,21548,-21548,340,11942,-5687,-5687,0,0,0,0,1,0
208,107812,174,22753,-22753,174,6088,-2899,-2899,0,0,0,0,1,0
209,108333,0,23142,-23142,0,0,0,0,0,0,0,0,1,0
210,108854,-174,22697,-22697,-174,-6088,2899,2899,0,0,0,0,1,0
211,109375,-340,21434,-21434,-340,-11942,5687,5687,0,0,0,0,1,0
212,109895,-494,19402,-19402,-494,-17337,8256,8256,0,0,0,0,1,0
213,110416,-629,16677,-16677,-629,-22066,10508,10508,0,0,0,0,1,0
214,110937,-740,13363,-13363,-740,-25947,12356,12356,0,0,0,0,1,0
215,111458,-822,9587,-9587,-822,-28831,13729,13729,0,0,0,0,1,0
216,111979,-873,5491,-5491,-873,-30607,14575,14575,0,0,0,0,1,0
217,112500,-890,1234,-1234,-890,-31207,14860,14860,0,0,0,0,1,0
218,113020,-873,-3023,3023,-873,-30607,14575,14575,0,0,0,0,1,0
219,113541,-822,-7117,7117,-822,-28831,13729,13729,0,0,0,0,1,0
220,114062,-740,-10891,10891,-740,-25947,12356,12356,0,0,0,0,1,0
221,114583,-629,-14202,14202,-629,-22066,10508,10508,0,0,0,0,1,0
222,115104,-494,-16923,16923,-494,-17337,8256,8256,0,0,0,0,1,0
223,115625,-340,-18949,18949,-340,-11942,5687,5687,0,0,0,0,1,0
224,116145,-174,-20205,20205,-174,-6088,2899,2899,0,0,0,0,1,0
225,116666,0,-20643,20643,0,0,0,0,0,0,0,0,1,0
226,117187,174,-20247,20247,174,6088,-2899,-2899,0,0,0,0,1,0
227,117708,340,-19032,19032,340,11942,-5687,-5687,0,0,0,0,1,0
228,118229,494,-17047,17047,494,17337,-8256,-8256,0,0,0,0,1,0
229,118750,629,-14368,14368,629,22066,-10508,-10508,0,0,0,0,1,0
230,119270,740,-11099,11099,740,25947,-12356,-12356,0,0,0,0,1,0
231,119791,822,-7366,7366,822,28831,-13729,-13729,0,0,0,0,1,0
232,120312,873,-3314,3314,873,30607,-14575,-14575,0,0,0,0,1,0
233,120833,890,901,-901,890,31207,-14860,-14860,0,0,0,0,1,0
234,121354,873,5117,-5117,873,30607,-14575,-14575,0,0,0,0,1,0
235,121875,822,9170,-9170,822,28831,-13729,-13729,0,0,0,0,1,0
236,122395,740,12904,-12904,740,25947,-12356,-12356,0,0,0,0,1,0
237,122916,629,16176,-16176,629,22066,-10508,-10508,0,0,0,0,1,0
238,123437,494,18858,-18858,494,17337,-8256,-8256,0,0,0,0,1,0
239,123958,340,20847,-20847,340,11942,-5687,-5687,0,0,0,0,1,0
240,124479,174,22066,-22066,174,6088,-2899,-2899,0,0,0,0,1,0
241,125000,0,22468,-22468,0,0,0,0,0,0,0,0,1,0
242,125520,-174,22036,-22036,-174,-6088,2899,2899,0,0,0,0,1,0
243,126041,-340,20787,-20787,-340,-11942,5687,5687,0,0,0,0,1,0
244,126562,-494,18767,-18767,-494,-17337,8256,8256,0,0,0,0,1,0
245,127083,-629,16055,-16055,-629,-22066,10508,10508,0,0,0,0,1,0
246,127604,-740,12753,-12753,-740,-25947,12356,12356,0,0,0,0,1,0
247,128124,-822,8988,-8988,-822,-28831,13729,13729,0,0,0,0,1,0
248,128645,-873,4904,-4904,-873,-30607,14575,14575,0,0,0,0,1,0
249,129166,-890,658,-658,-890,-31207,14860,14860,0,0,0,0,1,0
250,129687,-873,-3588,3588,-873,-30607,14575,14575,0,0,0,0,1,0
251,130208,-822,-7670,7670,-822,-28831,13729,13729,0,0,0,0,1,0
252,130729,-740,-11434,11434,-740,-25947,12356,12356,0,0,0,0,1,0
253,131250,-629,-14734,14734,-629,-22066,10508,10508,0,0,0,0,1,0
254,131770,-494,-17444,17444,-494,-17337,8256,8256,0,0,0,0,1,0
255,132291,-340,-19461,19461,-340,-11942,5687,5687,0,0,0,0,1,0
256,132812,-174,-20707,20707,-174,-6088,2899,2899,0,0,0,0,1,0
257,133333,0,-21135,21135,0,0,0,0,0,0,0,0,1,0
258,133854,174,-843,669,0,5798,-28143,22345,0,0,0,0,1,0
259,134375,340,-882,542,0,11374,-29466,18093,0,0,0,0,1,0
260,134895,494,-888,394,0,16512,-29657,13145,0,0,0,0,1,0
261,135416,629,-859,230,0,21016,-28708,7692,0,0,0,0,1,0
262,135937,740,-798,58,0,24712,-26656,1944,0,0,0,0,1,0
263,136458,822,-706,-116,0,27458,-23579,-3879,0,0,0,0,1,0
264,136979,873,-587,-286,0,29150,-19596,-9553,0,0,0,0,1,0
265,137500,890,-445,-445,0,29721,-14860,-14860,0,0,0,0,1,0
266,138020,873,-286,-587,0,29150,-9553,-19596,0,0,0,0,1,0
267,138541,822,-116,-706,0,27458,-3879,-23579,0,0,0,0,1,0
268,139062,740,58,-798,0,24712,1944,-26656,0,0,0,0,1,0
269,139583,629,230,-859,0,21016,7692,-28708,0,0,0,0,1,0
270,140104,494,394,-888,0,16512,13145,-29657,0,0,0,0,1,0
271,140625,340,542,-882,0,11374,18093,-29466,0,0,0,0,1,0
272,141145,174,669,-843,0,5798,22345,-28143,0,0,0,0,1,0
273,141666,0,771,-771,0,0,25739,-25739,0,0,0,0,1,0
274,142187,-174,843,-669,0,-5798,28143,-22345,0,0,0,0,1,0
275,142708,-340,882,-542,0,-11374,29466,-18093,0,0,0,0,1,0
276,143229,-494,888,-394,0,-16512,29657,-13145,0,0,0,0,1,0
277,143750,-629,859,-230,0,-21016,28708,-7692,0,0,0,0,1,0
278,144270,-740,798,-58,0,-24712,26656,-1944,0,0,0,0,1,0
279,144791,-822,706,116,0,-27458,23579,3879,0,0,0,0,1,0
280,145312,-873,587,286,0,-29150,19596,9553,0,0,0,0,1,0
281,145833,-890,445,445,0,-29721,14860,14860,0,0,0,0,1,0
282,146354,-873,286,587,0,-29150,9553,19596,0,0,0,0,1,0
283,146875,-822,116,706,0,-27458,3879,23579,0,0,0,0,1,0
284,147395,-740,-58,798,0,-24712,-1944,26656,0,0,0,0,1,0
285,147916,-629,-230,859,0,-21016,-7692,28708,0,0,0,0,1,0
286,148437,-494,-394,888,0,-16512,-13145,29657,0,0,0,0,1,0
287,148958,-340,-542,882,0,-11374,-18093,29466,0,0,0,0,1,0
288,149479,-174,-669,843,0,-5798,-22345,28143,0,0,0,0,1,0
289,150000,0,-771,771,0,0,-25739,25739,0,0,0,0,1,0
290,150520,174,-843,669,0,5798,-28143,22345,0,0,0,0,1,0
291,151041,340,-882,542,0,11374,-29466,18093,0,0,0,0,1,0
292,151562,494,-888,394,0,16512,-29657,13145,0,0,0,0,1,0
293,152083,629,-859,230,0,21016,-28708,7692,0,0,0,0,1,0
294,152604,740,-798,58,0,24712,-26656,1944,0,0,0,0,1,0
295,153125,822,-706,-116,0,27458,-23579,-3879,0,0,0,0,1,0
296,153645,873,-587,-286,0,29150,-19596,-9553,0,0,0,0,1,0
297,154166,890,-445,-445,0,29721,-14860,-14860,0,0,0,0,1,0
298,154687,873,-286,-587,0,29150,-9553,-19596,0,0,0,0,1,0
299,155208,822,-116,-706,0,27458,-3879,-23579,0,0,0,0,1,0
300,155729,740,58,-798,0,24712,1944,-26656,0,0,0,0,1,0
301,156250,629,230,-859,0,21016,7692,-28708,0,0,0,0,1,0
302,156770,494,394,-888,0,16512,13145,-29657,0,0,0,0,1,0
303,157291,340,542,-882,0,11374,18093,-29466,0,0,0,0,1,0
304,157812,174,669,-843,0,5798,22345,-28143,0,0,0,0,1,0
305,158333,0,771,-771,0,0,25739,-25739,0,0,0,0,1,0
306,158854,-174,843,-669,0,-5798,28143,-22345,0,0,0,0,1,0
307,159375,-340,882,-542,0,-11374,29466,-18093,0,0,0,0,1,0
308,159895,-494,888,-394,0,-16512,29657,-13145,0,0,0,0,1,0
309,160416,-629,859,-230,0,-21016,28708,-7692,0,0,0,0,1,0
310,160937,-740,798,-58,0,-24712,26656,-1944,0,0,0,0,1,0
311,161458,-822,706,116,0,-27458,23579,3879,0,0,0,0,1,0
312,161979,-873,587,286,0,-29150,19596,9553,0,0,0,0,1,0
313,162500,-890,445,445,0,-29721,14860,14860,0,0,0,0,1,0
314,163020,-873,286,587,0,-29150,9553,19596,0,0,0,0,1,0
315,163541,-822,116,706,0,-27458,3879,23579,0,0,0,0,1,0
316,164062,-740,-58,798,0,-24712,-1944,26656,0,0,0,0,1,0
317,164583,-629,-230,859,0,-21016,-7692,28708,0,0,0,0,1,0
318,165104,-494,-394,888,0,-16512,-13145,29657,0,0,0,0,1,0
319,165625,-340,-542,882,0,-11374,-18093,29466,0,0,0,0,1,0
320,166145,-174,-669,843,0,-5798,-22345,28143,0,0,0,0,1,0
321,166666,0,-771,771,0,0,-25739,25739,0,0,0,0,1,0
322,167187,174,-843,669,0,5798,-28143,22345,0,0,0,0,1,0
323,167708,340,-882,542,0,11374,-29466,18093,0,0,0,0,1,0
324,168229,494,-888,394,0,16512,-29657,13145,0,0,0,0,1,0
325,168750,629,-859,230,0,21016,-28708,7692,0,0,0,0,1,0
326,169270,740,-798,58,0,24712,-26656,1944,0,0,0,0,1,0
327,169791,822,-706,-116,0,27458,-23579,-3879,0,0,0,0,1,0
328,170312,873,-587,-286,0,29150,-19596,-9553,0,0,0,0,1,0
329,170833,890,-445,-445,0,29721,-14860,-14860,0,0,0,0,1,0
330,171354,873,-286,-587,0,29150,-9553,-19596,0,0,0,0,1,0
331,171875,822,-116,-706,0,27458,-3879,-23579,0,0,0,0,1,0
332,172395,740,58,-798,0,24712,1944,-26656,0,0,0,0,1,0
333,172916,629,230,-859,0,21016,7692,-28708,0,0,0,0,1,0
334,173437,494,394,-888,0,16512,13145,-29657,0,0,0,0,1,0
335,173958,340,542,-882,0,11374,18093,-29466,0,0,0,0,1,0
336,174479,174,669,-843,0,5798,22345,-28143,0,0,0,0,1,0
337,175000,0,771,-771,0,0,25739,-25739,0,0,0,0,1,0
338,175520,-174,843,-669,0,-5798,28143,-22345,0,0,0,0,1,0
339,176041,-340,882,-542,0,-11374,29466,-18093,0,0,0,0,1,0
340,176562,-494,888,-394,0,-16512,29657,-13145,0,0,0,0,1,0
341,177083,-629,859,-230,0,-21016,28708,-7692,0,0,0,0,1,0
342,177604,-740,798,-58,0,-24712,26656,-1944,0,0,0,0,1,0
343,178125,-822,706,116,0,-27458,23579,3879,0,0,0,0,1,0
344,178645,-873,587,286,0,-29150,19596,9553,0,0,0,0,1,0
345,179166,-890,445,445,0,-29721,14860,14860,0,0,0,0,1,0
346,179687,-873,286,587,0,-29150,9553,19596,0,0,0,0,1,0
347,180208,-822,116,706,0,-27458,3879,23579,0,0,0,0,1,0
348,180729,-740,-58,798,0,-24712,-1944,26656,0,0,0,0,1,0
349,181250,-629,-230,859,0,-21016,-7692,28708,0,0,0,0,1,0
350,181770,-494,-394,888,0,-16512,-13145,29657,0,0,0,0,1,0
351,182291,-340,-542,882,0,-11374,-18093,29466,0,0,0,0,1,0
352,182812,-174,-669,843,0,-5798,-22345,28143,0,0,0,0,1,0
353,183333,0,-771,771,0,0,-25739,25739,0,0,0,0,1,0
354,183854,174,-843,669,0,5798,-28143,22345,0,0,0,0,1,0
355,184375,340,-882,542,0,11374,-29466,18093,0,0,0,0,1,0
356,184895,494,-888,394,0,16512,-29657,13145,0,0,0,0,1,0
357,185416,629,-859,230,0,21016,-28708,7692,0,0,0,0,1,0
358,185937,740,-798,58,0,24712,-26656,1944,0,0,0,0,1,0
359,186458,822,-706,-116,0,27458,-23579,-3879,0,0,0,0,1,0
360,186979,873,-587,-286,0,29150,-19596,-9553,0,0,0,0,1,0
361,187500,890,-445,-445,0,29721,-14860,-14860,0,0,0,0,1,0
362,188020,873,-286,-587,0,29150,-9553,-19596,0,0,0,0,1,0
363,188541,822,-116,-706,0,27458,-3879,-23579,0,0,0,0,1,0
364,189062,740,58,-798,0,24712,1944,-26656,0,0,0,0,1,0
365,189583,629,230,-859,0,21016,7692,-28708,0,0,0,0,1,0
366,190104,494,394,-888,0,16512,13145,-29657,0,0,0,0,1,0
367,190625,340,542,-882,0,11374,18093,-29466,0,0,0,0,1,0
368,191145,174,669,-843,0,5798,22345,-28143,0,0,0,0,1,0
369,191666,0,771,-771,0,0,25739,-25739,0,0,0,0,1,0
370,192187,-174,843,-669,0,-5798,28143,-22345,0,0,0,0,1,0
371,192708,-340,882,-542,0,-11374,29466,-18093,0,0,0,0,1,0
372,193229,-494,888,-394,0,-16512,29657,-13145,0,0,0,0,1,0
373,193750,-629,859,-230,0,-21016,28708,-7692,0,0,0,0,1,0
374,194270,-740,798,-58,0,-24712,26656,-1944,0,0,0,0,1,0
375,194791,-822,706,116,0,-27458,23579,3879,0,0,0,0,1,0
376,195312,-873,587,286,0,-29150,19596,9553,0,0,0,0,1,0
377,195833,-890,445,445,0,-29721,14860,14860,0,0,0,0,1,0
378,196354,-873,286,587,0,-29150,9553,19596,0,0,0,0,1,0
379,196875,-822,116,706,0,-27458,3879,23579,0,0,0,0,1,0
380,197395,-740,-58,798,0,-24712,-1944,26656,0,0,0,0,1,0
381,197916,-629,-230,859,0,-21016,-7692,28708,0,0,0,0,1,0
382,198437,-494,-394,888,0,-16512,-13145,29657,0,0,0,0,1,0
383,198958,-340,-542,882,0,-11374,-18093,29466,0,0,0,0,1,0
384,199479,-174,-669,843,0,-5798,-22345,28143,0,0,0,0,1,0
385,200000,0,-771,771,0,0,-25739,25739,0,0,0,0,1,0
386,200520,174,-843,669,0,5798,-28143,22345,0,0,0,0,1,0
387,201041,340,-882,542,0,11374,-29466,18093,0,0,0,0,1,0
388,201562,494,-888,394,0,16512,-29657,13145,0,0,0,0,1,0
389,202083,629,-859,230,0,21016,-28708,7692,0,0,0,0,1,0
390,202604,740,-798,58,0,24712,-26656,1944,0,0,0,0,1,0
391,203125,822,-706,-116,0,27458,-23579,-3879,0,0,0,0,1,0
392,203645,873,-587,-286,0,29150,-19596,-9553,0,0,0,0,1,0
393,204166,890,-445,-445,0,29721,-14860,-14860,0,0,0,0,1,0
394,204687,873,-286,-587,0,29150,-9553,-19596,0,0,0,0,1,0
395,205208,822,-116,-706,0,27458,-3879,-23579,0,0,0,0,1,0
396,205729,740,58,-798,0,24712,1944,-26656,0,0,0,0,1,0
397,206250,629,230,-859,0,21016,7692,-28708,0,0,0,0,1,0
398,206770,494,394,-888,0,16512,13145,-29657,0,0,0,0,1,0
399,207291,340,542,-882,0,11374,18093,-29466,0,0,0,0,1,0
400,207812,174,669,-843,0,5798,22345,-28143,0,0,0,0,1,0
401,208333,0,771,-771,0,0,25739,-25739,0,0,0,0,1,0
402,208854,-174,843,-669,0,-5798,28143,-22345,0,0,0,0,1,0
403,209375,-340,882,-542,0,-11374,29466,-18093,0,0,0,0,1,0
404,209895,-494,888,-394,0,-16512,29657,-13145,0,0,0,0,1,0
405,210416,-629,859,-230,0,-21016,28708,-7692,0,0,0,0,1,0
406,210937,-740,798,-58,0,-24712,26656,-1944,0,0,0,0,1,0
407,211458,-822,706,116,0,-27458,23579,3879,0,0,0,0,1,0
408,211979,-873,587,286,0,-29150,19596,9553,0,0,0,0,1,0
409,212500,-890,445,445,0,-29721,14860,14860,0,0,0,0,1,0
410,213020,-873,286,587,0,-29150,9553,19596,0,0,0,0,1,0
411,213541,-822,116,706,0,-27458,3879,23579,0,0,0,0,1,0
412,214062,-740,-58,798,0,-24712,-1944,26656,0,0,0,0,1,0
413,214583,-629,-230,859,0,-21016,-7692,28708,0,0,0,0,1,0
414,215104,-494,-394,888,0,-16512,-13145,29657,0,0,0,0,1,0
415,215625,-340,-542,882,0,-11374,-18093,29466,0,0,0,0,1,0
416,216145,-174,-669,843,0,-5798,-22345,28143,0,0,0,0,1,0
417,216666,0,-771,771,0,0,-25739,25739,0,0,0,0,1,0
418,217187,174,-843,669,0,5798,-28143,22345,0,0,0,0,1,0
419,217708,340,-882,542,0,11374,-29466,18093,0,0,0,0,1,0
420,218229,494,-888,394,0,16512,-29657,13145,0,0,0,0,1,0
421,218750,629,-859,230,0,21016,-28708,7692,0,0,0,0,1,0
422,219270,740,-798,58,0,24712,-26656,1944,0,0,0,0,1,0
423,219791,822,-706,-116,0,27458,-23579,-3879,0,0,0,0,1,0
424,220312,873,-587,-286,0,29150,-19596,-9553,0,0,0,0,1,0
425,220833,890,-445,-445,0,29721,-14860,-14860,0,0,0,0,1,0
426,221354,873,-286,-587,0,29150,-9553,-19596,0,0,0,0,1,0
427,221875,822,-116,-706,0,27458,-3879,-23579,0,0,0,0,1,0
428,222395,740,58,-798,0,24712,1944,-26656,0,0,0,0,1,0
429,222916,629,230,-859,0,21016,7692,-28708,0,0,0,0,1,0
430,223437,494,394,-888,0,16512,13145,-29657,0,0,0,0,1,0
431,223958,340,542,-882,0,11374,18093,-29466,0,0,0,0,1,0
432,224479,174,669,-843,0,5798,22345,-28143,0,0,0,0,1,0
433,225000,0,771,-771,0,0,25739,-25739,0,0,0,0,1,0
434,225520,-174,843,-669,0,-5798,28143,-22345,0,0,0,0,1,0
435,226041,-340,882,-542,0,-11374,29466,-18093,0,0,0,0,1,0
436,226562,-494,888,-394,0,-16512,29657,-13145,0,0,0,0,1,0
437,227083,-629,859,-230,0,-21016,28708,-7692,0,0,0,0,1,0
438,227604,-740,798,-58,0,-24712,26656,-1944,0,0,0,0,1,0
439,228125,-822,706,116,0,-27458,23579,3879,0,0,0,0,1,0
440,228645,-873,587,286,0,-29150,19596,9553,0,0,0,0,1,0
441,229166,-890,445,445,0,-29721,14860,14860,0,0,0,0,1,0
442,229687,-873,286,587,0,-29150,9553,19596,0,0,0,0,1,0
443,230208,-822,116,706,0,-27458,3879,23579,0,0,0,0,1,0
444,230729,-740,-58,798,0,-24712,-1944,26656,0,0,0,0,1,0
445,231250,-629,-230,859,0,-21016,-7692,28708,0,0,0,0,1,0
446,231770,-494,-394,888,0,-16512,-13145,29657,0,0,0,0,1,0
447,232291,-340,-542,882,0,-11374,-18093,29466,0,0,0,0,1,0
448,232812,-174,-669,843,0,-5798,-22345,28143,0,0,0,0,1,0
449,233333,0,-771,771,0,0,-25739,25739,0,0,0,0,1,0
450,233854,174,-843,669,0,5798,-28143,22345,0,0,0,0,1,0
451,234375,340,-882,542,0,11374,-29466,18093,0,0,0,0,1,0
452,234895,494,-888,394,0,16512,-29657,13145,0,0,0,0,1,0
453,235416,629,-859,230,0,21016,-28708,7692,0,0,0,0,1,0
454,235937,740,-798,58,0,24712,-26656,1944,0,0,0,0,1,0
455,236458,822,-706,-116,0,27458,-23579,-3879,0,0,0,0,1,0
456,236979,873,-587,-286,0,29150,-19596,-9553,0,0,0,0,1,0
457,237500,890,-445,-445,0,29721,-14860,-14860,0,0,0,0,1,0
458,238020,873,-286,-587,0,29150,-9553,-19596,0,0,0,0,1,0
459,238541,822,-116,-706,0,27458,-3879,-23579,0,0,0,0,1,0
460,239062,740,58,-798,0,24712,1944,-26656,0,0,0,0,1,0
461,239583,629,230,-859,0,21016,7692,-28708,0,0,0,0,1,0
462,240104,494,394,-888,0,16512,13145,-29657,0,0,0,0,1,0
463,240625,340,542,-882,0,11374,18093,-29466,0,0,0,0,1,0
464,241145,174,669,-843,0,5798,22345,-28143,0,0,0,0,1,0
465,241666,0,771,-771,0,0,25739,-25739,0,0,0,0,1,0
466,242187,-174,843,-669,0,-5798,28143,-22345,0,0,0,0,1,0
467,242708,-340,882,-542,0,-11374,29466,-18093,0,0,0,0,1,0
468,243229,-494,888,-394,0,-16512,29657,-13145,0,0,0,0,1,0
469,243750,-629,859,-230,0,-21016,28708,-7692,0,0,0,0,1,0
470,244270,-740,798,-58,0,-24712,26656,-1944,0,0,0,0,1,0
471,244791,-822,706,116,0,-27458,23579,3879,0,0,0,0,1,0
472,245312,-873,587,286,0,-29150,19596,9553,0,0,0,0,1,0
473,245833,-890,445,445,0,-29721,14860,14860,0,0,0,0,1,0
474,246354,-873,286,587,0,-29150,9553,19596,0,0,0,0,1,0
475,246875,-822,116,706,0,-27458,3879,23579,0,0,0,0,1,0
476,247395,-740,-58,798,0,-24712,-1944,26656,0,0,0,0,1,0
477,247916,-629,-230,859,0,-21016,-7692,28708,0,0,0,0,1,0
478,248437,-494,-394,888,0,-16512,-13145,29657,0,0,0,0,1,0
479,248958,-340,-542,882,0,-11374,-18093,29466,0,0,0,0,1,0
480,249479,-174,-669,843,0,-5798,-22345,28143,0,0,0,0,1,0
481,250000,0,-771,771,0,0,-25739,25739,0,0,0,0,1,0
482,250520,174,-843,669,0,5798,-28143,22345,0,0,0,0,1,0
483,251041,340,-882,542,0,11374,-29466,18093,0,0,0,0,1,0
484,251562,494,-888,394,0,16512,-29657,13145,0,0,0,0,1,0
485,252083,629,-859,230,0,21016,-28708,7692,0,0,0,0,1,0
486,252604,740,-798,58,0,24712,-26656,1944,0,0,0,0,1,0
487,253125,822,-706,-116,0,27458,-23579,-3879,0,0,0,0,1,0
488,253645,873,-587,-286,0,29150,-19596,-9553,0,0,0,0,1,0
489,254166,890,-445,-445,0,29721,-14860,-14860,0,0,0,0,1,0
490,254687,873,-286,-587,0,29150,-9553,-19596,0,0,0,0,1,0
491,255208,822,-116,-706,0,27458,-3879,-23579,0,0,0,0,1,0
492,255729,740,58,-798,0,24712,1944,-26656,0,0,0,0,1,0
493,256249,629,230,-859,0,21016,7692,-28708,0,0,0,0,1,0
494,256770,494,394,-888,0,16512,13145,-29657,0,0,0,0,1,0
495,257291,340,542,-882,0,11374,18093,-29466,0,0,0,0,1,0
496,257812,174,669,-843,0,5798,22345,-28143,0,0,0,0,1,0
497,258333,0,771,-771,0,0,25739,-25739,0,0,0,0,1,0
498,258854,-174,843,-669,0,-5798,28143,-22345,0,0,0,0,1,0
499,259375,-340,882,-542,0,-11374,29466,-18093,0,0,0,0,1,0
500,259895,-494,888,-394,0,-16512,29657,-13145,0,0,0,0,1,0
501,260416,-629,859,-230,0,-21016,28708,-7692,0,0,0,0,1,0
502,260937,-740,798,-58,0,-24712,26656,-1944,0,0,0,0,1,0
503,261458,-822,706,116,0,-27458,23579,3879,0,0,0,0,1,0
504,261979,-873,587,286,0,-29150,19596,9553,0,0,0,0,1,0
505,262500,-890,445,445,0,-29721,14860,14860,0,0,0,0,1,0
506,263020,-873,286,587,0,-29150,9553,19596,0,0,0,0,1,0
507,263541,-822,116,706,0,-27458,3879,23579,0,0,0,0,1,0
508,264062,-740,-58,798,0,-24712,-1944,26656,0,0,0,0,1,0
509,264583,-629,-230,859,0,-21016,-7692,28708,0,0,0,0,1,0
510,265104,-494,-394,888,0,-16512,-13145,29657,0,0,0,0,1,0
511,265625,-340,-542,882,0,-11374,-18093,29466,0,0,0,0,1,0
512,266145,-174,-669,843,0,-5798,-22345,28143,0,0,0,0,1,0
513,266666,0,-771,771,0,0,-25739,25739,0,0,0,0,1,0
514,267187,174,-843,669,0,5798,-28143,22345,0,0,0,0,1,0
515,267708,340,-882,542,0,11374,-29466,18093,0,0,0,0,1,0
516,268229,494,-888,394,0,16512,-29657,13145,0,0,0,0,1,0
517,268750,629,-859,230,0,21016,-28708,7692,0,0,0,0,1,0
518,269270,740,-798,58,0,24712,-26656,1944,0,0,0,0,1,0
519,269791,822,-706,-116,0,27458,-23579,-3879,0,0,0,0,1,0
520,270312,873,-587,-286,0,29150,-19596,-9553,0,0,0,0,1,0
521,270833,890,-445,-445,0,29721,-14860,-14860,0,0,0,0,1,0
522,271354,873,-286,-587,0,29150,-9553,-19596,0,0,0,0,1,0
523,271875,822,-116,-706,0,27458,-3879,-23579,0,0,0,0,1,0
524,272395,740,58,-798,0,24712,1944,-26656,0,0,0,0,1,0
525,272916,629,230,-859,0,21016,7692,-28708,0,0,0,0,1,0
526,273437,494,394,-888,0,16512,13145,-29657,0,0,0,0,1,0
527,273958,340,542,-882,0,11374,18093,-29466,0,0,0,0,1,0
528,274479,174,669,-843,0,5798,22345,-28143,0,0,0,0,1,0
529,275000,0,771,-771,0,0,25739,-25739,0,0,0,0,1,0
530,275520,-174,843,-669,0,-5798,28143,-22345,0,0,0,0,1,0
531,276041,-340,882,-542,0,-11374,29466,-18093,0,0,0,0,1,0
532,276562,-494,888,-394,0,-16512,29657,-13145,0,0,0,0,1,0
533,277083,-629,859,-230,0,-21016,28708,-7692,0,0,0,0,1,0
534,277604,-740,798,-58,0,-24712,26656,-1944,0,0,0,0,1,0
535,278125,-822,706,116,0,-27458,23579,3879,0,0,0,0,1,0
536,278645,-873,587,286,0,-29150,19596,9553,0,0,0,0,1,0
537,279166,-890,445,445,0,-29721,14860,14860,0,0,0,0,1,0
538,279687,-873,286,587,0,-29150,9553,19596,0,0,0,0,1,0
539,280208,-822,116,706,0,-27458,3879,23579,0,0,0,0,1,0
540,280729,-740,-58,798,0,-24712,-1944,26656,0,0,0,0,1,0
541,281250,-629,-230,859,0,-21016,-7692,28708,0,0,0,0,1,0
542,281770,-494,-394,888,0,-16512,-13145,29657,0,0,0,0,1,0
543,282291,-340,-542,882,0,-11374,-18093,29466,0,0,0,0,1,0
544,282812,-174,-669,843,0,-5798,-22345,28143,0,0,0,0,1,0
545,283333,0,-771,771,0,0,-25739,25739,0,0,0,0,1,0
546,283854,174,-843,669,0,5798,-28143,22345,0,0,0,0,1,0
547,284375,340,-882,542,0,11374,-29466,18093,0,0,0,0,1,0
548,284895,494,-888,394,0,16512,-29657,13145,0,0,0,0,1,0
549,285416,629,-859,230,0,21016,-28708,7692,0,0,0,0,1,0
550,285937,740,-798,58,0,24712,-26656,1944,0,0,0,0,1,0
551,286458,822,-706,-116,0,27458,-23579,-3879,0,0,0,0,1,0
552,286979,873,-587,-286,0,29150,-19596,-9553,0,0,0,0,1,0
553,287500,890,-445,-445,0,29721,-14860,-14860,0,0,0,0,1,0
554,288020,873,-286,-587,0,29150,-9553,-19596,0,0,0,0,1,0
555,288541,822,-116,-706,0,27458,-3879,-23579,0,0,0,0,1,0
556,289062,740,58,-798,0,24712,1944,-26656,0,0,0,0,1,0
557,289583,629,230,-859,0,21016,7692,-28708,0,0,0,0,1,0
558,290104,494,394,-888,0,16512,13145,-29657,0,0,0,0,1,0
559,290625,340,542,-882,0,11374,18093,-29466,0,0,0,0,1,0
560,291145,174,669,-843,0,5798,22345,-28143,0,0,0,0,1,0
561,291666,0,771,-771,0,0,25739,-25739,0,0,0,0,1,0
562,292187,-174,843,-669,0,-5798,28143,-22345,0,0,0,0,1,0
563,292708,-340,882,-542,0,-11374,29466,-18093,0,0,0,0,1,0
564,293229,-494,888,-394,0,-16512,29657,-13145,0,0,0,0,1,0
565,293750,-629,859,-230,0,-21016,28708,-7692,0,0,0,0,1,0
566,294270,-740,798,-58,0,-24712,26656,-1944,0,0,0,0,1,0
567,294791,-822,706,116,0,-27458,23579,3879,0,0,0,0,1,0
568,295312,-873,587,286,0,-29150,19596,9553,0,0,0,0,1,0
569,295833,-890,445,445,0,-29721,14860,14860,0,0,0,0,1,0
570,296354,-873,286,587,0,-29150,9553,19596,0,0,0,0,1,0
571,296875,-822,116,706,0,-27458,3879,23579,0,0,0,0,1,0
572,297395,-740,-58,798,0,-24712,-1944,26656,0,0,0,0,1,0
573,297916,-629,-230,859,0,-21016,-7692,28708,0,0,0,0,1,0
574,298437,-494,-394,888,0,-16512,-13145,29657,0,0,0,0,1,0
575,298958,-340,-542,882,0,-11374,-18093,29466,0,0,0,0,1,0
576,299479,-174,-669,843,0,-5798,-22345,28143,0,0,0,0,1,0
577,300000,0,-771,771,0,0,-25739,25739,0,0,0,0,1,0
578,300520,174,-843,669,0,5798,-28143,22345,0,0,0,0,1,0
579,301041,340,-882,542,0,11374,-29466,18093,0,0,0,0,1,0
580,301562,494,-888,394,0,16512,-29657,13145,0,0,0,0,1,0
581,302083,629,-859,230,0,21016,-28708,7692,0,0,0,0,1,0
582,302604,740,-798,58,0,24712,-26656,1944,0,0,0,0,1,0
583,303125,822,-706,-116,0,27458,-23579,-3879,0,0,0,0,1,0
584,303645,873,-587,-286,0,29150,-19596,-9553,0,0,0,0,1,0
585,304166,890,-445,-445,0,29721,-14860,-14860,0,0,0,0,1,0
586,304687,873,-286,-587,0,29150,-9553,-19596,0,0,0,0,1,0
587,305208,822,-116,-706,0,27458,-3879,-23579,0,0,0,0,1,0
588,305729,740,58,-798,0,24712,1944,-26656,0,0,0,0,1,0
589,306250,629,230,-859,0,21016,7692,-28708,0,0,0,0,1,0
590,306770,494,394,-888,0,16512,13145,-29657,0,0,0,0,1,0
591,307291,340,542,-882,0,11374,18093,-29466,0,0,0,0,1,0
592,307812,174,669,-843,0,5798,22345,-28143,0,0,0,0,1,0
593,308333,0,771,-771,0,0,25739,-25739,0,0,0,0,1,0
594,308854,-174,843,-669,0,-5798,28143,-22345,0,0,0,0,1,0
595,309375,-340,882,-542,0,-11374,29466,-18093,0,0,0,0,1,0
596,309895,-494,888,-394,0,-16512,29657,-13145,0,0,0,0,1,0
597,310416,-629,859,-230,0,-21016,28708,-7692,0,0,0,0,1,0
598,310937,-740,798,-58,0,-24712,26656,-1944,0,0,0,0,1,0
599,311458,-822,706,116,0,-27458,23579,3879,0,0,0,0,1,0
600,311979,-873,587,286,0,-29150,19596,9553,0,0,0,0,1,0
601,312500,-890,445,445,0,-29721,14860,14860,0,0,0,0,1,0
602,313020,-873,286,587,0,-29150,9553,19596,0,0,0,0,1,0
603,313541,-822,116,706,0,-27458,3879,23579,0,0,0,0,1,0
604,314062,-740,-58,798,0,-24712,-1944,26656,0,0,0,0,1,0
605,314583,-629,-230,859,0,-21016,-7692,28708,0,0,0,0,1,0
606,315104,-494,-394,888,0,-16512,-13145,29657,0,0,0,0,1,0
607,315625,-340,-542,882,0,-11374,-18093,29466,0,0,0,0,1,0
608,316145,-174,-669,843,0,-5798,-22345,28143,0,0,0,0,1,0
609,316666,0,-771,771,0,0,-25739,25739,0,0,0,0,1,0
610,317187,174,-843,669,0,5798,-28143,22345,0,0,0,0,1,0
611,317708,340,-882,542,0,11374,-29466,18093,0,0,0,0,1,0
612,318229,494,-888,394,0,16512,-29657,13145,0,0,0,0,1,0
613,318750,629,-859,230,0,21016,-28708,7692,0,0,0,0,1,0
614,319270,740,-798,58,0,24712,-26656,1944,0,0,0,0,1,0
615,319791,822,-706,-116,0,27458,-23579,-3879,0,0,0,0,1,0
616,320312,873,-587,-286,0,29150,-19596,-9553,0,0,0,0,1,0
617,320833,890,-445,-445,0,29721,-14860,-14860,0,0,0,0,1,0
618,321354,873,-286,-587,0,29150,-9553,-19596,0,0,0,0,1,0
619,321875,822,-116,-706,0,27458,-3879,-23579,0,0,0,0,1,0
620,322395,740,58,-798,0,24712,1944,-26656,0,0,0,0,1,0
621,322916,629,230,-859,0,21016,7692,-28708,0,0,0,0,1,0
622,323437,494,394,-888,0,16512,13145,-29657,0,0,0,0,1,0
623,323958,340,542,-882,0,11374,18093,-29466,0,0,0,0,1,0
624,324479,174,669,-843,0,5798,22345,-28143,0,0,0,0,1,0
625,325000,0,771,-771,0,0,25739,-25739,0,0,0,0,1,0
626,325520,-174,843,-669,0,-5798,28143,-22345,0,0,0,0,1,0
627,326041,-340,882,-542,0,-11374,29466,-18093,0,0,0,0,1,0
628,326562,-494,888,-394,0,-16512,29657,-13145,0,0,0,0,1,0
629,327083,-629,859,-230,0,-21016,28708,-7692,0,0,0,0,1,0
630,327604,-740,798,-58,0,-24712,26656,-1944,0,0,0,0,1,0
631,328125,-822,706,116,0,-27458,23579,3879,0,0,0,0,1,0
632,328645,-873,587,286,0,-29150,19596,9553,0,0,0,0,1,0
633,329166,-890,445,445,0,-29721,14860,14860,0,0,0,0,1,0
634,329687,-873,286,587,0,-29150,9553,19596,0,0,0,0,1,0
635,330208,-822,116,706,0,-27458,3879,23579,0,0,0,0,1,0
636,330729,-740,-58,798,0,-24712,-1944,26656,0,0,0,0,1,0
637,331250,-629,-230,859,0,-21016,-7692,28708,0,0,0,0,1,0
638,331770,-494,-394,888,0,-16512,-13145,29657,0,0,0,0,1,0
639,332291,-340,-542,882,0,-11374,-18093,29466,0,0,0,0,1,0
640,332812,-174,-669,843,0,-5798,-22345,28143,0,0,0,0,1,0
641,333333,0,-771,771,0,0,-25739,25739,0,0,0,0,1,0
642,333854,174,-843,669,0,5798,-28143,22345,0,0,0,0,1,0
643,334375,340,-882,542,0,11374,-29466,18093,0,0,0,0,1,0
644,334895,494,-888,394,0,16512,-29657,13145,0,0,0,0,1,0
645,335416,629,-859,230,0,21016,-28708,7692,0,0,0,0,1,0
646,335937,740,-798,58,0,24712,-26656,1944,0,0,0,0,1,0
647,336458,822,-706,-116,0,27458,-23579,-3879,0,0,0,0,1,0
648,336979,873,-587,-286,0,29150,-19596,-9553,0,0,0,0,1,0
649,337500,890,-445,-445,0,29721,-14860,-14860,0,0,0,0,1,0
650,338020,873,-286,-587,0,29150,-9553,-19596,0,0,0,0,1,0
651,338541,822,-116,-706,0,27458,-3879,-23579,0,0,0,0,1,0
652,339062,740,58,-798,0,24712,1944,-26656,0,0,0,0,1,0
653,339583,629,230,-859,0,21016,7692,-28708,0,0,0,0,1,0
654,340104,494,394,-888,0,16512,13145,-29657,0,0,0,0,1,0
655,340625,340,542,-882,0,11374,18093,-29466,0,0,0,0,1,0
656,341145,174,669,-843,0,5798,22345,-28143,0,0,0,0,1,0
657,341666,0,771,-771,0,0,25739,-25739,0,0,0,0,1,0
658,342187,-174,843,-669,0,-5798,28143,-22345,0,0,0,0,1,0
659,342708,-340,882,-542,0,-11374,29466,-18093,0,0,0,0,1,0
660,343229,-494,888,-394,0,-16512,29657,-13145,0,0,0,0,1,0
661,343750,-629,859,-230,0,-21016,28708,-7692,0,0,0,0,1,0
662,344270,-740,798,-58,0,-24712,26656,-1944,0,0,0,0,1,0
663,344791,-822,706,116,0,-27458,23579,3879,0,0,0,0,1,0
664,345312,-873,587,286,0,-29150,19596,9553,0,0,0,0,1,0
665,345833,-890,445,445,0,-29721,14860,14860,0,0,0,0,1,0
666,346354,-873,286,587,0,-29150,9553,19596,0,0,0,0,1,0
667,346875,-822,116,706,0,-27458,3879,23579,0,0,0,0,1,0
668,347395,-740,-58,798,0,-24712,-1944,26656,0,0,0,0,1,0
669,347916,-629,-230,859,0,-21016,-7692,28708,0,0,0,0,1,0
670,348437,-494,-394,888,0,-16512,-13145,29657,0,0,0,0,1,0
671,348958,-340,-542,882,0,-11374,-18093,29466,0,0,0,0,1,0
672,349479,-174,-669,843,0,-5798,-22345,28143,0,0,0,0,1,0
673,350000,0,-771,771,0,0,-25739,25739,0,0,0,0,1,0
674,350520,174,-843,669,0,5798,-28143,22345,0,0,0,0,1,0
675,351041,340,-882,542,0,11374,-29466,18093,0,0,0,0,1,0
676,351562,494,-888,394,0,16512,-29657,13145,0,0,0,0,1,0
677,352083,629,-859,230,0,21016,-28708,7692,0,0,0,0,1,0
678,352604,740,-798,58,0,24712,-26656,1944,0,0,0,0,1,0
679,353125,822,-706,-116,0,27458,-23579,-3879,0,0,0,0,1,0
680,353645,873,-587,-286,0,29150,-19596,-9553,0,0,0,0,1,0
681,354166,890,-445,-445,0,29721,-14860,-14860,0,0,0,0,1,0
682,354687,873,-286,-587,0,29150,-9553,-19596,0,0,0,0,1,0
683,355208,822,-116,-706,0,27458,-3879,-23579,0,0,0,0,1,0
684,355729,740,58,-798,0,24712,1944,-26656,0,0,0,0,1,0
685,356250,629,230,-859,0,21016,7692,-28708,0,0,0,0,1,0
686,356770,494,394,-888,0,16512,13145,-29657,0,0,0,0,1,0
687,357291,340,542,-882,0,11374,18093,-29466,0,0,0,0,1,0
688,357812,174,669,-843,0,5798,22345,-28143,0,0,0,0,1,0
689,358333,0,771,-771,0,0,25739,-25739,0,0,0,0,1,0
690,358854,-174,843,-669,0,-5798,28143,-22345,0,0,0,0,1,0
691,359375,-340,882,-542,0,-11374,29466,-18093,0,0,0,0,1,0
692,359895,-494,888,-394,0,-16512,29657,-13145,0,0,0,0,1,0
693,360416,-629,859,-230,0,-21016,28708,-7692,0,0,0,0,1,0
694,360937,-740,798,-58,0,-24712,26656,-1944,0,0,0,0,1,0
695,361458,-822,706,116,0,-27458,23579,3879,0,0,0,0,1,0
696,361979,-873,587,286,0,-29150,19596,9553,0,0,0,0,1,0
697,362500,-890,445,445,0,-29721,14860,14860,0,0,0,0,1,0
698,363020,-873,286,587,0,-29150,9553,19596,0,0,0,0,1,0
699,363541,-822,116,706,0,-27458,3879,23579,0,0,0,0,1,0
700,364062,-740,-58,798,0,-24712,-1944,26656,0,0,0,0,1,0
701,364583,-629,-230,859,0,-21016,-7692,28708,0,0,0,0,1,0
702,365104,-494,-394,888,0,-16512,-13145,29657,0,0,0,0,1,0
703,365625,-340,-542,882,0,-11374,-18093,29466,0,0,0,0,1,0
704,366145,-174,-669,843,0,-5798,-22345,28143,0,0,0,0,1,0
705,366666,0,-771,771,0,0,-25739,25739,0,0,0,0,1,0
706,367187,174,-843,669,0,5798,-28143,22345,0,0,0,0,1,0
707,367708,340,-882,542,0,11374,-29466,18093,0,0,0,0,1,0
708,368229,494,-888,394,0,16512,-29657,13145,0,0,0,0,1,0
709,368750,629,-859,230,0,21016,-28708,7692,0,0,0,0,1,0
710,369270,740,-798,58,0,24712,-26656,1944,0,0,0,0,1,0
711,369791,822,-706,-116,0,27458,-23579,-3879,0,0,0,0,1,0
712,370312,873,-587,-286,0,29150,-19596,-9553,0,0,0,0,1,0
713,370833,890,-445,-445,0,29721,-14860,-14860,0,0,0,0,1,0
714,371354,873,-286,-587,0,29150,-9553,-19596,0,0,0,0,1,0
715,371875,822,-116,-706,0,27458,-3879,-23579,0,0,0,0,1,0
716,372395,740,58,-798,0,24712,1944,-26656,0,0,0,0,1,0
717,372916,629,230,-859,0,21016,7692,-28708,0,0,0,0,1,0
718,373437,494,394,-888,0,16512,13145,-29657,0,0,0,0,1,0
719,373958,340,542,-882,0,11374,18093,-29466,0,0,0,0,1,0
720,374479,174,669,-843,0,5798,22345,-28143,0,0,0,0,1,0
721,375000,0,771,-771,0,0,25739,-25739,0,0,0,0,1,0
722,375520,-174,843,-669,0,-5798,28143,-22345,0,0,0,0,1,0
723,376041,-340,882,-542,0,-11374,29466,-18093,0,0,0,0,1,0
724,376562,-494,888,-394,0,-16512,29657,-13145,0,0,0,0,1,0
725,377083,-629,859,-230,0,-21016,28708,-7692,0,0,0,0,1,0
726,377604,-740,798,-58,0,-24712,26656,-1944,0,0,0,0,1,0
727,378125,-822,706,116,0,-27458,23579,3879,0,0,0,0,1,0
728,378645,-873,587,286,0,-29150,19596,9553,0,0,0,0,1,0
729,379166,-890,445,445,0,-29721,14860,14860,0,0,0,0,1,0
730,379687,-873,286,587,0,-29150,9553,19596,0,0,0,0,1,0
731,380208,-822,116,706,0,-27458,3879,23579,0,0,0,0,1,0
732,380729,-740,-58,798,0,-24712,-1944,26656,0,0,0,0,1,0
733,381250,-629,-230,859,0,-21016,-7692,28708,0,0,0,0,1,0
734,381770,-494,-394,888,0,-16512,-13145,29657,0,0,0,0,1,0
735,382291,-340,-542,882,0,-11374,-18093,29466,0,0,0,0,1,0
736,382812,-174,-669,843,0,-5798,-22345,28143,0,0,0,0,1,0
737,383333,0,-771,771,0,0,-25739,25739,0,0,0,0,1,0
738,383854,174,-843,669,0,5798,-28143,22345,0,0,0,0,1,0
739,384375,340,-882,542,0,11374,-29466,18093,0,0,0,0,1,0
740,384895,494,-888,394,0,16512,-29657,13145,0,0,0,0,1,0
741,385416,629,-859,230,0,21016,-28708,7692,0,0,0,0,1,0
742,385937,740,-798,58,0,24712,-26656,1944,0,0,0,0,1,0
743,386458,822,-706,-116,0,27458,-23579,-3879,0,0,0,0,1,0
744,386979,873,-587,-286,0,29150,-19596,-9553,0,0,0,0,1,0
745,387500,890,-445,-445,0,29721,-14860,-14860,0,0,0,0,1,0
746,388020,873,-286,-587,0,29150,-9553,-19596,0,0,0,0,1,0
747,388541,822,-116,-706,0,27458,-3879,-23579,0,0,0,0,1,0
748,389062,740,58,-798,0,24712,1944,-26656,0,0,0,0,1,0
749,389583,629,230,-859,0,21016,7692,-28708,0,0,0,0,1,0
750,390104,494,394,-888,0,16512,13145,-29657,0,0,0,0,1,0
751,390625,340,542,-882,0,11374,18093,-29466,0,0,0,0,1,0
752,391145,174,669,-843,0,5798,22345,-28143,0,0,0,0,1,0
753,391666,0,771,-771,0,0,25739,-25739,0,0,0,0,1,0
754,392187,-174,843,-669,0,-5798,28143,-22345,0,0,0,0,1,0
755,392708,-340,882,-542,0,-11374,29466,-18093,0,0,0,0,1,0
756,393229,-494,888,-394,0,-16512,29657,-13145,0,0,0,0,1,0
757,393750,-629,859,-230,0,-21016,28708,-7692,0,0,0,0,1,0
758,394270,-740,798,-58,0,-24712,26656,-1944,0,0,0,0,1,0
759,394791,-822,706,116,0,-27458,23579,3879,0,0,0,0,1,0
760,395312,-873,587,286,0,-29150,19596,9553,0,0,0,0,1,0
761,395833,-890,445,445,0,-29721,14860,14860,0,0,0,0,1,0
762,396354,-873,286,587,0,-29150,9553,19596,0,0,0,0,1,0
763,396875,-822,116,706,0,-27458,3879,23579,0,0,0,0,1,0
764,397395,-740,-58,798,0,-24712,-1944,26656,0,0,0,0,1,0
765,397916,-629,-230,859,0,-21016,-7692,28708,0,0,0,0,1,0
766,398437,-494,-394,888,0,-16512,-13145,29657,0,0,0,0,1,0
767,398958,-340,-542,882,0,-11374,-18093,29466,0,0,0,0,1,0
768,399479,-174,-669,843,0,-5798,-22345,28143,0,0,0,0,1,0
769,400000,0,-771,771,0,0,-25739,25739,0,0,0,0,1,0
770,400520,174,-843,669,0,5798,-28143,22345,0,0,0,0,1,0
771,401041,340,-882,542,0,11374,-29466,18093,0,0,0,0,1,0
772,401562,494,-888,394,0,16512,-29657,13145,0,0,0,0,1,0
773,402083,629,-859,230,0,21016,-28708,7692,0,0,0,0,1,0
774,402604,740,-798,58,0,24712,-26656,1944,0,0,0,0,1,0
775,403125,822,-706,-116,0,27458,-23579,-3879,0,0,0,0,1,0
776,403645,873,-587,-286,0,29150,-19596,-9553,0,0,0,0,1,0
777,404166,890,-445,-445,0,29721,-14860,-14860,0,0,0,0,1,0
778,404687,873,-286,-587,0,29150,-9553,-19596,0,0,0,0,1,0
779,405208,822,-116,-706,0,27458,-3879,-23579,0,0,0,0,1,0
780,405729,740,58,-798,0,24712,1944,-26656,0,0,0,0,1,0
781,406250,629,230,-859,0,21016,7692,-28708,0,0,0,0,1,0
782,406770,494,394,-888,0,16512,13145,-29657,0,0,0,0,1,0
783,407291,340,542,-882,0,11374,18093,-29466,0,0,0,0,1,0
784,407812,174,669,-843,0,5798,22345,-28143,0,0,0,0,1,0
785,408333,0,771,-771,0,0,25739,-25739,0,0,0,0,1,0
786,408854,-174,843,-669,0,-5798,28143,-22345,0,0,0,0,1,0
787,409375,-340,882,-542,0,-11374,29466,-18093,0,0,0,0,1,0
788,409895,-494,888,-394,0,-16512,29657,-13145,0,0,0,0,1,0
789,410416,-629,859,-230,0,-21016,28708,-7692,0,0,0,0,1,0
790,410937,-740,798,-58,0,-24712,26656,-1944,0,0,0,0,1,0
