1,0,0,-1482,1482,0,0,-23703,23703,0,0,0,0,1,0
2,1041,655,-1696,1041,0,10474,-27136,16662,0,0,0,0,1,0
3,2083,1210,-1653,443,0,19354,-26438,7084,0,0,0,0,1,0
4,3125,1581,-1357,-223,0,25287,-21714,-3573,0,0,0,0,1,0
5,4166,1711,-855,-855,0,27370,-13685,-13685,0,0,0,0,1,0
6,5208,1581,-223,-1357,0,25287,-3573,-21714,0,0,0,0,1,0
7,6250,1210,443,-1653,0,19354,7084,-26438,0,0,0,0,1,0
8,7291,655,1041,-1696,0,10474,16662,-27136,0,0,0,0,1,0
9,8333,0,1482,-1482,0,0,23703,-23703,0,0,0,0,1,0
10,9375,-655,1696,-1041,0,-10474,27136,-16662,0,0,0,0,1,0
11,10416,-1210,1653,-443,0,-19354,26438,-7084,0,0,0,0,1,0
12,11458,-1581,1357,223,0,-25287,21714,3573,0,0,0,0,1,0
13,12500,-1711,855,855,0,-27370,13685,13685,0,0,0,0,1,0
14,13541,-1581,223,1357,0,-25287,3573,21714,0,0,0,0,1,0
15,14583,-1210,-443,1653,0,-19354,-7084,26438,0,0,0,0,1,0
16,15625,-655,-1041,1696,0,-10474,-16662,27136,0,0,0,0,1,0
17,16666,0,-1482,1482,0,0,-23703,23703,0,0,0,0,1,0
18,17708,655,-1696,1041,0,10474,-27136,16662,0,0,0,0,1,0
19,18750,1210,-1653,443,0,19354,-26438,7084,0,0,0,0,1,0
20,19791,1581,-1357,-223,0,25287,-21714,-3573,0,0,0,0,1,0
21,20833,1711,-855,-855,0,27370,-13685,-13685,0,0,0,0,1,0
22,21875,1581,-223,-1357,0,25287,-3573,-21714,0,0,0,0,1,0
23,22916,1210,443,-1653,0,19354,7084,-26438,0,0,0,0,1,0
24,23958,655,1041,-1696,0,10474,16662,-27136,0,0,0,0,1,0
25,25000,0,1482,-1482,0,0,23703,-23703,0,0,0,0,1,0
26,26041,-655,1696,-1041,0,-10474,27136,-16662,0,0,0,0,1,0
27,27083,-1210,1653,-443,0,-19354,26438,-7084,0,0,0,0,1,0
28,28125,-1581,1357,223,0,-25287,21714,3573,0,0,0,0,1,0
29,29166,-1711,855,855,0,-27370,13685,13685,0,0,0,0,1,0
30,30208,-1581,223,1357,0,-25287,3573,21714,0,0,0,0,1,0
31,31250,-1210,-443,1653,0,-19354,-7084,26438,0,0,0,0,1,0
32,32291,-655,-1041,1696,0,-10474,-16662,27136,0,0,0,0,1,0
33,33333,0,-1482,1482,0,0,-23703,23703,0,0,0,0,1,0
34,34375,655,-1696,1041,0,10474,-27136,16662,0,0,0,0,1,0
35,35416,1210,-1653,443,0,19354,-26438,7084,0,0,0,0,1,0
36,36458,1581,-1357,-223,0,25287,-21714,-3573,0,0,0,0,1,0
37,37500,1711,-855,-855,0,27370,-13685,-13685,0,0,0,0,1,0
38,38541,1581,-223,-1357,0,25287,-3573,-21714,0,0,0,0,1,0
39,39583,1210,443,-1653,0,19354,7084,-26438,0,0,0,0,1,0
40,40625,655,1041,-1696,0,10474,16662,-27136,0,0,0,0,1,0
41,41666,0,1482,-1482,0,0,23703,-23703,0,0,0,0,1,0
42,42708,-655,1696,-1041,0,-10474,27136,-16662,0,0,0,0,1,0
43,43750,-1210,1653,-443,0,-19354,26438,-7084,0,0,0,0,1,0
44,44791,-1581,1357,223,0,-25287,21714,3573,0,0,0,0,1,0
45,45833,-1711,855,855,0,-27370,13685,13685,0,0,0,0,1,0
46,46875,-1581,223,1357,0,-25287,3573,21714,0,0,0,0,1,0
47,47916,-1210,-443,1653,0,-19354,-7084,26438,0,0,0,0,1,0
48,48958,-655,-1041,1696,0,-10474,-16662,27136,0,0,0,0,1,0
49,50000,16604,-1482,-14379,743,0,-27259,2370,0,0,0,0,1,0
50,51041,22197,-1696,-9965,10536,838,-31207,1666,0,0,0,0,1,0
51,52083,26204,-1653,-4803,19748,1548,-30403,708,0,0,0,0,1,0
52,53125,27944,-1357,352,26939,2023,-24972,-357,0,0,0,0,1,0
53,54166,27087,-855,4744,30976,2190,-15738,-1369,0,0,0,0,1,0
54,55208,23700,-223,7730,31207,2023,-4108,-2171,0,0,0,0,1,0
55,56250,18236,443,8883,27562,1548,8147,-2644,0,0,0,0,1,0
56,57291,11469,1041,8053,20563,838,19161,-2714,0,0,0,0,1,0
57,58333,4372,1482,5389,11243,0,27259,-2370,0,0,0,0,1,0
58,59375,-2029,1696,1322,989,-838,31207,-1666,0,0,0,0,1,0
59,60416,-6812,1653,-3508,-8667,-1548,30403,-708,0,0,0,0,1,0
60,61458,-9299,1357,-8343,-16285,-2023,24972,357,0,0,0,0,1,0
61,62500,-9160,855,-12427,-20732,-2190,15738,1369,0,0,0,0,1,0
62,63541,-6463,223,-15117,-21357,-2023,4108,2171,0,0,0,0,1,0
63,64583,-1663,-443,-15986,-18092,-1548,-8147,2644,0,0,0,0,1,0
64,65625,4466,-1041,-14882,-11458,-838,-19161,2714,0,0,0,0,1,0
65,66666,10949,-1482,-11955,-2488,0,-27259,2370,0,0,0,0,1,0
66,67708,16760,-1696,-7635,7429,838,-31207,1666,0,0,0,0,1,0
67,68750,605,-826,221,0,19354,-26438,7084,0,0,0,0,1,0
68,69791,790,-679,-112,0,25287,-21714,-3573,0,0,0,0,1,0
69,70833,855,-428,-428,0,27370,-13685,-13685,0,0,0,0,1,0
70,71875,790,-112,-679,0,25287,-3573,-21714,0,0,0,0,1,0
71,72916,605,221,-826,0,19354,7084,-26438,0,0,0,0,1,0
72,73958,327,521,-848,0,10474,16662,-27136,0,0,0,0,1,0
73,75000,0,741,-741,0,0,23703,-23703,0,0,0,0,1,0
74,76041,-327,848,-521,0,-10474,27136,-16662,0,0,0,0,1,0
75,77083,-605,826,-221,0,-19354,26438,-7084,0,0,0,0,1,0
76,78125,-790,679,112,0,-25287,21714,3573,0,0,0,0,1,0
77,79166,-855,428,428,0,-27370,13685,13685,0,0,0,0,1,0
78,80208,-790,112,679,0,-25287,3573,21714,0,0,0,0,1,0
79,81250,-605,-221,826,0,-19354,-7084,26438,0,0,0,0,1,0
80,82291,-327,-521,848,0,-10474,-16662,27136,0,0,0,0,1,0
81,83333,0,-741,741,0,0,-23703,23703,0,0,0,0,1,0
82,84375,327,-848,521,0,10474,-27136,16662,0,0,0,0,1,0
83,85416,605,-826,221,0,19354,-26438,7084,0,0,0,0,1,0
84,86458,790,-679,-112,0,25287,-21714,-3573,0,0,0,0,1,0
85,87500,855,-428,-428,0,27370,-13685,-13685,0,0,0,0,1,0
86,88541,790,-112,-679,0,25287,-3573,-21714,0,0,0,0,1,0
87,89583,605,221,-826,0,19354,7084,-26438,0,0,0,0,1,0
88,90625,327,521,-848,0,10474,16662,-27136,0,0,0,0,1,0
89,91666,0,741,-741,0,0,23703,-23703,0,0,0,0,1,0
90,92708,-327,848,-521,0,-10474,27136,-16662,0,0,0,0,1,0
91,93750,-605,826,-221,0,-19354,26438,-7084,0,0,0,0,1,0
92,94791,-790,679,112,0,-25287,21714,3573,0,0,0,0,1,0
93,95833,-855,428,428,0,-27370,13685,13685,0,0,0,0,1,0
94,96875,-790,112,679,0,-25287,3573,21714,0,0,0,0,1,0
95,97916,-605,-221,826,0,-19354,-7084,26438,0,0,0,0,1,0
96,98958,-327,-521,848,0,-10474,-16662,27136,0,0,0,0,1,0
97,100000,0,-741,741,0,0,-23703,23703,0,0,0,0,1,0
98,101041,327,-848,521,0,10474,-27136,16662,0,0,0,0,1,0
99,102083,605,-826,221,0,19354,-26438,7084,0,0,0,0,1,0
100,103125,790,-679,-112,0,25287,-21714,-3573,0,0,0,0,1,0
101,104166,855,-428,-428,0,27370,-13685,-13685,0,0,0,0,1,0
102,105208,790,-112,-679,0,25287,-3573,-21714,0,0,0,0,1,0
103,106250,605,221,-826,0,19354,7084,-26438,0,0,0,0,1,0
104,107291,327,521,-848,0,10474,16662,-27136,0,0,0,0,1,0
105,108333,0,741,-741,0,0,23703,-23703,0,0,0,0,1,0
106,109375,-327,848,-521,0,-10474,27136,-16662,0,0,0,0,1,0
107,110416,-605,826,-221,0,-19354,26438,-7084,0,0,0,0,1,0
108,111458,-790,679,112,0,-25287,21714,3573,0,0,0,0,1,0
109,112500,-855,428,428,0,-27370,13685,13685,0,0,0,0,1,0
110,113541,-790,112,679,0,-25287,3573,21714,0,0,0,0,1,0
111,114583,-605,-221,826,0,-19354,-7084,26438,0,0,0,0,1,0
112,115625,-327,-521,848,0,-10474,-16662,27136,0,0,0,0,1,0
113,116666,0,-741,741,0,0,-23703,23703,0,0,0,0,1,0
114,117708,327,-848,521,0,10474,-27136,16662,0,0,0,0,1,0
115,118750,605,-826,221,0,19354,-26438,7084,0,0,0,0,1,0
116,119791,790,-679,-112,0,25287,-21714,-3573,0,0,0,0,1,0
117,120833,855,-428,-428,0,27370,-13685,-13685,0,0,0,0,1,0
118,121875,790,-112,-679,0,25287,-3573,-21714,0,0,0,0,1,0
119,122916,605,221,-826,0,19354,7084,-26438,0,0,0,0,1,0
120,123958,327,521,-848,0,10474,16662,-27136,0,0,0,0,1,0
121,125000,0,741,-741,0,0,23703,-23703,0,0,0,0,1,0
122,126041,-327,848,-521,0,-10474,27136,-16662,0,0,0,0,1,0
123,127083,-605,826,-221,0,-19354,26438,-7084,0,0,0,0,1,0
124,128124,-790,679,112,0,-25287,21714,3573,0,0,0,0,1,0
125,129166,-855,428,428,0,-27370,13685,13685,0,0,0,0,1,0
126,130208,-790,112,679,0,-25287,3573,21714,0,0,0,0,1,0
127,131250,-605,-221,826,0,-19354,-7084,26438,0,0,0,0,1,0
128,132291,-327,-521,848,0,-10474,-16662,27136,0,0,0,0,1,0
129,133333,0,-741,741,0,0,-23703,23703,0,0,0,0,1,0
130,134375,327,-848,521,0,10474,-27136,16662,0,0,0,0,1,0
131,135416,605,-826,221,0,19354,-26438,7084,0,0,0,0,1,0
132,136458,790,-679,-112,0,25287,-21714,-3573,0,0,0,0,1,0
133,137500,855,-428,-428,0,27370,-13685,-13685,0,0,0,0,1,0
134,138541,790,-112,-679,0,25287,-3573,-21714,0,0,0,0,1,0
135,139583,605,221,-826,0,19354,7084,-26438,0,0,0,0,1,0
136,140625,327,521,-848,0,10474,16662,-27136,0,0,0,0,1,0
137,141666,0,741,-741,0,0,23703,-23703,0,0,0,0,1,0
138,142708,-327,848,-521,0,-10474,27136,-16662,0,0,0,0,1,0
139,143750,-605,826,-221,0,-19354,26438,-7084,0,0,0,0,1,0
140,144791,-790,679,112,0,-25287,21714,3573,0,0,0,0,1,0
141,145833,-855,428,428,0,-27370,13685,13685,0,0,0,0,1,0
142,146875,-790,112,679,0,-25287,3573,21714,0,0,0,0,1,0
143,147916,-605,-221,826,0,-19354,-7084,26438,0,0,0,0,1,0
144,148958,-327,-521,848,0,-10474,-16662,27136,0,0,0,0,1,0
145,150000,0,-741,741,0,0,-23703,23703,0,0,0,0,1,0
146,151041,327,-848,521,0,10474,-27136,16662,0,0,0,0,1,0
147,152083,605,-826,221,0,19354,-26438,7084,0,0,0,0,1,0
148,153125,790,-679,-112,0,25287,-21714,-3573,0,0,0,0,1,0
149,154166,855,-428,-428,0,27370,-13685,-13685,0,0,0,0,1,0
150,155208,790,-112,-679,0,25287,-3573,-21714,0,0,0,0,1,0
151,156250,605,221,-826,0,19354,7084,-26438,0,0,0,0,1,0
152,157291,327,521,-848,0,10474,16662,-27136,0,0,0,0,1,0
153,158333,0,741,-741,0,0,23703,-23703,0,0,0,0,1,0
154,159375,-327,848,-521,0,-10474,27136,-16662,0,0,0,0,1,0
155,160416,-605,826,-221,0,-19354,26438,-7084,0,0,0,0,1,0
156,161458,-790,679,112,0,-25287,21714,3573,0,0,0,0,1,0
157,162500,-855,428,428,0,-27370,13685,13685,0,0,0,0,1,0
158,163541,-790,112,679,0,-25287,3573,21714,0,0,0,0,1,0
159,164583,-605,-221,826,0,-19354,-7084,26438,0,0,0,0,1,0
160,165625,-327,-521,848,0,-10474,-16662,27136,0,0,0,0,1,0
161,166666,0,-741,741,0,0,-23703,23703,0,0,0,0,1,0
162,167708,327,-848,521,0,10474,-27136,16662,0,0,0,0,1,0
163,168750,605,-826,221,0,19354,-26438,7084,0,0,0,0,1,0
164,169791,790,-679,-112,0,25287,-21714,-3573,0,0,0,0,1,0
165,170833,855,-428,-428,0,27370,-13685,-13685,0,0,0,0,1,0
166,171875,790,-112,-679,0,25287,-3573,-21714,0,0,0,0,1,0
167,172916,605,221,-826,0,19354,7084,-26438,0,0,0,0,1,0
168,173958,327,521,-848,0,10474,16662,-27136,0,0,0,0,1,0
169,175000,0,741,-741,0,0,23703,-23703,0,0,0,0,1,0
170,176041,-327,848,-521,0,-10474,27136,-16662,0,0,0,0,1,0
171,177083,-605,826,-221,0,-19354,26438,-7084,0,0,0,0,1,0
172,178125,-790,679,112,0,-25287,21714,3573,0,0,0,0,1,0
173,179166,-855,428,428,0,-27370,13685,13685,0,0,0,0,1,0
174,180208,-790,112,679,0,-25287,3573,21714,0,0,0,0,1,0
175,181250,-605,-221,826,0,-19354,-7084,26438,0,0,0,0,1,0
176,182291,-327,-521,848,0,-10474,-16662,27136,0,0,0,0,1,0
177,183333,0,-741,741,0,0,-23703,23703,0,0,0,0,1,0
178,184375,327,-848,521,0,10474,-27136,16662,0,0,0,0,1,0
179,185416,605,-826,221,0,19354,-26438,7084,0,0,0,0,1,0
180,186458,790,-679,-112,0,25287,-21714,-3573,0,0,0,0,1,0
181,187500,855,-428,-428,0,27370,-13685,-13685,0,0,0,0,1,0
182,188541,790,-112,-679,0,25287,-3573,-21714,0,0,0,0,1,0
183,189583,605,221,-826,0,19354,7084,-26438,0,0,0,0,1,0
184,190625,327,521,-848,0,10474,16662,-27136,0,0,0,0,1,0
185,191666,0,741,-741,0,0,23703,-23703,0,0,0,0,1,0
186,192708,-327,848,-521,0,-10474,27136,-16662,0,0,0,0,1,0
187,193750,-605,826,-221,0,-19354,26438,-7084,0,0,0,0,1,0
188,194791,-790,679,112,0,-25287,21714,3573,0,0,0,0,1,0
189,195833,-855,428,428,0,-27370,13685,13685,0,0,0,0,1,0
190,196875,-790,112,679,0,-25287,3573,21714,0,0,0,0,1,0
191,197916,-605,-221,826,0,-19354,-7084,26438,0,0,0,0,1,0
192,198958,-327,-521,848,0,-10474,-16662,27136,0,0,0,0,1,0
193,200000,0,-741,741,0,0,-23703,23703,0,0,0,0,1,0
194,201041,327,-848,521,0,10474,-27136,16662,0,0,0,0,1,0
195,202083,605,-826,221,0,19354,-26438,7084,0,0,0,0,1,0
196,203125,790,-679,-112,0,25287,-21714,-3573,0,0,0,0,1,0
197,204166,855,-428,-428,0,27370,-13685,-13685,0,0,0,0,1,0
198,205208,790,-112,-679,0,25287,-3573,-21714,0,0,0,0,1,0
199,206250,605,221,-826,0,19354,7084,-26438,0,0,0,0,1,0
200,207291,327,521,-848,0,10474,16662,-27136,0,0,0,0,1,0
201,208333,0,741,-741,0,0,23703,-23703,0,0,0,0,1,0
202,209375,-327,848,-521,0,-10474,27136,-16662,0,0,0,0,1,0
203,210416,-605,826,-221,0,-19354,26438,-7084,0,0,0,0,1,0
204,211458,-790,679,112,0,-25287,21714,3573,0,0,0,0,1,0
205,212500,-855,428,428,0,-27370,13685,13685,0,0,0,0,1,0
206,213541,-790,112,679,0,-25287,3573,21714,0,0,0,0,1,0
207,214583,-605,-221,826,0,-19354,-7084,26438,0,0,0,0,1,0
208,215625,-327,-521,848,0,-10474,-16662,27136,0,0,0,0,1,0
209,216666,0,-741,741,0,0,-23703,23703,0,0,0,0,1,0
210,217708,327,-848,521,0,10474,-27136,16662,0,0,0,0,1,0
211,218750,605,-826,221,0,19354,-26438,7084,0,0,0,0,1,0
212,219791,790,-679,-112,0,25287,-21714,-3573,0,0,0,0,1,0
213,220833,855,-428,-428,0,27370,-13685,-13685,0,0,0,0,1,0
214,221875,790,-112,-679,0,25287,-3573,-21714,0,0,0,0,1,0
215,222916,605,221,-826,0,19354,7084,-26438,0,0,0,0,1,0
216,223958,327,521,-848,0,10474,16662,-27136,0,0,0,0,1,0
217,225000,0,741,-741,0,0,23703,-23703,0,0,0,0,1,0
218,226041,-327,848,-521,0,-10474,27136,-16662,0,0,0,0,1,0
219,227083,-605,826,-221,0,-19354,26438,-7084,0,0,0,0,1,0
220,228125,-790,679,112,0,-25287,21714,3573,0,0,0,0,1,0
221,229166,-855,428,428,0,-27370,13685,13685,0,0,0,0,1,0
222,230208,-790,112,679,0,-25287,3573,21714,0,0,0,0,1,0
223,231250,-605,-221,826,0,-19354,-7084,26438,0,0,0,0,1,0
224,232291,-327,-521,848,0,-10474,-16662,27136,0,0,0,0,1,0
225,233333,0,-741,741,0,0,-23703,23703,0,0,0,0,1,0
226,234375,327,-848,521,0,10474,-27136,16662,0,0,0,0,1,0
227,235416,605,-826,221,0,19354,-26438,7084,0,0,0,0,1,0
228,236458,790,-679,-112,0,25287,-21714,-3573,0,0,0,0,1,0
229,237500,855,-428,-428,0,27370,-13685,-13685,0,0,0,0,1,0
230,238541,790,-112,-679,0,25287,-3573,-21714,0,0,0,0,1,0
231,239583,605,221,-826,0,19354,7084,-26438,0,0,0,0,1,0
232,240625,327,521,-848,0,10474,16662,-27136,0,0,0,0,1,0
233,241666,0,741,-741,0,0,23703,-23703,0,0,0,0,1,0
234,242708,-327,848,-521,0,-10474,27136,-16662,0,0,0,0,1,0
235,243750,-605,826,-221,0,-19354,26438,-7084,0,0,0,0,1,0
236,244791,-790,679,112,0,-25287,21714,3573,0,0,0,0,1,0
237,245833,-855,428,428,0,-27370,13685,13685,0,0,0,0,1,0
238,246875,-790,112,679,0,-25287,3573,21714,0,0,0,0,1,0
239,247916,-605,-221,826,0,-19354,-7084,26438,0,0,0,0,1,0
240,248958,-327,-521,848,0,-10474,-16662,27136,0,0,0,0,1,0
241,250000,0,-741,741,0,0,-23703,23703,0,0,0,0,1,0
242,251041,327,-848,521,0,10474,-27136,16662,0,0,0,0,1,0
243,252083,605,-826,221,0,19354,-26438,7084,0,0,0,0,1,0
244,253125,790,-679,-112,0,25287,-21714,-3573,0,0,0,0,1,0
245,254166,855,-428,-428,0,27370,-13685,-13685,0,0,0,0,1,0
246,255208,790,-112,-679,0,25287,-3573,-21714,0,0,0,0,1,0
247,256249,605,221,-826,0,19354,7084,-26438,0,0,0,0,1,0
248,257291,327,521,-848,0,10474,16662,-27136,0,0,0,0,1,0
249,258333,0,741,-741,0,0,23703,-23703,0,0,0,0,1,0
250,259375,-327,848,-521,0,-10474,27136,-16662,0,0,0,0,1,0
251,260416,-605,826,-221,0,-19354,26438,-7084,0,0,0,0,1,0
252,261458,-790,679,112,0,-25287,21714,3573,0,0,0,0,1,0
253,262500,-855,428,428,0,-27370,13685,13685,0,0,0,0,1,0
254,263541,-790,112,679,0,-25287,3573,21714,0,0,0,0,1,0
255,264583,-605,-221,826,0,-19354,-7084,26438,0,0,0,0,1,0
256,265625,-327,-521,848,0,-10474,-16662,27136,0,0,0,0,1,0
257,266666,0,-741,741,0,0,-23703,23703,0,0,0,0,1,0
258,267708,327,-848,521,0,10474,-27136,16662,0,0,0,0,1,0
259,268750,605,-826,221,0,19354,-26438,7084,0,0,0,0,1,0
260,269791,790,-679,-112,0,25287,-21714,-3573,0,0,0,0,1,0
261,270833,855,-428,-428,0,27370,-13685,-13685,0,0,0,0,1,0
262,271875,790,-112,-679,0,25287,-3573,-21714,0,0,0,0,1,0
263,272916,605,221,-826,0,19354,7084,-26438,0,0,0,0,1,0
264,273958,327,521,-848,0,10474,16662,-27136,0,0,0,0,1,0
265,275000,0,741,-741,0,0,23703,-23703,0,0,0,0,1,0
266,276041,-327,848,-521,0,-10474,27136,-16662,0,0,0,0,1,0
267,277083,-605,826,-221,0,-19354,26438,-7084,0,0,0,0,1,0
268,278125,-790,679,112,0,-25287,21714,3573,0,0,0,0,1,0
269,279166,-855,428,428,0,-27370,13685,13685,0,0,0,0,1,0
270,280208,-790,112,679,0,-25287,3573,21714,0,0,0,0,1,0
271,281250,-605,-221,826,0,-19354,-7084,26438,0,0,0,0,1,0
272,282291,-327,-521,848,0,-10474,-16662,27136,0,0,0,0,1,0
273,283333,0,-741,741,0,0,-23703,23703,0,0,0,0,1,0
274,284375,327,-848,521,0,10474,-27136,16662,0,0,0,0,1,0
275,285416,605,-826,221,0,19354,-26438,7084,0,0,0,0,1,0
276,286458,790,-679,-112,0,25287,-21714,-3573,0,0,0,0,1,0
277,287500,855,-428,-428,0,27370,-13685,-13685,0,0,0,0,1,0
278,288541,790,-112,-679,0,25287,-3573,-21714,0,0,0,0,1,0
279,289583,605,221,-826,0,19354,7084,-26438,0,0,0,0,1,0
280,290625,327,521,-848,0,10474,16662,-27136,0,0,0,0,1,0
281,291666,0,741,-741,0,0,23703,-23703,0,0,0,0,1,0
282,292708,-327,848,-521,0,-10474,27136,-16662,0,0,0,0,1,0
283,293750,-605,826,-221,0,-19354,26438,-7084,0,0,0,0,1,0
284,294791,-790,679,112,0,-25287,21714,3573,0,0,0,0,1,0
285,295833,-855,428,428,0,-27370,13685,13685,0,0,0,0,1,0
286,296875,-790,112,679,0,-25287,3573,21714,0,0,0,0,1,0
287,297916,-605,-221,826,0,-19354,-7084,26438,0,0,0,0,1,0
288,298958,-327,-521,848,0,-10474,-16662,27136,0,0,0,0,1,0
289,300000,0,-741,741,0,0,-23703,23703,0,0,0,0,1,0
290,301041,327,-848,521,0,10474,-27136,16662,0,0,0,0,1,0
291,302083,605,-826,221,0,19354,-26438,7084,0,0,0,0,1,0
292,303125,790,-679,-112,0,25287,-21714,-3573,0,0,0,0,1,0
293,304166,855,-428,-428,0,27370,-13685,-13685,0,0,0,0,1,0
294,305208,790,-112,-679,0,25287,-3573,-21714,0,0,0,0,1,0
295,306250,605,221,-826,0,19354,7084,-26438,0,0,0,0,1,0
296,307291,327,521,-848,0,10474,16662,-27136,0,0,0,0,1,0
297,308333,0,741,-741,0,0,23703,-23703,0,0,0,0,1,0
298,309375,-327,848,-521,0,-10474,27136,-16662,0,0,0,0,1,0
299,310416,-605,826,-221,0,-19354,26438,-7084,0,0,0,0,1,0
300,311458,-790,679,112,0,-25287,21714,3573,0,0,0,0,1,0
301,312500,-855,428,428,0,-27370,13685,13685,0,0,0,0,1,0
302,313541,-790,112,679,0,-25287,3573,21714,0,0,0,0,1,0
303,314583,-605,-221,826,0,-19354,-7084,26438,0,0,0,0,1,0
304,315625,-327,-521,848,0,-10474,-16662,27136,0,0,0,0,1,0
305,316666,0,-741,741,0,0,-23703,23703,0,0,0,0,1,0
306,317708,327,-848,521,0,10474,-27136,16662,0,0,0,0,1,0
307,318750,605,-826,221,0,19354,-26438,7084,0,0,0,0,1,0
308,319791,790,-679,-112,0,25287,-21714,-3573,0,0,0,0,1,0
309,320833,855,-428,-428,0,27370,-13685,-13685,0,0,0,0,1,0
310,321875,790,-112,-679,0,25287,-3573,-21714,0,0,0,0,1,0
311,322916,605,221,-826,0,19354,7084,-26438,0,0,0,0,1,0
312,323958,327,521,-848,0,10474,16662,-27136,0,0,0,0,1,0
313,325000,0,741,-741,0,0,23703,-23703,0,0,0,0,1,0
314,326041,-327,848,-521,0,-10474,27136,-16662,0,0,0,0,1,0
315,327083,-605,826,-221,0,-19354,26438,-7084,0,0,0,0,1,0
316,328125,-790,679,112,0,-25287,21714,3573,0,0,0,0,1,0
317,329166,-855,428,428,0,-27370,13685,13685,0,0,0,0,1,0
318,330208,-790,112,679,0,-25287,3573,21714,0,0,0,0,1,0
319,331250,-605,-221,826,0,-19354,-7084,26438,0,0,0,0,1,0
320,332291,-327,-521,848,0,-10474,-16662,27136,0,0,0,0,1,0
321,333333,0,-741,741,0,0,-23703,23703,0,0,0,0,1,0
322,334375,327,-848,521,0,10474,-27136,16662,0,0,0,0,1,0
323,335416,605,-826,221,0,19354,-26438,7084,0,0,0,0,1,0
324,336458,790,-679,-112,0,25287,-21714,-3573,0,0,0,0,1,0
325,337500,855,-428,-428,0,27370,-13685,-13685,0,0,0,0,1,0
326,338541,790,-112,-679,0,25287,-3573,-21714,0,0,0,0,1,0
327,339583,605,221,-826,0,19354,7084,-26438,0,0,0,0,1,0
328,340625,327,521,-848,0,10474,16662,-27136,0,0,0,0,1,0
329,341666,0,741,-741,0,0,23703,-23703,0,0,0,0,1,0
330,342708,-327,848,-521,0,-10474,27136,-16662,0,0,0,0,1,0
331,343750,-605,826,-221,0,-19354,26438,-7084,0,0,0,0,1,0
332,344791,-790,679,112,0,-25287,21714,3573,0,0,0,0,1,0
333,345833,-855,428,428,0,-27370,13685,13685,0,0,0,0,1,0
334,346875,-790,112,679,0,-25287,3573,21714,0,0,0,0,1,0
335,347916,-605,-221,826,0,-19354,-7084,26438,0,0,0,0,1,0
336,348958,-327,-521,848,0,-10474,-16662,27136,0,0,0,0,1,0
337,350000,0,-741,741,0,0,-23703,23703,0,0,0,0,1,0
338,351041,327,-848,521,0,10474,-27136,16662,0,0,0,0,1,0
339,352083,605,-826,221,0,19354,-26438,7084,0,0,0,0,1,0
340,353125,790,-679,-112,0,25287,-21714,-3573,0,0,0,0,1,0
341,354166,855,-428,-428,0,27370,-13685,-13685,0,0,0,0,1,0
342,355208,790,-112,-679,0,25287,-3573,-21714,0,0,0,0,1,0
343,356250,605,221,-826,0,19354,7084,-26438,0,0,0,0,1,0
344,357291,327,521,-848,0,10474,16662,-27136,0,0,0,0,1,0
345,358333,0,741,-741,0,0,23703,-23703,0,0,0,0,1,0
346,359375,-327,848,-521,0,-10474,27136,-16662,0,0,0,0,1,0
347,360416,-605,826,-221,0,-19354,26438,-7084,0,0,0,0,1,0
348,361458,-790,679,112,0,-25287,21714,3573,0,0,0,0,1,0
349,362500,-855,428,428,0,-27370,13685,13685,0,0,0,0,1,0
350,363541,-790,112,679,0,-25287,3573,21714,0,0,0,0,1,0
351,364583,-605,-221,826,0,-19354,-7084,26438,0,0,0,0,1,0
352,365625,-327,-521,848,0,-10474,-16662,27136,0,0,0,0,1,0
353,366666,0,-741,741,0,0,-23703,23703,0,0,0,0,1,0
354,367708,327,-848,521,0,10474,-27136,16662,0,0,0,0,1,0
355,368750,605,-826,221,0,19354,-26438,7084,0,0,0,0,1,0
356,369791,790,-679,-112,0,25287,-21714,-3573,0,0,0,0,1,0
357,370833,855,-428,-428,0,27370,-13685,-13685,0,0,0,0,1,0
358,371875,790,-112,-679,0,25287,-3573,-21714,0,0,0,0,1,0
359,372916,605,221,-826,0,19354,7084,-26438,0,0,0,0,1,0
360,373958,327,521,-848,0,10474,16662,-27136,0,0,0,0,1,0
361,375000,0,741,-741,0,0,23703,-23703,0,0,0,0,1,0
362,376041,-327,848,-521,0,-10474,27136,-16662,0,0,0,0,1,0
363,377083,-605,826,-221,0,-19354,26438,-7084,0,0,0,0,1,0
364,378125,-790,679,112,0,-25287,21714,3573,0,0,0,0,1,0
365,379166,-855,428,428,0,-27370,13685,13685,0,0,0,0,1,0
