1,0,0,-1339,1339,0,0,-25024,25024,0,0,0,0,1,0
2,520,302,-1464,1163,0,5637,-27362,21724,0,0,0,0,1,0
3,1041,592,-1533,941,0,11058,-28648,17590,0,0,0,0,1,0
4,1562,859,-1543,684,0,16053,-28833,12780,0,0,0,0,1,0
5,2083,1094,-1494,400,0,20432,-27910,7479,0,0,0,0,1,0
6,2604,1286,-1387,101,0,24025,-25915,1890,0,0,0,0,1,0
7,3125,1429,-1227,-202,0,26696,-22924,-3772,0,0,0,0,1,0
8,3645,1517,-1020,-497,0,28340,-19052,-9288,0,0,0,0,1,0
9,4166,1547,-773,-773,0,28895,-14448,-14448,0,0,0,0,1,0
10,4687,1517,-497,-1020,0,28340,-9288,-19052,0,0,0,0,1,0
11,5208,1429,-202,-1227,0,26696,-3772,-22924,0,0,0,0,1,0
12,5729,1286,101,-1387,0,24025,1890,-25915,0,0,0,0,1,0
13,6250,1094,400,-1494,0,20432,7479,-27910,0,0,0,0,1,0
14,6770,859,684,-1543,0,16053,12780,-28833,0,0,0,0,1,0
15,7291,592,941,-1533,0,11058,17590,-28648,0,0,0,0,1,0
16,7812,302,1163,-1464,0,5637,21724,-27362,0,0,0,0,1,0
17,8333,0,1339,-1339,0,0,25024,-25024,0,0,0,0,1,0
18,8854,-302,1464,-1163,0,-5637,27362,-21724,0,0,0,0,1,0
19,9375,-592,1533,-941,0,-11058,28648,-17590,0,0,0,0,1,0
20,9895,-859,1543,-684,0,-16053,28833,-12780,0,0,0,0,1,0
21,10416,-1094,1494,-400,0,-20432,27910,-7479,0,0,0,0,1,0
22,10937,-1286,1387,-101,0,-24025,25915,-1890,0,0,0,0,1,0
23,11458,-1429,1227,202,0,-26696,22924,3772,0,0,0,0,1,0
24,11979,-1517,1020,497,0,-28340,19052,9288,0,0,0,0,1,0
25,12500,-1547,773,773,0,-28895,14448,14448,0,0,0,0,1,0
26,13020,-1517,497,1020,0,-28340,9288,19052,0,0,0,0,1,0
27,13541,-1429,202,1227,0,-26696,3772,22924,0,0,0,0,1,0
28,14062,-1286,-101,1387,0,-24025,-1890,25915,0,0,0,0,1,0
29,14583,-1094,-400,1494,0,-20432,-7479,27910,0,0,0,0,1,0
30,15104,-859,-684,1543,0,-16053,-12780,28833,0,0,0,0,1,0
31,15625,-592,-941,1533,0,-11058,-17590,28648,0,0,0,0,1,0
32,16145,-302,-1163,1464,0,-5637,-21724,27362,0,0,0,0,1,0
33,16666,0,-1339,1339,0,0,-25024,25024,0,0,0,0,1,0
34,17187,302,-1464,1163,0,5637,-27362,21724,0,0,0,0,1,0
35,17708,592,-1533,941,0,11058,-28648,17590,0,0,0,0,1,0
36,18229,859,-1543,684,0,16053,-28833,12780,0,0,0,0,1,0
37,18750,1094,-1494,400,0,20432,-27910,7479,0,0,0,0,1,0
38,19270,1286,-1387,101,0,24025,-25915,1890,0,0,0,0,1,0
39,19791,1429,-1227,-202,0,26696,-22924,-3772,0,0,0,0,1,0
40,20312,1517,-1020,-497,0,28340,-19052,-9288,0,0,0,0,1,0
41,20833,1547,-773,-773,0,28895,-14448,-14448,0,0,0,0,1,0
42,21354,1517,-497,-1020,0,28340,-9288,-19052,0,0,0,0,1,0
43,21875,1429,-202,-1227,0,26696,-3772,-22924,0,0,0,0,1,0
44,22395,1286,101,-1387,0,24025,1890,-25915,0,0,0,0,1,0
45,22916,1094,400,-1494,0,20432,7479,-27910,0,0,0,0,1,0
46,23437,859,684,-1543,0,16053,12780,-28833,0,0,0,0,1,0
47,23958,592,941,-1533,0,11058,17590,-28648,0,0,0,0,1,0
48,24479,302,1163,-1464,0,5637,21724,-27362,0,0,0,0,1,0
49,25000,0,1339,-1339,0,0,25024,-25024,0,0,0,0,1,0
50,25520,-302,1464,-1163,0,-5637,27362,-21724,0,0,0,0,1,0
51,26041,-592,1533,-941,0,-11058,28648,-17590,0,0,0,0,1,0
52,26562,-859,1543,-684,0,-16053,28833,-12780,0,0,0,0,1,0
53,27083,-1094,1494,-400,0,-20432,27910,-7479,0,0,0,0,1,0
54,27604,-1286,1387,-101,0,-24025,25915,-1890,0,0,0,0,1,0
55,28125,-1429,1227,202,0,-26696,22924,3772,0,0,0,0,1,0
56,28645,-1517,1020,497,0,-28340,19052,9288,0,0,0,0,1,0
57,29166,-1547,773,773,0,-28895,14448,14448,0,0,0,0,1,0
58,29687,-1517,497,1020,0,-28340,9288,19052,0,0,0,0,1,0
59,30208,-1429,202,1227,0,-26696,3772,22924,0,0,0,0,1,0
60,30729,-1286,-101,1387,0,-24025,-1890,25915,0,0,0,0,1,0
61,31250,-1094,-400,1494,0,-20432,-7479,27910,0,0,0,0,1,0
62,31770,-859,-684,1543,0,-16053,-12780,28833,0,0,0,0,1,0
63,32291,-592,-941,1533,0,-11058,-17590,28648,0,0,0,0,1,0
64,32812,-302,-1163,1464,0,-5637,-21724,27362,0,0,0,0,1,0
65,33333,0,-1339,1339,0,0,-25024,25024,0,0,0,0,1,0
66,33854,302,-1464,1163,0,5637,-27362,21724,0,0,0,0,1,0
67,34375,592,-1533,941,0,11058,-28648,17590,0,0,0,0,1,0
68,34895,859,-1543,684,0,16053,-28833,12780,0,0,0,0,1,0
69,35416,1094,-1494,400,0,20432,-27910,7479,0,0,0,0,1,0
70,35937,1286,-1387,101,0,24025,-25915,1890,0,0,0,0,1,0
71,36458,1429,-1227,-202,0,26696,-22924,-3772,0,0,0,0,1,0
72,36979,1517,-1020,-497,0,28340,-19052,-9288,0,0,0,0,1,0
73,37500,1547,-773,-773,0,28895,-14448,-14448,0,0,0,0,1,0
74,38020,1517,-497,-1020,0,28340,-9288,-19052,0,0,0,0,1,0
75,38541,1429,-202,-1227,0,26696,-3772,-22924,0,0,0,0,1,0
76,39062,1286,101,-1387,0,24025,1890,-25915,0,0,0,0,1,0
77,39583,1094,400,-1494,0,20432,7479,-27910,0,0,0,0,1,0
78,40104,859,684,-1543,0,16053,12780,-28833,0,0,0,0,1,0
79,40625,592,941,-1533,0,11058,17590,-28648,0,0,0,0,1,0
80,41145,302,1163,-1464,0,5637,21724,-27362,0,0,0,0,1,0
81,41666,0,1339,-1339,0,0,25024,-25024,0,0,0,0,1,0
82,42187,-302,1464,-1163,0,-5637,27362,-21724,0,0,0,0,1,0
83,42708,-592,1533,-941,0,-11058,28648,-17590,0,0,0,0,1,0
84,43229,-859,1543,-684,0,-16053,28833,-12780,0,0,0,0,1,0
85,43750,-1094,1494,-400,0,-20432,27910,-7479,0,0,0,0,1,0
86,44270,-1286,1387,-101,0,-24025,25915,-1890,0,0,0,0,1,0
87,44791,-1429,1227,202,0,-26696,22924,3772,0,0,0,0,1,0
88,45312,-1517,1020,497,0,-28340,19052,9288,0,0,0,0,1,0
89,45833,-1547,773,773,0,-28895,14448,14448,0,0,0,0,1,0
90,46354,-1517,497,1020,0,-28340,9288,19052,0,0,0,0,1,0
91,46875,-1429,202,1227,0,-26696,3772,22924,0,0,0,0,1,0
92,47395,-1286,-101,1387,0,-24025,-1890,25915,0,0,0,0,1,0
93,47916,-1094,-400,1494,0,-20432,-7479,27910,0,0,0,0,1,0
94,48437,-859,-684,1543,0,-16053,-12780,28833,0,0,0,0,1,0
95,48958,-592,-941,1533,0,-11058,-17590,28648,0,0,0,0,1,0
96,49479,-302,-1163,1464,0,-5637,-21724,27362,0,0,0,0,1,0
97,50000,0,-1339,31207,29867,0,-27026,2502,0,0,0,0,1,0
98,50520,302,-1464,27781,26618,6088,-29551,2172,0,0,0,0,1,0
99,51041,592,-1533,23863,22922,11942,-30940,1759,0,0,0,0,1,0
100,51562,859,-1543,19594,18910,17337,-31140,1278,0,0,0,0,1,0
101,52083,1094,-1494,15125,14725,22066,-30143,748,0,0,0,0,1,0
102,52604,1286,-1387,10619,10517,25947,-27988,189,0,0,0,0,1,0
103,53125,1429,-1227,6236,6438,28831,-24758,-377,0,0,0,0,1,0
104,53645,1517,-1020,2137,2634,30607,-20576,-929,0,0,0,0,1,0
105,54166,1547,-773,-1533,-760,31207,-15603,-1445,0,0,0,0,1,0
106,54687,1517,-497,-4641,-3622,30607,-10031,-1905,0,0,0,0,1,0
107,55208,1429,-202,-7079,-5852,28831,-4073,-2292,0,0,0,0,1,0
108,55729,1286,101,-8762,-7375,25947,2041,-2592,0,0,0,0,1,0
109,56250,1094,400,-9635,-8141,22066,8077,-2791,0,0,0,0,1,0
110,56770,859,684,-9673,-8130,17337,13802,-2883,0,0,0,0,1,0
111,57291,592,941,-8885,-7352,11942,18997,-2865,0,0,0,0,1,0
112,57812,302,1163,-7309,-5844,6088,23462,-2736,0,0,0,0,1,0
113,58333,0,1339,-5014,-3674,0,27026,-2502,0,0,0,0,1,0
114,58854,-302,1464,-2097,-934,-6088,29551,-2172,0,0,0,0,1,0
115,59375,-592,1533,1321,2262,-11942,30940,-1759,0,0,0,0,1,0
116,59895,-859,1543,5101,5785,-17337,31140,-1278,0,0,0,0,1,0
117,60416,-1094,1494,9089,9489,-22066,30143,-748,0,0,0,0,1,0
118,60937,-1286,1387,13125,13226,-25947,27988,-189,0,0,0,0,1,0
119,61458,-1429,1227,17046,16844,-28831,24758,377,0,0,0,0,1,0
120,61979,-1517,1020,20692,20195,-30607,20576,929,0,0,0,0,1,0
121,62500,-1547,773,23918,23145,-31207,15603,1445,0,0,0,0,1,0
122,63020,-1517,497,26592,25572,-30607,10031,1905,0,0,0,0,1,0
123,63541,-1429,202,28603,27376,-28831,4073,2292,0,0,0,0,1,0
124,64062,-1286,-101,29867,28480,-25947,-2041,2592,0,0,0,0,1,0
125,64583,-1094,-400,30330,28836,-22066,-8077,2791,0,0,0,0,1,0
126,65104,-859,-684,29966,28422,-17337,-13802,2883,0,0,0,0,1,0
127,65625,-592,-941,28783,27249,-11942,-18997,2865,0,0,0,0,1,0
128,66145,-302,-1163,26819,25355,-6088,-23462,2736,0,0,0,0,1,0
129,66666,0,-1339,24145,22806,0,-27026,2502,0,0,0,0,1,0
130,67187,302,-1464,20857,19694,6088,-29551,2172,0,0,0,0,1,0
131,67708,592,-1533,17074,16132,11942,-30940,1759,0,0,0,0,1,0
132,68229,859,-1543,12936,12252,17337,-31140,1278,0,0,0,0,1,0
133,68750,1094,-1494,8597,8197,22066,-30143,748,0,0,0,0,1,0
134,69270,1286,-1387,4217,4116,25947,-27988,189,0,0,0,0,1,0
135,69791,1429,-1227,-40,161,28831,-24758,-377,0,0,0,0,1,0
136,70312,1517,-1020,-4018,-3521,30607,-20576,-929,0,0,0,0,1,0
137,70833,1547,-773,-7568,-6795,31207,-15603,-1445,0,0,0,0,1,0
138,71354,1517,-497,-10559,-9539,30607,-10031,-1905,0,0,0,0,1,0
139,71875,1429,-202,-12882,-11655,28831,-4073,-2292,0,0,0,0,1,0
140,72395,1286,101,-14452,-13065,25947,2041,-2592,0,0,0,0,1,0
141,72916,1094,400,-15214,-13720,22066,8077,-2791,0,0,0,0,1,0
142,73437,859,684,-15144,-13601,17337,13802,-2883,0,0,0,0,1,0
143,73958,592,941,-14249,-12716,11942,18997,-2865,0,0,0,0,1,0
144,74479,302,1163,-12569,-11104,6088,23462,-2736,0,0,0,0,1,0
145,75000,0,1339,-10172,-8832,0,27026,-2502,0,0,0,0,1,0
146,75520,-302,1464,-7155,-5992,-6088,29551,-2172,0,0,0,0,1,0
147,76041,-592,1533,-3638,-2697,-11942,30940,-1759,0,0,0,0,1,0
148,76562,-433,777,-345,0,-16053,28833,-12780,0,0,0,0,1,0
149,77083,-551,753,-202,0,-20432,27910,-7479,0,0,0,0,1,0
150,77604,-648,699,-51,0,-24025,25915,-1890,0,0,0,0,1,0
151,78125,-720,618,102,0,-26696,22924,3772,0,0,0,0,1,0
152,78645,-764,514,250,0,-28340,19052,9288,0,0,0,0,1,0
153,79166,-779,390,390,0,-28895,14448,14448,0,0,0,0,1,0
154,79687,-764,250,514,0,-28340,9288,19052,0,0,0,0,1,0
155,80208,-720,102,618,0,-26696,3772,22924,0,0,0,0,1,0
156,80729,-648,-51,699,0,-24025,-1890,25915,0,0,0,0,1,0
157,81250,-551,-202,753,0,-20432,-7479,27910,0,0,0,0,1,0
158,81770,-433,-345,777,0,-16053,-12780,28833,0,0,0,0,1,0
159,82291,-298,-474,772,0,-11058,-17590,28648,0,0,0,0,1,0
160,82812,-152,-586,738,0,-5637,-21724,27362,0,0,0,0,1,0
161,83333,0,-675,675,0,0,-25024,25024,0,0,0,0,1,0
162,83854,152,-738,586,0,5637,-27362,21724,0,0,0,0,1,0
163,84375,298,-772,474,0,11058,-28648,17590,0,0,0,0,1,0
164,84895,433,-777,345,0,16053,-28833,12780,0,0,0,0,1,0
165,85416,551,-753,202,0,20432,-27910,7479,0,0,0,0,1,0
166,85937,648,-699,51,0,24025,-25915,1890,0,0,0,0,1,0
167,86458,720,-618,-102,0,26696,-22924,-3772,0,0,0,0,1,0
168,86979,764,-514,-250,0,28340,-19052,-9288,0,0,0,0,1,0
169,87500,779,-390,-390,0,28895,-14448,-14448,0,0,0,0,1,0
170,88020,764,-250,-514,0,28340,-9288,-19052,0,0,0,0,1,0
171,88541,720,-102,-618,0,26696,-3772,-22924,0,0,0,0,1,0
172,89062,648,51,-699,0,24025,1890,-25915,0,0,0,0,1,0
173,89583,551,202,-753,0,20432,7479,-27910,0,0,0,0,1,0
174,90104,433,345,-777,0,16053,12780,-28833,0,0,0,0,1,0
175,90625,298,474,-772,0,11058,17590,-28648,0,0,0,0,1,0
176,91145,152,586,-738,0,5637,21724,-27362,0,0,0,0,1,0
177,91666,0,675,-675,0,0,25024,-25024,0,0,0,0,1,0
178,92187,-152,738,-586,0,-5637,27362,-21724,0,0,0,0,1,0
179,92708,-298,772,-474,0,-11058,28648,-17590,0,0,0,0,1,0
180,93229,-433,777,-345,0,-16053,28833,-12780,0,0,0,0,1,0
181,93750,-551,753,-202,0,-20432,27910,-7479,0,0,0,0,1,0
182,94270,-648,699,-51,0,-24025,25915,-1890,0,0,0,0,1,0
183,94791,-720,618,102,0,-26696,22924,3772,0,0,0,0,1,0
184,95312,-764,514,250,0,-28340,19052,9288,0,0,0,0,1,0
185,95833,-779,390,390,0,-28895,14448,14448,0,0,0,0,1,0
186,96354,-764,250,514,0,-28340,9288,19052,0,0,0,0,1,0
187,96875,-720,102,618,0,-26696,3772,22924,0,0,0,0,1,0
188,97395,-648,-51,699,0,-24025,-1890,25915,0,0,0,0,1,0
189,97916,-551,-202,753,0,-20432,-7479,27910,0,0,0,0,1,0
190,98437,-433,-345,777,0,-16053,-12780,28833,0,0,0,0,1,0
191,98958,-298,-474,772,0,-11058,-17590,28648,0,0,0,0,1,0
192,99479,-152,-586,738,0,-5637,-21724,27362,0,0,0,0,1,0
193,100000,0,-675,675,0,0,-25024,25024,0,0,0,0,1,0
194,100520,152,-738,586,0,5637,-27362,21724,0,0,0,0,1,0
195,101041,298,-772,474,0,11058,-28648,17590,0,0,0,0,1,0
196,101562,433,-777,345,0,16053,-28833,12780,0,0,0,0,1,0
197,102083,551,-753,202,0,20432,-27910,7479,0,0,0,0,1,0
198,102604,648,-699,51,0,24025,-25915,1890,0,0,0,0,1,0
199,103125,720,-618,-102,0,26696,-22924,-3772,0,0,0,0,1,0
200,103645,764,-514,-250,0,28340,-19052,-9288,0,0,0,0,1,0
201,104166,779,-390,-390,0,28895,-14448,-14448,0,0,0,0,1,0
202,104687,764,-250,-514,0,28340,-9288,-19052,0,0,0,0,1,0
203,105208,720,-102,-618,0,26696,-3772,-22924,0,0,0,0,1,0
204,105729,648,51,-699,0,24025,1890,-25915,0,0,0,0,1,0
205,106250,551,202,-753,0,20432,7479,-27910,0,0,0,0,1,0
206,106770,433,345,-777,0,16053,12780,-28833,0,0,0,0,1,0
207,107291,298,474,-772,0,11058,17590,-28648,0,0,0,0,1,0
208,107812,152,586,-738,0,5637,21724,-27362,0,0,0,0,1,0
209,108333,0,675,-675,0,0,25024,-25024,0,0,0,0,1,0
210,108854,-152,738,-586,0,-5637,27362,-21724,0,0,0,0,1,0
211,109375,-298,772,-474,0,-11058,28648,-17590,0,0,0,0,1,0
212,109895,-433,777,-345,0,-16053,28833,-12780,0,0,0,0,1,0
213,110416,-551,753,-202,0,-20432,27910,-7479,0,0,0,0,1,0
214,110937,-648,699,-51,0,-24025,25915,-1890,0,0,0,0,1,0
215,111458,-720,618,102,0,-26696,22924,3772,0,0,0,0,1,0
216,111979,-764,514,250,0,-28340,19052,9288,0,0,0,0,1,0
217,112500,-779,390,390,0,-28895,14448,14448,0,0,0,0,1,0
218,113020,-764,250,514,0,-28340,9288,19052,0,0,0,0,1,0
219,113541,-720,102,618,0,-26696,3772,22924,0,0,0,0,1,0
220,114062,-648,-51,699,0,-24025,-1890,25915,0,0,0,0,1,0
221,114583,-551,-202,753,0,-20432,-7479,27910,0,0,0,0,1,0
222,115104,-433,-345,777,0,-16053,-12780,28833,0,0,0,0,1,0
223,115625,-298,-474,772,0,-11058,-17590,28648,0,0,0,0,1,0
224,116145,-152,-586,738,0,-5637,-21724,27362,0,0,0,0,1,0
225,116666,0,-675,675,0,0,-25024,25024,0,0,0,0,1,0
226,117187,152,-738,586,0,5637,-27362,21724,0,0,0,0,1,0
227,117708,298,-772,474,0,11058,-28648,17590,0,0,0,0,1,0
228,118229,433,-777,345,0,16053,-28833,12780,0,0,0,0,1,0
229,118750,551,-753,202,0,20432,-27910,7479,0,0,0,0,1,0
230,119270,648,-699,51,0,24025,-25915,1890,0,0,0,0,1,0
231,119791,720,-618,-102,0,26696,-22924,-3772,0,0,0,0,1,0
232,120312,764,-514,-250,0,28340,-19052,-9288,0,0,0,0,1,0
233,120833,779,-390,-390,0,28895,-14448,-14448,0,0,0,0,1,0
234,121354,764,-250,-514,0,28340,-9288,-19052,0,0,0,0,1,0
235,121875,720,-102,-618,0,26696,-3772,-22924,0,0,0,0,1,0
236,122395,648,51,-699,0,24025,1890,-25915,0,0,0,0,1,0
237,122916,551,202,-753,0,20432,7479,-27910,0,0,0,0,1,0
238,123437,433,345,-777,0,16053,12780,-28833,0,0,0,0,1,0
239,123958,298,474,-772,0,11058,17590,-28648,0,0,0,0,1,0
240,124479,152,586,-738,0,5637,21724,-27362,0,0,0,0,1,0
241,125000,0,675,-675,0,0,25024,-25024,0,0,0,0,1,0
242,125520,-152,738,-586,0,-5637,27362,-21724,0,0,0,0,1,0
243,126041,-298,772,-474,0,-11058,28648,-17590,0,0,0,0,1,0
244,126562,-433,777,-345,0,-16053,28833,-12780,0,0,0,0,1,0
245,127083,-551,753,-202,0,-20432,27910,-7479,0,0,0,0,1,0
246,127604,-648,699,-51,0,-24025,25915,-1890,0,0,0,0,1,0
247,128124,-720,618,102,0,-26696,22924,3772,0,0,0,0,1,0
248,128645,-764,514,250,0,-28340,19052,9288,0,0,0,0,1,0
249,129166,-779,390,390,0,-28895,14448,14448,0,0,0,0,1,0
250,129687,-764,250,514,0,-28340,9288,19052,0,0,0,0,1,0
251,130208,-720,102,618,0,-26696,3772,22924,0,0,0,0,1,0
252,130729,-648,-51,699,0,-24025,-1890,25915,0,0,0,0,1,0
253,131250,-551,-202,753,0,-20432,-7479,27910,0,0,0,0,1,0
254,131770,-433,-345,777,0,-16053,-12780,28833,0,0,0,0,1,0
255,132291,-298,-474,772,0,-11058,-17590,28648,0,0,0,0,1,0
256,132812,-152,-586,738,0,-5637,-21724,27362,0,0,0,0,1,0
257,133333,0,-675,675,0,0,-25024,25024,0,0,0,0,1,0
258,133854,152,-738,586,0,5637,-27362,21724,0,0,0,0,1,0
259,134375,298,-772,474,0,11058,-28648,17590,0,0,0,0,1,0
260,134895,433,-777,345,0,16053,-28833,12780,0,0,0,0,1,0
261,135416,551,-753,202,0,20432,-27910,7479,0,0,0,0,1,0
262,135937,648,-699,51,0,24025,-25915,1890,0,0,0,0,1,0
263,136458,720,-618,-102,0,26696,-22924,-3772,0,0,0,0,1,0
264,136979,764,-514,-250,0,28340,-19052,-9288,0,0,0,0,1,0
265,137500,779,-390,-390,0,28895,-14448,-14448,0,0,0,0,1,0
266,138020,764,-250,-514,0,28340,-9288,-19052,0,0,0,0,1,0
267,138541,720,-102,-618,0,26696,-3772,-22924,0,0,0,0,1,0
268,139062,648,51,-699,0,24025,1890,-25915,0,0,0,0,1,0
269,139583,551,202,-753,0,20432,7479,-27910,0,0,0,0,1,0
270,140104,433,345,-777,0,16053,12780,-28833,0,0,0,0,1,0
271,140625,298,474,-772,0,11058,17590,-28648,0,0,0,0,1,0
272,141145,152,586,-738,0,5637,21724,-27362,0,0,0,0,1,0
273,141666,0,675,-675,0,0,25024,-25024,0,0,0,0,1,0
274,142187,-152,738,-586,0,-5637,27362,-21724,0,0,0,0,1,0
275,142708,-298,772,-474,0,-11058,28648,-17590,0,0,0,0,1,0
276,143229,-433,777,-345,0,-16053,28833,-12780,0,0,0,0,1,0
277,143750,-551,753,-202,0,-20432,27910,-7479,0,0,0,0,1,0
278,144270,-648,699,-51,0,-24025,25915,-1890,0,0,0,0,1,0
279,144791,-720,618,102,0,-26696,22924,3772,0,0,0,0,1,0
280,145312,-764,514,250,0,-28340,19052,9288,0,0,0,0,1,0
281,145833,-779,390,390,0,-28895,14448,14448,0,0,0,0,1,0
282,146354,-764,250,514,0,-28340,9288,19052,0,0,0,0,1,0
283,146875,-720,102,618,0,-26696,3772,22924,0,0,0,0,1,0
284,147395,-648,-51,699,0,-24025,-1890,25915,0,0,0,0,1,0
285,147916,-551,-202,753,0,-20432,-7479,27910,0,0,0,0,1,0
286,148437,-433,-345,777,0,-16053,-12780,28833,0,0,0,0,1,0
287,148958,-298,-474,772,0,-11058,-17590,28648,0,0,0,0,1,0
288,149479,-152,-586,738,0,-5637,-21724,27362,0,0,0,0,1,0
289,150000,0,-675,675,0,0,-25024,25024,0,0,0,0,1,0
290,150520,152,-738,586,0,5637,-27362,21724,0,0,0,0,1,0
291,151041,298,-772,474,0,11058,-28648,17590,0,0,0,0,1,0
292,151562,433,-777,345,0,16053,-28833,12780,0,0,0,0,1,0
293,152083,551,-753,202,0,20432,-27910,7479,0,0,0,0,1,0
294,152604,648,-699,51,0,24025,-25915,1890,0,0,0,0,1,0
295,153125,720,-618,-102,0,26696,-22924,-3772,0,0,0,0,1,0
296,153645,764,-514,-250,0,28340,-19052,-9288,0,0,0,0,1,0
297,154166,779,-390,-390,0,28895,-14448,-14448,0,0,0,0,1,0
298,154687,764,-250,-514,0,28340,-9288,-19052,0,0,0,0,1,0
299,155208,720,-102,-618,0,26696,-3772,-22924,0,0,0,0,1,0
300,155729,648,51,-699,0,24025,1890,-25915,0,0,0,0,1,0
301,156250,551,202,-753,0,20432,7479,-27910,0,0,0,0,1,0
302,156770,433,345,-777,0,16053,12780,-28833,0,0,0,0,1,0
303,157291,298,474,-772,0,11058,17590,-28648,0,0,0,0,1,0
304,157812,152,586,-738,0,5637,21724,-27362,0,0,0,0,1,0
305,158333,0,675,-675,0,0,25024,-25024,0,0,0,0,1,0
306,158854,-152,738,-586,0,-5637,27362,-21724,0,0,0,0,1,0
307,159375,-298,772,-474,0,-11058,28648,-17590,0,0,0,0,1,0
308,159895,-433,777,-345,0,-16053,28833,-12780,0,0,0,0,1,0
309,160416,-551,753,-202,0,-20432,27910,-7479,0,0,0,0,1,0
310,160937,-648,699,-51,0,-24025,25915,-1890,0,0,0,0,1,0
311,161458,-720,618,102,0,-26696,22924,3772,0,0,0,0,1,0
312,161979,-764,514,250,0,-28340,19052,9288,0,0,0,0,1,0
313,162500,-779,390,390,0,-28895,14448,14448,0,0,0,0,1,0
314,163020,-764,250,514,0,-28340,9288,19052,0,0,0,0,1,0
315,163541,-720,102,618,0,-26696,3772,22924,0,0,0,0,1,0
316,164062,-648,-51,699,0,-24025,-1890,25915,0,0,0,0,1,0
317,164583,-551,-202,753,0,-20432,-7479,27910,0,0,0,0,1,0
318,165104,-433,-345,777,0,-16053,-12780,28833,0,0,0,0,1,0
319,165625,-298,-474,772,0,-11058,-17590,28648,0,0,0,0,1,0
320,166145,-152,-586,738,0,-5637,-21724,27362,0,0,0,0,1,0
321,166666,0,-675,675,0,0,-25024,25024,0,0,0,0,1,0
322,167187,152,-738,586,0,5637,-27362,21724,0,0,0,0,1,0
323,167708,298,-772,474,0,11058,-28648,17590,0,0,0,0,1,0
324,168229,433,-777,345,0,16053,-28833,12780,0,0,0,0,1,0
325,168750,551,-753,202,0,20432,-27910,7479,0,0,0,0,1,0
326,169270,648,-699,51,0,24025,-25915,1890,0,0,0,0,1,0
327,169791,720,-618,-102,0,26696,-22924,-3772,0,0,0,0,1,0
328,170312,764,-514,-250,0,28340,-19052,-9288,0,0,0,0,1,0
329,170833,779,-390,-390,0,28895,-14448,-14448,0,0,0,0,1,0
330,171354,764,-250,-514,0,28340,-9288,-19052,0,0,0,0,1,0
331,171875,720,-102,-618,0,26696,-3772,-22924,0,0,0,0,1,0
332,172395,648,51,-699,0,24025,1890,-25915,0,0,0,0,1,0
333,172916,551,202,-753,0,20432,7479,-27910,0,0,0,0,1,0
334,173437,433,345,-777,0,16053,12780,-28833,0,0,0,0,1,0
335,173958,298,474,-772,0,11058,17590,-28648,0,0,0,0,1,0
336,174479,152,586,-738,0,5637,21724,-27362,0,0,0,0,1,0
337,175000,0,675,-675,0,0,25024,-25024,0,0,0,0,1,0
338,175520,-152,738,-586,0,-5637,27362,-21724,0,0,0,0,1,0
339,176041,-298,772,-474,0,-11058,28648,-17590,0,0,0,0,1,0
340,176562,-433,777,-345,0,-16053,28833,-12780,0,0,0,0,1,0
341,177083,-551,753,-202,0,-20432,27910,-7479,0,0,0,0,1,0
342,177604,-648,699,-51,0,-24025,25915,-1890,0,0,0,0,1,0
343,178125,-720,618,102,0,-26696,22924,3772,0,0,0,0,1,0
344,178645,-764,514,250,0,-28340,19052,9288,0,0,0,0,1,0
345,179166,-779,390,390,0,-28895,14448,14448,0,0,0,0,1,0
346,179687,-764,250,514,0,-28340,9288,19052,0,0,0,0,1,0
347,180208,-720,102,618,0,-26696,3772,22924,0,0,0,0,1,0
348,180729,-648,-51,699,0,-24025,-1890,25915,0,0,0,0,1,0
349,181250,-551,-202,753,0,-20432,-7479,27910,0,0,0,0,1,0
350,181770,-433,-345,777,0,-16053,-12780,28833,0,0,0,0,1,0
351,182291,-298,-474,772,0,-11058,-17590,28648,0,0,0,0,1,0
352,182812,-152,-586,738,0,-5637,-21724,27362,0,0,0,0,1,0
353,183333,0,-675,675,0,0,-25024,25024,0,0,0,0,1,0
354,183854,152,-738,586,0,5637,-27362,21724,0,0,0,0,1,0
355,184375,298,-772,474,0,11058,-28648,17590,0,0,0,0,1,0
356,184895,433,-777,345,0,16053,-28833,12780,0,0,0,0,1,0
357,185416,551,-753,202,0,20432,-27910,7479,0,0,0,0,1,0
358,185937,648,-699,51,0,24025,-25915,1890,0,0,0,0,1,0
359,186458,720,-618,-102,0,26696,-22924,-3772,0,0,0,0,1,0
360,186979,764,-514,-250,0,28340,-19052,-9288,0,0,0,0,1,0
361,187500,779,-390,-390,0,28895,-14448,-14448,0,0,0,0,1,0
362,188020,764,-250,-514,0,28340,-9288,-19052,0,0,0,0,1,0
363,188541,720,-102,-618,0,26696,-3772,-22924,0,0,0,0,1,0
364,189062,648,51,-699,0,24025,1890,-25915,0,0,0,0,1,0
365,189583,551,202,-753,0,20432,7479,-27910,0,0,0,0,1,0
366,190104,433,345,-777,0,16053,12780,-28833,0,0,0,0,1,0
367,190625,298,474,-772,0,11058,17590,-28648,0,0,0,0,1,0
368,191145,152,586,-738,0,5637,21724,-27362,0,0,0,0,1,0
369,191666,0,675,-675,0,0,25024,-25024,0,0,0,0,1,0
370,192187,-152,738,-586,0,-5637,27362,-21724,0,0,0,0,1,0
371,192708,-298,772,-474,0,-11058,28648,-17590,0,0,0,0,1,0
372,193229,-433,777,-345,0,-16053,28833,-12780,0,0,0,0,1,0
373,193750,-551,753,-202,0,-20432,27910,-7479,0,0,0,0,1,0
374,194270,-648,699,-51,0,-24025,25915,-1890,0,0,0,0,1,0
375,194791,-720,618,102,0,-26696,22924,3772,0,0,0,0,1,0
376,195312,-764,514,250,0,-28340,19052,9288,0,0,0,0,1,0
377,195833,-779,390,390,0,-28895,14448,14448,0,0,0,0,1,0
378,196354,-764,250,514,0,-28340,9288,19052,0,0,0,0,1,0
379,196875,-720,102,618,0,-26696,3772,22924,0,0,0,0,1,0
380,197395,-648,-51,699,0,-24025,-1890,25915,0,0,0,0,1,0
381,197916,-551,-202,753,0,-20432,-7479,27910,0,0,0,0,1,0
382,198437,-433,-345,777,0,-16053,-12780,28833,0,0,0,0,1,0
383,198958,-298,-474,772,0,-11058,-17590,28648,0,0,0,0,1,0
384,199479,-152,-586,738,0,-5637,-21724,27362,0,0,0,0,1,0
385,200000,0,-675,675,0,0,-25024,25024,0,0,0,0,1,0
386,200520,152,-738,586,0,5637,-27362,21724,0,0,0,0,1,0
387,201041,298,-772,474,0,11058,-28648,17590,0,0,0,0,1,0
388,201562,433,-777,345,0,16053,-28833,12780,0,0,0,0,1,0
389,202083,551,-753,202,0,20432,-27910,7479,0,0,0,0,1,0
390,202604,648,-699,51,0,24025,-25915,1890,0,0,0,0,1,0
391,203125,720,-618,-102,0,26696,-22924,-3772,0,0,0,0,1,0
392,203645,764,-514,-250,0,28340,-19052,-9288,0,0,0,0,1,0
393,204166,779,-390,-390,0,28895,-14448,-14448,0,0,0,0,1,0
394,204687,764,-250,-514,0,28340,-9288,-19052,0,0,0,0,1,0
395,205208,720,-102,-618,0,26696,-3772,-22924,0,0,0,0,1,0
396,205729,648,51,-699,0,24025,1890,-25915,0,0,0,0,1,0
397,206250,551,202,-753,0,20432,7479,-27910,0,0,0,0,1,0
398,206770,433,345,-777,0,16053,12780,-28833,0,0,0,0,1,0
399,207291,298,474,-772,0,11058,17590,-28648,0,0,0,0,1,0
400,207812,152,586,-738,0,5637,21724,-27362,0,0,0,0,1,0
401,208333,0,675,-675,0,0,25024,-25024,0,0,0,0,1,0
402,208854,-152,738,-586,0,-5637,27362,-21724,0,0,0,0,1,0
403,209375,-298,772,-474,0,-11058,28648,-17590,0,0,0,0,1,0
404,209895,-433,777,-345,0,-16053,28833,-12780,0,0,0,0,1,0
405,210416,-551,753,-202,0,-20432,27910,-7479,0,0,0,0,1,0
406,210937,-648,699,-51,0,-24025,25915,-1890,0,0,0,0,1,0
407,211458,-720,618,102,0,-26696,22924,3772,0,0,0,0,1,0
408,211979,-764,514,250,0,-28340,19052,9288,0,0,0,0,1,0
409,212500,-779,390,390,0,-28895,14448,14448,0,0,0,0,1,0
410,213020,-764,250,514,0,-28340,9288,19052,0,0,0,0,1,0
411,213541,-720,102,618,0,-26696,3772,22924,0,0,0,0,1,0
412,214062,-648,-51,699,0,-24025,-1890,25915,0,0,0,0,1,0
413,214583,-551,-202,753,0,-20432,-7479,27910,0,0,0,0,1,0
414,215104,-433,-345,777,0,-16053,-12780,28833,0,0,0,0,1,0
415,215625,-298,-474,772,0,-11058,-17590,28648,0,0,0,0,1,0
416,216145,-152,-586,738,0,-5637,-21724,27362,0,0,0,0,1,0
417,216666,0,-675,675,0,0,-25024,25024,0,0,0,0,1,0
418,217187,152,-738,586,0,5637,-27362,21724,0,0,0,0,1,0
419,217708,298,-772,474,0,11058,-28648,17590,0,0,0,0,1,0
420,218229,433,-777,345,0,16053,-28833,12780,0,0,0,0,1,0
421,218750,551,-753,202,0,20432,-27910,7479,0,0,0,0,1,0
422,219270,648,-699,51,0,24025,-25915,1890,0,0,0,0,1,0
423,219791,720,-618,-102,0,26696,-22924,-3772,0,0,0,0,1,0
424,220312,764,-514,-250,0,28340,-19052,-9288,0,0,0,0,1,0
425,220833,779,-390,-390,0,28895,-14448,-14448,0,0,0,0,1,0
426,221354,764,-250,-514,0,28340,-9288,-19052,0,0,0,0,1,0
427,221875,720,-102,-618,0,26696,-3772,-22924,0,0,0,0,1,0
428,222395,648,51,-699,0,24025,1890,-25915,0,0,0,0,1,0
429,222916,551,202,-753,0,20432,7479,-27910,0,0,0,0,1,0
430,223437,433,345,-777,0,16053,12780,-28833,0,0,0,0,1,0
431,223958,298,474,-772,0,11058,17590,-28648,0,0,0,0,1,0
432,224479,152,586,-738,0,5637,21724,-27362,0,0,0,0,1,0
433,225000,0,675,-675,0,0,25024,-25024,0,0,0,0,1,0
434,225520,-152,738,-586,0,-5637,27362,-21724,0,0,0,0,1,0
435,226041,-298,772,-474,0,-11058,28648,-17590,0,0,0,0,1,0
436,226562,-433,777,-345,0,-16053,28833,-12780,0,0,0,0,1,0
437,227083,-551,753,-202,0,-20432,27910,-7479,0,0,0,0,1,0
438,227604,-648,699,-51,0,-24025,25915,-1890,0,0,0,0,1,0
439,228125,-720,618,102,0,-26696,22924,3772,0,0,0,0,1,0
440,228645,-764,514,250,0,-28340,19052,9288,0,0,0,0,1,0
441,229166,-779,390,390,0,-28895,14448,14448,0,0,0,0,1,0
442,229687,-764,250,514,0,-28340,9288,19052,0,0,0,0,1,0
443,230208,-720,102,618,0,-26696,3772,22924,0,0,0,0,1,0
444,230729,-648,-51,699,0,-24025,-1890,25915,0,0,0,0,1,0
445,231250,-551,-202,753,0,-20432,-7479,27910,0,0,0,0,1,0
446,231770,-433,-345,777,0,-16053,-12780,28833,0,0,0,0,1,0
447,232291,-298,-474,772,0,-11058,-17590,28648,0,0,0,0,1,0
448,232812,-152,-586,738,0,-5637,-21724,27362,0,0,0,0,1,0
449,233333,0,-675,675,0,0,-25024,25024,0,0,0,0,1,0
450,233854,152,-738,586,0,5637,-27362,21724,0,0,0,0,1,0
451,234375,298,-772,474,0,11058,-28648,17590,0,0,0,0,1,0
452,234895,433,-777,345,0,16053,-28833,12780,0,0,0,0,1,0
453,235416,551,-753,202,0,20432,-27910,7479,0,0,0,0,1,0
454,235937,648,-699,51,0,24025,-25915,1890,0,0,0,0,1,0
455,236458,720,-618,-102,0,26696,-22924,-3772,0,0,0,0,1,0
456,236979,764,-514,-250,0,28340,-19052,-9288,0,0,0,0,1,0
457,237500,779,-390,-390,0,28895,-14448,-14448,0,0,0,0,1,0
458,238020,764,-250,-514,0,28340,-9288,-19052,0,0,0,0,1,0
459,238541,720,-102,-618,0,26696,-3772,-22924,0,0,0,0,1,0
460,239062,648,51,-699,0,24025,1890,-25915,0,0,0,0,1,0
461,239583,551,202,-753,0,20432,7479,-27910,0,0,0,0,1,0
462,240104,433,345,-777,0,16053,12780,-28833,0,0,0,0,1,0
463,240625,298,474,-772,0,11058,17590,-28648,0,0,0,0,1,0
464,241145,152,586,-738,0,5637,21724,-27362,0,0,0,0,1,0
465,241666,0,675,-675,0,0,25024,-25024,0,0,0,0,1,0
466,242187,-152,738,-586,0,-5637,27362,-21724,0,0,0,0,1,0
467,242708,-298,772,-474,0,-11058,28648,-17590,0,0,0,0,1,0
468,243229,-433,777,-345,0,-16053,28833,-12780,0,0,0,0,1,0
469,243750,-551,753,-202,0,-20432,27910,-7479,0,0,0,0,1,0
470,244270,-648,699,-51,0,-24025,25915,-1890,0,0,0,0,1,0
471,244791,-720,618,102,0,-26696,22924,3772,0,0,0,0,1,0
472,245312,-764,514,250,0,-28340,19052,9288,0,0,0,0,1,0
473,245833,-779,390,390,0,-28895,14448,14448,0,0,0,0,1,0
474,246354,-764,250,514,0,-28340,9288,19052,0,0,0,0,1,0
475,246875,-720,102,618,0,-26696,3772,22924,0,0,0,0,1,0
476,247395,-648,-51,699,0,-24025,-1890,25915,0,0,0,0,1,0
477,247916,-551,-202,753,0,-20432,-7479,27910,0,0,0,0,1,0
478,248437,-433,-345,777,0,-16053,-12780,28833,0,0,0,0,1,0
479,248958,-298,-474,772,0,-11058,-17590,28648,0,0,0,0,1,0
480,249479,-152,-586,738,0,-5637,-21724,27362,0,0,0,0,1,0
481,250000,0,-675,675,0,0,-25024,25024,0,0,0,0,1,0
482,250520,152,-738,586,0,5637,-27362,21724,0,0,0,0,1,0
483,251041,298,-772,474,0,11058,-28648,17590,0,0,0,0,1,0
484,251562,433,-777,345,0,16053,-28833,12780,0,0,0,0,1,0
485,252083,551,-753,202,0,20432,-27910,7479,0,0,0,0,1,0
486,252604,648,-699,51,0,24025,-25915,1890,0,0,0,0,1,0
487,253125,720,-618,-102,0,26696,-22924,-3772,0,0,0,0,1,0
488,253645,764,-514,-250,0,28340,-19052,-9288,0,0,0,0,1,0
489,254166,779,-390,-390,0,28895,-14448,-14448,0,0,0,0,1,0
490,254687,764,-250,-514,0,28340,-9288,-19052,0,0,0,0,1,0
491,255208,720,-102,-618,0,26696,-3772,-22924,0,0,0,0,1,0
492,255729,648,51,-699,0,24025,1890,-25915,0,0,0,0,1,0
493,256249,551,202,-753,0,20432,7479,-27910,0,0,0,0,1,0
494,256770,433,345,-777,0,16053,12780,-28833,0,0,0,0,1,0
495,257291,298,474,-772,0,11058,17590,-28648,0,0,0,0,1,0
496,257812,152,586,-738,0,5637,21724,-27362,0,0,0,0,1,0
497,258333,0,675,-675,0,0,25024,-25024,0,0,0,0,1,0
498,258854,-152,738,-586,0,-5637,27362,-21724,0,0,0,0,1,0
499,259375,-298,772,-474,0,-11058,28648,-17590,0,0,0,0,1,0
500,259895,-433,777,-345,0,-16053,28833,-12780,0,0,0,0,1,0
501,260416,-551,753,-202,0,-20432,27910,-7479,0,0,0,0,1,0
502,260937,-648,699,-51,0,-24025,25915,-1890,0,0,0,0,1,0
503,261458,-720,618,102,0,-26696,22924,3772,0,0,0,0,1,0
504,261979,-764,514,250,0,-28340,19052,9288,0,0,0,0,1,0
505,262500,-779,390,390,0,-28895,14448,14448,0,0,0,0,1,0
506,263020,-764,250,514,0,-28340,9288,19052,0,0,0,0,1,0
507,263541,-720,102,618,0,-26696,3772,22924,0,0,0,0,1,0
508,264062,-648,-51,699,0,-24025,-1890,25915,0,0,0,0,1,0
509,264583,-551,-202,753,0,-20432,-7479,27910,0,0,0,0,1,0
510,265104,-433,-345,777,0,-16053,-12780,28833,0,0,0,0,1,0
511,265625,-298,-474,772,0,-11058,-17590,28648,0,0,0,0,1,0
512,266145,-152,-586,738,0,-5637,-21724,27362,0,0,0,0,1,0
513,266666,0,-675,675,0,0,-25024,25024,0,0,0,0,1,0
514,267187,152,-738,586,0,5637,-27362,21724,0,0,0,0,1,0
515,267708,298,-772,474,0,11058,-28648,17590,0,0,0,0,1,0
516,268229,433,-777,345,0,16053,-28833,12780,0,0,0,0,1,0
517,268750,551,-753,202,0,20432,-27910,7479,0,0,0,0,1,0
518,269270,648,-699,51,0,24025,-25915,1890,0,0,0,0,1,0
519,269791,720,-618,-102,0,26696,-22924,-3772,0,0,0,0,1,0
520,270312,764,-514,-250,0,28340,-19052,-9288,0,0,0,0,1,0
521,270833,779,-390,-390,0,28895,-14448,-14448,0,0,0,0,1,0
522,271354,764,-250,-514,0,28340,-9288,-19052,0,0,0,0,1,0
523,271875,720,-102,-618,0,26696,-3772,-22924,0,0,0,0,1,0
524,272395,648,51,-699,0,24025,1890,-25915,0,0,0,0,1,0
525,272916,551,202,-753,0,20432,7479,-27910,0,0,0,0,1,0
526,273437,433,345,-777,0,16053,12780,-28833,0,0,0,0,1,0
527,273958,298,474,-772,0,11058,17590,-28648,0,0,0,0,1,0
528,274479,152,586,-738,0,5637,21724,-27362,0,0,0,0,1,0
529,275000,0,675,-675,0,0,25024,-25024,0,0,0,0,1,0
530,275520,-152,738,-586,0,-5637,27362,-21724,0,0,0,0,1,0
531,276041,-298,772,-474,0,-11058,28648,-17590,0,0,0,0,1,0
532,276562,-433,777,-345,0,-16053,28833,-12780,0,0,0,0,1,0
533,277083,-551,753,-202,0,-20432,27910,-7479,0,0,0,0,1,0
534,277604,-648,699,-51,0,-24025,25915,-1890,0,0,0,0,1,0
535,278125,-720,618,102,0,-26696,22924,3772,0,0,0,0,1,0
536,278645,-764,514,250,0,-28340,19052,9288,0,0,0,0,1,0
537,279166,-779,390,390,0,-28895,14448,14448,0,0,0,0,1,0
538,279687,-764,250,514,0,-28340,9288,19052,0,0,0,0,1,0
539,280208,-720,102,618,0,-26696,3772,22924,0,0,0,0,1,0
540,280729,-648,-51,699,0,-24025,-1890,25915,0,0,0,0,1,0
541,281250,-551,-202,753,0,-20432,-7479,27910,0,0,0,0,1,0
542,281770,-433,-345,777,0,-16053,-12780,28833,0,0,0,0,1,0
543,282291,-298,-474,772,0,-11058,-17590,28648,0,0,0,0,1,0
544,282812,-152,-586,738,0,-5637,-21724,27362,0,0,0,0,1,0
545,283333,0,-675,675,0,0,-25024,25024,0,0,0,0,1,0
546,283854,152,-738,586,0,5637,-27362,21724,0,0,0,0,1,0
547,284375,298,-772,474,0,11058,-28648,17590,0,0,0,0,1,0
548,284895,433,-777,345,0,16053,-28833,12780,0,0,0,0,1,0
549,285416,551,-753,202,0,20432,-27910,7479,0,0,0,0,1,0
550,285937,648,-699,51,0,24025,-25915,1890,0,0,0,0,1,0
551,286458,720,-618,-102,0,26696,-22924,-3772,0,0,0,0,1,0
552,286979,764,-514,-250,0,28340,-19052,-9288,0,0,0,0,1,0
553,287500,779,-390,-390,0,28895,-14448,-14448,0,0,0,0,1,0
554,288020,764,-250,-514,0,28340,-9288,-19052,0,0,0,0,1,0
555,288541,720,-102,-618,0,26696,-3772,-22924,0,0,0,0,1,0
556,289062,648,51,-699,0,24025,1890,-25915,0,0,0,0,1,0
557,289583,551,202,-753,0,20432,7479,-27910,0,0,0,0,1,0
558,290104,433,345,-777,0,16053,12780,-28833,0,0,0,0,1,0
559,290625,298,474,-772,0,11058,17590,-28648,0,0,0,0,1,0
560,291145,152,586,-738,0,5637,21724,-27362,0,0,0,0,1,0
561,291666,0,675,-675,0,0,25024,-25024,0,0,0,0,1,0
562,292187,-152,738,-586,0,-5637,27362,-21724,0,0,0,0,1,0
563,292708,-298,772,-474,0,-11058,28648,-17590,0,0,0,0,1,0
564,293229,-433,777,-345,0,-16053,28833,-12780,0,0,0,0,1,0
565,293750,-551,753,-202,0,-20432,27910,-7479,0,0,0,0,1,0
566,294270,-648,699,-51,0,-24025,25915,-1890,0,0,0,0,1,0
567,294791,-720,618,102,0,-26696,22924,3772,0,0,0,0,1,0
568,295312,-764,514,250,0,-28340,19052,9288,0,0,0,0,1,0
569,295833,-779,390,390,0,-28895,14448,14448,0,0,0,0,1,0
570,296354,-764,250,514,0,-28340,9288,19052,0,0,0,0,1,0
571,296875,-720,102,618,0,-26696,3772,22924,0,0,0,0,1,0
572,297395,-648,-51,699,0,-24025,-1890,25915,0,0,0,0,1,0
573,297916,-551,-202,753,0,-20432,-7479,27910,0,0,0,0,1,0
574,298437,-433,-345,777,0,-16053,-12780,28833,0,0,0,0,1,0
575,298958,-298,-474,772,0,-11058,-17590,28648,0,0,0,0,1,0
576,299479,-152,-586,738,0,-5637,-21724,27362,0,0,0,0,1,0
577,300000,0,-675,675,0,0,-25024,25024,0,0,0,0,1,0
578,300520,152,-738,586,0,5637,-27362,21724,0,0,0,0,1,0
579,301041,298,-772,474,0,11058,-28648,17590,0,0,0,0,1,0
580,301562,433,-777,345,0,16053,-28833,12780,0,0,0,0,1,0
581,302083,551,-753,202,0,20432,-27910,7479,0,0,0,0,1,0
582,302604,648,-699,51,0,24025,-25915,1890,0,0,0,0,1,0
583,303125,720,-618,-102,0,26696,-22924,-3772,0,0,0,0,1,0
584,303645,764,-514,-250,0,28340,-19052,-9288,0,0,0,0,1,0
585,304166,779,-390,-390,0,28895,-14448,-14448,0,0,0,0,1,0
586,304687,764,-250,-514,0,28340,-9288,-19052,0,0,0,0,1,0
587,305208,720,-102,-618,0,26696,-3772,-22924,0,0,0,0,1,0
588,305729,648,51,-699,0,24025,1890,-25915,0,0,0,0,1,0
589,306250,551,202,-753,0,20432,7479,-27910,0,0,0,0,1,0
590,306770,433,345,-777,0,16053,12780,-28833,0,0,0,0,1,0
591,307291,298,474,-772,0,11058,17590,-28648,0,0,0,0,1,0
592,307812,152,586,-738,0,5637,21724,-27362,0,0,0,0,1,0
593,308333,0,675,-675,0,0,25024,-25024,0,0,0,0,1,0
594,308854,-152,738,-586,0,-5637,27362,-21724,0,0,0,0,1,0
595,309375,-298,772,-474,0,-11058,28648,-17590,0,0,0,0,1,0
596,309895,-433,777,-345,0,-16053,28833,-12780,0,0,0,0,1,0
597,310416,-551,753,-202,0,-20432,27910,-7479,0,0,0,0,1,0
598,310937,-648,699,-51,0,-24025,25915,-1890,0,0,0,0,1,0
599,311458,-720,618,102,0,-26696,22924,3772,0,0,0,0,1,0
600,311979,-764,514,250,0,-28340,19052,9288,0,0,0,0,1,0
601,312500,-779,390,390,0,-28895,14448,14448,0,0,0,0,1,0
602,313020,-764,250,514,0,-28340,9288,19052,0,0,0,0,1,0
603,313541,-720,102,618,0,-26696,3772,22924,0,0,0,0,1,0
604,314062,-648,-51,699,0,-24025,-1890,25915,0,0,0,0,1,0
605,314583,-551,-202,753,0,-20432,-7479,27910,0,0,0,0,1,0
606,315104,-433,-345,777,0,-16053,-12780,28833,0,0,0,0,1,0
607,315625,-298,-474,772,0,-11058,-17590,28648,0,0,0,0,1,0
608,316145,-152,-586,738,0,-5637,-21724,27362,0,0,0,0,1,0
609,316666,0,-675,675,0,0,-25024,25024,0,0,0,0,1,0
610,317187,152,-738,586,0,5637,-27362,21724,0,0,0,0,1,0
611,317708,298,-772,474,0,11058,-28648,17590,0,0,0,0,1,0
612,318229,433,-777,345,0,16053,-28833,12780,0,0,0,0,1,0
613,318750,551,-753,202,0,20432,-27910,7479,0,0,0,0,1,0
614,319270,648,-699,51,0,24025,-25915,1890,0,0,0,0,1,0
615,319791,720,-618,-102,0,26696,-22924,-3772,0,0,0,0,1,0
616,320312,764,-514,-250,0,28340,-19052,-9288,0,0,0,0,1,0
617,320833,779,-390,-390,0,28895,-14448,-14448,0,0,0,0,1,0
618,321354,764,-250,-514,0,28340,-9288,-19052,0,0,0,0,1,0
619,321875,720,-102,-618,0,26696,-3772,-22924,0,0,0,0,1,0
620,322395,648,51,-699,0,24025,1890,-25915,0,0,0,0,1,0
621,322916,551,202,-753,0,20432,7479,-27910,0,0,0,0,1,0
622,323437,433,345,-777,0,16053,12780,-28833,0,0,0,0,1,0
623,323958,298,474,-772,0,11058,17590,-28648,0,0,0,0,1,0
624,324479,152,586,-738,0,5637,21724,-27362,0,0,0,0,1,0
625,325000,0,675,-675,0,0,25024,-25024,0,0,0,0,1,0
626,325520,-152,738,-586,0,-5637,27362,-21724,0,0,0,0,1,0
627,326041,-298,772,-474,0,-11058,28648,-17590,0,0,0,0,1,0
628,326562,-433,777,-345,0,-16053,28833,-12780,0,0,0,0,1,0
629,327083,-551,753,-202,0,-20432,27910,-7479,0,0,0,0,1,0
630,327604,-648,699,-51,0,-24025,25915,-1890,0,0,0,0,1,0
631,328125,-720,618,102,0,-26696,22924,3772,0,0,0,0,1,0
632,328645,-764,514,250,0,-28340,19052,9288,0,0,0,0,1,0
633,329166,-779,390,390,0,-28895,14448,14448,0,0,0,0,1,0
634,329687,-764,250,514,0,-28340,9288,19052,0,0,0,0,1,0
635,330208,-720,102,618,0,-26696,3772,22924,0,0,0,0,1,0
636,330729,-648,-51,699,0,-24025,-1890,25915,0,0,0,0,1,0
637,331250,-551,-202,753,0,-20432,-7479,27910,0,0,0,0,1,0
638,331770,-433,-345,777,0,-16053,-12780,28833,0,0,0,0,1,0
639,332291,-298,-474,772,0,-11058,-17590,28648,0,0,0,0,1,0
640,332812,-152,-586,738,0,-5637,-21724,27362,0,0,0,0,1,0
641,333333,0,-675,675,0,0,-25024,25024,0,0,0,0,1,0
642,333854,152,-738,586,0,5637,-27362,21724,0,0,0,0,1,0
643,334375,298,-772,474,0,11058,-28648,17590,0,0,0,0,1,0
644,334895,433,-777,345,0,16053,-28833,12780,0,0,0,0,1,0
645,335416,551,-753,202,0,20432,-27910,7479,0,0,0,0,1,0
646,335937,648,-699,51,0,24025,-25915,1890,0,0,0,0,1,0
647,336458,720,-618,-102,0,26696,-22924,-3772,0,0,0,0,1,0
648,336979,764,-514,-250,0,28340,-19052,-9288,0,0,0,0,1,0
649,337500,779,-390,-390,0,28895,-14448,-14448,0,0,0,0,1,0
650,338020,764,-250,-514,0,28340,-9288,-19052,0,0,0,0,1,0
651,338541,720,-102,-618,0,26696,-3772,-22924,0,0,0,0,1,0
652,339062,648,51,-699,0,24025,1890,-25915,0,0,0,0,1,0
653,339583,551,202,-753,0,20432,7479,-27910,0,0,0,0,1,0
654,340104,433,345,-777,0,16053,12780,-28833,0,0,0,0,1,0
655,340625,298,474,-772,0,11058,17590,-28648,0,0,0,0,1,0
656,341145,152,586,-738,0,5637,21724,-27362,0,0,0,0,1,0
657,341666,0,675,-675,0,0,25024,-25024,0,0,0,0,1,0
658,342187,-152,738,-586,0,-5637,27362,-21724,0,0,0,0,1,0
659,342708,-298,772,-474,0,-11058,28648,-17590,0,0,0,0,1,0
660,343229,-433,777,-345,0,-16053,28833,-12780,0,0,0,0,1,0
661,343750,-551,753,-202,0,-20432,27910,-7479,0,0,0,0,1,0
662,344270,-648,699,-51,0,-24025,25915,-1890,0,0,0,0,1,0
663,344791,-720,618,102,0,-26696,22924,3772,0,0,0,0,1,0
664,345312,-764,514,250,0,-28340,19052,9288,0,0,0,0,1,0
665,345833,-779,390,390,0,-28895,14448,14448,0,0,0,0,1,0
666,346354,-764,250,514,0,-28340,9288,19052,0,0,0,0,1,0
667,346875,-720,102,618,0,-26696,3772,22924,0,0,0,0,1,0
668,347395,-648,-51,699,0,-24025,-1890,25915,0,0,0,0,1,0
669,347916,-551,-202,753,0,-20432,-7479,27910,0,0,0,0,1,0
670,348437,-433,-345,777,0,-16053,-12780,28833,0,0,0,0,1,0
671,348958,-298,-474,772,0,-11058,-17590,28648,0,0,0,0,1,0
672,349479,-152,-586,738,0,-5637,-21724,27362,0,0,0,0,1,0
673,350000,0,-675,675,0,0,-25024,25024,0,0,0,0,1,0
674,350520,152,-738,586,0,5637,-27362,21724,0,0,0,0,1,0
675,351041,298,-772,474,0,11058,-28648,17590,0,0,0,0,1,0
676,351562,433,-777,345,0,16053,-28833,12780,0,0,0,0,1,0
677,352083,551,-753,202,0,20432,-27910,7479,0,0,0,0,1,0
678,352604,648,-699,51,0,24025,-25915,1890,0,0,0,0,1,0
679,353125,720,-618,-102,0,26696,-22924,-3772,0,0,0,0,1,0
680,353645,764,-514,-250,0,28340,-19052,-9288,0,0,0,0,1,0
681,354166,779,-390,-390,0,28895,-14448,-14448,0,0,0,0,1,0
682,354687,764,-250,-514,0,28340,-9288,-19052,0,0,0,0,1,0
