1,0,0,-1481,1481,0,0,-25024,25024,0,0,0,0,1,0
2,520,334,-1620,1286,0,5637,-27362,21724,0,0,0,0,1,0
3,1041,655,-1696,1041,0,11058,-28648,17590,0,0,0,0,1,0
4,1562,950,-1707,757,0,16053,-28833,12780,0,0,0,0,1,0
5,2083,1210,-1652,443,0,20432,-27910,7479,0,0,0,0,1,0
6,2604,1422,-1534,112,0,24025,-25915,1890,0,0,0,0,1,0
7,3125,1580,-1357,-223,0,26696,-22924,-3772,0,0,0,0,1,0
8,3645,1678,-1128,-550,0,28340,-19052,-9288,0,0,0,0,1,0
9,4166,1711,-855,-855,0,28895,-14448,-14448,0,0,0,0,1,0
10,4687,1678,-550,-1128,0,28340,-9288,-19052,0,0,0,0,1,0
11,5208,1580,-223,-1357,0,26696,-3772,-22924,0,0,0,0,1,0
12,5729,1422,112,-1534,0,24025,1890,-25915,0,0,0,0,1,0
13,6250,1210,443,-1652,0,20432,7479,-27910,0,0,0,0,1,0
14,6770,950,757,-1707,0,16053,12780,-28833,0,0,0,0,1,0
15,7291,655,1041,-1696,0,11058,17590,-28648,0,0,0,0,1,0
16,7812,334,1286,-1620,0,5637,21724,-27362,0,0,0,0,1,0
17,8333,0,1481,-1481,0,0,25024,-25024,0,0,0,0,1,0
18,8854,-334,1620,-1286,0,-5637,27362,-21724,0,0,0,0,1,0
19,9375,-655,1696,-1041,0,-11058,28648,-17590,0,0,0,0,1,0
20,9895,-950,1707,-757,0,-16053,28833,-12780,0,0,0,0,1,0
21,10416,-1210,1652,-443,0,-20432,27910,-7479,0,0,0,0,1,0
22,10937,-1422,1534,-112,0,-24025,25915,-1890,0,0,0,0,1,0
23,11458,-1580,1357,223,0,-26696,22924,3772,0,0,0,0,1,0
24,11979,-1678,1128,550,0,-28340,19052,9288,0,0,0,0,1,0
25,12500,-1711,855,855,0,-28895,14448,14448,0,0,0,0,1,0
26,13020,-1678,550,1128,0,-28340,9288,19052,0,0,0,0,1,0
27,13541,-1580,223,1357,0,-26696,3772,22924,0,0,0,0,1,0
28,14062,-1422,-112,1534,0,-24025,-1890,25915,0,0,0,0,1,0
29,14583,-1210,-443,1652,0,-20432,-7479,27910,0,0,0,0,1,0
30,15104,-950,-757,1707,0,-16053,-12780,28833,0,0,0,0,1,0
31,15625,-655,-1041,1696,0,-11058,-17590,28648,0,0,0,0,1,0
32,16145,-334,-1286,1620,0,-5637,-21724,27362,0,0,0,0,1,0
33,16666,0,-1481,1481,0,0,-25024,25024,0,0,0,0,1,0
34,17187,334,-1620,1286,0,5637,-27362,21724,0,0,0,0,1,0
35,17708,655,-1696,1041,0,11058,-28648,17590,0,0,0,0,1,0
36,18229,950,-1707,757,0,16053,-28833,12780,0,0,0,0,1,0
37,18750,1210,-1652,443,0,20432,-27910,7479,0,0,0,0,1,0
38,19270,1422,-1534,112,0,24025,-25915,1890,0,0,0,0,1,0
39,19791,1580,-1357,-223,0,26696,-22924,-3772,0,0,0,0,1,0
40,20312,1678,-1128,-550,0,28340,-19052,-9288,0,0,0,0,1,0
41,20833,1711,-855,-855,0,28895,-14448,-14448,0,0,0,0,1,0
42,21354,1678,-550,-1128,0,28340,-9288,-19052,0,0,0,0,1,0
43,21875,1580,-223,-1357,0,26696,-3772,-22924,0,0,0,0,1,0
44,22395,1422,112,-1534,0,24025,1890,-25915,0,0,0,0,1,0
45,22916,1210,443,-1652,0,20432,7479,-27910,0,0,0,0,1,0
46,23437,950,757,-1707,0,16053,12780,-28833,0,0,0,0,1,0
47,23958,655,1041,-1696,0,11058,17590,-28648,0,0,0,0,1,0
48,24479,334,1286,-1620,0,5637,21724,-27362,0,0,0,0,1,0
49,25000,0,1481,-1481,0,0,25024,-25024,0,0,0,0,1,0
50,25520,-334,1620,-1286,0,-5637,27362,-21724,0,0,0,0,1,0
51,26041,-655,1696,-1041,0,-11058,28648,-17590,0,0,0,0,1,0
52,26562,-950,1707,-757,0,-16053,28833,-12780,0,0,0,0,1,0
53,27083,-1210,1652,-443,0,-20432,27910,-7479,0,0,0,0,1,0
54,27604,-1422,1534,-112,0,-24025,25915,-1890,0,0,0,0,1,0
55,28125,-1580,1357,223,0,-26696,22924,3772,0,0,0,0,1,0
56,28645,-1678,1128,550,0,-28340,19052,9288,0,0,0,0,1,0
57,29166,-1711,855,855,0,-28895,14448,14448,0,0,0,0,1,0
58,29687,-1678,550,1128,0,-28340,9288,19052,0,0,0,0,1,0
59,30208,-1580,223,1357,0,-26696,3772,22924,0,0,0,0,1,0
60,30729,-1422,-112,1534,0,-24025,-1890,25915,0,0,0,0,1,0
61,31250,-1210,-443,1652,0,-20432,-7479,27910,0,0,0,0,1,0
62,31770,-950,-757,1707,0,-16053,-12780,28833,0,0,0,0,1,0
63,32291,-655,-1041,1696,0,-11058,-17590,28648,0,0,0,0,1,0
64,32812,-334,-1286,1620,0,-5637,-21724,27362,0,0,0,0,1,0
65,33333,0,-1481,1481,0,0,-25024,25024,0,0,0,0,1,0
66,33854,334,-1620,1286,0,5637,-27362,21724,0,0,0,0,1,0
67,34375,655,-1696,1041,0,11058,-28648,17590,0,0,0,0,1,0
68,34895,950,-1707,757,0,16053,-28833,12780,0,0,0,0,1,0
69,35416,1210,-1652,443,0,20432,-27910,7479,0,0,0,0,1,0
70,35937,1422,-1534,112,0,24025,-25915,1890,0,0,0,0,1,0
71,36458,1580,-1357,-223,0,26696,-22924,-3772,0,0,0,0,1,0
72,36979,1678,-1128,-550,0,28340,-19052,-9288,0,0,0,0,1,0
73,37500,1711,-855,-855,0,28895,-14448,-14448,0,0,0,0,1,0
74,38020,1678,-550,-1128,0,28340,-9288,-19052,0,0,0,0,1,0
75,38541,1580,-223,-1357,0,26696,-3772,-22924,0,0,0,0,1,0
76,39062,1422,112,-1534,0,24025,1890,-25915,0,0,0,0,1,0
77,39583,1210,443,-1652,0,20432,7479,-27910,0,0,0,0,1,0
78,40104,950,757,-1707,0,16053,12780,-28833,0,0,0,0,1,0
79,40625,655,1041,-1696,0,11058,17590,-28648,0,0,0,0,1,0
80,41145,334,1286,-1620,0,5637,21724,-27362,0,0,0,0,1,0
81,41666,0,1481,-1481,0,0,25024,-25024,0,0,0,0,1,0
82,42187,-334,1620,-1286,0,-5637,27362,-21724,0,0,0,0,1,0
83,42708,-655,1696,-1041,0,-11058,28648,-17590,0,0,0,0,1,0
84,43229,-950,1707,-757,0,-16053,28833,-12780,0,0,0,0,1,0
85,43750,-1210,1652,-443,0,-20432,27910,-7479,0,0,0,0,1,0
86,44270,-1422,1534,-112,0,-24025,25915,-1890,0,0,0,0,1,0
87,44791,-1580,1357,223,0,-26696,22924,3772,0,0,0,0,1,0
88,45312,-1678,1128,550,0,-28340,19052,9288,0,0,0,0,1,0
89,45833,-1711,855,855,0,-28895,14448,14448,0,0,0,0,1,0
90,46354,-1678,550,1128,0,-28340,9288,19052,0,0,0,0,1,0
91,46875,-1580,223,1357,0,-26696,3772,22924,0,0,0,0,1,0
92,47395,-1422,-112,1534,0,-24025,-1890,25915,0,0,0,0,1,0
93,47916,-1210,-443,1652,0,-20432,-7479,27910,0,0,0,0,1,0
94,48437,-950,-757,1707,0,-16053,-12780,28833,0,0,0,0,1,0
95,48958,-655,-1041,1696,0,-11058,-17590,28648,0,0,0,0,1,0
96,49479,-334,-1286,1620,0,-5637,-21724,27362,0,0,0,0,1,0
97,50000,0,-5243,1481,-3761,0,-2502,27026,0,0,0,0,1,0
98,50520,334,-6404,1286,-4784,6088,-2736,23462,0,0,0,0,1,0
99,51041,655,-6763,1041,-5067,11942,-2865,18997,0,0,0,0,1,0
100,51562,950,-6317,757,-4610,17337,-2883,13802,0,0,0,0,1,0
101,52083,1210,-5093,443,-3441,22066,-2791,8077,0,0,0,0,1,0
102,52604,1422,-3148,112,-1614,25947,-2592,2041,0,0,0,0,1,0
103,53125,1580,-569,-223,788,28831,-2292,-4073,0,0,0,0,1,0
104,53645,1678,2537,-550,3665,30607,-1905,-10031,0,0,0,0,1,0
105,54166,1711,6040,-855,6895,31207,-1445,-15603,0,0,0,0,1,0
106,54687,1678,9795,-1128,10345,30607,-929,-20576,0,0,0,0,1,0
107,55208,1580,13650,-1357,13873,28831,-377,-24758,0,0,0,0,1,0
108,55729,1422,17446,-1534,17335,25947,189,-27988,0,0,0,0,1,0
109,56250,1210,21029,-1652,20587,22066,748,-30143,0,0,0,0,1,0
110,56770,950,24253,-1707,23496,17337,1278,-31140,0,0,0,0,1,0
111,57291,655,26983,-1696,25942,11942,1759,-30940,0,0,0,0,1,0
112,57812,334,29108,-1620,27822,6088,2172,-29551,0,0,0,0,1,0
113,58333,0,30537,-1481,29056,0,2502,-27026,0,0,0,0,1,0
114,58854,-334,31207,-1286,29587,-6088,2736,-23462,0,0,0,0,1,0
115,59375,-655,31083,-1041,29388,-11942,2865,-18997,0,0,0,0,1,0
116,59895,-950,30164,-757,28457,-17337,2883,-13802,0,0,0,0,1,0
117,60416,-1210,28477,-443,26824,-22066,2791,-8077,0,0,0,0,1,0
118,60937,-1422,26078,-112,24543,-25947,2592,-2041,0,0,0,0,1,0
119,61458,-1580,23052,223,21695,-28831,2292,4073,0,0,0,0,1,0
120,61979,-1678,19509,550,18381,-30607,1905,10031,0,0,0,0,1,0
121,62500,-1711,15578,855,14722,-31207,1445,15603,0,0,0,0,1,0
122,63020,-1678,11402,1128,10852,-30607,929,20576,0,0,0,0,1,0
123,63541,-1580,7135,1357,6912,-28831,377,24758,0,0,0,0,1,0
124,64062,-1422,2934,1534,3046,-25947,-189,27988,0,0,0,0,1,0
125,64583,-1210,-1045,1652,-602,-22066,-748,30143,0,0,0,0,1,0
126,65104,-950,-4657,1707,-3900,-17337,-1278,31140,0,0,0,0,1,0
127,65625,-655,-7768,1696,-6727,-11942,-1759,30940,0,0,0,0,1,0
128,66145,-334,-10267,1620,-8981,-6088,-2172,29551,0,0,0,0,1,0
129,66666,0,-12062,1481,-10581,0,-2502,27026,0,0,0,0,1,0
130,67187,334,-13091,1286,-11471,6088,-2736,23462,0,0,0,0,1,0
131,67708,655,-13320,1041,-11624,11942,-2865,18997,0,0,0,0,1,0
132,68229,950,-12746,757,-11039,17337,-2883,13802,0,0,0,0,1,0
133,68750,1210,-11397,443,-9745,22066,-2791,8077,0,0,0,0,1,0
134,69270,1422,-9330,112,-7796,25947,-2592,2041,0,0,0,0,1,0
135,69791,1580,-6630,-223,-5273,28831,-2292,-4073,0,0,0,0,1,0
136,70312,1678,-3407,-550,-2279,30607,-1905,-10031,0,0,0,0,1,0
137,70833,1711,212,-855,1067,31207,-1445,-15603,0,0,0,0,1,0
138,71354,1678,4081,-1128,4631,30607,-929,-20576,0,0,0,0,1,0
139,71875,1580,8046,-1357,8270,28831,-377,-24758,0,0,0,0,1,0
140,72395,1422,11952,-1534,11840,25947,189,-27988,0,0,0,0,1,0
141,72916,1210,15642,-1652,15199,22066,748,-30143,0,0,0,0,1,0
142,73437,950,18970,-1707,18213,17337,1278,-31140,0,0,0,0,1,0
143,73958,655,21803,-1696,20762,11942,1759,-30940,0,0,0,0,1,0
144,74479,334,24029,-1620,22743,6088,2172,-29551,0,0,0,0,1,0
145,75000,0,25556,-1481,24075,0,2502,-27026,0,0,0,0,1,0
146,75520,-334,26323,-1286,24703,-6088,2736,-23462,0,0,0,0,1,0
147,76041,-655,26294,-1041,24599,-11942,2865,-18997,0,0,0,0,1,0
148,76562,-950,25468,-757,23761,-17337,2883,-13802,0,0,0,0,1,0
149,77083,-1210,23872,-443,22220,-22066,2791,-8077,0,0,0,0,1,0
150,77604,-1422,21562,-112,20028,-25947,2592,-2041,0,0,0,0,1,0
151,78125,-1580,18625,223,17268,-28831,2292,4073,0,0,0,0,1,0
152,78645,-1678,15168,550,14040,-30607,1905,10031,0,0,0,0,1,0
153,79166,-1711,11321,855,10466,-31207,1445,15603,0,0,0,0,1,0
154,79687,-1678,7228,1128,6678,-30607,929,20576,0,0,0,0,1,0
155,80208,-1580,3042,1357,2819,-28831,377,24758,0,0,0,0,1,0
156,80729,-1422,-1079,1534,-967,-25947,-189,27988,0,0,0,0,1,0
157,81250,-1210,-4980,1652,-4537,-22066,-748,30143,0,0,0,0,1,0
158,81770,-950,-8515,1707,-7759,-17337,-1278,31140,0,0,0,0,1,0
159,82291,-655,-11552,1696,-10511,-11942,-1759,30940,0,0,0,0,1,0
160,82812,-334,-13977,1620,-12691,-6088,-2172,29551,0,0,0,0,1,0
161,83333,0,-15700,1481,-14219,0,-2502,27026,0,0,0,0,1,0
162,83854,334,-16658,1286,-15038,6088,-2736,23462,0,0,0,0,1,0
163,84375,655,-16818,1041,-15122,11942,-2865,18997,0,0,0,0,1,0
164,84895,950,-16176,757,-14469,17337,-2883,13802,0,0,0,0,1,0
165,85416,1210,-14760,443,-13108,22066,-2791,8077,0,0,0,0,1,0
166,85937,1422,-12628,112,-11094,25947,-2592,2041,0,0,0,0,1,0
167,86458,1580,-9864,-223,-8507,28831,-2292,-4073,0,0,0,0,1,0
168,86979,1678,-6577,-550,-5450,30607,-1905,-10031,0,0,0,0,1,0
169,87500,1711,-2897,-855,-2042,31207,-1445,-15603,0,0,0,0,1,0
170,88020,1678,1032,-1128,1582,30607,-929,-20576,0,0,0,0,1,0
171,88541,1580,5057,-1357,5280,28831,-377,-24758,0,0,0,0,1,0
172,89062,1422,9020,-1534,8909,25947,189,-27988,0,0,0,0,1,0
173,89583,1210,12767,-1652,12325,22066,748,-30143,0,0,0,0,1,0
174,90104,950,16151,-1707,15395,17337,1278,-31140,0,0,0,0,1,0
175,90625,655,19039,-1696,17998,11942,1759,-30940,0,0,0,0,1,0
176,91145,334,21319,-1620,20033,6088,2172,-29551,0,0,0,0,1,0
177,91666,0,22899,-1481,21418,0,2502,-27026,0,0,0,0,1,0
178,92187,-334,23717,-1286,22097,-6088,2736,-23462,0,0,0,0,1,0
179,92708,-655,23740,-1041,22044,-11942,2865,-18997,0,0,0,0,1,0
180,93229,-950,22963,-757,21256,-17337,2883,-13802,0,0,0,0,1,0
181,93750,-1210,21415,-443,19763,-22066,2791,-8077,0,0,0,0,1,0
182,94270,-1422,19154,-112,17620,-25947,2592,-2041,0,0,0,0,1,0
183,94791,-1580,16263,223,14906,-28831,2292,4073,0,0,0,0,1,0
184,95312,-1678,12852,550,11724,-30607,1905,10031,0,0,0,0,1,0
185,95833,-1711,9050,855,8195,-31207,1445,15603,0,0,0,0,1,0
186,96354,-1678,5001,1128,4451,-30607,929,20576,0,0,0,0,1,0
187,96875,-1580,859,1357,635,-28831,377,24758,0,0,0,0,1,0
188,97395,-1422,-3220,1534,-3108,-25947,-189,27988,0,0,0,0,1,0
189,97916,-1210,-7080,1652,-6637,-22066,-748,30143,0,0,0,0,1,0
190,98437,-950,-10574,1707,-9817,-17337,-1278,31140,0,0,0,0,1,0
191,98958,-655,-13571,1696,-12529,-11942,-1759,30940,0,0,0,0,1,0
192,99479,-334,-15956,1620,-14670,-6088,-2172,29551,0,0,0,0,1,0
193,100000,0,-17641,1481,-16159,0,-2502,27026,0,0,0,0,1,0
194,100520,334,-18561,1286,-16941,6088,-2736,23462,0,0,0,0,1,0
195,101041,655,-18684,1041,-16988,11942,-2865,18997,0,0,0,0,1,0
196,101562,950,-18006,757,-16299,17337,-2883,13802,0,0,0,0,1,0
197,102083,1210,-16554,443,-14902,22066,-2791,8077,0,0,0,0,1,0
198,102604,1422,-14387,112,-12853,25947,-2592,2041,0,0,0,0,1,0
199,103125,1580,-11589,-223,-10232,28831,-2292,-4073,0,0,0,0,1,0
200,103645,1678,-8269,-550,-7141,30607,-1905,-10031,0,0,0,0,1,0
201,104166,1711,-4556,-855,-3701,31207,-1445,-15603,0,0,0,0,1,0
202,104687,1678,-594,-1128,-45,30607,-929,-20576,0,0,0,0,1,0
203,105208,1580,3462,-1357,3685,28831,-377,-24758,0,0,0,0,1,0
204,105729,1422,7457,-1534,7345,25947,189,-27988,0,0,0,0,1,0
205,106250,1210,11234,-1652,10791,22066,748,-30143,0,0,0,0,1,0
206,106770,950,14648,-1707,13891,17337,1278,-31140,0,0,0,0,1,0
207,107291,655,17565,-1696,16524,11942,1759,-30940,0,0,0,0,1,0
208,107812,334,19873,-1620,18587,6088,2172,-29551,0,0,0,0,1,0
209,108333,0,21481,-1481,20000,0,2502,-27026,0,0,0,0,1,0
210,108854,-334,22327,-1286,20707,-6088,2736,-23462,0,0,0,0,1,0
211,109375,-655,22377,-1041,20681,-11942,2865,-18997,0,0,0,0,1,0
212,109895,-950,21627,-757,19920,-17337,2883,-13802,0,0,0,0,1,0
213,110416,-1210,20105,-443,18453,-22066,2791,-8077,0,0,0,0,1,0
214,110937,-1422,17869,-112,16335,-25947,2592,-2041,0,0,0,0,1,0
215,111458,-1580,15003,223,13646,-28831,2292,4073,0,0,0,0,1,0
216,111979,-1678,11616,550,10489,-30607,1905,10031,0,0,0,0,1,0
217,112500,-1711,7838,855,6983,-31207,1445,15603,0,0,0,0,1,0
218,113020,-1678,3813,1128,3263,-30607,929,20576,0,0,0,0,1,0
219,113541,-1580,-306,1357,-530,-28831,377,24758,0,0,0,0,1,0
220,114062,-1422,-4362,1534,-4250,-25947,-189,27988,0,0,0,0,1,0
221,114583,-1210,-8200,1652,-7757,-22066,-748,30143,0,0,0,0,1,0
222,115104,-950,-11672,1707,-10916,-17337,-1278,31140,0,0,0,0,1,0
223,115625,-655,-14648,1696,-13606,-11942,-1759,30940,0,0,0,0,1,0
224,116145,-334,-17012,1620,-15726,-6088,-2172,29551,0,0,0,0,1,0
225,116666,0,-18676,1481,-17195,0,-2502,27026,0,0,0,0,1,0
226,117187,334,-19576,1286,-17957,6088,-2736,23462,0,0,0,0,1,0
227,117708,655,-19679,1041,-17984,11942,-2865,18997,0,0,0,0,1,0
228,118229,950,-18982,757,-17275,17337,-2883,13802,0,0,0,0,1,0
229,118750,1210,-17512,443,-15859,22066,-2791,8077,0,0,0,0,1,0
230,119270,1422,-15326,112,-13792,25947,-2592,2041,0,0,0,0,1,0
231,119791,1580,-12509,-223,-11152,28831,-2292,-4073,0,0,0,0,1,0
232,120312,1678,-9172,-550,-8044,30607,-1905,-10031,0,0,0,0,1,0
233,120833,1711,-5441,-855,-4586,31207,-1445,-15603,0,0,0,0,1,0
234,121354,1678,-1462,-1128,-912,30607,-929,-20576,0,0,0,0,1,0
235,121875,1580,2611,-1357,2835,28831,-377,-24758,0,0,0,0,1,0
236,122395,1422,6622,-1534,6510,25947,189,-27988,0,0,0,0,1,0
237,122916,1210,10416,-1652,9973,22066,748,-30143,0,0,0,0,1,0
238,123437,950,13845,-1707,13089,17337,1278,-31140,0,0,0,0,1,0
239,123958,655,16778,-1696,15737,11942,1759,-30940,0,0,0,0,1,0
240,124479,334,19102,-1620,17816,6088,2172,-29551,0,0,0,0,1,0
241,125000,0,20725,-1481,19244,0,2502,-27026,0,0,0,0,1,0
242,125520,-334,21586,-1286,19966,-6088,2736,-23462,0,0,0,0,1,0
243,126041,-655,21649,-1041,19954,-11942,2865,-18997,0,0,0,0,1,0
244,126562,-950,20914,-757,19207,-17337,2883,-13802,0,0,0,0,1,0
245,127083,-1210,19406,-443,17754,-22066,2791,-8077,0,0,0,0,1,0
246,127604,-1422,17183,-112,15649,-25947,2592,-2041,0,0,0,0,1,0
247,128124,-1580,14331,223,12974,-28831,2292,4073,0,0,0,0,1,0
248,128645,-1678,10957,550,9829,-30607,1905,10031,0,0,0,0,1,0
249,129166,-1711,7192,855,6337,-31207,1445,15603,0,0,0,0,1,0
250,129687,-1678,3179,1128,2629,-30607,929,20576,0,0,0,0,1,0
251,130208,-1580,-928,1357,-1151,-28831,377,24758,0,0,0,0,1,0
252,130729,-1422,-4971,1534,-4860,-25947,-189,27988,0,0,0,0,1,0
253,131250,-1210,-8797,1652,-8354,-22066,-748,30143,0,0,0,0,1,0
254,131770,-950,-12258,1707,-11502,-17337,-1278,31140,0,0,0,0,1,0
255,132291,-655,-15222,1696,-14181,-11942,-1759,30940,0,0,0,0,1,0
256,132812,-334,-17575,1620,-16289,-6088,-2172,29551,0,0,0,0,1,0
257,133333,0,-19229,1481,-17747,0,-2502,27026,0,0,0,0,1,0
258,133854,334,-20118,1286,-18498,6088,-2736,23462,0,0,0,0,1,0
259,134375,655,-20211,1041,-18515,11942,-2865,18997,0,0,0,0,1,0
260,134895,950,-19503,757,-17796,17337,-2883,13802,0,0,0,0,1,0
261,135416,1210,-18022,443,-16370,22066,-2791,8077,0,0,0,0,1,0
262,135937,1422,-15827,112,-14292,25947,-2592,2041,0,0,0,0,1,0
263,136458,1580,-13000,-223,-11643,28831,-2292,-4073,0,0,0,0,1,0
264,136979,1678,-9653,-550,-8525,30607,-1905,-10031,0,0,0,0,1,0
265,137500,1711,-5913,-855,-5058,31207,-1445,-15603,0,0,0,0,1,0
266,138020,1678,-1925,-1128,-1375,30607,-929,-20576,0,0,0,0,1,0
267,138541,1580,2157,-1357,2381,28831,-377,-24758,0,0,0,0,1,0
268,139062,1422,6177,-1534,6065,25947,189,-27988,0,0,0,0,1,0
269,139583,1210,9979,-1652,9537,22066,748,-30143,0,0,0,0,1,0
270,140104,950,13417,-1707,12661,17337,1278,-31140,0,0,0,0,1,0
271,140625,655,16359,-1696,15318,11942,1759,-30940,0,0,0,0,1,0
272,141145,334,18690,-1620,17404,6088,2172,-29551,0,0,0,0,1,0
273,141666,0,20322,-1481,18840,0,2502,-27026,0,0,0,0,1,0
274,142187,-334,21190,-1286,19570,-6088,2736,-23462,0,0,0,0,1,0
275,142708,-655,21262,-1041,19566,-11942,2865,-18997,0,0,0,0,1,0
276,143229,-950,20533,-757,18826,-17337,2883,-13802,0,0,0,0,1,0
277,143750,-1210,19033,-443,17381,-22066,2791,-8077,0,0,0,0,1,0
278,144270,-1422,16817,-112,15283,-25947,2592,-2041,0,0,0,0,1,0
279,144791,-1580,13972,223,12615,-28831,2292,4073,0,0,0,0,1,0
280,145312,-1678,10606,550,9478,-30607,1905,10031,0,0,0,0,1,0
281,145833,-1711,6847,855,5992,-31207,1445,15603,0,0,0,0,1,0
282,146354,-1678,2841,1128,2291,-30607,929,20576,0,0,0,0,1,0
283,146875,-1580,-1259,1357,-1483,-28831,377,24758,0,0,0,0,1,0
284,147395,-1422,-5297,1534,-5185,-25947,-189,27988,0,0,0,0,1,0
285,147916,-1210,-9116,1652,-8673,-22066,-748,30143,0,0,0,0,1,0
286,148437,-950,-12571,1707,-11814,-17337,-1278,31140,0,0,0,0,1,0
287,148958,-655,-15529,1696,-14487,-11942,-1759,30940,0,0,0,0,1,0
288,149479,-334,-17876,1620,-16590,-6088,-2172,29551,0,0,0,0,1,0
289,150000,0,-19523,1481,-18042,0,-2502,27026,0,0,0,0,1,0
290,150520,334,-20407,1286,-18787,6088,-2736,23462,0,0,0,0,1,0
291,151041,655,-20494,1041,-18798,11942,-2865,18997,0,0,0,0,1,0
292,151562,950,-19781,757,-18074,17337,-2883,13802,0,0,0,0,1,0
293,152083,1210,-18295,443,-16642,22066,-2791,8077,0,0,0,0,1,0
294,152604,1422,-16094,112,-14560,25947,-2592,2041,0,0,0,0,1,0
295,153125,1580,-13262,-223,-11905,28831,-2292,-4073,0,0,0,0,1,0
296,153645,1678,-9910,-550,-8782,30607,-1905,-10031,0,0,0,0,1,0
297,154166,1711,-6165,-855,-5310,31207,-1445,-15603,0,0,0,0,1,0
298,154687,1678,-2172,-1128,-1622,30607,-929,-20576,0,0,0,0,1,0
299,155208,1580,1915,-1357,2139,28831,-377,-24758,0,0,0,0,1,0
300,155729,1422,5940,-1534,5828,25947,189,-27988,0,0,0,0,1,0
301,156250,1210,9747,-1652,9304,22066,748,-30143,0,0,0,0,1,0
302,156770,950,13189,-1707,12433,17337,1278,-31140,0,0,0,0,1,0
303,157291,655,16135,-1696,15094,11942,1759,-30940,0,0,0,0,1,0
304,157812,334,18471,-1620,17185,6088,2172,-29551,0,0,0,0,1,0
305,158333,0,20106,-1481,18625,0,2502,-27026,0,0,0,0,1,0
306,158854,-334,20979,-1286,19359,-6088,2736,-23462,0,0,0,0,1,0
307,159375,-655,21055,-1041,19359,-11942,2865,-18997,0,0,0,0,1,0
308,159895,-950,20330,-757,18623,-17337,2883,-13802,0,0,0,0,1,0
309,160416,-1210,18834,-443,17182,-22066,2791,-8077,0,0,0,0,1,0
310,160937,-1422,16622,-112,15088,-25947,2592,-2041,0,0,0,0,1,0
311,161458,-1580,13781,223,12424,-28831,2292,4073,0,0,0,0,1,0
312,161979,-1678,10418,550,9290,-30607,1905,10031,0,0,0,0,1,0
313,162500,-1711,6663,855,5808,-31207,1445,15603,0,0,0,0,1,0
314,163020,-1678,2661,1128,2111,-30607,929,20576,0,0,0,0,1,0
315,163541,-1580,-1436,1357,-1659,-28831,377,24758,0,0,0,0,1,0
316,164062,-1422,-5470,1534,-5358,-25947,-189,27988,0,0,0,0,1,0
317,164583,-1210,-9286,1652,-8843,-22066,-748,30143,0,0,0,0,1,0
318,165104,-950,-12737,1707,-11981,-17337,-1278,31140,0,0,0,0,1,0
319,165625,-655,-15692,1696,-14651,-11942,-1759,30940,0,0,0,0,1,0
320,166145,-334,-18036,1620,-16750,-6088,-2172,29551,0,0,0,0,1,0
321,166666,0,-19680,1481,-18199,0,-2502,27026,0,0,0,0,1,0
322,167187,334,-20561,1286,-18941,6088,-2736,23462,0,0,0,0,1,0
323,167708,655,-20645,1041,-18949,11942,-2865,18997,0,0,0,0,1,0
324,168229,950,-19929,757,-18222,17337,-2883,13802,0,0,0,0,1,0
325,168750,1210,-18440,443,-16788,22066,-2791,8077,0,0,0,0,1,0
326,169270,1422,-16236,112,-14702,25947,-2592,2041,0,0,0,0,1,0
327,169791,1580,-13402,-223,-12045,28831,-2292,-4073,0,0,0,0,1,0
328,170312,1678,-10047,-550,-8919,30607,-1905,-10031,0,0,0,0,1,0
329,170833,1711,-6299,-855,-5444,31207,-1445,-15603,0,0,0,0,1,0
330,171354,1678,-2304,-1128,-1754,30607,-929,-20576,0,0,0,0,1,0
331,171875,1580,1786,-1357,2009,28831,-377,-24758,0,0,0,0,1,0
332,172395,1422,5813,-1534,5701,25947,189,-27988,0,0,0,0,1,0
333,172916,1210,9622,-1652,9180,22066,748,-30143,0,0,0,0,1,0
334,173437,950,13067,-1707,12311,17337,1278,-31140,0,0,0,0,1,0
335,173958,655,16016,-1696,14974,11942,1759,-30940,0,0,0,0,1,0
336,174479,334,18354,-1620,17068,6088,2172,-29551,0,0,0,0,1,0
337,175000,0,19992,-1481,18510,0,2502,-27026,0,0,0,0,1,0
338,175520,-334,20866,-1286,19247,-6088,2736,-23462,0,0,0,0,1,0
339,176041,-655,20944,-1041,19248,-11942,2865,-18997,0,0,0,0,1,0
340,176562,-950,20222,-757,18515,-17337,2883,-13802,0,0,0,0,1,0
341,177083,-1210,18728,-443,17075,-22066,2791,-8077,0,0,0,0,1,0
342,177604,-1422,16518,-112,14984,-25947,2592,-2041,0,0,0,0,1,0
343,178125,-1580,13679,223,12322,-28831,2292,4073,0,0,0,0,1,0
344,178645,-1678,10318,550,9190,-30607,1905,10031,0,0,0,0,1,0
345,179166,-1711,6565,855,5710,-31207,1445,15603,0,0,0,0,1,0
346,179687,-1678,2564,1128,2015,-30607,929,20576,0,0,0,0,1,0
347,180208,-1580,-1531,1357,-1754,-28831,377,24758,0,0,0,0,1,0
348,180729,-1422,-5562,1534,-5451,-25947,-189,27988,0,0,0,0,1,0
349,181250,-1210,-9377,1652,-8934,-22066,-748,30143,0,0,0,0,1,0
350,181770,-950,-12826,1707,-12070,-17337,-1278,31140,0,0,0,0,1,0
351,182291,-655,-15779,1696,-14738,-11942,-1759,30940,0,0,0,0,1,0
352,182812,-334,-18122,1620,-16836,-6088,-2172,29551,0,0,0,0,1,0
353,183333,0,-19764,1481,-18283,0,-2502,27026,0,0,0,0,1,0
354,183854,334,-20643,1286,-19024,6088,-2736,23462,0,0,0,0,1,0
355,184375,655,-20726,1041,-19030,11942,-2865,18997,0,0,0,0,1,0
356,184895,950,-20008,757,-18301,17337,-2883,13802,0,0,0,0,1,0
357,185416,1210,-18518,443,-16865,22066,-2791,8077,0,0,0,0,1,0
358,185937,1422,-16312,112,-14778,25947,-2592,2041,0,0,0,0,1,0
359,186458,1580,-13477,-223,-12120,28831,-2292,-4073,0,0,0,0,1,0
360,186979,1678,-10120,-550,-8992,30607,-1905,-10031,0,0,0,0,1,0
361,187500,1711,-6371,-855,-5516,31207,-1445,-15603,0,0,0,0,1,0
362,188020,1678,-2374,-1128,-1824,30607,-929,-20576,0,0,0,0,1,0
363,188541,1580,1717,-1357,1940,28831,-377,-24758,0,0,0,0,1,0
364,189062,1422,5746,-1534,5634,25947,189,-27988,0,0,0,0,1,0
365,189583,1210,9556,-1652,9113,22066,748,-30143,0,0,0,0,1,0
366,190104,950,13002,-1707,12246,17337,1278,-31140,0,0,0,0,1,0
367,190625,655,15952,-1696,14911,11942,1759,-30940,0,0,0,0,1,0
368,191145,334,18291,-1620,17005,6088,2172,-29551,0,0,0,0,1,0
369,191666,0,19930,-1481,18449,0,2502,-27026,0,0,0,0,1,0
370,192187,-334,20806,-1286,19186,-6088,2736,-23462,0,0,0,0,1,0
371,192708,-655,20885,-1041,19189,-11942,2865,-18997,0,0,0,0,1,0
372,193229,-950,20164,-757,18457,-17337,2883,-13802,0,0,0,0,1,0
373,193750,-1210,18671,-443,17019,-22066,2791,-8077,0,0,0,0,1,0
374,194270,-1422,16463,-112,14929,-25947,2592,-2041,0,0,0,0,1,0
375,194791,-1580,13624,223,12267,-28831,2292,4073,0,0,0,0,1,0
376,195312,-1678,10265,550,9137,-30607,1905,10031,0,0,0,0,1,0
377,195833,-1711,6513,855,5658,-31207,1445,15603,0,0,0,0,1,0
378,196354,-1678,2513,1128,1963,-30607,929,20576,0,0,0,0,1,0
379,196875,-1580,-1581,1357,-1804,-28831,377,24758,0,0,0,0,1,0
380,197395,-1422,-5612,1534,-5500,-25947,-189,27988,0,0,0,0,1,0
381,197916,-1210,-9425,1652,-8982,-22066,-748,30143,0,0,0,0,1,0
382,198437,-950,-12874,1707,-12117,-17337,-1278,31140,0,0,0,0,1,0
383,198958,-655,-15826,1696,-14784,-11942,-1759,30940,0,0,0,0,1,0
384,199479,-334,-18168,1620,-16881,-6088,-2172,29551,0,0,0,0,1,0
385,200000,0,-19809,1481,-18328,0,-2502,27026,0,0,0,0,1,0
386,200520,334,-20687,1286,-19068,6088,-2736,23462,0,0,0,0,1,0
387,201041,655,-20769,1041,-19073,11942,-2865,18997,0,0,0,0,1,0
388,201562,950,-20050,757,-18343,17337,-2883,13802,0,0,0,0,1,0
389,202083,1210,-18559,443,-16907,22066,-2791,8077,0,0,0,0,1,0
390,202604,1422,-16353,112,-14819,25947,-2592,2041,0,0,0,0,1,0
391,203125,1580,-13516,-223,-12159,28831,-2292,-4073,0,0,0,0,1,0
392,203645,1678,-10159,-550,-9031,30607,-1905,-10031,0,0,0,0,1,0
393,204166,1711,-6409,-855,-5554,31207,-1445,-15603,0,0,0,0,1,0
394,204687,1678,-2412,-1128,-1862,30607,-929,-20576,0,0,0,0,1,0
395,205208,1580,1680,-1357,1904,28831,-377,-24758,0,0,0,0,1,0
396,205729,1422,5710,-1534,5598,25947,189,-27988,0,0,0,0,1,0
397,206250,1210,9521,-1652,9078,22066,748,-30143,0,0,0,0,1,0
398,206770,950,12968,-1707,12211,17337,1278,-31140,0,0,0,0,1,0
399,207291,655,15918,-1696,14877,11942,1759,-30940,0,0,0,0,1,0
400,207812,334,18258,-1620,16972,6088,2172,-29551,0,0,0,0,1,0
401,208333,0,19898,-1481,18416,0,2502,-27026,0,0,0,0,1,0
402,208854,-334,20774,-1286,19154,-6088,2736,-23462,0,0,0,0,1,0
403,209375,-655,20854,-1041,19158,-11942,2865,-18997,0,0,0,0,1,0
404,209895,-950,20133,-757,18427,-17337,2883,-13802,0,0,0,0,1,0
405,210416,-1210,18641,-443,16989,-22066,2791,-8077,0,0,0,0,1,0
406,210937,-1422,16433,-112,14899,-25947,2592,-2041,0,0,0,0,1,0
407,211458,-1580,13595,223,12238,-28831,2292,4073,0,0,0,0,1,0
408,211979,-1678,10236,550,9108,-30607,1905,10031,0,0,0,0,1,0
409,212500,-1711,6485,855,5630,-31207,1445,15603,0,0,0,0,1,0
410,213020,-1678,2486,1128,1936,-30607,929,20576,0,0,0,0,1,0
411,213541,-1580,-1608,1357,-1831,-28831,377,24758,0,0,0,0,1,0
412,214062,-1422,-5638,1534,-5526,-25947,-189,27988,0,0,0,0,1,0
413,214583,-1210,-9451,1652,-9008,-22066,-748,30143,0,0,0,0,1,0
414,215104,-950,-12899,1707,-12143,-17337,-1278,31140,0,0,0,0,1,0
415,215625,-655,-15851,1696,-14809,-11942,-1759,30940,0,0,0,0,1,0
416,216145,-334,-18192,1620,-16906,-6088,-2172,29551,0,0,0,0,1,0
417,216666,0,-19833,1481,-18352,0,-2502,27026,0,0,0,0,1,0
418,217187,334,-20711,1286,-19091,6088,-2736,23462,0,0,0,0,1,0
419,217708,655,-20792,1041,-19096,11942,-2865,18997,0,0,0,0,1,0
420,218229,950,-20073,757,-18366,17337,-2883,13802,0,0,0,0,1,0
421,218750,1210,-18581,443,-16929,22066,-2791,8077,0,0,0,0,1,0
422,219270,1422,-16374,112,-14840,25947,-2592,2041,0,0,0,0,1,0
423,219791,1580,-13538,-223,-12181,28831,-2292,-4073,0,0,0,0,1,0
424,220312,1678,-10180,-550,-9052,30607,-1905,-10031,0,0,0,0,1,0
425,220833,1711,-6430,-855,-5574,31207,-1445,-15603,0,0,0,0,1,0
426,221354,1678,-2432,-1128,-1882,30607,-929,-20576,0,0,0,0,1,0
427,221875,1580,1661,-1357,1884,28831,-377,-24758,0,0,0,0,1,0
428,222395,1422,5690,-1534,5578,25947,189,-27988,0,0,0,0,1,0
429,222916,1210,9502,-1652,9059,22066,748,-30143,0,0,0,0,1,0
430,223437,950,12949,-1707,12193,17337,1278,-31140,0,0,0,0,1,0
431,223958,655,15900,-1696,14858,11942,1759,-30940,0,0,0,0,1,0
432,224479,334,18240,-1620,16954,6088,2172,-29551,0,0,0,0,1,0
433,225000,0,19880,-1481,18399,0,2502,-27026,0,0,0,0,1,0
434,225520,-334,20757,-1286,19137,-6088,2736,-23462,0,0,0,0,1,0
435,226041,-655,20837,-1041,19141,-11942,2865,-18997,0,0,0,0,1,0
436,226562,-950,20117,-757,18410,-17337,2883,-13802,0,0,0,0,1,0
437,227083,-1210,18625,-443,16972,-22066,2791,-8077,0,0,0,0,1,0
438,227604,-1422,16417,-112,14883,-25947,2592,-2041,0,0,0,0,1,0
439,228125,-1580,13580,223,12223,-28831,2292,4073,0,0,0,0,1,0
440,228645,-1678,10221,550,9093,-30607,1905,10031,0,0,0,0,1,0
441,229166,-1711,6470,855,5615,-31207,1445,15603,0,0,0,0,1,0
442,229687,-1678,2471,1128,1921,-30607,929,20576,0,0,0,0,1,0
443,230208,-1580,-1622,1357,-1845,-28831,377,24758,0,0,0,0,1,0
444,230729,-1422,-5652,1534,-5540,-25947,-189,27988,0,0,0,0,1,0
445,231250,-1210,-9465,1652,-9022,-22066,-748,30143,0,0,0,0,1,0
446,231770,-950,-12913,1707,-12156,-17337,-1278,31140,0,0,0,0,1,0
447,232291,-655,-15864,1696,-14823,-11942,-1759,30940,0,0,0,0,1,0
448,232812,-334,-18205,1620,-16919,-6088,-2172,29551,0,0,0,0,1,0
449,233333,0,-19846,1481,-18364,0,-2502,27026,0,0,0,0,1,0
450,233854,334,-20723,1286,-19103,6088,-2736,23462,0,0,0,0,1,0
451,234375,655,-20804,1041,-19108,11942,-2865,18997,0,0,0,0,1,0
452,234895,950,-20085,757,-18378,17337,-2883,13802,0,0,0,0,1,0
453,235416,1210,-18593,443,-16941,22066,-2791,8077,0,0,0,0,1,0
454,235937,1422,-16386,112,-14852,25947,-2592,2041,0,0,0,0,1,0
455,236458,1580,-13549,-223,-12192,28831,-2292,-4073,0,0,0,0,1,0
456,236979,1678,-10191,-550,-9063,30607,-1905,-10031,0,0,0,0,1,0
457,237500,1711,-6441,-855,-5585,31207,-1445,-15603,0,0,0,0,1,0
458,238020,1678,-2442,-1128,-1892,30607,-929,-20576,0,0,0,0,1,0
459,238541,1580,1650,-1357,1874,28831,-377,-24758,0,0,0,0,1,0
460,239062,1422,5680,-1534,5568,25947,189,-27988,0,0,0,0,1,0
461,239583,1210,9492,-1652,9049,22066,748,-30143,0,0,0,0,1,0
462,240104,950,12939,-1707,12183,17337,1278,-31140,0,0,0,0,1,0
463,240625,655,15890,-1696,14849,11942,1759,-30940,0,0,0,0,1,0
464,241145,334,18231,-1620,16944,6088,2172,-29551,0,0,0,0,1,0
465,241666,0,19871,-1481,18389,0,2502,-27026,0,0,0,0,1,0
466,242187,-334,20748,-1286,19128,-6088,2736,-23462,0,0,0,0,1,0
467,242708,-655,20828,-1041,19132,-11942,2865,-18997,0,0,0,0,1,0
468,243229,-950,20108,-757,18401,-17337,2883,-13802,0,0,0,0,1,0
469,243750,-1210,18616,-443,16964,-22066,2791,-8077,0,0,0,0,1,0
470,244270,-1422,16409,-112,14875,-25947,2592,-2041,0,0,0,0,1,0
471,244791,-1580,13571,223,12214,-28831,2292,4073,0,0,0,0,1,0
472,245312,-1678,10213,550,9085,-30607,1905,10031,0,0,0,0,1,0
473,245833,-1711,6462,855,5607,-31207,1445,15603,0,0,0,0,1,0
474,246354,-1678,2463,1128,1914,-30607,929,20576,0,0,0,0,1,0
475,246875,-1580,-1630,1357,-1853,-28831,377,24758,0,0,0,0,1,0
476,247395,-1422,-5660,1534,-5548,-25947,-189,27988,0,0,0,0,1,0
477,247916,-1210,-9472,1652,-9029,-22066,-748,30143,0,0,0,0,1,0
478,248437,-950,-12920,1707,-12163,-17337,-1278,31140,0,0,0,0,1,0
479,248958,-655,-15871,1696,-14830,-11942,-1759,30940,0,0,0,0,1,0
480,249479,-334,-18212,1620,-16926,-6088,-2172,29551,0,0,0,0,1,0
481,250000,0,-19852,1481,-18371,0,-2502,27026,0,0,0,0,1,0
482,250520,334,-20730,1286,-19110,6088,-2736,23462,0,0,0,0,1,0
483,251041,655,-20810,1041,-19115,11942,-2865,18997,0,0,0,0,1,0
484,251562,950,-20091,757,-18384,17337,-2883,13802,0,0,0,0,1,0
485,252083,1210,-18599,443,-16947,22066,-2791,8077,0,0,0,0,1,0
486,252604,1422,-16392,112,-14858,25947,-2592,2041,0,0,0,0,1,0
487,253125,1580,-13555,-223,-12198,28831,-2292,-4073,0,0,0,0,1,0
488,253645,1678,-10197,-550,-9069,30607,-1905,-10031,0,0,0,0,1,0
489,254166,1711,-6446,-855,-5591,31207,-1445,-15603,0,0,0,0,1,0
490,254687,1678,-2448,-1128,-1898,30607,-929,-20576,0,0,0,0,1,0
491,255208,1580,1645,-1357,1868,28831,-377,-24758,0,0,0,0,1,0
492,255729,1422,5675,-1534,5563,25947,189,-27988,0,0,0,0,1,0
493,256249,1210,9486,-1652,9044,22066,748,-30143,0,0,0,0,1,0
494,256770,950,12934,-1707,12178,17337,1278,-31140,0,0,0,0,1,0
495,257291,655,15885,-1696,14844,11942,1759,-30940,0,0,0,0,1,0
496,257812,334,18225,-1620,16939,6088,2172,-29551,0,0,0,0,1,0
497,258333,0,19866,-1481,18385,0,2502,-27026,0,0,0,0,1,0
498,258854,-334,20743,-1286,19123,-6088,2736,-23462,0,0,0,0,1,0
499,259375,-655,20823,-1041,19127,-11942,2865,-18997,0,0,0,0,1,0
500,259895,-950,20104,-757,18397,-17337,2883,-13802,0,0,0,0,1,0
501,260416,-1210,18611,-443,16959,-22066,2791,-8077,0,0,0,0,1,0
502,260937,-1422,16404,-112,14870,-25947,2592,-2041,0,0,0,0,1,0
503,261458,-1580,13567,223,12210,-28831,2292,4073,0,0,0,0,1,0
504,261979,-1678,10208,550,9081,-30607,1905,10031,0,0,0,0,1,0
505,262500,-1711,6458,855,5603,-31207,1445,15603,0,0,0,0,1,0
506,263020,-1678,2459,1128,1909,-30607,929,20576,0,0,0,0,1,0
507,263541,-1580,-1634,1357,-1857,-28831,377,24758,0,0,0,0,1,0
508,264062,-1422,-5664,1534,-5552,-25947,-189,27988,0,0,0,0,1,0
509,264583,-1210,-9476,1652,-9033,-22066,-748,30143,0,0,0,0,1,0
510,265104,-950,-12924,1707,-12167,-17337,-1278,31140,0,0,0,0,1,0
511,265625,-655,-15875,1696,-14833,-11942,-1759,30940,0,0,0,0,1,0
512,266145,-334,-18215,1620,-16929,-6088,-2172,29551,0,0,0,0,1,0
513,266666,0,-19856,1481,-18375,0,-2502,27026,0,0,0,0,1,0
514,267187,334,-20733,1286,-19114,6088,-2736,23462,0,0,0,0,1,0
515,267708,655,-20814,1041,-19118,11942,-2865,18997,0,0,0,0,1,0
516,268229,950,-20094,757,-18387,17337,-2883,13802,0,0,0,0,1,0
517,268750,1210,-18602,443,-16950,22066,-2791,8077,0,0,0,0,1,0
518,269270,1422,-16395,112,-14861,25947,-2592,2041,0,0,0,0,1,0
519,269791,1580,-13558,-223,-12201,28831,-2292,-4073,0,0,0,0,1,0
520,270312,1678,-10200,-550,-9072,30607,-1905,-10031,0,0,0,0,1,0
521,270833,1711,-6449,-855,-5594,31207,-1445,-15603,0,0,0,0,1,0
522,271354,1678,-2451,-1128,-1901,30607,-929,-20576,0,0,0,0,1,0
523,271875,1580,1642,-1357,1865,28831,-377,-24758,0,0,0,0,1,0
524,272395,1422,5672,-1534,5560,25947,189,-27988,0,0,0,0,1,0
525,272916,1210,9484,-1652,9041,22066,748,-30143,0,0,0,0,1,0
526,273437,950,12931,-1707,12175,17337,1278,-31140,0,0,0,0,1,0
527,273958,655,15882,-1696,14841,11942,1759,-30940,0,0,0,0,1,0
528,274479,334,18223,-1620,16937,6088,2172,-29551,0,0,0,0,1,0
529,275000,0,19863,-1481,18382,0,2502,-27026,0,0,0,0,1,0
530,275520,-334,20740,-1286,19121,-6088,2736,-23462,0,0,0,0,1,0
531,276041,-655,20821,-1041,19125,-11942,2865,-18997,0,0,0,0,1,0
532,276562,-950,20101,-757,18394,-17337,2883,-13802,0,0,0,0,1,0
533,277083,-1210,18609,-443,16957,-22066,2791,-8077,0,0,0,0,1,0
534,277604,-1422,16402,-112,14868,-25947,2592,-2041,0,0,0,0,1,0
535,278125,-1580,13565,223,12208,-28831,2292,4073,0,0,0,0,1,0
536,278645,-1678,10206,550,9078,-30607,1905,10031,0,0,0,0,1,0
537,279166,-1711,6456,855,5600,-31207,1445,15603,0,0,0,0,1,0
538,279687,-1678,2457,1128,1907,-30607,929,20576,0,0,0,0,1,0
539,280208,-1580,-1636,1357,-1859,-28831,377,24758,0,0,0,0,1,0
540,280729,-1422,-5666,1534,-5554,-25947,-189,27988,0,0,0,0,1,0
541,281250,-1210,-9478,1652,-9035,-22066,-748,30143,0,0,0,0,1,0
542,281770,-950,-12926,1707,-12169,-17337,-1278,31140,0,0,0,0,1,0
543,282291,-655,-15877,1696,-14835,-11942,-1759,30940,0,0,0,0,1,0
544,282812,-334,-18217,1620,-16931,-6088,-2172,29551,0,0,0,0,1,0
545,283333,0,-19858,1481,-18377,0,-2502,27026,0,0,0,0,1,0
546,283854,334,-20735,1286,-19116,6088,-2736,23462,0,0,0,0,1,0
547,284375,655,-20816,1041,-19120,11942,-2865,18997,0,0,0,0,1,0
548,284895,950,-20096,757,-18389,17337,-2883,13802,0,0,0,0,1,0
549,285416,1210,-18604,443,-16952,22066,-2791,8077,0,0,0,0,1,0
550,285937,1422,-16397,112,-14863,25947,-2592,2041,0,0,0,0,1,0
551,286458,1580,-13560,-223,-12203,28831,-2292,-4073,0,0,0,0,1,0
552,286979,1678,-10202,-550,-9074,30607,-1905,-10031,0,0,0,0,1,0
553,287500,1711,-6451,-855,-5596,31207,-1445,-15603,0,0,0,0,1,0
554,288020,1678,-2453,-1128,-1903,30607,-929,-20576,0,0,0,0,1,0
555,288541,1580,1640,-1357,1863,28831,-377,-24758,0,0,0,0,1,0
556,289062,1422,5670,-1534,5558,25947,189,-27988,0,0,0,0,1,0
557,289583,1210,9482,-1652,9039,22066,748,-30143,0,0,0,0,1,0
558,290104,950,12930,-1707,12173,17337,1278,-31140,0,0,0,0,1,0
559,290625,655,15881,-1696,14839,11942,1759,-30940,0,0,0,0,1,0
560,291145,334,18221,-1620,16935,6088,2172,-29551,0,0,0,0,1,0
561,291666,0,19862,-1481,18380,0,2502,-27026,0,0,0,0,1,0
562,292187,-334,20739,-1286,19119,-6088,2736,-23462,0,0,0,0,1,0
563,292708,-655,20819,-1041,19124,-11942,2865,-18997,0,0,0,0,1,0
564,293229,-950,20100,-757,18393,-17337,2883,-13802,0,0,0,0,1,0
565,293750,-1210,18608,-443,16955,-22066,2791,-8077,0,0,0,0,1,0
566,294270,-1422,16401,-112,14867,-25947,2592,-2041,0,0,0,0,1,0
567,294791,-1580,13563,223,12206,-28831,2292,4073,0,0,0,0,1,0
568,295312,-1678,10205,550,9077,-30607,1905,10031,0,0,0,0,1,0
569,295833,-1711,6454,855,5599,-31207,1445,15603,0,0,0,0,1,0
570,296354,-1678,2456,1128,1906,-30607,929,20576,0,0,0,0,1,0
571,296875,-1580,-1637,1357,-1860,-28831,377,24758,0,0,0,0,1,0
572,297395,-1422,-5667,1534,-5555,-25947,-189,27988,0,0,0,0,1,0
573,297916,-1210,-9479,1652,-9036,-22066,-748,30143,0,0,0,0,1,0
574,298437,-950,-12927,1707,-12170,-17337,-1278,31140,0,0,0,0,1,0
575,298958,-655,-15878,1696,-14836,-11942,-1759,30940,0,0,0,0,1,0
576,299479,-334,-18218,1620,-16932,-6088,-2172,29551,0,0,0,0,1,0
577,300000,0,-19859,1481,-18378,0,-2502,27026,0,0,0,0,1,0
578,300520,334,-20736,1286,-19117,6088,-2736,23462,0,0,0,0,1,0
579,301041,655,-20817,1041,-19121,11942,-2865,18997,0,0,0,0,1,0
580,301562,950,-20097,757,-18390,17337,-2883,13802,0,0,0,0,1,0
581,302083,1210,-18605,443,-16953,22066,-2791,8077,0,0,0,0,1,0
582,302604,1422,-16398,112,-14864,25947,-2592,2041,0,0,0,0,1,0
583,303125,1580,-13561,-223,-12204,28831,-2292,-4073,0,0,0,0,1,0
584,303645,1678,-10202,-550,-9075,30607,-1905,-10031,0,0,0,0,1,0
585,304166,1711,-6452,-855,-5597,31207,-1445,-15603,0,0,0,0,1,0
586,304687,1678,-2453,-1128,-1904,30607,-929,-20576,0,0,0,0,1,0
587,305208,1580,1639,-1357,1863,28831,-377,-24758,0,0,0,0,1,0
588,305729,1422,5669,-1534,5557,25947,189,-27988,0,0,0,0,1,0
589,306250,1210,9481,-1652,9039,22066,748,-30143,0,0,0,0,1,0
590,306770,950,12929,-1707,12172,17337,1278,-31140,0,0,0,0,1,0
591,307291,655,15880,-1696,14839,11942,1759,-30940,0,0,0,0,1,0
592,307812,334,18221,-1620,16935,6088,2172,-29551,0,0,0,0,1,0
593,308333,0,19861,-1481,18380,0,2502,-27026,0,0,0,0,1,0
594,308854,-334,20738,-1286,19119,-6088,2736,-23462,0,0,0,0,1,0
595,309375,-655,20819,-1041,19123,-11942,2865,-18997,0,0,0,0,1,0
596,309895,-950,20099,-757,18392,-17337,2883,-13802,0,0,0,0,1,0
597,310416,-1210,18607,-443,16955,-22066,2791,-8077,0,0,0,0,1,0
598,310937,-1422,16400,-112,14866,-25947,2592,-2041,0,0,0,0,1,0
599,311458,-1580,13563,223,12206,-28831,2292,4073,0,0,0,0,1,0
600,311979,-839,564,275,0,-28340,19052,9288,0,0,0,0,1,0
601,312500,-855,428,428,0,-28895,14448,14448,0,0,0,0,1,0
602,313020,-839,275,564,0,-28340,9288,19052,0,0,0,0,1,0
603,313541,-790,112,679,0,-26696,3772,22924,0,0,0,0,1,0
604,314062,-711,-56,767,0,-24025,-1890,25915,0,0,0,0,1,0
605,314583,-605,-221,826,0,-20432,-7479,27910,0,0,0,0,1,0
606,315104,-475,-378,853,0,-16053,-12780,28833,0,0,0,0,1,0
607,315625,-327,-521,848,0,-11058,-17590,28648,0,0,0,0,1,0
608,316145,-167,-643,810,0,-5637,-21724,27362,0,0,0,0,1,0
609,316666,0,-741,741,0,0,-25024,25024,0,0,0,0,1,0
610,317187,167,-810,643,0,5637,-27362,21724,0,0,0,0,1,0
611,317708,327,-848,521,0,11058,-28648,17590,0,0,0,0,1,0
612,318229,475,-853,378,0,16053,-28833,12780,0,0,0,0,1,0
613,318750,605,-826,221,0,20432,-27910,7479,0,0,0,0,1,0
614,319270,711,-767,56,0,24025,-25915,1890,0,0,0,0,1,0
615,319791,790,-679,-112,0,26696,-22924,-3772,0,0,0,0,1,0
616,320312,839,-564,-275,0,28340,-19052,-9288,0,0,0,0,1,0
617,320833,855,-428,-428,0,28895,-14448,-14448,0,0,0,0,1,0
618,321354,839,-275,-564,0,28340,-9288,-19052,0,0,0,0,1,0
619,321875,790,-112,-679,0,26696,-3772,-22924,0,0,0,0,1,0
620,322395,711,56,-767,0,24025,1890,-25915,0,0,0,0,1,0
621,322916,605,221,-826,0,20432,7479,-27910,0,0,0,0,1,0
622,323437,475,378,-853,0,16053,12780,-28833,0,0,0,0,1,0
623,323958,327,521,-848,0,11058,17590,-28648,0,0,0,0,1,0
624,324479,167,643,-810,0,5637,21724,-27362,0,0,0,0,1,0
625,325000,0,741,-741,0,0,25024,-25024,0,0,0,0,1,0
626,325520,-167,810,-643,0,-5637,27362,-21724,0,0,0,0,1,0
627,326041,-327,848,-521,0,-11058,28648,-17590,0,0,0,0,1,0
628,326562,-475,853,-378,0,-16053,28833,-12780,0,0,0,0,1,0
629,327083,-605,826,-221,0,-20432,27910,-7479,0,0,0,0,1,0
630,327604,-711,767,-56,0,-24025,25915,-1890,0,0,0,0,1,0
631,328125,-790,679,112,0,-26696,22924,3772,0,0,0,0,1,0
632,328645,-839,564,275,0,-28340,19052,9288,0,0,0,0,1,0
633,329166,-855,428,428,0,-28895,14448,14448,0,0,0,0,1,0
634,329687,-839,275,564,0,-28340,9288,19052,0,0,0,0,1,0
635,330208,-790,112,679,0,-26696,3772,22924,0,0,0,0,1,0
636,330729,-711,-56,767,0,-24025,-1890,25915,0,0,0,0,1,0
637,331250,-605,-221,826,0,-20432,-7479,27910,0,0,0,0,1,0
638,331770,-475,-378,853,0,-16053,-12780,28833,0,0,0,0,1,0
639,332291,-327,-521,848,0,-11058,-17590,28648,0,0,0,0,1,0
640,332812,-167,-643,810,0,-5637,-21724,27362,0,0,0,0,1,0
641,333333,0,-741,741,0,0,-25024,25024,0,0,0,0,1,0
642,333854,167,-810,643,0,5637,-27362,21724,0,0,0,0,1,0
643,334375,327,-848,521,0,11058,-28648,17590,0,0,0,0,1,0
644,334895,475,-853,378,0,16053,-28833,12780,0,0,0,0,1,0
645,335416,605,-826,221,0,20432,-27910,7479,0,0,0,0,1,0
646,335937,711,-767,56,0,24025,-25915,1890,0,0,0,0,1,0
647,336458,790,-679,-112,0,26696,-22924,-3772,0,0,0,0,1,0
648,336979,839,-564,-275,0,28340,-19052,-9288,0,0,0,0,1,0
649,337500,855,-428,-428,0,28895,-14448,-14448,0,0,0,0,1,0
650,338020,839,-275,-564,0,28340,-9288,-19052,0,0,0,0,1,0
651,338541,790,-112,-679,0,26696,-3772,-22924,0,0,0,0,1,0
652,339062,711,56,-767,0,24025,1890,-25915,0,0,0,0,1,0
653,339583,605,221,-826,0,20432,7479,-27910,0,0,0,0,1,0
654,340104,475,378,-853,0,16053,12780,-28833,0,0,0,0,1,0
655,340625,327,521,-848,0,11058,17590,-28648,0,0,0,0,1,0
656,341145,167,643,-810,0,5637,21724,-27362,0,0,0,0,1,0
657,341666,0,741,-741,0,0,25024,-25024,0,0,0,0,1,0
658,342187,-167,810,-643,0,-5637,27362,-21724,0,0,0,0,1,0
659,342708,-327,848,-521,0,-11058,28648,-17590,0,0,0,0,1,0
660,343229,-475,853,-378,0,-16053,28833,-12780,0,0,0,0,1,0
661,343750,-605,826,-221,0,-20432,27910,-7479,0,0,0,0,1,0
662,344270,-711,767,-56,0,-24025,25915,-1890,0,0,0,0,1,0
663,344791,-790,679,112,0,-26696,22924,3772,0,0,0,0,1,0
664,345312,-839,564,275,0,-28340,19052,9288,0,0,0,0,1,0
665,345833,-855,428,428,0,-28895,14448,14448,0,0,0,0,1,0
666,346354,-839,275,564,0,-28340,9288,19052,0,0,0,0,1,0
667,346875,-790,112,679,0,-26696,3772,22924,0,0,0,0,1,0
668,347395,-711,-56,767,0,-24025,-1890,25915,0,0,0,0,1,0
669,347916,-605,-221,826,0,-20432,-7479,27910,0,0,0,0,1,0
670,348437,-475,-378,853,0,-16053,-12780,28833,0,0,0,0,1,0
671,348958,-327,-521,848,0,-11058,-17590,28648,0,0,0,0,1,0
672,349479,-167,-643,810,0,-5637,-21724,27362,0,0,0,0,1,0
673,350000,0,-741,741,0,0,-25024,25024,0,0,0,0,1,0
674,350520,167,-810,643,0,5637,-27362,21724,0,0,0,0,1,0
675,351041,327,-848,521,0,11058,-28648,17590,0,0,0,0,1,0
676,351562,475,-853,378,0,16053,-28833,12780,0,0,0,0,1,0
677,352083,605,-826,221,0,20432,-27910,7479,0,0,0,0,1,0
678,352604,711,-767,56,0,24025,-25915,1890,0,0,0,0,1,0
679,353125,790,-679,-112,0,26696,-22924,-3772,0,0,0,0,1,0
680,353645,839,-564,-275,0,28340,-19052,-9288,0,0,0,0,1,0
681,354166,855,-428,-428,0,28895,-14448,-14448,0,0,0,0,1,0
682,354687,839,-275,-564,0,28340,-9288,-19052,0,0,0,0,1,0
683,355208,790,-112,-679,0,26696,-3772,-22924,0,0,0,0,1,0
684,355729,711,56,-767,0,24025,1890,-25915,0,0,0,0,1,0
685,356250,605,221,-826,0,20432,7479,-27910,0,0,0,0,1,0
686,356770,475,378,-853,0,16053,12780,-28833,0,0,0,0,1,0
687,357291,327,521,-848,0,11058,17590,-28648,0,0,0,0,1,0
688,357812,167,643,-810,0,5637,21724,-27362,0,0,0,0,1,0
689,358333,0,741,-741,0,0,25024,-25024,0,0,0,0,1,0
690,358854,-167,810,-643,0,-5637,27362,-21724,0,0,0,0,1,0
691,359375,-327,848,-521,0,-11058,28648,-17590,0,0,0,0,1,0
692,359895,-475,853,-378,0,-16053,28833,-12780,0,0,0,0,1,0
693,360416,-605,826,-221,0,-20432,27910,-7479,0,0,0,0,1,0
694,360937,-711,767,-56,0,-24025,25915,-1890,0,0,0,0,1,0
695,361458,-790,679,112,0,-26696,22924,3772,0,0,0,0,1,0
696,361979,-839,564,275,0,-28340,19052,9288,0,0,0,0,1,0
697,362500,-855,428,428,0,-28895,14448,14448,0,0,0,0,1,0
698,363020,-839,275,564,0,-28340,9288,19052,0,0,0,0,1,0
699,363541,-790,112,679,0,-26696,3772,22924,0,0,0,0,1,0
700,364062,-711,-56,767,0,-24025,-1890,25915,0,0,0,0,1,0
701,364583,-605,-221,826,0,-20432,-7479,27910,0,0,0,0,1,0
702,365104,-475,-378,853,0,-16053,-12780,28833,0,0,0,0,1,0
703,365625,-327,-521,848,0,-11058,-17590,28648,0,0,0,0,1,0
704,366145,-167,-643,810,0,-5637,-21724,27362,0,0,0,0,1,0
705,366666,0,-741,741,0,0,-25024,25024,0,0,0,0,1,0
706,367187,167,-810,643,0,5637,-27362,21724,0,0,0,0,1,0
707,367708,327,-848,521,0,11058,-28648,17590,0,0,0,0,1,0
708,368229,475,-853,378,0,16053,-28833,12780,0,0,0,0,1,0
709,368750,605,-826,221,0,20432,-27910,7479,0,0,0,0,1,0
710,369270,711,-767,56,0,24025,-25915,1890,0,0,0,0,1,0
711,369791,790,-679,-112,0,26696,-22924,-3772,0,0,0,0,1,0
712,370312,839,-564,-275,0,28340,-19052,-9288,0,0,0,0,1,0
713,370833,855,-428,-428,0,28895,-14448,-14448,0,0,0,0,1,0
714,371354,839,-275,-564,0,28340,-9288,-19052,0,0,0,0,1,0
715,371875,790,-112,-679,0,26696,-3772,-22924,0,0,0,0,1,0
716,372395,711,56,-767,0,24025,1890,-25915,0,0,0,0,1,0
717,372916,605,221,-826,0,20432,7479,-27910,0,0,0,0,1,0
718,373437,475,378,-853,0,16053,12780,-28833,0,0,0,0,1,0
719,373958,327,521,-848,0,11058,17590,-28648,0,0,0,0,1,0
720,374479,167,643,-810,0,5637,21724,-27362,0,0,0,0,1,0
721,375000,0,741,-741,0,0,25024,-25024,0,0,0,0,1,0
722,375520,-167,810,-643,0,-5637,27362,-21724,0,0,0,0,1,0
723,376041,-327,848,-521,0,-11058,28648,-17590,0,0,0,0,1,0
724,376562,-475,853,-378,0,-16053,28833,-12780,0,0,0,0,1,0
725,377083,-605,826,-221,0,-20432,27910,-7479,0,0,0,0,1,0
726,377604,-711,767,-56,0,-24025,25915,-1890,0,0,0,0,1,0
727,378125,-790,679,112,0,-26696,22924,3772,0,0,0,0,1,0
728,378645,-839,564,275,0,-28340,19052,9288,0,0,0,0,1,0
729,379166,-855,428,428,0,-28895,14448,14448,0,0,0,0,1,0
730,379687,-839,275,564,0,-28340,9288,19052,0,0,0,0,1,0
731,380208,-790,112,679,0,-26696,3772,22924,0,0,0,0,1,0
732,380729,-711,-56,767,0,-24025,-1890,25915,0,0,0,0,1,0
733,381250,-605,-221,826,0,-20432,-7479,27910,0,0,0,0,1,0
734,381770,-475,-378,853,0,-16053,-12780,28833,0,0,0,0,1,0
735,382291,-327,-521,848,0,-11058,-17590,28648,0,0,0,0,1,0
736,382812,-167,-643,810,0,-5637,-21724,27362,0,0,0,0,1,0
737,383333,0,-741,741,0,0,-25024,25024,0,0,0,0,1,0
738,383854,167,-810,643,0,5637,-27362,21724,0,0,0,0,1,0
739,384375,327,-848,521,0,11058,-28648,17590,0,0,0,0,1,0
740,384895,475,-853,378,0,16053,-28833,12780,0,0,0,0,1,0
741,385416,605,-826,221,0,20432,-27910,7479,0,0,0,0,1,0
742,385937,711,-767,56,0,24025,-25915,1890,0,0,0,0,1,0
743,386458,790,-679,-112,0,26696,-22924,-3772,0,0,0,0,1,0
744,386979,839,-564,-275,0,28340,-19052,-9288,0,0,0,0,1,0
745,387500,855,-428,-428,0,28895,-14448,-14448,0,0,0,0,1,0
746,388020,839,-275,-564,0,28340,-9288,-19052,0,0,0,0,1,0
747,388541,790,-112,-679,0,26696,-3772,-22924,0,0,0,0,1,0
748,389062,711,56,-767,0,24025,1890,-25915,0,0,0,0,1,0
749,389583,605,221,-826,0,20432,7479,-27910,0,0,0,0,1,0
750,390104,475,378,-853,0,16053,12780,-28833,0,0,0,0,1,0
751,390625,327,521,-848,0,11058,17590,-28648,0,0,0,0,1,0
752,391145,167,643,-810,0,5637,21724,-27362,0,0,0,0,1,0
753,391666,0,741,-741,0,0,25024,-25024,0,0,0,0,1,0
754,392187,-167,810,-643,0,-5637,27362,-21724,0,0,0,0,1,0
755,392708,-327,848,-521,0,-11058,28648,-17590,0,0,0,0,1,0
756,393229,-475,853,-378,0,-16053,28833,-12780,0,0,0,0,1,0
757,393750,-605,826,-221,0,-20432,27910,-7479,0,0,0,0,1,0
758,394270,-711,767,-56,0,-24025,25915,-1890,0,0,0,0,1,0
759,394791,-790,679,112,0,-26696,22924,3772,0,0,0,0,1,0
760,395312,-839,564,275,0,-28340,19052,9288,0,0,0,0,1,0
761,395833,-855,428,428,0,-28895,14448,14448,0,0,0,0,1,0
762,396354,-839,275,564,0,-28340,9288,19052,0,0,0,0,1,0
763,396875,-790,112,679,0,-26696,3772,22924,0,0,0,0,1,0
764,397395,-711,-56,767,0,-24025,-1890,25915,0,0,0,0,1,0
765,397916,-605,-221,826,0,-20432,-7479,27910,0,0,0,0,1,0
766,398437,-475,-378,853,0,-16053,-12780,28833,0,0,0,0,1,0
767,398958,-327,-521,848,0,-11058,-17590,28648,0,0,0,0,1,0
768,399479,-167,-643,810,0,-5637,-21724,27362,0,0,0,0,1,0
769,400000,0,-741,741,0,0,-25024,25024,0,0,0,0,1,0
770,400520,167,-810,643,0,5637,-27362,21724,0,0,0,0,1,0
771,401041,327,-848,521,0,11058,-28648,17590,0,0,0,0,1,0
772,401562,475,-853,378,0,16053,-28833,12780,0,0,0,0,1,0
773,402083,605,-826,221,0,20432,-27910,7479,0,0,0,0,1,0
774,402604,711,-767,56,0,24025,-25915,1890,0,0,0,0,1,0
775,403125,790,-679,-112,0,26696,-22924,-3772,0,0,0,0,1,0
776,403645,839,-564,-275,0,28340,-19052,-9288,0,0,0,0,1,0
777,404166,855,-428,-428,0,28895,-14448,-14448,0,0,0,0,1,0
778,404687,839,-275,-564,0,28340,-9288,-19052,0,0,0,0,1,0
779,405208,790,-112,-679,0,26696,-3772,-22924,0,0,0,0,1,0
780,405729,711,56,-767,0,24025,1890,-25915,0,0,0,0,1,0
781,406250,605,221,-826,0,20432,7479,-27910,0,0,0,0,1,0
782,406770,475,378,-853,0,16053,12780,-28833,0,0,0,0,1,0
783,407291,327,521,-848,0,11058,17590,-28648,0,0,0,0,1,0
784,407812,167,643,-810,0,5637,21724,-27362,0,0,0,0,1,0
785,408333,0,741,-741,0,0,25024,-25024,0,0,0,0,1,0
786,408854,-167,810,-643,0,-5637,27362,-21724,0,0,0,0,1,0
787,409375,-327,848,-521,0,-11058,28648,-17590,0,0,0,0,1,0
788,409895,-475,853,-378,0,-16053,28833,-12780,0,0,0,0,1,0
789,410416,-605,826,-221,0,-20432,27910,-7479,0,0,0,0,1,0
790,410937,-711,767,-56,0,-24025,25915,-1890,0,0,0,0,1,0
791,411458,-790,679,112,0,-26696,22924,3772,0,0,0,0,1,0
792,411979,-839,564,275,0,-28340,19052,9288,0,0,0,0,1,0
793,412500,-855,428,428,0,-28895,14448,14448,0,0,0,0,1,0
794,413020,-839,275,564,0,-28340,9288,19052,0,0,0,0,1,0
795,413541,-790,112,679,0,-26696,3772,22924,0,0,0,0,1,0
796,414062,-711,-56,767,0,-24025,-1890,25915,0,0,0,0,1,0
797,414583,-605,-221,826,0,-20432,-7479,27910,0,0,0,0,1,0
798,415104,-475,-378,853,0,-16053,-12780,28833,0,0,0,0,1,0
799,415625,-327,-521,848,0,-11058,-17590,28648,0,0,0,0,1,0
800,416145,-167,-643,810,0,-5637,-21724,27362,0,0,0,0,1,0
801,416666,0,-741,741,0,0,-25024,25024,0,0,0,0,1,0
802,417187,167,-810,643,0,5637,-27362,21724,0,0,0,0,1,0
803,417708,327,-848,521,0,11058,-28648,17590,0,0,0,0,1,0
804,418229,475,-853,378,0,16053,-28833,12780,0,0,0,0,1,0
805,418750,605,-826,221,0,20432,-27910,7479,0,0,0,0,1,0
806,419270,711,-767,56,0,24025,-25915,1890,0,0,0,0,1,0
807,419791,790,-679,-112,0,26696,-22924,-3772,0,0,0,0,1,0
808,420312,839,-564,-275,0,28340,-19052,-9288,0,0,0,0,1,0
809,420833,855,-428,-428,0,28895,-14448,-14448,0,0,0,0,1,0
810,421354,839,-275,-564,0,28340,-9288,-19052,0,0,0,0,1,0
811,421875,790,-112,-679,0,26696,-3772,-22924,0,0,0,0,1,0
812,422395,711,56,-767,0,24025,1890,-25915,0,0,0,0,1,0
813,422916,605,221,-826,0,20432,7479,-27910,0,0,0,0,1,0
814,423437,475,378,-853,0,16053,12780,-28833,0,0,0,0,1,0
815,423958,327,521,-848,0,11058,17590,-28648,0,0,0,0,1,0
816,424479,167,643,-810,0,5637,21724,-27362,0,0,0,0,1,0
817,425000,0,741,-741,0,0,25024,-25024,0,0,0,0,1,0
818,425520,-167,810,-643,0,-5637,27362,-21724,0,0,0,0,1,0
819,426041,-327,848,-521,0,-11058,28648,-17590,0,0,0,0,1,0
820,426562,-475,853,-378,0,-16053,28833,-12780,0,0,0,0,1,0
821,427083,-605,826,-221,0,-20432,27910,-7479,0,0,0,0,1,0
822,427604,-711,767,-56,0,-24025,25915,-1890,0,0,0,0,1,0
823,428125,-790,679,112,0,-26696,22924,3772,0,0,0,0,1,0
824,428645,-839,564,275,0,-28340,19052,9288,0,0,0,0,1,0
825,429166,-855,428,428,0,-28895,14448,14448,0,0,0,0,1,0
826,429687,-839,275,564,0,-28340,9288,19052,0,0,0,0,1,0
827,430208,-790,112,679,0,-26696,3772,22924,0,0,0,0,1,0
828,430729,-711,-56,767,0,-24025,-1890,25915,0,0,0,0,1,0
829,431250,-605,-221,826,0,-20432,-7479,27910,0,0,0,0,1,0
830,431770,-475,-378,853,0,-16053,-12780,28833,0,0,0,0,1,0
831,432291,-327,-521,848,0,-11058,-17590,28648,0,0,0,0,1,0
832,432812,-167,-643,810,0,-5637,-21724,27362,0,0,0,0,1,0
833,433333,0,-741,741,0,0,-25024,25024,0,0,0,0,1,0
834,433854,167,-810,643,0,5637,-27362,21724,0,0,0,0,1,0
835,434375,327,-848,521,0,11058,-28648,17590,0,0,0,0,1,0
836,434895,475,-853,378,0,16053,-28833,12780,0,0,0,0,1,0
837,435416,605,-826,221,0,20432,-27910,7479,0,0,0,0,1,0
838,435937,711,-767,56,0,24025,-25915,1890,0,0,0,0,1,0
839,436458,790,-679,-112,0,26696,-22924,-3772,0,0,0,0,1,0
840,436979,839,-564,-275,0,28340,-19052,-9288,0,0,0,0,1,0
841,437500,855,-428,-428,0,28895,-14448,-14448,0,0,0,0,1,0
842,438020,839,-275,-564,0,28340,-9288,-19052,0,0,0,0,1,0
843,438541,790,-112,-679,0,26696,-3772,-22924,0,0,0,0,1,0
844,439062,711,56,-767,0,24025,1890,-25915,0,0,0,0,1,0
845,439583,605,221,-826,0,20432,7479,-27910,0,0,0,0,1,0
846,440104,475,378,-853,0,16053,12780,-28833,0,0,0,0,1,0
847,440625,327,521,-848,0,11058,17590,-28648,0,0,0,0,1,0
848,441145,167,643,-810,0,5637,21724,-27362,0,0,0,0,1,0
849,441666,0,741,-741,0,0,25024,-25024,0,0,0,0,1,0
850,442187,-167,810,-643,0,-5637,27362,-21724,0,0,0,0,1,0
851,442708,-327,848,-521,0,-11058,28648,-17590,0,0,0,0,1,0
852,443229,-475,853,-378,0,-16053,28833,-12780,0,0,0,0,1,0
853,443750,-605,826,-221,0,-20432,27910,-7479,0,0,0,0,1,0
854,444270,-711,767,-56,0,-24025,25915,-1890,0,0,0,0,1,0
855,444791,-790,679,112,0,-26696,22924,3772,0,0,0,0,1,0
856,445312,-839,564,275,0,-28340,19052,9288,0,0,0,0,1,0
857,445833,-855,428,428,0,-28895,14448,14448,0,0,0,0,1,0
858,446354,-839,275,564,0,-28340,9288,19052,0,0,0,0,1,0
859,446875,-790,112,679,0,-26696,3772,22924,0,0,0,0,1,0
860,447395,-711,-56,767,0,-24025,-1890,25915,0,0,0,0,1,0
861,447916,-605,-221,826,0,-20432,-7479,27910,0,0,0,0,1,0
862,448437,-475,-378,853,0,-16053,-12780,28833,0,0,0,0,1,0
863,448958,-327,-521,848,0,-11058,-17590,28648,0,0,0,0,1,0
864,449479,-167,-643,810,0,-5637,-21724,27362,0,0,0,0,1,0
865,450000,0,-741,741,0,0,-25024,25024,0,0,0,0,1,0
866,450520,167,-810,643,0,5637,-27362,21724,0,0,0,0,1,0
867,451041,327,-848,521,0,11058,-28648,17590,0,0,0,0,1,0
868,451562,475,-853,378,0,16053,-28833,12780,0,0,0,0,1,0
869,452083,605,-826,221,0,20432,-27910,7479,0,0,0,0,1,0
870,452604,711,-767,56,0,24025,-25915,1890,0,0,0,0,1,0
871,453125,790,-679,-112,0,26696,-22924,-3772,0,0,0,0,1,0
872,453645,839,-564,-275,0,28340,-19052,-9288,0,0,0,0,1,0
873,454166,855,-428,-428,0,28895,-14448,-14448,0,0,0,0,1,0
874,454687,839,-275,-564,0,28340,-9288,-19052,0,0,0,0,1,0
875,455208,790,-112,-679,0,26696,-3772,-22924,0,0,0,0,1,0
876,455729,711,56,-767,0,24025,1890,-25915,0,0,0,0,1,0
877,456250,605,221,-826,0,20432,7479,-27910,0,0,0,0,1,0
878,456770,475,378,-853,0,16053,12780,-28833,0,0,0,0,1,0
879,457291,327,521,-848,0,11058,17590,-28648,0,0,0,0,1,0
880,457812,167,643,-810,0,5637,21724,-27362,0,0,0,0,1,0
881,458333,0,741,-741,0,0,25024,-25024,0,0,0,0,1,0
882,458854,-167,810,-643,0,-5637,27362,-21724,0,0,0,0,1,0
883,459375,-327,848,-521,0,-11058,28648,-17590,0,0,0,0,1,0
884,459895,-475,853,-378,0,-16053,28833,-12780,0,0,0,0,1,0
885,460416,-605,826,-221,0,-20432,27910,-7479,0,0,0,0,1,0
886,460937,-711,767,-56,0,-24025,25915,-1890,0,0,0,0,1,0
887,461458,-790,679,112,0,-26696,22924,3772,0,0,0,0,1,0
888,461979,-839,564,275,0,-28340,19052,9288,0,0,0,0,1,0
889,462500,-855,428,428,0,-28895,14448,14448,0,0,0,0,1,0
890,463020,-839,275,564,0,-28340,9288,19052,0,0,0,0,1,0
891,463541,-790,112,679,0,-26696,3772,22924,0,0,0,0,1,0
892,464062,-711,-56,767,0,-24025,-1890,25915,0,0,0,0,1,0
893,464583,-605,-221,826,0,-20432,-7479,27910,0,0,0,0,1,0
894,465104,-475,-378,853,0,-16053,-12780,28833,0,0,0,0,1,0
895,465625,-327,-521,848,0,-11058,-17590,28648,0,0,0,0,1,0
896,466145,-167,-643,810,0,-5637,-21724,27362,0,0,0,0,1,0
897,466666,0,-741,741,0,0,-25024,25024,0,0,0,0,1,0
898,467187,167,-810,643,0,5637,-27362,21724,0,0,0,0,1,0
899,467708,327,-848,521,0,11058,-28648,17590,0,0,0,0,1,0
900,468229,475,-853,378,0,16053,-28833,12780,0,0,0,0,1,0
901,468750,605,-826,221,0,20432,-27910,7479,0,0,0,0,1,0
902,469270,711,-767,56,0,24025,-25915,1890,0,0,0,0,1,0
903,469791,790,-679,-112,0,26696,-22924,-3772,0,0,0,0,1,0
904,470312,839,-564,-275,0,28340,-19052,-9288,0,0,0,0,1,0
905,470833,855,-428,-428,0,28895,-14448,-14448,0,0,0,0,1,0
906,471354,839,-275,-564,0,28340,-9288,-19052,0,0,0,0,1,0
907,471875,790,-112,-679,0,26696,-3772,-22924,0,0,0,0,1,0
908,472395,711,56,-767,0,24025,1890,-25915,0,0,0,0,1,0
909,472916,605,221,-826,0,20432,7479,-27910,0,0,0,0,1,0
910,473437,475,378,-853,0,16053,12780,-28833,0,0,0,0,1,0
911,473958,327,521,-848,0,11058,17590,-28648,0,0,0,0,1,0
912,474479,167,643,-810,0,5637,21724,-27362,0,0,0,0,1,0
913,475000,0,741,-741,0,0,25024,-25024,0,0,0,0,1,0
914,475520,-167,810,-643,0,-5637,27362,-21724,0,0,0,0,1,0
915,476041,-327,848,-521,0,-11058,28648,-17590,0,0,0,0,1,0
916,476562,-475,853,-378,0,-16053,28833,-12780,0,0,0,0,1,0
917,477083,-605,826,-221,0,-20432,27910,-7479,0,0,0,0,1,0
918,477604,-711,767,-56,0,-24025,25915,-1890,0,0,0,0,1,0
919,478125,-790,679,112,0,-26696,22924,3772,0,0,0,0,1,0
920,478645,-839,564,275,0,-28340,19052,9288,0,0,0,0,1,0
921,479166,-855,428,428,0,-28895,14448,14448,0,0,0,0,1,0
922,479687,-839,275,564,0,-28340,9288,19052,0,0,0,0,1,0
923,480208,-790,112,679,0,-26696,3772,22924,0,0,0,0,1,0
924,480729,-711,-56,767,0,-24025,-1890,25915,0,0,0,0,1,0
925,481250,-605,-221,826,0,-20432,-7479,27910,0,0,0,0,1,0
926,481770,-475,-378,853,0,-16053,-12780,28833,0,0,0,0,1,0
927,482291,-327,-521,848,0,-11058,-17590,28648,0,0,0,0,1,0
928,482812,-167,-643,810,0,-5637,-21724,27362,0,0,0,0,1,0
929,483333,0,-741,741,0,0,-25024,25024,0,0,0,0,1,0
930,483854,167,-810,643,0,5637,-27362,21724,0,0,0,0,1,0
931,484375,327,-848,521,0,11058,-28648,17590,0,0,0,0,1,0
932,484895,475,-853,378,0,16053,-28833,12780,0,0,0,0,1,0
933,485416,605,-826,221,0,20432,-27910,7479,0,0,0,0,1,0
934,485937,711,-767,56,0,24025,-25915,1890,0,0,0,0,1,0
935,486458,790,-679,-112,0,26696,-22924,-3772,0,0,0,0,1,0
936,486979,839,-564,-275,0,28340,-19052,-9288,0,0,0,0,1,0
937,487500,855,-428,-428,0,28895,-14448,-14448,0,0,0,0,1,0
938,488020,839,-275,-564,0,28340,-9288,-19052,0,0,0,0,1,0
939,488541,790,-112,-679,0,26696,-3772,-22924,0,0,0,0,1,0
940,489062,711,56,-767,0,24025,1890,-25915,0,0,0,0,1,0
941,489583,605,221,-826,0,20432,7479,-27910,0,0,0,0,1,0
942,490104,475,378,-853,0,16053,12780,-28833,0,0,0,0,1,0
943,490625,327,521,-848,0,11058,17590,-28648,0,0,0,0,1,0
944,491145,167,643,-810,0,5637,21724,-27362,0,0,0,0,1,0
945,491666,0,741,-741,0,0,25024,-25024,0,0,0,0,1,0
946,492187,-167,810,-643,0,-5637,27362,-21724,0,0,0,0,1,0
947,492708,-327,848,-521,0,-11058,28648,-17590,0,0,0,0,1,0
948,493229,-475,853,-378,0,-16053,28833,-12780,0,0,0,0,1,0
949,493750,-605,826,-221,0,-20432,27910,-7479,0,0,0,0,1,0
950,494270,-711,767,-56,0,-24025,25915,-1890,0,0,0,0,1,0
951,494791,-790,679,112,0,-26696,22924,3772,0,0,0,0,1,0
952,495312,-839,564,275,0,-28340,19052,9288,0,0,0,0,1,0
953,495833,-855,428,428,0,-28895,14448,14448,0,0,0,0,1,0
954,496354,-839,275,564,0,-28340,9288,19052,0,0,0,0,1,0
955,496875,-790,112,679,0,-26696,3772,22924,0,0,0,0,1,0
956,497395,-711,-56,767,0,-24025,-1890,25915,0,0,0,0,1,0
957,497916,-605,-221,826,0,-20432,-7479,27910,0,0,0,0,1,0
958,498437,-475,-378,853,0,-16053,-12780,28833,0,0,0,0,1,0
959,498958,-327,-521,848,0,-11058,-17590,28648,0,0,0,0,1,0
960,499479,-167,-643,810,0,-5637,-21724,27362,0,0,0,0,1,0
961,500000,0,-741,741,0,0,-25024,25024,0,0,0,0,1,0
962,500520,167,-810,643,0,5637,-27362,21724,0,0,0,0,1,0
963,501041,327,-848,521,0,11058,-28648,17590,0,0,0,0,1,0
964,501562,475,-853,378,0,16053,-28833,12780,0,0,0,0,1,0
965,502083,605,-826,221,0,20432,-27910,7479,0,0,0,0,1,0
966,502604,711,-767,56,0,24025,-25915,1890,0,0,0,0,1,0
967,503125,790,-679,-112,0,26696,-22924,-3772,0,0,0,0,1,0
968,503645,839,-564,-275,0,28340,-19052,-9288,0,0,0,0,1,0
969,504166,855,-428,-428,0,28895,-14448,-14448,0,0,0,0,1,0
970,504687,839,-275,-564,0,28340,-9288,-19052,0,0,0,0,1,0
971,505208,790,-112,-679,0,26696,-3772,-22924,0,0,0,0,1,0
972,505729,711,56,-767,0,24025,1890,-25915,0,0,0,0,1,0
973,506250,605,221,-826,0,20432,7479,-27910,0,0,0,0,1,0
974,506770,475,378,-853,0,16053,12780,-28833,0,0,0,0,1,0
975,507291,327,521,-848,0,11058,17590,-28648,0,0,0,0,1,0
976,507812,167,643,-810,0,5637,21724,-27362,0,0,0,0,1,0
977,508333,0,741,-741,0,0,25024,-25024,0,0,0,0,1,0
978,508854,-167,810,-643,0,-5637,27362,-21724,0,0,0,0,1,0
979,509375,-327,848,-521,0,-11058,28648,-17590,0,0,0,0,1,0
980,509895,-475,853,-378,0,-16053,28833,-12780,0,0,0,0,1,0
981,510416,-605,826,-221,0,-20432,27910,-7479,0,0,0,0,1,0
982,510937,-711,767,-56,0,-24025,25915,-1890,0,0,0,0,1,0
983,511458,-790,679,112,0,-26696,22924,3772,0,0,0,0,1,0
984,511979,-839,564,275,0,-28340,19052,9288,0,0,0,0,1,0
985,512499,-855,428,428,0,-28895,14448,14448,0,0,0,0,1,0
986,513020,-839,275,564,0,-28340,9288,19052,0,0,0,0,1,0
987,513541,-790,112,679,0,-26696,3772,22924,0,0,0,0,1,0
988,514062,-711,-56,767,0,-24025,-1890,25915,0,0,0,0,1,0
989,514583,-605,-221,826,0,-20432,-7479,27910,0,0,0,0,1,0
990,515104,-475,-378,853,0,-16053,-12780,28833,0,0,0,0,1,0
991,515625,-327,-521,848,0,-11058,-17590,28648,0,0,0,0,1,0
992,516145,-167,-643,810,0,-5637,-21724,27362,0,0,0,0,1,0
993,516666,0,-741,741,0,0,-25024,25024,0,0,0,0,1,0
994,517187,167,-810,643,0,5637,-27362,21724,0,0,0,0,1,0
995,517708,327,-848,521,0,11058,-28648,17590,0,0,0,0,1,0
996,518229,475,-853,378,0,16053,-28833,12780,0,0,0,0,1,0
997,518750,605,-826,221,0,20432,-27910,7479,0,0,0,0,1,0
998,519270,711,-767,56,0,24025,-25915,1890,0,0,0,0,1,0
999,519791,790,-679,-112,0,26696,-22924,-3772,0,0,0,0,1,0
1000,520312,839,-564,-275,0,28340,-19052,-9288,0,0,0,0,1,0
1001,520833,855,-428,-428,0,28895,-14448,-14448,0,0,0,0,1,0
1002,521354,839,-275,-564,0,28340,-9288,-19052,0,0,0,0,1,0
1003,521875,790,-112,-679,0,26696,-3772,-22924,0,0,0,0,1,0
1004,522395,711,56,-767,0,24025,1890,-25915,0,0,0,0,1,0
1005,522916,605,221,-826,0,20432,7479,-27910,0,0,0,0,1,0
1006,523437,475,378,-853,0,16053,12780,-28833,0,0,0,0,1,0
1007,523958,327,521,-848,0,11058,17590,-28648,0,0,0,0,1,0
1008,524479,167,643,-810,0,5637,21724,-27362,0,0,0,0,1,0
1009,525000,0,741,-741,0,0,25024,-25024,0,0,0,0,1,0
1010,525520,-167,810,-643,0,-5637,27362,-21724,0,0,0,0,1,0
1011,526041,-327,848,-521,0,-11058,28648,-17590,0,0,0,0,1,0
1012,526562,-475,853,-378,0,-16053,28833,-12780,0,0,0,0,1,0
1013,527083,-605,826,-221,0,-20432,27910,-7479,0,0,0,0,1,0
1014,527604,-711,767,-56,0,-24025,25915,-1890,0,0,0,0,1,0
1015,528125,-790,679,112,0,-26696,22924,3772,0,0,0,0,1,0
1016,528645,-839,564,275,0,-28340,19052,9288,0,0,0,0,1,0
1017,529166,-855,428,428,0,-28895,14448,14448,0,0,0,0,1,0
1018,529687,-839,275,564,0,-28340,9288,19052,0,0,0,0,1,0
1019,530208,-790,112,679,0,-26696,3772,22924,0,0,0,0,1,0
1020,530729,-711,-56,767,0,-24025,-1890,25915,0,0,0,0,1,0
1021,531250,-605,-221,826,0,-20432,-7479,27910,0,0,0,0,1,0
1022,531770,-475,-378,853,0,-16053,-12780,28833,0,0,0,0,1,0
1023,532291,-327,-521,848,0,-11058,-17590,28648,0,0,0,0,1,0
1024,532812,-167,-643,810,0,-5637,-21724,27362,0,0,0,0,1,0
1025,533333,0,-741,741,0,0,-25024,25024,0,0,0,0,1,0
1026,533854,167,-810,643,0,5637,-27362,21724,0,0,0,0,1,0
1027,534375,327,-848,521,0,11058,-28648,17590,0,0,0,0,1,0
1028,534895,475,-853,378,0,16053,-28833,12780,0,0,0,0,1,0
1029,535416,605,-826,221,0,20432,-27910,7479,0,0,0,0,1,0
1030,535937,711,-767,56,0,24025,-25915,1890,0,0,0,0,1,0
1031,536458,790,-679,-112,0,26696,-22924,-3772,0,0,0,0,1,0
1032,536979,839,-564,-275,0,28340,-19052,-9288,0,0,0,0,1,0
1033,537500,855,-428,-428,0,28895,-14448,-14448,0,0,0,0,1,0
1034,538020,839,-275,-564,0,28340,-9288,-19052,0,0,0,0,1,0
1035,538541,790,-112,-679,0,26696,-3772,-22924,0,0,0,0,1,0
1036,539062,711,56,-767,0,24025,1890,-25915,0,0,0,0,1,0
1037,539583,605,221,-826,0,20432,7479,-27910,0,0,0,0,1,0
1038,540104,475,378,-853,0,16053,12780,-28833,0,0,0,0,1,0
1039,540625,327,521,-848,0,11058,17590,-28648,0,0,0,0,1,0
1040,541145,167,643,-810,0,5637,21724,-27362,0,0,0,0,1,0
1041,541666,0,741,-741,0,0,25024,-25024,0,0,0,0,1,0
1042,542187,-167,810,-643,0,-5637,27362,-21724,0,0,0,0,1,0
1043,542708,-327,848,-521,0,-11058,28648,-17590,0,0,0,0,1,0
1044,543229,-475,853,-378,0,-16053,28833,-12780,0,0,0,0,1,0
1045,543750,-605,826,-221,0,-20432,27910,-7479,0,0,0,0,1,0
1046,544270,-711,767,-56,0,-24025,25915,-1890,0,0,0,0,1,0
1047,544791,-790,679,112,0,-26696,22924,3772,0,0,0,0,1,0
1048,545312,-839,564,275,0,-28340,19052,9288,0,0,0,0,1,0
1049,545833,-855,428,428,0,-28895,14448,14448,0,0,0,0,1,0
1050,546354,-839,275,564,0,-28340,9288,19052,0,0,0,0,1,0
1051,546875,-790,112,679,0,-26696,3772,22924,0,0,0,0,1,0
1052,547395,-711,-56,767,0,-24025,-1890,25915,0,0,0,0,1,0
1053,547916,-605,-221,826,0,-20432,-7479,27910,0,0,0,0,1,0
1054,548437,-475,-378,853,0,-16053,-12780,28833,0,0,0,0,1,0
1055,548958,-327,-521,848,0,-11058,-17590,28648,0,0,0,0,1,0
1056,549479,-167,-643,810,0,-5637,-21724,27362,0,0,0,0,1,0
1057,550000,0,-741,741,0,0,-25024,25024,0,0,0,0,1,0
1058,550520,167,-810,643,0,5637,-27362,21724,0,0,0,0,1,0
1059,551041,327,-848,521,0,11058,-28648,17590,0,0,0,0,1,0
1060,551562,475,-853,378,0,16053,-28833,12780,0,0,0,0,1,0
1061,552083,605,-826,221,0,20432,-27910,7479,0,0,0,0,1,0
1062,552604,711,-767,56,0,24025,-25915,1890,0,0,0,0,1,0
1063,553125,790,-679,-112,0,26696,-22924,-3772,0,0,0,0,1,0
1064,553645,839,-564,-275,0,28340,-19052,-9288,0,0,0,0,1,0
1065,554166,855,-428,-428,0,28895,-14448,-14448,0,0,0,0,1,0
1066,554687,839,-275,-564,0,28340,-9288,-19052,0,0,0,0,1,0
1067,555208,790,-112,-679,0,26696,-3772,-22924,0,0,0,0,1,0
1068,555729,711,56,-767,0,24025,1890,-25915,0,0,0,0,1,0
1069,556250,605,221,-826,0,20432,7479,-27910,0,0,0,0,1,0
1070,556770,475,378,-853,0,16053,12780,-28833,0,0,0,0,1,0
1071,557291,327,521,-848,0,11058,17590,-28648,0,0,0,0,1,0
1072,557812,167,643,-810,0,5637,21724,-27362,0,0,0,0,1,0
1073,558333,0,741,-741,0,0,25024,-25024,0,0,0,0,1,0
1074,558854,-167,810,-643,0,-5637,27362,-21724,0,0,0,0,1,0
1075,559375,-327,848,-521,0,-11058,28648,-17590,0,0,0,0,1,0
1076,559895,-475,853,-378,0,-16053,28833,-12780,0,0,0,0,1,0
1077,560416,-605,826,-221,0,-20432,27910,-7479,0,0,0,0,1,0
1078,560937,-711,767,-56,0,-24025,25915,-1890,0,0,0,0,1,0
1079,561458,-790,679,112,0,-26696,22924,3772,0,0,0,0,1,0
1080,561979,-839,564,275,0,-28340,19052,9288,0,0,0,0,1,0
1081,562500,-855,428,428,0,-28895,14448,14448,0,0,0,0,1,0
1082,563020,-839,275,564,0,-28340,9288,19052,0,0,0,0,1,0
1083,563541,-790,112,679,0,-26696,3772,22924,0,0,0,0,1,0
1084,564062,-711,-56,767,0,-24025,-1890,25915,0,0,0,0,1,0
1085,564583,-605,-221,826,0,-20432,-7479,27910,0,0,0,0,1,0
1086,565104,-475,-378,853,0,-16053,-12780,28833,0,0,0,0,1,0
1087,565625,-327,-521,848,0,-11058,-17590,28648,0,0,0,0,1,0
1088,566145,-167,-643,810,0,-5637,-21724,27362,0,0,0,0,1,0
1089,566666,0,-741,741,0,0,-25024,25024,0,0,0,0,1,0
1090,567187,167,-810,643,0,5637,-27362,21724,0,0,0,0,1,0
1091,567708,327,-848,521,0,11058,-28648,17590,0,0,0,0,1,0
1092,568229,475,-853,378,0,16053,-28833,12780,0,0,0,0,1,0
1093,568750,605,-826,221,0,20432,-27910,7479,0,0,0,0,1,0
1094,569270,711,-767,56,0,24025,-25915,1890,0,0,0,0,1,0
1095,569791,790,-679,-112,0,26696,-22924,-3772,0,0,0,0,1,0
1096,570312,839,-564,-275,0,28340,-19052,-9288,0,0,0,0,1,0
1097,570833,855,-428,-428,0,28895,-14448,-14448,0,0,0,0,1,0
1098,571354,839,-275,-564,0,28340,-9288,-19052,0,0,0,0,1,0
1099,571875,790,-112,-679,0,26696,-3772,-22924,0,0,0,0,1,0
1100,572395,711,56,-767,0,24025,1890,-25915,0,0,0,0,1,0
1101,572916,605,221,-826,0,20432,7479,-27910,0,0,0,0,1,0
1102,573437,475,378,-853,0,16053,12780,-28833,0,0,0,0,1,0
1103,573958,327,521,-848,0,11058,17590,-28648,0,0,0,0,1,0
1104,574479,167,643,-810,0,5637,21724,-27362,0,0,0,0,1,0
1105,575000,0,741,-741,0,0,25024,-25024,0,0,0,0,1,0
1106,575520,-167,810,-643,0,-5637,27362,-21724,0,0,0,0,1,0
1107,576041,-327,848,-521,0,-11058,28648,-17590,0,0,0,0,1,0
1108,576562,-475,853,-378,0,-16053,28833,-12780,0,0,0,0,1,0
1109,577083,-605,826,-221,0,-20432,27910,-7479,0,0,0,0,1,0
1110,577604,-711,767,-56,0,-24025,25915,-1890,0,0,0,0,1,0
1111,578125,-790,679,112,0,-26696,22924,3772,0,0,0,0,1,0
1112,578645,-839,564,275,0,-28340,19052,9288,0,0,0,0,1,0
1113,579166,-855,428,428,0,-28895,14448,14448,0,0,0,0,1,0
1114,579687,-839,275,564,0,-28340,9288,19052,0,0,0,0,1,0
1115,580208,-790,112,679,0,-26696,3772,22924,0,0,0,0,1,0
1116,580729,-711,-56,767,0,-24025,-1890,25915,0,0,0,0,1,0
1117,581250,-605,-221,826,0,-20432,-7479,27910,0,0,0,0,1,0
1118,581770,-475,-378,853,0,-16053,-12780,28833,0,0,0,0,1,0
1119,582291,-327,-521,848,0,-11058,-17590,28648,0,0,0,0,1,0
1120,582812,-167,-643,810,0,-5637,-21724,27362,0,0,0,0,1,0
1121,583333,0,-741,741,0,0,-25024,25024,0,0,0,0,1,0
1122,583854,167,-810,643,0,5637,-27362,21724,0,0,0,0,1,0
1123,584375,327,-848,521,0,11058,-28648,17590,0,0,0,0,1,0
1124,584895,475,-853,378,0,16053,-28833,12780,0,0,0,0,1,0
1125,585416,605,-826,221,0,20432,-27910,7479,0,0,0,0,1,0
1126,585937,711,-767,56,0,24025,-25915,1890,0,0,0,0,1,0
1127,586458,790,-679,-112,0,26696,-22924,-3772,0,0,0,0,1,0
1128,586979,839,-564,-275,0,28340,-19052,-9288,0,0,0,0,1,0
1129,587500,855,-428,-428,0,28895,-14448,-14448,0,0,0,0,1,0
1130,588020,839,-275,-564,0,28340,-9288,-19052,0,0,0,0,1,0
1131,588541,790,-112,-679,0,26696,-3772,-22924,0,0,0,0,1,0
1132,589062,711,56,-767,0,24025,1890,-25915,0,0,0,0,1,0
1133,589583,605,221,-826,0,20432,7479,-27910,0,0,0,0,1,0
1134,590104,475,378,-853,0,16053,12780,-28833,0,0,0,0,1,0
1135,590625,327,521,-848,0,11058,17590,-28648,0,0,0,0,1,0
1136,591145,167,643,-810,0,5637,21724,-27362,0,0,0,0,1,0
1137,591666,0,741,-741,0,0,25024,-25024,0,0,0,0,1,0
1138,592187,-167,810,-643,0,-5637,27362,-21724,0,0,0,0,1,0
1139,592708,-327,848,-521,0,-11058,28648,-17590,0,0,0,0,1,0
1140,593229,-475,853,-378,0,-16053,28833,-12780,0,0,0,0,1,0
1141,593750,-605,826,-221,0,-20432,27910,-7479,0,0,0,0,1,0
1142,594270,-711,767,-56,0,-24025,25915,-1890,0,0,0,0,1,0
1143,594791,-790,679,112,0,-26696,22924,3772,0,0,0,0,1,0
1144,595312,-839,564,275,0,-28340,19052,9288,0,0,0,0,1,0
1145,595833,-855,428,428,0,-28895,14448,14448,0,0,0,0,1,0
1146,596354,-839,275,564,0,-28340,9288,19052,0,0,0,0,1,0
1147,596875,-790,112,679,0,-26696,3772,22924,0,0,0,0,1,0
1148,597395,-711,-56,767,0,-24025,-1890,25915,0,0,0,0,1,0
1149,597916,-605,-221,826,0,-20432,-7479,27910,0,0,0,0,1,0
1150,598437,-475,-378,853,0,-16053,-12780,28833,0,0,0,0,1,0
1151,598958,-327,-521,848,0,-11058,-17590,28648,0,0,0,0,1,0
1152,599479,-167,-643,810,0,-5637,-21724,27362,0,0,0,0,1,0
1153,600000,0,-741,741,0,0,-25024,25024,0,0,0,0,1,0
