1,0,0,-2418,2418,0,0,-25024,25024,0,0,0,0,1,0
2,520,545,-2644,2099,0,5637,-27362,21724,0,0,0,0,1,0
3,1041,1068,-2768,1700,0,11058,-28648,17590,0,0,0,0,1,0
4,1562,1551,-2786,1235,0,16053,-28833,12780,0,0,0,0,1,0
5,2083,1974,-2697,723,0,20432,-27910,7479,0,0,0,0,1,0
6,2604,2321,-2504,183,0,24025,-25915,1890,0,0,0,0,1,0
7,3125,2579,-2215,-364,0,26696,-22924,-3772,0,0,0,0,1,0
8,3645,2738,-1841,-897,0,28340,-19052,-9288,0,0,0,0,1,0
9,4166,2792,-1396,-1396,0,28895,-14448,-14448,0,0,0,0,1,0
10,4687,2738,-897,-1841,0,28340,-9288,-19052,0,0,0,0,1,0
11,5208,2579,-364,-2215,0,26696,-3772,-22924,0,0,0,0,1,0
12,5729,2321,183,-2504,0,24025,1890,-25915,0,0,0,0,1,0
13,6250,1974,723,-2697,0,20432,7479,-27910,0,0,0,0,1,0
14,6770,1551,1235,-2786,0,16053,12780,-28833,0,0,0,0,1,0
15,7291,1068,1700,-2768,0,11058,17590,-28648,0,0,0,0,1,0
16,7812,545,2099,-2644,0,5637,21724,-27362,0,0,0,0,1,0
17,8333,0,2418,-2418,0,0,25024,-25024,0,0,0,0,1,0
18,8854,-545,2644,-2099,0,-5637,27362,-21724,0,0,0,0,1,0
19,9375,-1068,2768,-1700,0,-11058,28648,-17590,0,0,0,0,1,0
20,9895,-1551,2786,-1235,0,-16053,28833,-12780,0,0,0,0,1,0
21,10416,-1974,2697,-723,0,-20432,27910,-7479,0,0,0,0,1,0
22,10937,-2321,2504,-183,0,-24025,25915,-1890,0,0,0,0,1,0
23,11458,-2579,2215,364,0,-26696,22924,3772,0,0,0,0,1,0
24,11979,-2738,1841,897,0,-28340,19052,9288,0,0,0,0,1,0
25,12500,-2792,1396,1396,0,-28895,14448,14448,0,0,0,0,1,0
26,13020,-2738,897,1841,0,-28340,9288,19052,0,0,0,0,1,0
27,13541,-2579,364,2215,0,-26696,3772,22924,0,0,0,0,1,0
28,14062,-2321,-183,2504,0,-24025,-1890,25915,0,0,0,0,1,0
29,14583,-1974,-723,2697,0,-20432,-7479,27910,0,0,0,0,1,0
30,15104,-1551,-1235,2786,0,-16053,-12780,28833,0,0,0,0,1,0
31,15625,-1068,-1700,2768,0,-11058,-17590,28648,0,0,0,0,1,0
32,16145,-545,-2099,2644,0,-5637,-21724,27362,0,0,0,0,1,0
33,16666,0,-2418,2418,0,0,-25024,25024,0,0,0,0,1,0
34,17187,545,-2644,2099,0,5637,-27362,21724,0,0,0,0,1,0
35,17708,1068,-2768,1700,0,11058,-28648,17590,0,0,0,0,1,0
36,18229,1551,-2786,1235,0,16053,-28833,12780,0,0,0,0,1,0
37,18750,1974,-2697,723,0,20432,-27910,7479,0,0,0,0,1,0
38,19270,2321,-2504,183,0,24025,-25915,1890,0,0,0,0,1,0
39,19791,2579,-2215,-364,0,26696,-22924,-3772,0,0,0,0,1,0
40,20312,2738,-1841,-897,0,28340,-19052,-9288,0,0,0,0,1,0
41,20833,2792,-1396,-1396,0,28895,-14448,-14448,0,0,0,0,1,0
42,21354,2738,-897,-1841,0,28340,-9288,-19052,0,0,0,0,1,0
43,21875,2579,-364,-2215,0,26696,-3772,-22924,0,0,0,0,1,0
44,22395,2321,183,-2504,0,24025,1890,-25915,0,0,0,0,1,0
45,22916,1974,723,-2697,0,20432,7479,-27910,0,0,0,0,1,0
46,23437,1551,1235,-2786,0,16053,12780,-28833,0,0,0,0,1,0
47,23958,1068,1700,-2768,0,11058,17590,-28648,0,0,0,0,1,0
48,24479,545,2099,-2644,0,5637,21724,-27362,0,0,0,0,1,0
49,25000,0,2418,-2418,0,0,25024,-25024,0,0,0,0,1,0
50,25520,-545,2644,-2099,0,-5637,27362,-21724,0,0,0,0,1,0
51,26041,-1068,2768,-1700,0,-11058,28648,-17590,0,0,0,0,1,0
52,26562,-1551,2786,-1235,0,-16053,28833,-12780,0,0,0,0,1,0
53,27083,-1974,2697,-723,0,-20432,27910,-7479,0,0,0,0,1,0
54,27604,-2321,2504,-183,0,-24025,25915,-1890,0,0,0,0,1,0
55,28125,-2579,2215,364,0,-26696,22924,3772,0,0,0,0,1,0
56,28645,-2738,1841,897,0,-28340,19052,9288,0,0,0,0,1,0
57,29166,-2792,1396,1396,0,-28895,14448,14448,0,0,0,0,1,0
58,29687,-2738,897,1841,0,-28340,9288,19052,0,0,0,0,1,0
59,30208,-2579,364,2215,0,-26696,3772,22924,0,0,0,0,1,0
60,30729,-2321,-183,2504,0,-24025,-1890,25915,0,0,0,0,1,0
61,31250,-1974,-723,2697,0,-20432,-7479,27910,0,0,0,0,1,0
62,31770,-1551,-1235,2786,0,-16053,-12780,28833,0,0,0,0,1,0
63,32291,-1068,-1700,2768,0,-11058,-17590,28648,0,0,0,0,1,0
64,32812,-545,-2099,2644,0,-5637,-21724,27362,0,0,0,0,1,0
65,33333,0,-2418,2418,0,0,-25024,25024,0,0,0,0,1,0
66,33854,545,-2644,2099,0,5637,-27362,21724,0,0,0,0,1,0
67,34375,1068,-2768,1700,0,11058,-28648,17590,0,0,0,0,1,0
68,34895,1551,-2786,1235,0,16053,-28833,12780,0,0,0,0,1,0
69,35416,1974,-2697,723,0,20432,-27910,7479,0,0,0,0,1,0
70,35937,2321,-2504,183,0,24025,-25915,1890,0,0,0,0,1,0
71,36458,2579,-2215,-364,0,26696,-22924,-3772,0,0,0,0,1,0
72,36979,2738,-1841,-897,0,28340,-19052,-9288,0,0,0,0,1,0
73,37500,2792,-1396,-1396,0,28895,-14448,-14448,0,0,0,0,1,0
74,38020,2738,-897,-1841,0,28340,-9288,-19052,0,0,0,0,1,0
75,38541,2579,-364,-2215,0,26696,-3772,-22924,0,0,0,0,1,0
76,39062,2321,183,-2504,0,24025,1890,-25915,0,0,0,0,1,0
77,39583,1974,723,-2697,0,20432,7479,-27910,0,0,0,0,1,0
78,40104,1551,1235,-2786,0,16053,12780,-28833,0,0,0,0,1,0
79,40625,1068,1700,-2768,0,11058,17590,-28648,0,0,0,0,1,0
80,41145,545,2099,-2644,0,5637,21724,-27362,0,0,0,0,1,0
81,41666,0,2418,-2418,0,0,25024,-25024,0,0,0,0,1,0
82,42187,-545,2644,-2099,0,-5637,27362,-21724,0,0,0,0,1,0
83,42708,-1068,2768,-1700,0,-11058,28648,-17590,0,0,0,0,1,0
84,43229,-1551,2786,-1235,0,-16053,28833,-12780,0,0,0,0,1,0
85,43750,-1974,2697,-723,0,-20432,27910,-7479,0,0,0,0,1,0
86,44270,-2321,2504,-183,0,-24025,25915,-1890,0,0,0,0,1,0
87,44791,-2579,2215,364,0,-26696,22924,3772,0,0,0,0,1,0
88,45312,-2738,1841,897,0,-28340,19052,9288,0,0,0,0,1,0
89,45833,-2792,1396,1396,0,-28895,14448,14448,0,0,0,0,1,0
90,46354,-2738,897,1841,0,-28340,9288,19052,0,0,0,0,1,0
91,46875,-2579,364,2215,0,-26696,3772,22924,0,0,0,0,1,0
92,47395,-2321,-183,2504,0,-24025,-1890,25915,0,0,0,0,1,0
93,47916,-1974,-723,2697,0,-20432,-7479,27910,0,0,0,0,1,0
94,48437,-1551,-1235,2786,0,-16053,-12780,28833,0,0,0,0,1,0
95,48958,-1068,-1700,2768,0,-11058,-17590,28648,0,0,0,0,1,0
96,49479,-545,-2099,2644,0,-5637,-21724,27362,0,0,0,0,1,0
97,50000,0,-2418,31207,28789,0,-27026,2502,0,0,0,0,1,0
98,50520,545,-2644,27781,25682,6088,-29551,2172,0,0,0,0,1,0
99,51041,1068,-2768,23863,22164,11942,-30940,1759,0,0,0,0,1,0
100,51562,1551,-2786,19594,18359,17337,-31140,1278,0,0,0,0,1,0
101,52083,1974,-2697,15125,14403,22066,-30143,748,0,0,0,0,1,0
102,52604,2321,-2504,10619,10436,25947,-27988,189,0,0,0,0,1,0
103,53125,2579,-2215,6236,6601,28831,-24758,-377,0,0,0,0,1,0
104,53645,2738,-1841,2137,3034,30607,-20576,-929,0,0,0,0,1,0
105,54166,2792,-1396,-1533,-137,31207,-15603,-1445,0,0,0,0,1,0
106,54687,2738,-897,-4641,-2801,30607,-10031,-1905,0,0,0,0,1,0
107,55208,2579,-364,-7079,-4864,28831,-4073,-2292,0,0,0,0,1,0
108,55729,2321,183,-8762,-6258,25947,2041,-2592,0,0,0,0,1,0
109,56250,1974,723,-9635,-6938,22066,8077,-2791,0,0,0,0,1,0
110,56770,1551,1235,-9673,-6888,17337,13802,-2883,0,0,0,0,1,0
111,57291,1068,1700,-8885,-6117,11942,18997,-2865,0,0,0,0,1,0
112,57812,545,2099,-7309,-4665,6088,23462,-2736,0,0,0,0,1,0
113,58333,0,2418,-5014,-2596,0,27026,-2502,0,0,0,0,1,0
114,58854,-545,2644,-2097,2,-6088,29551,-2172,0,0,0,0,1,0
115,59375,-1068,2768,1321,3020,-11942,30940,-1759,0,0,0,0,1,0
116,59895,-1551,2786,5101,6336,-17337,31140,-1278,0,0,0,0,1,0
117,60416,-1974,2697,9089,9812,-22066,30143,-748,0,0,0,0,1,0
118,60937,-2321,2504,13125,13308,-25947,27988,-189,0,0,0,0,1,0
119,61458,-2579,2215,17046,16681,-28831,24758,377,0,0,0,0,1,0
120,61979,-2738,1841,20692,19795,-30607,20576,929,0,0,0,0,1,0
121,62500,-2792,1396,23918,22522,-31207,15603,1445,0,0,0,0,1,0
122,63020,-2738,897,26592,24751,-30607,10031,1905,0,0,0,0,1,0
123,63541,-2579,364,28603,26388,-28831,4073,2292,0,0,0,0,1,0
124,64062,-2321,-183,29867,27363,-25947,-2041,2592,0,0,0,0,1,0
125,64583,-1974,-723,30330,27633,-22066,-8077,2791,0,0,0,0,1,0
126,65104,-1551,-1235,29966,27180,-17337,-13802,2883,0,0,0,0,1,0
127,65625,-1068,-1700,28783,26015,-11942,-18997,2865,0,0,0,0,1,0
128,66145,-545,-2099,26819,24176,-6088,-23462,2736,0,0,0,0,1,0
129,66666,0,-2418,24145,21727,0,-27026,2502,0,0,0,0,1,0
130,67187,545,-2644,20857,18757,6088,-29551,2172,0,0,0,0,1,0
131,67708,1068,-2768,17074,15374,11942,-30940,1759,0,0,0,0,1,0
132,68229,1551,-2786,12936,11701,17337,-31140,1278,0,0,0,0,1,0
133,68750,1974,-2697,8597,7874,22066,-30143,748,0,0,0,0,1,0
134,69270,2321,-2504,4217,4035,25947,-27988,189,0,0,0,0,1,0
135,69791,2579,-2215,-40,324,28831,-24758,-377,0,0,0,0,1,0
136,70312,2738,-1841,-4018,-3121,30607,-20576,-929,0,0,0,0,1,0
137,70833,2792,-1396,-7568,-6172,31207,-15603,-1445,0,0,0,0,1,0
138,71354,2738,-897,-10559,-8718,30607,-10031,-1905,0,0,0,0,1,0
139,71875,2579,-364,-12882,-10667,28831,-4073,-2292,0,0,0,0,1,0
140,72395,2321,183,-14452,-11948,25947,2041,-2592,0,0,0,0,1,0
141,72916,1974,723,-15214,-12518,22066,8077,-2791,0,0,0,0,1,0
142,73437,1551,1235,-15144,-12358,17337,13802,-2883,0,0,0,0,1,0
143,73958,1068,1700,-14249,-11481,11942,18997,-2865,0,0,0,0,1,0
144,74479,545,2099,-12569,-9925,6088,23462,-2736,0,0,0,0,1,0
145,75000,0,2418,-10172,-7754,0,27026,-2502,0,0,0,0,1,0
146,75520,-545,2644,-7155,-5056,-6088,29551,-2172,0,0,0,0,1,0
147,76041,-1068,2768,-3638,-1939,-11942,30940,-1759,0,0,0,0,1,0
148,76562,-1551,2786,238,1473,-17337,31140,-1278,0,0,0,0,1,0
149,77083,-1974,2697,4321,5044,-22066,30143,-748,0,0,0,0,1,0
150,77604,-2321,2504,8450,8632,-25947,27988,-189,0,0,0,0,1,0
151,78125,-2579,2215,12461,12097,-28831,24758,377,0,0,0,0,1,0
152,78645,-2738,1841,16197,15300,-30607,20576,929,0,0,0,0,1,0
153,79166,-2792,1396,19510,18114,-31207,15603,1445,0,0,0,0,1,0
154,79687,-2738,897,22269,20428,-30607,10031,1905,0,0,0,0,1,0
155,80208,-2579,364,24364,22149,-28831,4073,2292,0,0,0,0,1,0
156,80729,-2321,-183,25711,23207,-25947,-2041,2592,0,0,0,0,1,0
157,81250,-1974,-723,26255,23558,-22066,-8077,2791,0,0,0,0,1,0
158,81770,-1551,-1235,25970,23184,-17337,-13802,2883,0,0,0,0,1,0
159,82291,-1068,-1700,24864,22096,-11942,-18997,2865,0,0,0,0,1,0
160,82812,-545,-2099,22977,20334,-6088,-23462,2736,0,0,0,0,1,0
161,83333,0,-2418,20378,17960,0,-27026,2502,0,0,0,0,1,0
162,83854,545,-2644,17163,15064,6088,-29551,2172,0,0,0,0,1,0
163,84375,1068,-2768,13452,11752,11942,-30940,1759,0,0,0,0,1,0
164,84895,1551,-2786,9384,8150,17337,-31140,1278,0,0,0,0,1,0
165,85416,1974,-2697,5114,4392,22066,-30143,748,0,0,0,0,1,0
166,85937,2321,-2504,802,620,25947,-27988,189,0,0,0,0,1,0
167,86458,2579,-2215,-3389,-3025,28831,-24758,-377,0,0,0,0,1,0
168,86979,2738,-1841,-7301,-6404,30607,-20576,-929,0,0,0,0,1,0
169,87500,2792,-1396,-10787,-9392,31207,-15603,-1445,0,0,0,0,1,0
170,88020,2738,-897,-13716,-11875,30607,-10031,-1905,0,0,0,0,1,0
171,88541,2579,-364,-15978,-13763,28831,-4073,-2292,0,0,0,0,1,0
172,89062,2321,183,-17487,-14984,25947,2041,-2592,0,0,0,0,1,0
173,89583,1974,723,-18191,-15494,22066,8077,-2791,0,0,0,0,1,0
174,90104,1551,1235,-18063,-15277,17337,13802,-2883,0,0,0,0,1,0
175,90625,1068,1700,-17111,-14343,11942,18997,-2865,0,0,0,0,1,0
176,91145,545,2099,-15375,-12731,6088,23462,-2736,0,0,0,0,1,0
177,91666,0,2418,-12923,-10505,0,27026,-2502,0,0,0,0,1,0
178,92187,-545,2644,-9853,-7754,-6088,29551,-2172,0,0,0,0,1,0
179,92708,-1068,2768,-6284,-4584,-11942,30940,-1759,0,0,0,0,1,0
180,93229,-1551,2786,-2356,-1121,-17337,31140,-1278,0,0,0,0,1,0
181,93750,-1974,2697,1777,2500,-22066,30143,-748,0,0,0,0,1,0
182,94270,-2321,2504,5955,6138,-25947,27988,-189,0,0,0,0,1,0
183,94791,-2579,2215,10015,9651,-28831,24758,377,0,0,0,0,1,0
184,95312,-2738,1841,13799,12901,-30607,20576,929,0,0,0,0,1,0
185,95833,-2792,1396,17159,15763,-31207,15603,1445,0,0,0,0,1,0
186,96354,-2738,897,19963,18123,-30607,10031,1905,0,0,0,0,1,0
187,96875,-2579,364,22103,19888,-28831,4073,2292,0,0,0,0,1,0
188,97395,-2321,-183,23494,20990,-25947,-2041,2592,0,0,0,0,1,0
189,97916,-1974,-723,24081,21384,-22066,-8077,2791,0,0,0,0,1,0
190,98437,-1551,-1235,23838,21052,-17337,-13802,2883,0,0,0,0,1,0
191,98958,-1068,-1700,22774,20006,-11942,-18997,2865,0,0,0,0,1,0
192,99479,-545,-2099,20928,18284,-6088,-23462,2736,0,0,0,0,1,0
193,100000,0,-2418,18368,15950,0,-27026,2502,0,0,0,0,1,0
194,100520,545,-2644,15192,13093,6088,-29551,2172,0,0,0,0,1,0
195,101041,1068,-2768,11519,9820,11942,-30940,1759,0,0,0,0,1,0
196,101562,1551,-2786,7490,6255,17337,-31140,1278,0,0,0,0,1,0
197,102083,1974,-2697,3256,2534,22066,-30143,748,0,0,0,0,1,0
198,102604,2321,-2504,-1019,-1202,25947,-27988,189,0,0,0,0,1,0
199,103125,2579,-2215,-5175,-4811,28831,-24758,-377,0,0,0,0,1,0
200,103645,2738,-1841,-9053,-8156,30607,-20576,-929,0,0,0,0,1,0
201,104166,2792,-1396,-12505,-11109,31207,-15603,-1445,0,0,0,0,1,0
202,104687,2738,-897,-15400,-13560,30607,-10031,-1905,0,0,0,0,1,0
203,105208,2579,-364,-17629,-15414,28831,-4073,-2292,0,0,0,0,1,0
204,105729,2321,183,-19107,-16603,25947,2041,-2592,0,0,0,0,1,0
205,106250,1974,723,-19779,-17082,22066,8077,-2791,0,0,0,0,1,0
206,106770,1551,1235,-19620,-16834,17337,13802,-2883,0,0,0,0,1,0
207,107291,1068,1700,-18638,-15870,11942,18997,-2865,0,0,0,0,1,0
208,107812,545,2099,-16872,-14228,6088,23462,-2736,0,0,0,0,1,0
209,108333,0,2418,-14391,-11973,0,27026,-2502,0,0,0,0,1,0
210,108854,-545,2644,-11292,-9193,-6088,29551,-2172,0,0,0,0,1,0
211,109375,-1068,2768,-7695,-5996,-11942,30940,-1759,0,0,0,0,1,0
212,109895,-1551,2786,-3740,-2505,-17337,31140,-1278,0,0,0,0,1,0
213,110416,-1974,2697,420,1143,-22066,30143,-748,0,0,0,0,1,0
214,110937,-2321,2504,4625,4807,-25947,27988,-189,0,0,0,0,1,0
215,111458,-2579,2215,8710,8346,-28831,24758,377,0,0,0,0,1,0
216,111979,-2738,1841,12519,11622,-30607,20576,929,0,0,0,0,1,0
217,112500,-2792,1396,15904,14508,-31207,15603,1445,0,0,0,0,1,0
218,113020,-2738,897,18733,16892,-30607,10031,1905,0,0,0,0,1,0
219,113541,-2579,364,20897,18682,-28831,4073,2292,0,0,0,0,1,0
220,114062,-2321,-183,22311,19807,-25947,-2041,2592,0,0,0,0,1,0
221,114583,-1974,-723,22921,20224,-22066,-8077,2791,0,0,0,0,1,0
222,115104,-1551,-1235,22701,19915,-17337,-13802,2883,0,0,0,0,1,0
223,115625,-1068,-1700,21659,18891,-11942,-18997,2865,0,0,0,0,1,0
224,116145,-545,-2099,19834,17191,-6088,-23462,2736,0,0,0,0,1,0
225,116666,0,-2418,17296,14878,0,-27026,2502,0,0,0,0,1,0
226,117187,545,-2644,14140,12041,6088,-29551,2172,0,0,0,0,1,0
227,117708,1068,-2768,10488,8789,11942,-30940,1759,0,0,0,0,1,0
228,118229,1551,-2786,6479,5244,17337,-31140,1278,0,0,0,0,1,0
229,118750,1974,-2697,2265,1543,22066,-30143,748,0,0,0,0,1,0
230,119270,2321,-2504,-1991,-2174,25947,-27988,189,0,0,0,0,1,0
231,119791,2579,-2215,-6128,-5764,28831,-24758,-377,0,0,0,0,1,0
232,120312,2738,-1841,-9988,-9090,30607,-20576,-929,0,0,0,0,1,0
233,120833,2792,-1396,-13421,-12026,31207,-15603,-1445,0,0,0,0,1,0
234,121354,2738,-897,-16299,-14458,30607,-10031,-1905,0,0,0,0,1,0
235,121875,2579,-364,-18510,-16295,28831,-4073,-2292,0,0,0,0,1,0
236,122395,2321,183,-19971,-17467,25947,2041,-2592,0,0,0,0,1,0
237,122916,1974,723,-20626,-17929,22066,8077,-2791,0,0,0,0,1,0
238,123437,1551,1235,-20450,-17665,17337,13802,-2883,0,0,0,0,1,0
239,123958,1068,1700,-19452,-16684,11942,18997,-2865,0,0,0,0,1,0
240,124479,545,2099,-17671,-15027,6088,23462,-2736,0,0,0,0,1,0
241,125000,0,2418,-15174,-12756,0,27026,-2502,0,0,0,0,1,0
242,125520,-545,2644,-12060,-9961,-6088,29551,-2172,0,0,0,0,1,0
243,126041,-1068,2768,-8448,-6749,-11942,30940,-1759,0,0,0,0,1,0
244,126562,-1551,2786,-4479,-3244,-17337,31140,-1278,0,0,0,0,1,0
245,127083,-1974,2697,-304,419,-22066,30143,-748,0,0,0,0,1,0
246,127604,-2321,2504,3915,4097,-25947,27988,-189,0,0,0,0,1,0
247,128124,-2579,2215,8014,7650,-28831,24758,377,0,0,0,0,1,0
248,128645,-2738,1841,11837,10939,-30607,20576,929,0,0,0,0,1,0
249,129166,-2792,1396,15235,13839,-31207,15603,1445,0,0,0,0,1,0
250,129687,-2738,897,18077,16236,-30607,10031,1905,0,0,0,0,1,0
251,130208,-2579,364,20253,18039,-28831,4073,2292,0,0,0,0,1,0
252,130729,-2321,-183,21680,19176,-25947,-2041,2592,0,0,0,0,1,0
253,131250,-1974,-723,22302,19605,-22066,-8077,2791,0,0,0,0,1,0
254,131770,-1551,-1235,22094,19308,-17337,-13802,2883,0,0,0,0,1,0
255,132291,-1068,-1700,21064,18296,-11942,-18997,2865,0,0,0,0,1,0
256,132812,-545,-2099,19251,16607,-6088,-23462,2736,0,0,0,0,1,0
257,133333,0,-2418,16724,14306,0,-27026,2502,0,0,0,0,1,0
258,133854,545,-2644,13580,11481,6088,-29551,2172,0,0,0,0,1,0
259,134375,1068,-2768,9938,8239,11942,-30940,1759,0,0,0,0,1,0
260,134895,1551,-2786,5940,4705,17337,-31140,1278,0,0,0,0,1,0
261,135416,1974,-2697,1736,1014,22066,-30143,748,0,0,0,0,1,0
262,135937,2321,-2504,-2510,-2693,25947,-27988,189,0,0,0,0,1,0
263,136458,2579,-2215,-6637,-6272,28831,-24758,-377,0,0,0,0,1,0
264,136979,2738,-1841,-10486,-9589,30607,-20576,-929,0,0,0,0,1,0
265,137500,2792,-1396,-13910,-12514,31207,-15603,-1445,0,0,0,0,1,0
266,138020,2738,-897,-16778,-14937,30607,-10031,-1905,0,0,0,0,1,0
267,138541,2579,-364,-18980,-16765,28831,-4073,-2292,0,0,0,0,1,0
268,139062,2321,183,-20432,-17928,25947,2041,-2592,0,0,0,0,1,0
269,139583,1974,723,-21078,-18381,22066,8077,-2791,0,0,0,0,1,0
270,140104,1551,1235,-20894,-18108,17337,13802,-2883,0,0,0,0,1,0
271,140625,1068,1700,-19887,-17119,11942,18997,-2865,0,0,0,0,1,0
272,141145,545,2099,-18097,-15453,6088,23462,-2736,0,0,0,0,1,0
273,141666,0,2418,-15592,-13174,0,27026,-2502,0,0,0,0,1,0
274,142187,-545,2644,-12470,-10371,-6088,29551,-2172,0,0,0,0,1,0
275,142708,-1068,2768,-8850,-7150,-11942,30940,-1759,0,0,0,0,1,0
276,143229,-1551,2786,-4872,-3638,-17337,31140,-1278,0,0,0,0,1,0
277,143750,-1974,2697,-690,33,-22066,30143,-748,0,0,0,0,1,0
278,144270,-2321,2504,3536,3719,-25947,27988,-189,0,0,0,0,1,0
279,144791,-2579,2215,7643,7279,-28831,24758,377,0,0,0,0,1,0
280,145312,-2738,1841,11473,10575,-30607,20576,929,0,0,0,0,1,0
281,145833,-2792,1396,14878,13482,-31207,15603,1445,0,0,0,0,1,0
282,146354,-2738,897,17727,15886,-30607,10031,1905,0,0,0,0,1,0
283,146875,-2579,364,19910,17695,-28831,4073,2292,0,0,0,0,1,0
284,147395,-2321,-183,21344,18840,-25947,-2041,2592,0,0,0,0,1,0
285,147916,-1974,-723,21972,19275,-22066,-8077,2791,0,0,0,0,1,0
286,148437,-1551,-1235,21770,18985,-17337,-13802,2883,0,0,0,0,1,0
287,148958,-1068,-1700,20747,17979,-11942,-18997,2865,0,0,0,0,1,0
288,149479,-545,-2099,18940,16296,-6088,-23462,2736,0,0,0,0,1,0
289,150000,0,-2418,16419,14001,0,-27026,2502,0,0,0,0,1,0
290,150520,545,-2644,13280,11181,6088,-29551,2172,0,0,0,0,1,0
291,151041,1068,-2768,9645,7945,11942,-30940,1759,0,0,0,0,1,0
292,151562,1551,-2786,5652,4417,17337,-31140,1278,0,0,0,0,1,0
293,152083,1974,-2697,1454,732,22066,-30143,748,0,0,0,0,1,0
294,152604,2321,-2504,-2787,-2969,25947,-27988,189,0,0,0,0,1,0
295,153125,2579,-2215,-6908,-6544,28831,-24758,-377,0,0,0,0,1,0
296,153645,2738,-1841,-10752,-9855,30607,-20576,-929,0,0,0,0,1,0
297,154166,2792,-1396,-14171,-12775,31207,-15603,-1445,0,0,0,0,1,0
298,154687,2738,-897,-17034,-15193,30607,-10031,-1905,0,0,0,0,1,0
299,155208,2579,-364,-19231,-17016,28831,-4073,-2292,0,0,0,0,1,0
300,155729,2321,183,-20678,-18174,25947,2041,-2592,0,0,0,0,1,0
301,156250,1974,723,-21319,-18622,22066,8077,-2791,0,0,0,0,1,0
302,156770,1551,1235,-21130,-18344,17337,13802,-2883,0,0,0,0,1,0
303,157291,1068,1700,-20119,-17351,11942,18997,-2865,0,0,0,0,1,0
304,157812,545,2099,-18324,-15680,6088,23462,-2736,0,0,0,0,1,0
305,158333,0,2418,-15815,-13397,0,27026,-2502,0,0,0,0,1,0
306,158854,-545,2644,-12688,-10589,-6088,29551,-2172,0,0,0,0,1,0
307,159375,-1068,2768,-9064,-7365,-11942,30940,-1759,0,0,0,0,1,0
308,159895,-1551,2786,-5083,-3848,-17337,31140,-1278,0,0,0,0,1,0
309,160416,-1974,2697,-896,-173,-22066,30143,-748,0,0,0,0,1,0
310,160937,-2321,2504,3334,3517,-25947,27988,-189,0,0,0,0,1,0
311,161458,-2579,2215,7445,7080,-28831,24758,377,0,0,0,0,1,0
312,161979,-2738,1841,11278,10381,-30607,20576,929,0,0,0,0,1,0
313,162500,-2792,1396,14687,13291,-31207,15603,1445,0,0,0,0,1,0
314,163020,-2738,897,17540,15699,-30607,10031,1905,0,0,0,0,1,0
315,163541,-2579,364,19727,17512,-28831,4073,2292,0,0,0,0,1,0
316,164062,-2321,-183,21164,18660,-25947,-2041,2592,0,0,0,0,1,0
317,164583,-1974,-723,21796,19099,-22066,-8077,2791,0,0,0,0,1,0
318,165104,-1551,-1235,21598,18812,-17337,-13802,2883,0,0,0,0,1,0
319,165625,-1068,-1700,20577,17809,-11942,-18997,2865,0,0,0,0,1,0
320,166145,-545,-2099,18774,16130,-6088,-23462,2736,0,0,0,0,1,0
321,166666,0,-2418,16256,13838,0,-27026,2502,0,0,0,0,1,0
322,167187,545,-2644,13121,11022,6088,-29551,2172,0,0,0,0,1,0
323,167708,1068,-2768,9488,7789,11942,-30940,1759,0,0,0,0,1,0
324,168229,1551,-2786,5498,4264,17337,-31140,1278,0,0,0,0,1,0
325,168750,1974,-2697,1304,581,22066,-30143,748,0,0,0,0,1,0
326,169270,2321,-2504,-2934,-3117,25947,-27988,189,0,0,0,0,1,0
327,169791,2579,-2215,-7053,-6688,28831,-24758,-377,0,0,0,0,1,0
328,170312,2738,-1841,-10894,-9997,30607,-20576,-929,0,0,0,0,1,0
329,170833,2792,-1396,-14310,-12914,31207,-15603,-1445,0,0,0,0,1,0
330,171354,2738,-897,-17170,-15330,30607,-10031,-1905,0,0,0,0,1,0
331,171875,2579,-364,-19365,-17150,28831,-4073,-2292,0,0,0,0,1,0
332,172395,2321,183,-20809,-18305,25947,2041,-2592,0,0,0,0,1,0
333,172916,1974,723,-21447,-18751,22066,8077,-2791,0,0,0,0,1,0
334,173437,1551,1235,-21256,-18470,17337,13802,-2883,0,0,0,0,1,0
335,173958,1068,1700,-20242,-17474,11942,18997,-2865,0,0,0,0,1,0
336,174479,545,2099,-18445,-15801,6088,23462,-2736,0,0,0,0,1,0
337,175000,0,2418,-15934,-13516,0,27026,-2502,0,0,0,0,1,0
338,175520,-545,2644,-12805,-10706,-6088,29551,-2172,0,0,0,0,1,0
339,176041,-1068,2768,-9179,-7479,-11942,30940,-1759,0,0,0,0,1,0
340,176562,-1551,2786,-5195,-3960,-17337,31140,-1278,0,0,0,0,1,0
341,177083,-1974,2697,-1006,-283,-22066,30143,-748,0,0,0,0,1,0
342,177604,-2321,2504,3226,3409,-25947,27988,-189,0,0,0,0,1,0
343,178125,-2579,2215,7339,6975,-28831,24758,377,0,0,0,0,1,0
344,178645,-2738,1841,11175,10277,-30607,20576,929,0,0,0,0,1,0
345,179166,-2792,1396,14586,13190,-31207,15603,1445,0,0,0,0,1,0
346,179687,-2738,897,17440,15600,-30607,10031,1905,0,0,0,0,1,0
347,180208,-2579,364,19629,17414,-28831,4073,2292,0,0,0,0,1,0
348,180729,-2321,-183,21068,18564,-25947,-2041,2592,0,0,0,0,1,0
349,181250,-1974,-723,21702,19005,-22066,-8077,2791,0,0,0,0,1,0
350,181770,-1551,-1235,21506,18720,-17337,-13802,2883,0,0,0,0,1,0
351,182291,-1068,-1700,20487,17719,-11942,-18997,2865,0,0,0,0,1,0
352,182812,-545,-2099,18685,16041,-6088,-23462,2736,0,0,0,0,1,0
353,183333,0,-2418,16169,13751,0,-27026,2502,0,0,0,0,1,0
354,183854,545,-2644,13036,10937,6088,-29551,2172,0,0,0,0,1,0
355,184375,1068,-2768,9405,7705,11942,-30940,1759,0,0,0,0,1,0
356,184895,1551,-2786,5416,4182,17337,-31140,1278,0,0,0,0,1,0
357,185416,1974,-2697,1224,501,22066,-30143,748,0,0,0,0,1,0
358,185937,2321,-2504,-3013,-3195,25947,-27988,189,0,0,0,0,1,0
359,186458,2579,-2215,-7130,-6766,28831,-24758,-377,0,0,0,0,1,0
360,186979,2738,-1841,-10970,-10072,30607,-20576,-929,0,0,0,0,1,0
361,187500,2792,-1396,-14384,-12989,31207,-15603,-1445,0,0,0,0,1,0
362,188020,2738,-897,-17243,-15402,30607,-10031,-1905,0,0,0,0,1,0
363,188541,2579,-364,-19436,-17221,28831,-4073,-2292,0,0,0,0,1,0
364,189062,2321,183,-20879,-18375,25947,2041,-2592,0,0,0,0,1,0
365,189583,1974,723,-21516,-18819,22066,8077,-2791,0,0,0,0,1,0
366,190104,1551,1235,-21323,-18537,17337,13802,-2883,0,0,0,0,1,0
367,190625,1068,1700,-20308,-17540,11942,18997,-2865,0,0,0,0,1,0
368,191145,545,2099,-18510,-15866,6088,23462,-2736,0,0,0,0,1,0
369,191666,0,2418,-15997,-13579,0,27026,-2502,0,0,0,0,1,0
370,192187,-545,2644,-12867,-10768,-6088,29551,-2172,0,0,0,0,1,0
371,192708,-1068,2768,-9240,-7540,-11942,30940,-1759,0,0,0,0,1,0
372,193229,-1551,2786,-5254,-4020,-17337,31140,-1278,0,0,0,0,1,0
373,193750,-1974,2697,-1065,-342,-22066,30143,-748,0,0,0,0,1,0
374,194270,-2321,2504,3169,3351,-25947,27988,-189,0,0,0,0,1,0
375,194791,-2579,2215,7283,6918,-28831,24758,377,0,0,0,0,1,0
376,195312,-2738,1841,11119,10222,-30607,20576,929,0,0,0,0,1,0
377,195833,-2792,1396,14531,13135,-31207,15603,1445,0,0,0,0,1,0
378,196354,-2738,897,17387,15546,-30607,10031,1905,0,0,0,0,1,0
379,196875,-2579,364,19577,17362,-28831,4073,2292,0,0,0,0,1,0
380,197395,-2321,-183,21017,18513,-25947,-2041,2592,0,0,0,0,1,0
381,197916,-1974,-723,21652,18955,-22066,-8077,2791,0,0,0,0,1,0
382,198437,-1551,-1235,21456,18671,-17337,-13802,2883,0,0,0,0,1,0
383,198958,-1068,-1700,20439,17671,-11942,-18997,2865,0,0,0,0,1,0
384,199479,-545,-2099,18638,15994,-6088,-23462,2736,0,0,0,0,1,0
385,200000,0,-2418,16123,13705,0,-27026,2502,0,0,0,0,1,0
386,200520,545,-2644,12990,10891,6088,-29551,2172,0,0,0,0,1,0
387,201041,1068,-2768,9360,7661,11942,-30940,1759,0,0,0,0,1,0
388,201562,1551,-2786,5373,4138,17337,-31140,1278,0,0,0,0,1,0
389,202083,1974,-2697,1181,458,22066,-30143,748,0,0,0,0,1,0
390,202604,2321,-2504,-3055,-3237,25947,-27988,189,0,0,0,0,1,0
391,203125,2579,-2215,-7171,-6807,28831,-24758,-377,0,0,0,0,1,0
392,203645,2738,-1841,-11010,-10113,30607,-20576,-929,0,0,0,0,1,0
393,204166,2792,-1396,-14424,-13028,31207,-15603,-1445,0,0,0,0,1,0
394,204687,2738,-897,-17282,-15441,30607,-10031,-1905,0,0,0,0,1,0
395,205208,2579,-364,-19474,-17259,28831,-4073,-2292,0,0,0,0,1,0
396,205729,2321,183,-20916,-18412,25947,2041,-2592,0,0,0,0,1,0
397,206250,1974,723,-21553,-18856,22066,8077,-2791,0,0,0,0,1,0
398,206770,1551,1235,-21359,-18573,17337,13802,-2883,0,0,0,0,1,0
399,207291,1068,1700,-20343,-17576,11942,18997,-2865,0,0,0,0,1,0
400,207812,545,2099,-18544,-15901,6088,23462,-2736,0,0,0,0,1,0
401,208333,0,2418,-16031,-13613,0,27026,-2502,0,0,0,0,1,0
402,208854,-545,2644,-12900,-10801,-6088,29551,-2172,0,0,0,0,1,0
403,209375,-1068,2768,-9272,-7573,-11942,30940,-1759,0,0,0,0,1,0
404,209895,-1551,2786,-5286,-4052,-17337,31140,-1278,0,0,0,0,1,0
405,210416,-1974,2697,-1096,-373,-22066,30143,-748,0,0,0,0,1,0
406,210937,-2321,2504,3138,3321,-25947,27988,-189,0,0,0,0,1,0
407,211458,-2579,2215,7253,6888,-28831,24758,377,0,0,0,0,1,0
408,211979,-2738,1841,11090,10193,-30607,20576,929,0,0,0,0,1,0
409,212500,-2792,1396,14502,13106,-31207,15603,1445,0,0,0,0,1,0
410,213020,-2738,897,17359,15518,-30607,10031,1905,0,0,0,0,1,0
411,213541,-2579,364,19549,17334,-28831,4073,2292,0,0,0,0,1,0
412,214062,-2321,-183,20990,18486,-25947,-2041,2592,0,0,0,0,1,0
413,214583,-1974,-723,21625,18928,-22066,-8077,2791,0,0,0,0,1,0
414,215104,-1551,-1235,21430,18644,-17337,-13802,2883,0,0,0,0,1,0
415,215625,-1068,-1700,20413,17645,-11942,-18997,2865,0,0,0,0,1,0
416,216145,-545,-2099,18613,15969,-6088,-23462,2736,0,0,0,0,1,0
417,216666,0,-2418,16098,13680,0,-27026,2502,0,0,0,0,1,0
418,217187,545,-2644,12966,10867,6088,-29551,2172,0,0,0,0,1,0
419,217708,1068,-2768,9337,7637,11942,-30940,1759,0,0,0,0,1,0
420,218229,1551,-2786,5349,4115,17337,-31140,1278,0,0,0,0,1,0
421,218750,1974,-2697,1158,435,22066,-30143,748,0,0,0,0,1,0
422,219270,2321,-2504,-3077,-3260,25947,-27988,189,0,0,0,0,1,0
423,219791,2579,-2215,-7193,-6829,28831,-24758,-377,0,0,0,0,1,0
424,220312,2738,-1841,-11032,-10134,30607,-20576,-929,0,0,0,0,1,0
425,220833,2792,-1396,-14445,-13049,31207,-15603,-1445,0,0,0,0,1,0
426,221354,2738,-897,-17303,-15462,30607,-10031,-1905,0,0,0,0,1,0
427,221875,2579,-364,-19494,-17279,28831,-4073,-2292,0,0,0,0,1,0
428,222395,2321,183,-20936,-18432,25947,2041,-2592,0,0,0,0,1,0
429,222916,1974,723,-21572,-18875,22066,8077,-2791,0,0,0,0,1,0
430,223437,1551,1235,-21378,-18593,17337,13802,-2883,0,0,0,0,1,0
431,223958,1068,1700,-20362,-17594,11942,18997,-2865,0,0,0,0,1,0
432,224479,545,2099,-18563,-15919,6088,23462,-2736,0,0,0,0,1,0
433,225000,0,2418,-16049,-13631,0,27026,-2502,0,0,0,0,1,0
434,225520,-545,2644,-12918,-10819,-6088,29551,-2172,0,0,0,0,1,0
435,226041,-1068,2768,-9290,-7590,-11942,30940,-1759,0,0,0,0,1,0
436,226562,-1551,2786,-5303,-4069,-17337,31140,-1278,0,0,0,0,1,0
437,227083,-1974,2697,-1113,-390,-22066,30143,-748,0,0,0,0,1,0
438,227604,-2321,2504,3122,3304,-25947,27988,-189,0,0,0,0,1,0
439,228125,-2579,2215,7237,6872,-28831,24758,377,0,0,0,0,1,0
440,228645,-2738,1841,11074,10177,-30607,20576,929,0,0,0,0,1,0
441,229166,-2792,1396,14487,13091,-31207,15603,1445,0,0,0,0,1,0
442,229687,-2738,897,17344,15503,-30607,10031,1905,0,0,0,0,1,0
443,230208,-2579,364,19535,17320,-28831,4073,2292,0,0,0,0,1,0
444,230729,-2321,-183,20975,18471,-25947,-2041,2592,0,0,0,0,1,0
445,231250,-1974,-723,21611,18914,-22066,-8077,2791,0,0,0,0,1,0
446,231770,-1551,-1235,21416,18630,-17337,-13802,2883,0,0,0,0,1,0
447,232291,-1068,-1700,20399,17631,-11942,-18997,2865,0,0,0,0,1,0
448,232812,-545,-2099,18599,15956,-6088,-23462,2736,0,0,0,0,1,0
449,233333,0,-2418,16085,13667,0,-27026,2502,0,0,0,0,1,0
450,233854,545,-2644,12953,10854,6088,-29551,2172,0,0,0,0,1,0
451,234375,1068,-2768,9324,7624,11942,-30940,1759,0,0,0,0,1,0
452,234895,1551,-2786,5337,4102,17337,-31140,1278,0,0,0,0,1,0
453,235416,1974,-2697,1146,423,22066,-30143,748,0,0,0,0,1,0
454,235937,2321,-2504,-3089,-3272,25947,-27988,189,0,0,0,0,1,0
455,236458,2579,-2215,-7205,-6840,28831,-24758,-377,0,0,0,0,1,0
456,236979,2738,-1841,-11043,-10146,30607,-20576,-929,0,0,0,0,1,0
457,237500,2792,-1396,-14456,-13061,31207,-15603,-1445,0,0,0,0,1,0
458,238020,2738,-897,-17314,-15473,30607,-10031,-1905,0,0,0,0,1,0
459,238541,2579,-364,-19505,-17290,28831,-4073,-2292,0,0,0,0,1,0
460,239062,2321,183,-20947,-18443,25947,2041,-2592,0,0,0,0,1,0
461,239583,1974,723,-21583,-18886,22066,8077,-2791,0,0,0,0,1,0
462,240104,1551,1235,-21389,-18603,17337,13802,-2883,0,0,0,0,1,0
463,240625,1068,1700,-20372,-17604,11942,18997,-2865,0,0,0,0,1,0
464,241145,545,2099,-18573,-15929,6088,23462,-2736,0,0,0,0,1,0
465,241666,0,2418,-16059,-13641,0,27026,-2502,0,0,0,0,1,0
466,242187,-545,2644,-12927,-10828,-6088,29551,-2172,0,0,0,0,1,0
467,242708,-1068,2768,-9299,-7599,-11942,30940,-1759,0,0,0,0,1,0
468,243229,-1551,2786,-5312,-4078,-17337,31140,-1278,0,0,0,0,1,0
469,243750,-1974,2697,-1122,-399,-22066,30143,-748,0,0,0,0,1,0
470,244270,-2321,2504,3113,3295,-25947,27988,-189,0,0,0,0,1,0
471,244791,-2579,2215,7228,6864,-28831,24758,377,0,0,0,0,1,0
472,245312,-2738,1841,11066,10168,-30607,20576,929,0,0,0,0,1,0
473,245833,-2792,1396,14479,13083,-31207,15603,1445,0,0,0,0,1,0
474,246354,-2738,897,17336,15495,-30607,10031,1905,0,0,0,0,1,0
475,246875,-2579,364,19527,17312,-28831,4073,2292,0,0,0,0,1,0
476,247395,-2321,-183,20968,18464,-25947,-2041,2592,0,0,0,0,1,0
477,247916,-1974,-723,21603,18906,-22066,-8077,2791,0,0,0,0,1,0
478,248437,-1551,-1235,21409,18623,-17337,-13802,2883,0,0,0,0,1,0
479,248958,-1068,-1700,20392,17624,-11942,-18997,2865,0,0,0,0,1,0
480,249479,-545,-2099,18592,15948,-6088,-23462,2736,0,0,0,0,1,0
481,250000,0,-2418,16078,13660,0,-27026,2502,0,0,0,0,1,0
482,250520,545,-2644,12946,10847,6088,-29551,2172,0,0,0,0,1,0
483,251041,1068,-2768,9317,7618,11942,-30940,1759,0,0,0,0,1,0
484,251562,1551,-2786,5330,4096,17337,-31140,1278,0,0,0,0,1,0
485,252083,1974,-2697,1139,417,22066,-30143,748,0,0,0,0,1,0
486,252604,2321,-2504,-3096,-3278,25947,-27988,189,0,0,0,0,1,0
487,253125,2579,-2215,-7211,-6847,28831,-24758,-377,0,0,0,0,1,0
488,253645,2738,-1841,-11049,-10152,30607,-20576,-929,0,0,0,0,1,0
489,254166,2792,-1396,-14462,-13067,31207,-15603,-1445,0,0,0,0,1,0
490,254687,2738,-897,-17320,-15479,30607,-10031,-1905,0,0,0,0,1,0
491,255208,2579,-364,-19511,-17296,28831,-4073,-2292,0,0,0,0,1,0
492,255729,2321,183,-20952,-18448,25947,2041,-2592,0,0,0,0,1,0
493,256249,1974,723,-21588,-18891,22066,8077,-2791,0,0,0,0,1,0
494,256770,1551,1235,-21394,-18608,17337,13802,-2883,0,0,0,0,1,0
495,257291,1068,1700,-20378,-17610,11942,18997,-2865,0,0,0,0,1,0
496,257812,545,2099,-18578,-15934,6088,23462,-2736,0,0,0,0,1,0
497,258333,0,2418,-16064,-13646,0,27026,-2502,0,0,0,0,1,0
498,258854,-545,2644,-12932,-10833,-6088,29551,-2172,0,0,0,0,1,0
499,259375,-1068,2768,-9304,-7604,-11942,30940,-1759,0,0,0,0,1,0
500,259895,-1551,2786,-5317,-4082,-17337,31140,-1278,0,0,0,0,1,0
501,260416,-1974,2697,-1126,-404,-22066,30143,-748,0,0,0,0,1,0
502,260937,-2321,2504,3108,3291,-25947,27988,-189,0,0,0,0,1,0
503,261458,-2579,2215,7223,6859,-28831,24758,377,0,0,0,0,1,0
504,261979,-2738,1841,11061,10164,-30607,20576,929,0,0,0,0,1,0
505,262500,-2792,1396,14474,13078,-31207,15603,1445,0,0,0,0,1,0
506,263020,-2738,897,17331,15490,-30607,10031,1905,0,0,0,0,1,0
507,263541,-2579,364,19522,17307,-28831,4073,2292,0,0,0,0,1,0
508,264062,-2321,-183,20963,18460,-25947,-2041,2592,0,0,0,0,1,0
509,264583,-1974,-723,21599,18902,-22066,-8077,2791,0,0,0,0,1,0
510,265104,-1551,-1235,21405,18619,-17337,-13802,2883,0,0,0,0,1,0
511,265625,-1068,-1700,20388,17620,-11942,-18997,2865,0,0,0,0,1,0
512,266145,-545,-2099,18588,15945,-6088,-23462,2736,0,0,0,0,1,0
513,266666,0,-2418,16074,13656,0,-27026,2502,0,0,0,0,1,0
514,267187,545,-2644,12942,10843,6088,-29551,2172,0,0,0,0,1,0
515,267708,1068,-2768,9314,7614,11942,-30940,1759,0,0,0,0,1,0
516,268229,1551,-2786,5327,4092,17337,-31140,1278,0,0,0,0,1,0
517,268750,1974,-2697,1136,413,22066,-30143,748,0,0,0,0,1,0
518,269270,2321,-2504,-3099,-3282,25947,-27988,189,0,0,0,0,1,0
519,269791,2579,-2215,-7214,-6850,28831,-24758,-377,0,0,0,0,1,0
520,270312,2738,-1841,-11052,-10155,30607,-20576,-929,0,0,0,0,1,0
521,270833,2792,-1396,-14466,-13070,31207,-15603,-1445,0,0,0,0,1,0
522,271354,2738,-897,-17323,-15482,30607,-10031,-1905,0,0,0,0,1,0
523,271875,2579,-364,-19514,-17299,28831,-4073,-2292,0,0,0,0,1,0
524,272395,2321,183,-20955,-18451,25947,2041,-2592,0,0,0,0,1,0
525,272916,1974,723,-21591,-18894,22066,8077,-2791,0,0,0,0,1,0
526,273437,1551,1235,-21397,-18611,17337,13802,-2883,0,0,0,0,1,0
527,273958,1068,1700,-20380,-17613,11942,18997,-2865,0,0,0,0,1,0
528,274479,545,2099,-18581,-15937,6088,23462,-2736,0,0,0,0,1,0
529,275000,0,2418,-16067,-13649,0,27026,-2502,0,0,0,0,1,0
530,275520,-545,2644,-12935,-10836,-6088,29551,-2172,0,0,0,0,1,0
531,276041,-1068,2768,-9306,-7607,-11942,30940,-1759,0,0,0,0,1,0
532,276562,-1551,2786,-5320,-4085,-17337,31140,-1278,0,0,0,0,1,0
533,277083,-1974,2697,-1129,-406,-22066,30143,-748,0,0,0,0,1,0
534,277604,-2321,2504,3106,3288,-25947,27988,-189,0,0,0,0,1,0
535,278125,-2579,2215,7221,6857,-28831,24758,377,0,0,0,0,1,0
536,278645,-2738,1841,11059,10162,-30607,20576,929,0,0,0,0,1,0
537,279166,-2792,1396,14472,13076,-31207,15603,1445,0,0,0,0,1,0
538,279687,-2738,897,17329,15488,-30607,10031,1905,0,0,0,0,1,0
539,280208,-2579,364,19520,17305,-28831,4073,2292,0,0,0,0,1,0
540,280729,-2321,-183,20961,18457,-25947,-2041,2592,0,0,0,0,1,0
541,281250,-1974,-723,21597,18900,-22066,-8077,2791,0,0,0,0,1,0
542,281770,-1551,-1235,21403,18617,-17337,-13802,2883,0,0,0,0,1,0
543,282291,-1068,-1700,20386,17618,-11942,-18997,2865,0,0,0,0,1,0
544,282812,-545,-2099,18586,15943,-6088,-23462,2736,0,0,0,0,1,0
545,283333,0,-2418,16072,13654,0,-27026,2502,0,0,0,0,1,0
546,283854,545,-2644,12940,10841,6088,-29551,2172,0,0,0,0,1,0
547,284375,1068,-2768,9312,7612,11942,-30940,1759,0,0,0,0,1,0
548,284895,1551,-2786,5325,4090,17337,-31140,1278,0,0,0,0,1,0
549,285416,1974,-2697,1134,411,22066,-30143,748,0,0,0,0,1,0
550,285937,2321,-2504,-3101,-3283,25947,-27988,189,0,0,0,0,1,0
551,286458,2579,-2215,-7216,-6852,28831,-24758,-377,0,0,0,0,1,0
552,286979,2738,-1841,-11054,-10157,30607,-20576,-929,0,0,0,0,1,0
553,287500,2792,-1396,-14467,-13071,31207,-15603,-1445,0,0,0,0,1,0
554,288020,2738,-897,-17324,-15484,30607,-10031,-1905,0,0,0,0,1,0
555,288541,2579,-364,-19516,-17301,28831,-4073,-2292,0,0,0,0,1,0
556,289062,2321,183,-20957,-18453,25947,2041,-2592,0,0,0,0,1,0
557,289583,1974,723,-21593,-18896,22066,8077,-2791,0,0,0,0,1,0
558,290104,1551,1235,-21399,-18613,17337,13802,-2883,0,0,0,0,1,0
559,290625,1068,1700,-20382,-17614,11942,18997,-2865,0,0,0,0,1,0
560,291145,545,2099,-18582,-15938,6088,23462,-2736,0,0,0,0,1,0
561,291666,0,2418,-16068,-13650,0,27026,-2502,0,0,0,0,1,0
562,292187,-545,2644,-12937,-10838,-6088,29551,-2172,0,0,0,0,1,0
563,292708,-1068,2768,-9308,-7608,-11942,30940,-1759,0,0,0,0,1,0
564,293229,-1551,2786,-5321,-4086,-17337,31140,-1278,0,0,0,0,1,0
565,293750,-1974,2697,-1130,-408,-22066,30143,-748,0,0,0,0,1,0
566,294270,-2321,2504,3104,3287,-25947,27988,-189,0,0,0,0,1,0
567,294791,-2579,2215,7220,6855,-28831,24758,377,0,0,0,0,1,0
568,295312,-2738,1841,11058,10160,-30607,20576,929,0,0,0,0,1,0
569,295833,-2792,1396,14471,13075,-31207,15603,1445,0,0,0,0,1,0
570,296354,-2738,897,17328,15487,-30607,10031,1905,0,0,0,0,1,0
571,296875,-2579,364,19519,17304,-28831,4073,2292,0,0,0,0,1,0
572,297395,-2321,-183,20960,18456,-25947,-2041,2592,0,0,0,0,1,0
573,297916,-1974,-723,21596,18899,-22066,-8077,2791,0,0,0,0,1,0
574,298437,-1551,-1235,21402,18616,-17337,-13802,2883,0,0,0,0,1,0
575,298958,-1068,-1700,20385,17617,-11942,-18997,2865,0,0,0,0,1,0
576,299479,-545,-2099,18585,15941,-6088,-23462,2736,0,0,0,0,1,0
577,300000,0,-2418,16071,13653,0,-27026,2502,0,0,0,0,1,0
578,300520,545,-2644,12939,10840,6088,-29551,2172,0,0,0,0,1,0
579,301041,1068,-2768,9311,7611,11942,-30940,1759,0,0,0,0,1,0
580,301562,1551,-2786,5324,4089,17337,-31140,1278,0,0,0,0,1,0
581,302083,1974,-2697,1133,410,22066,-30143,748,0,0,0,0,1,0
582,302604,2321,-2504,-3102,-3284,25947,-27988,189,0,0,0,0,1,0
583,303125,2579,-2215,-7217,-6853,28831,-24758,-377,0,0,0,0,1,0
584,303645,2738,-1841,-11055,-10158,30607,-20576,-929,0,0,0,0,1,0
585,304166,2792,-1396,-14468,-13072,31207,-15603,-1445,0,0,0,0,1,0
586,304687,2396,-785,-1611,0,28340,-9288,-19052,0,0,0,0,1,0
587,305208,2257,-319,-1938,0,26696,-3772,-22924,0,0,0,0,1,0
588,305729,2031,160,-2191,0,24025,1890,-25915,0,0,0,0,1,0
589,306250,1727,632,-2360,0,20432,7479,-27910,0,0,0,0,1,0
590,306770,1357,1080,-2438,0,16053,12780,-28833,0,0,0,0,1,0
591,307291,935,1487,-2422,0,11058,17590,-28648,0,0,0,0,1,0
592,307812,477,1837,-2313,0,5637,21724,-27362,0,0,0,0,1,0
593,308333,0,2116,-2116,0,0,25024,-25024,0,0,0,0,1,0
594,308854,-477,2313,-1837,0,-5637,27362,-21724,0,0,0,0,1,0
595,309375,-935,2422,-1487,0,-11058,28648,-17590,0,0,0,0,1,0
596,309895,-1357,2438,-1080,0,-16053,28833,-12780,0,0,0,0,1,0
597,310416,-1727,2360,-632,0,-20432,27910,-7479,0,0,0,0,1,0
598,310937,-2031,2191,-160,0,-24025,25915,-1890,0,0,0,0,1,0
599,311458,-2257,1938,319,0,-26696,22924,3772,0,0,0,0,1,0
600,311979,-2396,1611,785,0,-28340,19052,9288,0,0,0,0,1,0
601,312500,-2443,1221,1221,0,-28895,14448,14448,0,0,0,0,1,0
602,313020,-2396,785,1611,0,-28340,9288,19052,0,0,0,0,1,0
603,313541,-2257,319,1938,0,-26696,3772,22924,0,0,0,0,1,0
604,314062,-2031,-160,2191,0,-24025,-1890,25915,0,0,0,0,1,0
605,314583,-1727,-632,2360,0,-20432,-7479,27910,0,0,0,0,1,0
606,315104,-1357,-1080,2438,0,-16053,-12780,28833,0,0,0,0,1,0
607,315625,-935,-1487,2422,0,-11058,-17590,28648,0,0,0,0,1,0
608,316145,-477,-1837,2313,0,-5637,-21724,27362,0,0,0,0,1,0
609,316666,0,-2116,2116,0,0,-25024,25024,0,0,0,0,1,0
610,317187,477,-2313,1837,0,5637,-27362,21724,0,0,0,0,1,0
611,317708,935,-2422,1487,0,11058,-28648,17590,0,0,0,0,1,0
612,318229,1357,-2438,1080,0,16053,-28833,12780,0,0,0,0,1,0
613,318750,1727,-2360,632,0,20432,-27910,7479,0,0,0,0,1,0
614,319270,2031,-2191,160,0,24025,-25915,1890,0,0,0,0,1,0
615,319791,2257,-1938,-319,0,26696,-22924,-3772,0,0,0,0,1,0
616,320312,2396,-1611,-785,0,28340,-19052,-9288,0,0,0,0,1,0
617,320833,2443,-1221,-1221,0,28895,-14448,-14448,0,0,0,0,1,0
618,321354,2396,-785,-1611,0,28340,-9288,-19052,0,0,0,0,1,0
619,321875,2257,-319,-1938,0,26696,-3772,-22924,0,0,0,0,1,0
620,322395,2031,160,-2191,0,24025,1890,-25915,0,0,0,0,1,0
621,322916,1727,632,-2360,0,20432,7479,-27910,0,0,0,0,1,0
622,323437,1357,1080,-2438,0,16053,12780,-28833,0,0,0,0,1,0
623,323958,935,1487,-2422,0,11058,17590,-28648,0,0,0,0,1,0
624,324479,477,1837,-2313,0,5637,21724,-27362,0,0,0,0,1,0
625,325000,0,2116,-2116,0,0,25024,-25024,0,0,0,0,1,0
626,325520,-477,2313,-1837,0,-5637,27362,-21724,0,0,0,0,1,0
627,326041,-935,2422,-1487,0,-11058,28648,-17590,0,0,0,0,1,0
628,326562,-1357,2438,-1080,0,-16053,28833,-12780,0,0,0,0,1,0
629,327083,-1727,2360,-632,0,-20432,27910,-7479,0,0,0,0,1,0
630,327604,-2031,2191,-160,0,-24025,25915,-1890,0,0,0,0,1,0
631,328125,-2257,1938,319,0,-26696,22924,3772,0,0,0,0,1,0
632,328645,-2396,1611,785,0,-28340,19052,9288,0,0,0,0,1,0
633,329166,-2443,1221,1221,0,-28895,14448,14448,0,0,0,0,1,0
634,329687,-2396,785,1611,0,-28340,9288,19052,0,0,0,0,1,0
635,330208,-2257,319,1938,0,-26696,3772,22924,0,0,0,0,1,0
636,330729,-2031,-160,2191,0,-24025,-1890,25915,0,0,0,0,1,0
637,331250,-1727,-632,2360,0,-20432,-7479,27910,0,0,0,0,1,0
638,331770,-1357,-1080,2438,0,-16053,-12780,28833,0,0,0,0,1,0
639,332291,-935,-1487,2422,0,-11058,-17590,28648,0,0,0,0,1,0
640,332812,-477,-1837,2313,0,-5637,-21724,27362,0,0,0,0,1,0
641,333333,0,-2116,2116,0,0,-25024,25024,0,0,0,0,1,0
642,333854,477,-2313,1837,0,5637,-27362,21724,0,0,0,0,1,0
643,334375,935,-2422,1487,0,11058,-28648,17590,0,0,0,0,1,0
644,334895,1357,-2438,1080,0,16053,-28833,12780,0,0,0,0,1,0
645,335416,1727,-2360,632,0,20432,-27910,7479,0,0,0,0,1,0
646,335937,2031,-2191,160,0,24025,-25915,1890,0,0,0,0,1,0
647,336458,2257,-1938,-319,0,26696,-22924,-3772,0,0,0,0,1,0
648,336979,2396,-1611,-785,0,28340,-19052,-9288,0,0,0,0,1,0
649,337500,2443,-1221,-1221,0,28895,-14448,-14448,0,0,0,0,1,0
650,338020,2396,-785,-1611,0,28340,-9288,-19052,0,0,0,0,1,0
651,338541,2257,-319,-1938,0,26696,-3772,-22924,0,0,0,0,1,0
652,339062,2031,160,-2191,0,24025,1890,-25915,0,0,0,0,1,0
653,339583,1727,632,-2360,0,20432,7479,-27910,0,0,0,0,1,0
654,340104,1357,1080,-2438,0,16053,12780,-28833,0,0,0,0,1,0
655,340625,935,1487,-2422,0,11058,17590,-28648,0,0,0,0,1,0
656,341145,477,1837,-2313,0,5637,21724,-27362,0,0,0,0,1,0
657,341666,0,2116,-2116,0,0,25024,-25024,0,0,0,0,1,0
658,342187,-477,2313,-1837,0,-5637,27362,-21724,0,0,0,0,1,0
659,342708,-935,2422,-1487,0,-11058,28648,-17590,0,0,0,0,1,0
660,343229,-1357,2438,-1080,0,-16053,28833,-12780,0,0,0,0,1,0
661,343750,-1727,2360,-632,0,-20432,27910,-7479,0,0,0,0,1,0
662,344270,-2031,2191,-160,0,-24025,25915,-1890,0,0,0,0,1,0
663,344791,-2257,1938,319,0,-26696,22924,3772,0,0,0,0,1,0
664,345312,-2396,1611,785,0,-28340,19052,9288,0,0,0,0,1,0
665,345833,-2443,1221,1221,0,-28895,14448,14448,0,0,0,0,1,0
666,346354,-2396,785,1611,0,-28340,9288,19052,0,0,0,0,1,0
667,346875,-2257,319,1938,0,-26696,3772,22924,0,0,0,0,1,0
668,347395,-2031,-160,2191,0,-24025,-1890,25915,0,0,0,0,1,0
669,347916,-1727,-632,2360,0,-20432,-7479,27910,0,0,0,0,1,0
670,348437,-1357,-1080,2438,0,-16053,-12780,28833,0,0,0,0,1,0
671,348958,-935,-1487,2422,0,-11058,-17590,28648,0,0,0,0,1,0
672,349479,-477,-1837,2313,0,-5637,-21724,27362,0,0,0,0,1,0
673,350000,0,-2116,2116,0,0,-25024,25024,0,0,0,0,1,0
674,350520,477,-2313,1837,0,5637,-27362,21724,0,0,0,0,1,0
675,351041,935,-2422,1487,0,11058,-28648,17590,0,0,0,0,1,0
676,351562,1357,-2438,1080,0,16053,-28833,12780,0,0,0,0,1,0
677,352083,1727,-2360,632,0,20432,-27910,7479,0,0,0,0,1,0
678,352604,2031,-2191,160,0,24025,-25915,1890,0,0,0,0,1,0
679,353125,2257,-1938,-319,0,26696,-22924,-3772,0,0,0,0,1,0
680,353645,2396,-1611,-785,0,28340,-19052,-9288,0,0,0,0,1,0
681,354166,2443,-1221,-1221,0,28895,-14448,-14448,0,0,0,0,1,0
682,354687,2396,-785,-1611,0,28340,-9288,-19052,0,0,0,0,1,0
683,355208,2257,-319,-1938,0,26696,-3772,-22924,0,0,0,0,1,0
684,355729,2031,160,-2191,0,24025,1890,-25915,0,0,0,0,1,0
685,356250,1727,632,-2360,0,20432,7479,-27910,0,0,0,0,1,0
686,356770,1357,1080,-2438,0,16053,12780,-28833,0,0,0,0,1,0
687,357291,935,1487,-2422,0,11058,17590,-28648,0,0,0,0,1,0
688,357812,477,1837,-2313,0,5637,21724,-27362,0,0,0,0,1,0
689,358333,0,2116,-2116,0,0,25024,-25024,0,0,0,0,1,0
690,358854,-477,2313,-1837,0,-5637,27362,-21724,0,0,0,0,1,0
691,359375,-935,2422,-1487,0,-11058,28648,-17590,0,0,0,0,1,0
692,359895,-1357,2438,-1080,0,-16053,28833,-12780,0,0,0,0,1,0
693,360416,-1727,2360,-632,0,-20432,27910,-7479,0,0,0,0,1,0
694,360937,-2031,2191,-160,0,-24025,25915,-1890,0,0,0,0,1,0
695,361458,-2257,1938,319,0,-26696,22924,3772,0,0,0,0,1,0
696,361979,-2396,1611,785,0,-28340,19052,9288,0,0,0,0,1,0
697,362500,-2443,1221,1221,0,-28895,14448,14448,0,0,0,0,1,0
698,363020,-2396,785,1611,0,-28340,9288,19052,0,0,0,0,1,0
699,363541,-2257,319,1938,0,-26696,3772,22924,0,0,0,0,1,0
700,364062,-2031,-160,2191,0,-24025,-1890,25915,0,0,0,0,1,0
701,364583,-1727,-632,2360,0,-20432,-7479,27910,0,0,0,0,1,0
702,365104,-1357,-1080,2438,0,-16053,-12780,28833,0,0,0,0,1,0
703,365625,-935,-1487,2422,0,-11058,-17590,28648,0,0,0,0,1,0
704,366145,-477,-1837,2313,0,-5637,-21724,27362,0,0,0,0,1,0
705,366666,0,-2116,2116,0,0,-25024,25024,0,0,0,0,1,0
706,367187,477,-2313,1837,0,5637,-27362,21724,0,0,0,0,1,0
707,367708,935,-2422,1487,0,11058,-28648,17590,0,0,0,0,1,0
708,368229,1357,-2438,1080,0,16053,-28833,12780,0,0,0,0,1,0
709,368750,1727,-2360,632,0,20432,-27910,7479,0,0,0,0,1,0
710,369270,2031,-2191,160,0,24025,-25915,1890,0,0,0,0,1,0
711,369791,2257,-1938,-319,0,26696,-22924,-3772,0,0,0,0,1,0
712,370312,2396,-1611,-785,0,28340,-19052,-9288,0,0,0,0,1,0
713,370833,2443,-1221,-1221,0,28895,-14448,-14448,0,0,0,0,1,0
714,371354,2396,-785,-1611,0,28340,-9288,-19052,0,0,0,0,1,0
715,371875,2257,-319,-1938,0,26696,-3772,-22924,0,0,0,0,1,0
716,372395,2031,160,-2191,0,24025,1890,-25915,0,0,0,0,1,0
717,372916,1727,632,-2360,0,20432,7479,-27910,0,0,0,0,1,0
718,373437,1357,1080,-2438,0,16053,12780,-28833,0,0,0,0,1,0
719,373958,935,1487,-2422,0,11058,17590,-28648,0,0,0,0,1,0
720,374479,477,1837,-2313,0,5637,21724,-27362,0,0,0,0,1,0
721,375000,0,2116,-2116,0,0,25024,-25024,0,0,0,0,1,0
722,375520,-477,2313,-1837,0,-5637,27362,-21724,0,0,0,0,1,0
723,376041,-935,2422,-1487,0,-11058,28648,-17590,0,0,0,0,1,0
724,376562,-1357,2438,-1080,0,-16053,28833,-12780,0,0,0,0,1,0
725,377083,-1727,2360,-632,0,-20432,27910,-7479,0,0,0,0,1,0
726,377604,-2031,2191,-160,0,-24025,25915,-1890,0,0,0,0,1,0
727,378125,-2257,1938,319,0,-26696,22924,3772,0,0,0,0,1,0
728,378645,-2396,1611,785,0,-28340,19052,9288,0,0,0,0,1,0
729,379166,-2443,1221,1221,0,-28895,14448,14448,0,0,0,0,1,0
730,379687,-2396,785,1611,0,-28340,9288,19052,0,0,0,0,1,0
731,380208,-2257,319,1938,0,-26696,3772,22924,0,0,0,0,1,0
732,380729,-2031,-160,2191,0,-24025,-1890,25915,0,0,0,0,1,0
733,381250,-1727,-632,2360,0,-20432,-7479,27910,0,0,0,0,1,0
734,381770,-1357,-1080,2438,0,-16053,-12780,28833,0,0,0,0,1,0
735,382291,-935,-1487,2422,0,-11058,-17590,28648,0,0,0,0,1,0
736,382812,-477,-1837,2313,0,-5637,-21724,27362,0,0,0,0,1,0
737,383333,0,-2116,2116,0,0,-25024,25024,0,0,0,0,1,0
738,383854,477,-2313,1837,0,5637,-27362,21724,0,0,0,0,1,0
739,384375,935,-2422,1487,0,11058,-28648,17590,0,0,0,0,1,0
740,384895,1357,-2438,1080,0,16053,-28833,12780,0,0,0,0,1,0
741,385416,1727,-2360,632,0,20432,-27910,7479,0,0,0,0,1,0
742,385937,2031,-2191,160,0,24025,-25915,1890,0,0,0,0,1,0
743,386458,2257,-1938,-319,0,26696,-22924,-3772,0,0,0,0,1,0
744,386979,2396,-1611,-785,0,28340,-19052,-9288,0,0,0,0,1,0
745,387500,2443,-1221,-1221,0,28895,-14448,-14448,0,0,0,0,1,0
746,388020,2396,-785,-1611,0,28340,-9288,-19052,0,0,0,0,1,0
747,388541,2257,-319,-1938,0,26696,-3772,-22924,0,0,0,0,1,0
748,389062,2031,160,-2191,0,24025,1890,-25915,0,0,0,0,1,0
749,389583,1727,632,-2360,0,20432,7479,-27910,0,0,0,0,1,0
750,390104,1357,1080,-2438,0,16053,12780,-28833,0,0,0,0,1,0
751,390625,935,1487,-2422,0,11058,17590,-28648,0,0,0,0,1,0
752,391145,477,1837,-2313,0,5637,21724,-27362,0,0,0,0,1,0
753,391666,0,2116,-2116,0,0,25024,-25024,0,0,0,0,1,0
754,392187,-477,2313,-1837,0,-5637,27362,-21724,0,0,0,0,1,0
755,392708,-935,2422,-1487,0,-11058,28648,-17590,0,0,0,0,1,0
756,393229,-1357,2438,-1080,0,-16053,28833,-12780,0,0,0,0,1,0
757,393750,-1727,2360,-632,0,-20432,27910,-7479,0,0,0,0,1,0
758,394270,-2031,2191,-160,0,-24025,25915,-1890,0,0,0,0,1,0
759,394791,-2257,1938,319,0,-26696,22924,3772,0,0,0,0,1,0
760,395312,-2396,1611,785,0,-28340,19052,9288,0,0,0,0,1,0
761,395833,-2443,1221,1221,0,-28895,14448,14448,0,0,0,0,1,0
762,396354,-2396,785,1611,0,-28340,9288,19052,0,0,0,0,1,0
763,396875,-2257,319,1938,0,-26696,3772,22924,0,0,0,0,1,0
764,397395,-2031,-160,2191,0,-24025,-1890,25915,0,0,0,0,1,0
765,397916,-1727,-632,2360,0,-20432,-7479,27910,0,0,0,0,1,0
766,398437,-1357,-1080,2438,0,-16053,-12780,28833,0,0,0,0,1,0
767,398958,-935,-1487,2422,0,-11058,-17590,28648,0,0,0,0,1,0
768,399479,-477,-1837,2313,0,-5637,-21724,27362,0,0,0,0,1,0
769,400000,0,-2116,2116,0,0,-25024,25024,0,0,0,0,1,0
770,400520,477,-2313,1837,0,5637,-27362,21724,0,0,0,0,1,0
771,401041,935,-2422,1487,0,11058,-28648,17590,0,0,0,0,1,0
772,401562,1357,-2438,1080,0,16053,-28833,12780,0,0,0,0,1,0
773,402083,1727,-2360,632,0,20432,-27910,7479,0,0,0,0,1,0
774,402604,2031,-2191,160,0,24025,-25915,1890,0,0,0,0,1,0
775,403125,2257,-1938,-319,0,26696,-22924,-3772,0,0,0,0,1,0
776,403645,2396,-1611,-785,0,28340,-19052,-9288,0,0,0,0,1,0
777,404166,2443,-1221,-1221,0,28895,-14448,-14448,0,0,0,0,1,0
778,404687,2396,-785,-1611,0,28340,-9288,-19052,0,0,0,0,1,0
779,405208,2257,-319,-1938,0,26696,-3772,-22924,0,0,0,0,1,0
780,405729,2031,160,-2191,0,24025,1890,-25915,0,0,0,0,1,0
781,406250,1727,632,-2360,0,20432,7479,-27910,0,0,0,0,1,0
782,406770,1357,1080,-2438,0,16053,12780,-28833,0,0,0,0,1,0
783,407291,935,1487,-2422,0,11058,17590,-28648,0,0,0,0,1,0
784,407812,477,1837,-2313,0,5637,21724,-27362,0,0,0,0,1,0
785,408333,0,2116,-2116,0,0,25024,-25024,0,0,0,0,1,0
786,408854,-477,2313,-1837,0,-5637,27362,-21724,0,0,0,0,1,0
787,409375,-935,2422,-1487,0,-11058,28648,-17590,0,0,0,0,1,0
788,409895,-1357,2438,-1080,0,-16053,28833,-12780,0,0,0,0,1,0
789,410416,-1727,2360,-632,0,-20432,27910,-7479,0,0,0,0,1,0
790,410937,-2031,2191,-160,0,-24025,25915,-1890,0,0,0,0,1,0
791,411458,-2257,1938,319,0,-26696,22924,3772,0,0,0,0,1,0
792,411979,-2396,1611,785,0,-28340,19052,9288,0,0,0,0,1,0
793,412500,-2443,1221,1221,0,-28895,14448,14448,0,0,0,0,1,0
794,413020,-2396,785,1611,0,-28340,9288,19052,0,0,0,0,1,0
795,413541,-2257,319,1938,0,-26696,3772,22924,0,0,0,0,1,0
796,414062,-2031,-160,2191,0,-24025,-1890,25915,0,0,0,0,1,0
797,414583,-1727,-632,2360,0,-20432,-7479,27910,0,0,0,0,1,0
798,415104,-1357,-1080,2438,0,-16053,-12780,28833,0,0,0,0,1,0
799,415625,-935,-1487,2422,0,-11058,-17590,28648,0,0,0,0,1,0
800,416145,-477,-1837,2313,0,-5637,-21724,27362,0,0,0,0,1,0
801,416666,0,-2116,2116,0,0,-25024,25024,0,0,0,0,1,0
802,417187,477,-2313,1837,0,5637,-27362,21724,0,0,0,0,1,0
803,417708,935,-2422,1487,0,11058,-28648,17590,0,0,0,0,1,0
804,418229,1357,-2438,1080,0,16053,-28833,12780,0,0,0,0,1,0
805,418750,1727,-2360,632,0,20432,-27910,7479,0,0,0,0,1,0
806,419270,2031,-2191,160,0,24025,-25915,1890,0,0,0,0,1,0
807,419791,2257,-1938,-319,0,26696,-22924,-3772,0,0,0,0,1,0
808,420312,2396,-1611,-785,0,28340,-19052,-9288,0,0,0,0,1,0
809,420833,2443,-1221,-1221,0,28895,-14448,-14448,0,0,0,0,1,0
810,421354,2396,-785,-1611,0,28340,-9288,-19052,0,0,0,0,1,0
811,421875,2257,-319,-1938,0,26696,-3772,-22924,0,0,0,0,1,0
812,422395,2031,160,-2191,0,24025,1890,-25915,0,0,0,0,1,0
813,422916,1727,632,-2360,0,20432,7479,-27910,0,0,0,0,1,0
814,423437,1357,1080,-2438,0,16053,12780,-28833,0,0,0,0,1,0
815,423958,935,1487,-2422,0,11058,17590,-28648,0,0,0,0,1,0
816,424479,477,1837,-2313,0,5637,21724,-27362,0,0,0,0,1,0
817,425000,0,2116,-2116,0,0,25024,-25024,0,0,0,0,1,0
818,425520,-477,2313,-1837,0,-5637,27362,-21724,0,0,0,0,1,0
819,426041,-935,2422,-1487,0,-11058,28648,-17590,0,0,0,0,1,0
820,426562,-1357,2438,-1080,0,-16053,28833,-12780,0,0,0,0,1,0
821,427083,-1727,2360,-632,0,-20432,27910,-7479,0,0,0,0,1,0
822,427604,-2031,2191,-160,0,-24025,25915,-1890,0,0,0,0,1,0
823,428125,-2257,1938,319,0,-26696,22924,3772,0,0,0,0,1,0
824,428645,-2396,1611,785,0,-28340,19052,9288,0,0,0,0,1,0
825,429166,-2443,1221,1221,0,-28895,14448,14448,0,0,0,0,1,0
826,429687,-2396,785,1611,0,-28340,9288,19052,0,0,0,0,1,0
827,430208,-2257,319,1938,0,-26696,3772,22924,0,0,0,0,1,0
828,430729,-2031,-160,2191,0,-24025,-1890,25915,0,0,0,0,1,0
829,431250,-1727,-632,2360,0,-20432,-7479,27910,0,0,0,0,1,0
830,431770,-1357,-1080,2438,0,-16053,-12780,28833,0,0,0,0,1,0
831,432291,-935,-1487,2422,0,-11058,-17590,28648,0,0,0,0,1,0
832,432812,-477,-1837,2313,0,-5637,-21724,27362,0,0,0,0,1,0
833,433333,0,-2116,2116,0,0,-25024,25024,0,0,0,0,1,0
834,433854,477,-2313,1837,0,5637,-27362,21724,0,0,0,0,1,0
835,434375,935,-2422,1487,0,11058,-28648,17590,0,0,0,0,1,0
836,434895,1357,-2438,1080,0,16053,-28833,12780,0,0,0,0,1,0
837,435416,1727,-2360,632,0,20432,-27910,7479,0,0,0,0,1,0
838,435937,2031,-2191,160,0,24025,-25915,1890,0,0,0,0,1,0
839,436458,2257,-1938,-319,0,26696,-22924,-3772,0,0,0,0,1,0
840,436979,2396,-1611,-785,0,28340,-19052,-9288,0,0,0,0,1,0
841,437500,2443,-1221,-1221,0,28895,-14448,-14448,0,0,0,0,1,0
842,438020,2396,-785,-1611,0,28340,-9288,-19052,0,0,0,0,1,0
843,438541,2257,-319,-1938,0,26696,-3772,-22924,0,0,0,0,1,0
844,439062,2031,160,-2191,0,24025,1890,-25915,0,0,0,0,1,0
845,439583,1727,632,-2360,0,20432,7479,-27910,0,0,0,0,1,0
846,440104,1357,1080,-2438,0,16053,12780,-28833,0,0,0,0,1,0
847,440625,935,1487,-2422,0,11058,17590,-28648,0,0,0,0,1,0
848,441145,477,1837,-2313,0,5637,21724,-27362,0,0,0,0,1,0
849,441666,0,2116,-2116,0,0,25024,-25024,0,0,0,0,1,0
850,442187,-477,2313,-1837,0,-5637,27362,-21724,0,0,0,0,1,0
851,442708,-935,2422,-1487,0,-11058,28648,-17590,0,0,0,0,1,0
852,443229,-1357,2438,-1080,0,-16053,28833,-12780,0,0,0,0,1,0
853,443750,-1727,2360,-632,0,-20432,27910,-7479,0,0,0,0,1,0
854,444270,-2031,2191,-160,0,-24025,25915,-1890,0,0,0,0,1,0
855,444791,-2257,1938,319,0,-26696,22924,3772,0,0,0,0,1,0
856,445312,-2396,1611,785,0,-28340,19052,9288,0,0,0,0,1,0
857,445833,-2443,1221,1221,0,-28895,14448,14448,0,0,0,0,1,0
858,446354,-2396,785,1611,0,-28340,9288,19052,0,0,0,0,1,0
859,446875,-2257,319,1938,0,-26696,3772,22924,0,0,0,0,1,0
860,447395,-2031,-160,2191,0,-24025,-1890,25915,0,0,0,0,1,0
861,447916,-1727,-632,2360,0,-20432,-7479,27910,0,0,0,0,1,0
862,448437,-1357,-1080,2438,0,-16053,-12780,28833,0,0,0,0,1,0
863,448958,-935,-1487,2422,0,-11058,-17590,28648,0,0,0,0,1,0
864,449479,-477,-1837,2313,0,-5637,-21724,27362,0,0,0,0,1,0
865,450000,0,-2116,2116,0,0,-25024,25024,0,0,0,0,1,0
866,450520,477,-2313,1837,0,5637,-27362,21724,0,0,0,0,1,0
867,451041,935,-2422,1487,0,11058,-28648,17590,0,0,0,0,1,0
868,451562,1357,-2438,1080,0,16053,-28833,12780,0,0,0,0,1,0
869,452083,1727,-2360,632,0,20432,-27910,7479,0,0,0,0,1,0
870,452604,2031,-2191,160,0,24025,-25915,1890,0,0,0,0,1,0
871,453125,2257,-1938,-319,0,26696,-22924,-3772,0,0,0,0,1,0
872,453645,2396,-1611,-785,0,28340,-19052,-9288,0,0,0,0,1,0
873,454166,2443,-1221,-1221,0,28895,-14448,-14448,0,0,0,0,1,0
874,454687,2396,-785,-1611,0,28340,-9288,-19052,0,0,0,0,1,0
875,455208,2257,-319,-1938,0,26696,-3772,-22924,0,0,0,0,1,0
876,455729,2031,160,-2191,0,24025,1890,-25915,0,0,0,0,1,0
877,456250,1727,632,-2360,0,20432,7479,-27910,0,0,0,0,1,0
878,456770,1357,1080,-2438,0,16053,12780,-28833,0,0,0,0,1,0
879,457291,935,1487,-2422,0,11058,17590,-28648,0,0,0,0,1,0
880,457812,477,1837,-2313,0,5637,21724,-27362,0,0,0,0,1,0
881,458333,0,2116,-2116,0,0,25024,-25024,0,0,0,0,1,0
882,458854,-477,2313,-1837,0,-5637,27362,-21724,0,0,0,0,1,0
883,459375,-935,2422,-1487,0,-11058,28648,-17590,0,0,0,0,1,0
884,459895,-1357,2438,-1080,0,-16053,28833,-12780,0,0,0,0,1,0
885,460416,-1727,2360,-632,0,-20432,27910,-7479,0,0,0,0,1,0
886,460937,-2031,2191,-160,0,-24025,25915,-1890,0,0,0,0,1,0
887,461458,-2257,1938,319,0,-26696,22924,3772,0,0,0,0,1,0
888,461979,-2396,1611,785,0,-28340,19052,9288,0,0,0,0,1,0
889,462500,-2443,1221,1221,0,-28895,14448,14448,0,0,0,0,1,0
890,463020,-2396,785,1611,0,-28340,9288,19052,0,0,0,0,1,0
891,463541,-2257,319,1938,0,-26696,3772,22924,0,0,0,0,1,0
892,464062,-2031,-160,2191,0,-24025,-1890,25915,0,0,0,0,1,0
893,464583,-1727,-632,2360,0,-20432,-7479,27910,0,0,0,0,1,0
894,465104,-1357,-1080,2438,0,-16053,-12780,28833,0,0,0,0,1,0
895,465625,-935,-1487,2422,0,-11058,-17590,28648,0,0,0,0,1,0
896,466145,-477,-1837,2313,0,-5637,-21724,27362,0,0,0,0,1,0
897,466666,0,-2116,2116,0,0,-25024,25024,0,0,0,0,1,0
898,467187,477,-2313,1837,0,5637,-27362,21724,0,0,0,0,1,0
899,467708,935,-2422,1487,0,11058,-28648,17590,0,0,0,0,1,0
900,468229,1357,-2438,1080,0,16053,-28833,12780,0,0,0,0,1,0
901,468750,1727,-2360,632,0,20432,-27910,7479,0,0,0,0,1,0
902,469270,2031,-2191,160,0,24025,-25915,1890,0,0,0,0,1,0
903,469791,2257,-1938,-319,0,26696,-22924,-3772,0,0,0,0,1,0
904,470312,2396,-1611,-785,0,28340,-19052,-9288,0,0,0,0,1,0
905,470833,2443,-1221,-1221,0,28895,-14448,-14448,0,0,0,0,1,0
906,471354,2396,-785,-1611,0,28340,-9288,-19052,0,0,0,0,1,0
907,471875,2257,-319,-1938,0,26696,-3772,-22924,0,0,0,0,1,0
908,472395,2031,160,-2191,0,24025,1890,-25915,0,0,0,0,1,0
909,472916,1727,632,-2360,0,20432,7479,-27910,0,0,0,0,1,0
910,473437,1357,1080,-2438,0,16053,12780,-28833,0,0,0,0,1,0
911,473958,935,1487,-2422,0,11058,17590,-28648,0,0,0,0,1,0
912,474479,477,1837,-2313,0,5637,21724,-27362,0,0,0,0,1,0
913,475000,0,2116,-2116,0,0,25024,-25024,0,0,0,0,1,0
914,475520,-477,2313,-1837,0,-5637,27362,-21724,0,0,0,0,1,0
915,476041,-935,2422,-1487,0,-11058,28648,-17590,0,0,0,0,1,0
916,476562,-1357,2438,-1080,0,-16053,28833,-12780,0,0,0,0,1,0
917,477083,-1727,2360,-632,0,-20432,27910,-7479,0,0,0,0,1,0
918,477604,-2031,2191,-160,0,-24025,25915,-1890,0,0,0,0,1,0
919,478125,-2257,1938,319,0,-26696,22924,3772,0,0,0,0,1,0
920,478645,-2396,1611,785,0,-28340,19052,9288,0,0,0,0,1,0
921,479166,-2443,1221,1221,0,-28895,14448,14448,0,0,0,0,1,0
922,479687,-2396,785,1611,0,-28340,9288,19052,0,0,0,0,1,0
923,480208,-2257,319,1938,0,-26696,3772,22924,0,0,0,0,1,0
924,480729,-2031,-160,2191,0,-24025,-1890,25915,0,0,0,0,1,0
925,481250,-1727,-632,2360,0,-20432,-7479,27910,0,0,0,0,1,0
926,481770,-1357,-1080,2438,0,-16053,-12780,28833,0,0,0,0,1,0
927,482291,-935,-1487,2422,0,-11058,-17590,28648,0,0,0,0,1,0
928,482812,-477,-1837,2313,0,-5637,-21724,27362,0,0,0,0,1,0
929,483333,0,-2116,2116,0,0,-25024,25024,0,0,0,0,1,0
930,483854,477,-2313,1837,0,5637,-27362,21724,0,0,0,0,1,0
931,484375,935,-2422,1487,0,11058,-28648,17590,0,0,0,0,1,0
932,484895,1357,-2438,1080,0,16053,-28833,12780,0,0,0,0,1,0
933,485416,1727,-2360,632,0,20432,-27910,7479,0,0,0,0,1,0
934,485937,2031,-2191,160,0,24025,-25915,1890,0,0,0,0,1,0
935,486458,2257,-1938,-319,0,26696,-22924,-3772,0,0,0,0,1,0
936,486979,2396,-1611,-785,0,28340,-19052,-9288,0,0,0,0,1,0
937,487500,2443,-1221,-1221,0,28895,-14448,-14448,0,0,0,0,1,0
938,488020,2396,-785,-1611,0,28340,-9288,-19052,0,0,0,0,1,0
939,488541,2257,-319,-1938,0,26696,-3772,-22924,0,0,0,0,1,0
940,489062,2031,160,-2191,0,24025,1890,-25915,0,0,0,0,1,0
941,489583,1727,632,-2360,0,20432,7479,-27910,0,0,0,0,1,0
942,490104,1357,1080,-2438,0,16053,12780,-28833,0,0,0,0,1,0
943,490625,935,1487,-2422,0,11058,17590,-28648,0,0,0,0,1,0
944,491145,477,1837,-2313,0,5637,21724,-27362,0,0,0,0,1,0
945,491666,0,2116,-2116,0,0,25024,-25024,0,0,0,0,1,0
946,492187,-477,2313,-1837,0,-5637,27362,-21724,0,0,0,0,1,0
947,492708,-935,2422,-1487,0,-11058,28648,-17590,0,0,0,0,1,0
948,493229,-1357,2438,-1080,0,-16053,28833,-12780,0,0,0,0,1,0
949,493750,-1727,2360,-632,0,-20432,27910,-7479,0,0,0,0,1,0
950,494270,-2031,2191,-160,0,-24025,25915,-1890,0,0,0,0,1,0
951,494791,-2257,1938,319,0,-26696,22924,3772,0,0,0,0,1,0
952,495312,-2396,1611,785,0,-28340,19052,9288,0,0,0,0,1,0
953,495833,-2443,1221,1221,0,-28895,14448,14448,0,0,0,0,1,0
954,496354,-2396,785,1611,0,-28340,9288,19052,0,0,0,0,1,0
955,496875,-2257,319,1938,0,-26696,3772,22924,0,0,0,0,1,0
956,497395,-2031,-160,2191,0,-24025,-1890,25915,0,0,0,0,1,0
957,497916,-1727,-632,2360,0,-20432,-7479,27910,0,0,0,0,1,0
958,498437,-1357,-1080,2438,0,-16053,-12780,28833,0,0,0,0,1,0
959,498958,-935,-1487,2422,0,-11058,-17590,28648,0,0,0,0,1,0
960,499479,-477,-1837,2313,0,-5637,-21724,27362,0,0,0,0,1,0
961,500000,0,-2116,2116,0,0,-25024,25024,0,0,0,0,1,0
962,500520,477,-2313,1837,0,5637,-27362,21724,0,0,0,0,1,0
963,501041,935,-2422,1487,0,11058,-28648,17590,0,0,0,0,1,0
964,501562,1357,-2438,1080,0,16053,-28833,12780,0,0,0,0,1,0
965,502083,1727,-2360,632,0,20432,-27910,7479,0,0,0,0,1,0
966,502604,2031,-2191,160,0,24025,-25915,1890,0,0,0,0,1,0
967,503125,2257,-1938,-319,0,26696,-22924,-3772,0,0,0,0,1,0
968,503645,2396,-1611,-785,0,28340,-19052,-9288,0,0,0,0,1,0
969,504166,2443,-1221,-1221,0,28895,-14448,-14448,0,0,0,0,1,0
970,504687,2396,-785,-1611,0,28340,-9288,-19052,0,0,0,0,1,0
971,505208,2257,-319,-1938,0,26696,-3772,-22924,0,0,0,0,1,0
972,505729,2031,160,-2191,0,24025,1890,-25915,0,0,0,0,1,0
973,506250,1727,632,-2360,0,20432,7479,-27910,0,0,0,0,1,0
974,506770,1357,1080,-2438,0,16053,12780,-28833,0,0,0,0,1,0
975,507291,935,1487,-2422,0,11058,17590,-28648,0,0,0,0,1,0
976,507812,477,1837,-2313,0,5637,21724,-27362,0,0,0,0,1,0
977,508333,0,2116,-2116,0,0,25024,-25024,0,0,0,0,1,0
978,508854,-477,2313,-1837,0,-5637,27362,-21724,0,0,0,0,1,0
979,509375,-935,2422,-1487,0,-11058,28648,-17590,0,0,0,0,1,0
980,509895,-1357,2438,-1080,0,-16053,28833,-12780,0,0,0,0,1,0
981,510416,-1727,2360,-632,0,-20432,27910,-7479,0,0,0,0,1,0
982,510937,-2031,2191,-160,0,-24025,25915,-1890,0,0,0,0,1,0
983,511458,-2257,1938,319,0,-26696,22924,3772,0,0,0,0,1,0
984,511979,-2396,1611,785,0,-28340,19052,9288,0,0,0,0,1,0
985,512499,-2443,1221,1221,0,-28895,14448,14448,0,0,0,0,1,0
986,513020,-2396,785,1611,0,-28340,9288,19052,0,0,0,0,1,0
987,513541,-2257,319,1938,0,-26696,3772,22924,0,0,0,0,1,0
988,514062,-2031,-160,2191,0,-24025,-1890,25915,0,0,0,0,1,0
989,514583,-1727,-632,2360,0,-20432,-7479,27910,0,0,0,0,1,0
990,515104,-1357,-1080,2438,0,-16053,-12780,28833,0,0,0,0,1,0
991,515625,-935,-1487,2422,0,-11058,-17590,28648,0,0,0,0,1,0
992,516145,-477,-1837,2313,0,-5637,-21724,27362,0,0,0,0,1,0
993,516666,0,-2116,2116,0,0,-25024,25024,0,0,0,0,1,0
994,517187,477,-2313,1837,0,5637,-27362,21724,0,0,0,0,1,0
995,517708,935,-2422,1487,0,11058,-28648,17590,0,0,0,0,1,0
996,518229,1357,-2438,1080,0,16053,-28833,12780,0,0,0,0,1,0
997,518750,1727,-2360,632,0,20432,-27910,7479,0,0,0,0,1,0
998,519270,2031,-2191,160,0,24025,-25915,1890,0,0,0,0,1,0
999,519791,2257,-1938,-319,0,26696,-22924,-3772,0,0,0,0,1,0
1000,520312,2396,-1611,-785,0,28340,-19052,-9288,0,0,0,0,1,0
1001,520833,2443,-1221,-1221,0,28895,-14448,-14448,0,0,0,0,1,0
1002,521354,2396,-785,-1611,0,28340,-9288,-19052,0,0,0,0,1,0
1003,521875,2257,-319,-1938,0,26696,-3772,-22924,0,0,0,0,1,0
1004,522395,2031,160,-2191,0,24025,1890,-25915,0,0,0,0,1,0
1005,522916,1727,632,-2360,0,20432,7479,-27910,0,0,0,0,1,0
1006,523437,1357,1080,-2438,0,16053,12780,-28833,0,0,0,0,1,0
1007,523958,935,1487,-2422,0,11058,17590,-28648,0,0,0,0,1,0
1008,524479,477,1837,-2313,0,5637,21724,-27362,0,0,0,0,1,0
1009,525000,0,2116,-2116,0,0,25024,-25024,0,0,0,0,1,0
1010,525520,-477,2313,-1837,0,-5637,27362,-21724,0,0,0,0,1,0
1011,526041,-935,2422,-1487,0,-11058,28648,-17590,0,0,0,0,1,0
1012,526562,-1357,2438,-1080,0,-16053,28833,-12780,0,0,0,0,1,0
1013,527083,-1727,2360,-632,0,-20432,27910,-7479,0,0,0,0,1,0
1014,527604,-2031,2191,-160,0,-24025,25915,-1890,0,0,0,0,1,0
1015,528125,-2257,1938,319,0,-26696,22924,3772,0,0,0,0,1,0
1016,528645,-2396,1611,785,0,-28340,19052,9288,0,0,0,0,1,0
1017,529166,-2443,1221,1221,0,-28895,14448,14448,0,0,0,0,1,0
1018,529687,-2396,785,1611,0,-28340,9288,19052,0,0,0,0,1,0
1019,530208,-2257,319,1938,0,-26696,3772,22924,0,0,0,0,1,0
1020,530729,-2031,-160,2191,0,-24025,-1890,25915,0,0,0,0,1,0
1021,531250,-1727,-632,2360,0,-20432,-7479,27910,0,0,0,0,1,0
1022,531770,-1357,-1080,2438,0,-16053,-12780,28833,0,0,0,0,1,0
1023,532291,-935,-1487,2422,0,-11058,-17590,28648,0,0,0,0,1,0
1024,532812,-477,-1837,2313,0,-5637,-21724,27362,0,0,0,0,1,0
1025,533333,0,-2116,2116,0,0,-25024,25024,0,0,0,0,1,0
1026,533854,477,-2313,1837,0,5637,-27362,21724,0,0,0,0,1,0
1027,534375,935,-2422,1487,0,11058,-28648,17590,0,0,0,0,1,0
1028,534895,1357,-2438,1080,0,16053,-28833,12780,0,0,0,0,1,0
1029,535416,1727,-2360,632,0,20432,-27910,7479,0,0,0,0,1,0
1030,535937,2031,-2191,160,0,24025,-25915,1890,0,0,0,0,1,0
1031,536458,2257,-1938,-319,0,26696,-22924,-3772,0,0,0,0,1,0
1032,536979,2396,-1611,-785,0,28340,-19052,-9288,0,0,0,0,1,0
1033,537500,2443,-1221,-1221,0,28895,-14448,-14448,0,0,0,0,1,0
1034,538020,2396,-785,-1611,0,28340,-9288,-19052,0,0,0,0,1,0
1035,538541,2257,-319,-1938,0,26696,-3772,-22924,0,0,0,0,1,0
1036,539062,2031,160,-2191,0,24025,1890,-25915,0,0,0,0,1,0
1037,539583,1727,632,-2360,0,20432,7479,-27910,0,0,0,0,1,0
1038,540104,1357,1080,-2438,0,16053,12780,-28833,0,0,0,0,1,0
1039,540625,935,1487,-2422,0,11058,17590,-28648,0,0,0,0,1,0
1040,541145,477,1837,-2313,0,5637,21724,-27362,0,0,0,0,1,0
1041,541666,0,2116,-2116,0,0,25024,-25024,0,0,0,0,1,0
1042,542187,-477,2313,-1837,0,-5637,27362,-21724,0,0,0,0,1,0
1043,542708,-935,2422,-1487,0,-11058,28648,-17590,0,0,0,0,1,0
1044,543229,-1357,2438,-1080,0,-16053,28833,-12780,0,0,0,0,1,0
1045,543750,-1727,2360,-632,0,-20432,27910,-7479,0,0,0,0,1,0
1046,544270,-2031,2191,-160,0,-24025,25915,-1890,0,0,0,0,1,0
1047,544791,-2257,1938,319,0,-26696,22924,3772,0,0,0,0,1,0
1048,545312,-2396,1611,785,0,-28340,19052,9288,0,0,0,0,1,0
1049,545833,-2443,1221,1221,0,-28895,14448,14448,0,0,0,0,1,0
1050,546354,-2396,785,1611,0,-28340,9288,19052,0,0,0,0,1,0
1051,546875,-2257,319,1938,0,-26696,3772,22924,0,0,0,0,1,0
1052,547395,-2031,-160,2191,0,-24025,-1890,25915,0,0,0,0,1,0
1053,547916,-1727,-632,2360,0,-20432,-7479,27910,0,0,0,0,1,0
1054,548437,-1357,-1080,2438,0,-16053,-12780,28833,0,0,0,0,1,0
1055,548958,-935,-1487,2422,0,-11058,-17590,28648,0,0,0,0,1,0
1056,549479,-477,-1837,2313,0,-5637,-21724,27362,0,0,0,0,1,0
1057,550000,0,-2116,2116,0,0,-25024,25024,0,0,0,0,1,0
1058,550520,477,-2313,1837,0,5637,-27362,21724,0,0,0,0,1,0
1059,551041,935,-2422,1487,0,11058,-28648,17590,0,0,0,0,1,0
1060,551562,1357,-2438,1080,0,16053,-28833,12780,0,0,0,0,1,0
1061,552083,1727,-2360,632,0,20432,-27910,7479,0,0,0,0,1,0
1062,552604,2031,-2191,160,0,24025,-25915,1890,0,0,0,0,1,0
1063,553125,2257,-1938,-319,0,26696,-22924,-3772,0,0,0,0,1,0
1064,553645,2396,-1611,-785,0,28340,-19052,-9288,0,0,0,0,1,0
1065,554166,2443,-1221,-1221,0,28895,-14448,-14448,0,0,0,0,1,0
1066,554687,2396,-785,-1611,0,28340,-9288,-19052,0,0,0,0,1,0
1067,555208,2257,-319,-1938,0,26696,-3772,-22924,0,0,0,0,1,0
1068,555729,2031,160,-2191,0,24025,1890,-25915,0,0,0,0,1,0
1069,556250,1727,632,-2360,0,20432,7479,-27910,0,0,0,0,1,0
1070,556770,1357,1080,-2438,0,16053,12780,-28833,0,0,0,0,1,0
1071,557291,935,1487,-2422,0,11058,17590,-28648,0,0,0,0,1,0
1072,557812,477,1837,-2313,0,5637,21724,-27362,0,0,0,0,1,0
1073,558333,0,2116,-2116,0,0,25024,-25024,0,0,0,0,1,0
1074,558854,-477,2313,-1837,0,-5637,27362,-21724,0,0,0,0,1,0
1075,559375,-935,2422,-1487,0,-11058,28648,-17590,0,0,0,0,1,0
1076,559895,-1357,2438,-1080,0,-16053,28833,-12780,0,0,0,0,1,0
1077,560416,-1727,2360,-632,0,-20432,27910,-7479,0,0,0,0,1,0
1078,560937,-2031,2191,-160,0,-24025,25915,-1890,0,0,0,0,1,0
1079,561458,-2257,1938,319,0,-26696,22924,3772,0,0,0,0,1,0
1080,561979,-2396,1611,785,0,-28340,19052,9288,0,0,0,0,1,0
1081,562500,-2443,1221,1221,0,-28895,14448,14448,0,0,0,0,1,0
1082,563020,-2396,785,1611,0,-28340,9288,19052,0,0,0,0,1,0
1083,563541,-2257,319,1938,0,-26696,3772,22924,0,0,0,0,1,0
1084,564062,-2031,-160,2191,0,-24025,-1890,25915,0,0,0,0,1,0
1085,564583,-1727,-632,2360,0,-20432,-7479,27910,0,0,0,0,1,0
1086,565104,-1357,-1080,2438,0,-16053,-12780,28833,0,0,0,0,1,0
1087,565625,-935,-1487,2422,0,-11058,-17590,28648,0,0,0,0,1,0
1088,566145,-477,-1837,2313,0,-5637,-21724,27362,0,0,0,0,1,0
1089,566666,0,-2116,2116,0,0,-25024,25024,0,0,0,0,1,0
1090,567187,477,-2313,1837,0,5637,-27362,21724,0,0,0,0,1,0
1091,567708,935,-2422,1487,0,11058,-28648,17590,0,0,0,0,1,0
1092,568229,1357,-2438,1080,0,16053,-28833,12780,0,0,0,0,1,0
1093,568750,1727,-2360,632,0,20432,-27910,7479,0,0,0,0,1,0
1094,569270,2031,-2191,160,0,24025,-25915,1890,0,0,0,0,1,0
1095,569791,2257,-1938,-319,0,26696,-22924,-3772,0,0,0,0,1,0
1096,570312,2396,-1611,-785,0,28340,-19052,-9288,0,0,0,0,1,0
1097,570833,2443,-1221,-1221,0,28895,-14448,-14448,0,0,0,0,1,0
1098,571354,2396,-785,-1611,0,28340,-9288,-19052,0,0,0,0,1,0
1099,571875,2257,-319,-1938,0,26696,-3772,-22924,0,0,0,0,1,0
1100,572395,2031,160,-2191,0,24025,1890,-25915,0,0,0,0,1,0
1101,572916,1727,632,-2360,0,20432,7479,-27910,0,0,0,0,1,0
1102,573437,1357,1080,-2438,0,16053,12780,-28833,0,0,0,0,1,0
1103,573958,935,1487,-2422,0,11058,17590,-28648,0,0,0,0,1,0
1104,574479,477,1837,-2313,0,5637,21724,-27362,0,0,0,0,1,0
1105,575000,0,2116,-2116,0,0,25024,-25024,0,0,0,0,1,0
1106,575520,-477,2313,-1837,0,-5637,27362,-21724,0,0,0,0,1,0
1107,576041,-935,2422,-1487,0,-11058,28648,-17590,0,0,0,0,1,0
1108,576562,-1357,2438,-1080,0,-16053,28833,-12780,0,0,0,0,1,0
1109,577083,-1727,2360,-632,0,-20432,27910,-7479,0,0,0,0,1,0
1110,577604,-2031,2191,-160,0,-24025,25915,-1890,0,0,0,0,1,0
1111,578125,-2257,1938,319,0,-26696,22924,3772,0,0,0,0,1,0
1112,578645,-2396,1611,785,0,-28340,19052,9288,0,0,0,0,1,0
1113,579166,-2443,1221,1221,0,-28895,14448,14448,0,0,0,0,1,0
1114,579687,-2396,785,1611,0,-28340,9288,19052,0,0,0,0,1,0
1115,580208,-2257,319,1938,0,-26696,3772,22924,0,0,0,0,1,0
1116,580729,-2031,-160,2191,0,-24025,-1890,25915,0,0,0,0,1,0
1117,581250,-1727,-632,2360,0,-20432,-7479,27910,0,0,0,0,1,0
1118,581770,-1357,-1080,2438,0,-16053,-12780,28833,0,0,0,0,1,0
1119,582291,-935,-1487,2422,0,-11058,-17590,28648,0,0,0,0,1,0
1120,582812,-477,-1837,2313,0,-5637,-21724,27362,0,0,0,0,1,0
1121,583333,0,-2116,2116,0,0,-25024,25024,0,0,0,0,1,0
1122,583854,477,-2313,1837,0,5637,-27362,21724,0,0,0,0,1,0
1123,584375,935,-2422,1487,0,11058,-28648,17590,0,0,0,0,1,0
1124,584895,1357,-2438,1080,0,16053,-28833,12780,0,0,0,0,1,0
1125,585416,1727,-2360,632,0,20432,-27910,7479,0,0,0,0,1,0
1126,585937,2031,-2191,160,0,24025,-25915,1890,0,0,0,0,1,0
1127,586458,2257,-1938,-319,0,26696,-22924,-3772,0,0,0,0,1,0
1128,586979,2396,-1611,-785,0,28340,-19052,-9288,0,0,0,0,1,0
1129,587500,2443,-1221,-1221,0,28895,-14448,-14448,0,0,0,0,1,0
1130,588020,2396,-785,-1611,0,28340,-9288,-19052,0,0,0,0,1,0
1131,588541,2257,-319,-1938,0,26696,-3772,-22924,0,0,0,0,1,0
1132,589062,2031,160,-2191,0,24025,1890,-25915,0,0,0,0,1,0
1133,589583,1727,632,-2360,0,20432,7479,-27910,0,0,0,0,1,0
1134,590104,1357,1080,-2438,0,16053,12780,-28833,0,0,0,0,1,0
1135,590625,935,1487,-2422,0,11058,17590,-28648,0,0,0,0,1,0
1136,591145,477,1837,-2313,0,5637,21724,-27362,0,0,0,0,1,0
1137,591666,0,2116,-2116,0,0,25024,-25024,0,0,0,0,1,0
1138,592187,-477,2313,-1837,0,-5637,27362,-21724,0,0,0,0,1,0
1139,592708,-935,2422,-1487,0,-11058,28648,-17590,0,0,0,0,1,0
1140,593229,-1357,2438,-1080,0,-16053,28833,-12780,0,0,0,0,1,0
1141,593750,-1727,2360,-632,0,-20432,27910,-7479,0,0,0,0,1,0
1142,594270,-2031,2191,-160,0,-24025,25915,-1890,0,0,0,0,1,0
1143,594791,-2257,1938,319,0,-26696,22924,3772,0,0,0,0,1,0
1144,595312,-2396,1611,785,0,-28340,19052,9288,0,0,0,0,1,0
1145,595833,-2443,1221,1221,0,-28895,14448,14448,0,0,0,0,1,0
1146,596354,-2396,785,1611,0,-28340,9288,19052,0,0,0,0,1,0
1147,596875,-2257,319,1938,0,-26696,3772,22924,0,0,0,0,1,0
1148,597395,-2031,-160,2191,0,-24025,-1890,25915,0,0,0,0,1,0
1149,597916,-1727,-632,2360,0,-20432,-7479,27910,0,0,0,0,1,0
1150,598437,-1357,-1080,2438,0,-16053,-12780,28833,0,0,0,0,1,0
1151,598958,-935,-1487,2422,0,-11058,-17590,28648,0,0,0,0,1,0
1152,599479,-477,-1837,2313,0,-5637,-21724,27362,0,0,0,0,1,0
1153,600000,0,-2116,2116,0,0,-25024,25024,0,0,0,0,1,0
1154,600520,477,-2313,1837,0,5637,-27362,21724,0,0,0,0,1,0
1155,601041,935,-2422,1487,0,11058,-28648,17590,0,0,0,0,1,0
1156,601562,1357,-2438,1080,0,16053,-28833,12780,0,0,0,0,1,0
1157,602083,1727,-2360,632,0,20432,-27910,7479,0,0,0,0,1,0
1158,602604,2031,-2191,160,0,24025,-25915,1890,0,0,0,0,1,0
1159,603125,2257,-1938,-319,0,26696,-22924,-3772,0,0,0,0,1,0
1160,603645,2396,-1611,-785,0,28340,-19052,-9288,0,0,0,0,1,0
1161,604166,2443,-1221,-1221,0,28895,-14448,-14448,0,0,0,0,1,0
1162,604687,2396,-785,-1611,0,28340,-9288,-19052,0,0,0,0,1,0
1163,605208,2257,-319,-1938,0,26696,-3772,-22924,0,0,0,0,1,0
1164,605729,2031,160,-2191,0,24025,1890,-25915,0,0,0,0,1,0
1165,606250,1727,632,-2360,0,20432,7479,-27910,0,0,0,0,1,0
1166,606770,1357,1080,-2438,0,16053,12780,-28833,0,0,0,0,1,0
1167,607291,935,1487,-2422,0,11058,17590,-28648,0,0,0,0,1,0
1168,607812,477,1837,-2313,0,5637,21724,-27362,0,0,0,0,1,0
1169,608333,0,2116,-2116,0,0,25024,-25024,0,0,0,0,1,0
1170,608854,-477,2313,-1837,0,-5637,27362,-21724,0,0,0,0,1,0
1171,609375,-935,2422,-1487,0,-11058,28648,-17590,0,0,0,0,1,0
1172,609895,-1357,2438,-1080,0,-16053,28833,-12780,0,0,0,0,1,0
1173,610416,-1727,2360,-632,0,-20432,27910,-7479,0,0,0,0,1,0
1174,610937,-2031,2191,-160,0,-24025,25915,-1890,0,0,0,0,1,0
1175,611458,-2257,1938,319,0,-26696,22924,3772,0,0,0,0,1,0
1176,611979,-2396,1611,785,0,-28340,19052,9288,0,0,0,0,1,0
1177,612500,-2443,1221,1221,0,-28895,14448,14448,0,0,0,0,1,0
1178,613020,-2396,785,1611,0,-28340,9288,19052,0,0,0,0,1,0
1179,613541,-2257,319,1938,0,-26696,3772,22924,0,0,0,0,1,0
1180,614062,-2031,-160,2191,0,-24025,-1890,25915,0,0,0,0,1,0
1181,614583,-1727,-632,2360,0,-20432,-7479,27910,0,0,0,0,1,0
1182,615104,-1357,-1080,2438,0,-16053,-12780,28833,0,0,0,0,1,0
1183,615625,-935,-1487,2422,0,-11058,-17590,28648,0,0,0,0,1,0
1184,616145,-477,-1837,2313,0,-5637,-21724,27362,0,0,0,0,1,0
1185,616666,0,-2116,2116,0,0,-25024,25024,0,0,0,0,1,0
1186,617187,477,-2313,1837,0,5637,-27362,21724,0,0,0,0,1,0
1187,617708,935,-2422,1487,0,11058,-28648,17590,0,0,0,0,1,0
1188,618229,1357,-2438,1080,0,16053,-28833,12780,0,0,0,0,1,0
1189,618750,1727,-2360,632,0,20432,-27910,7479,0,0,0,0,1,0
1190,619270,2031,-2191,160,0,24025,-25915,1890,0,0,0,0,1,0
1191,619791,2257,-1938,-319,0,26696,-22924,-3772,0,0,0,0,1,0
1192,620312,2396,-1611,-785,0,28340,-19052,-9288,0,0,0,0,1,0
