1,0,0,-1427,1427,0,0,-25024,25024,0,0,0,0,1,0
2,1041,630,-1633,1003,0,11058,-28648,17590,0,0,0,0,1,0
3,2083,1165,-1591,426,0,20432,-27910,7479,0,0,0,0,1,0
4,3125,1522,-1307,-215,0,26696,-22924,-3772,0,0,0,0,1,0
5,4166,1647,-824,-824,0,28895,-14448,-14448,0,0,0,0,1,0
6,5208,1522,-215,-1307,0,26696,-3772,-22924,0,0,0,0,1,0
7,6250,1165,426,-1591,0,20432,7479,-27910,0,0,0,0,1,0
8,7291,630,1003,-1633,0,11058,17590,-28648,0,0,0,0,1,0
9,8333,0,1427,-1427,0,0,25024,-25024,0,0,0,0,1,0
10,9375,-630,1633,-1003,0,-11058,28648,-17590,0,0,0,0,1,0
11,10416,-1165,1591,-426,0,-20432,27910,-7479,0,0,0,0,1,0
12,11458,-1522,1307,215,0,-26696,22924,3772,0,0,0,0,1,0
13,12500,-1647,824,824,0,-28895,14448,14448,0,0,0,0,1,0
14,13541,-1522,215,1307,0,-26696,3772,22924,0,0,0,0,1,0
15,14583,-1165,-426,1591,0,-20432,-7479,27910,0,0,0,0,1,0
16,15625,-630,-1003,1633,0,-11058,-17590,28648,0,0,0,0,1,0
17,16666,0,-1427,1427,0,0,-25024,25024,0,0,0,0,1,0
18,17708,630,-1633,1003,0,11058,-28648,17590,0,0,0,0,1,0
19,18750,1165,-1591,426,0,20432,-27910,7479,0,0,0,0,1,0
20,19791,1522,-1307,-215,0,26696,-22924,-3772,0,0,0,0,1,0
21,20833,1647,-824,-824,0,28895,-14448,-14448,0,0,0,0,1,0
22,21875,1522,-215,-1307,0,26696,-3772,-22924,0,0,0,0,1,0
23,22916,1165,426,-1591,0,20432,7479,-27910,0,0,0,0,1,0
24,23958,630,1003,-1633,0,11058,17590,-28648,0,0,0,0,1,0
25,25000,0,1427,-1427,0,0,25024,-25024,0,0,0,0,1,0
26,26041,-630,1633,-1003,0,-11058,28648,-17590,0,0,0,0,1,0
27,27083,-1165,1591,-426,0,-20432,27910,-7479,0,0,0,0,1,0
28,28125,-1522,1307,215,0,-26696,22924,3772,0,0,0,0,1,0
29,29166,-1647,824,824,0,-28895,14448,14448,0,0,0,0,1,0
30,30208,-1522,215,1307,0,-26696,3772,22924,0,0,0,0,1,0
31,31250,-1165,-426,1591,0,-20432,-7479,27910,0,0,0,0,1,0
32,32291,-630,-1003,1633,0,-11058,-17590,28648,0,0,0,0,1,0
33,33333,0,-1427,1427,0,0,-25024,25024,0,0,0,0,1,0
34,34375,630,-1633,1003,0,11058,-28648,17590,0,0,0,0,1,0
35,35416,1165,-1591,426,0,20432,-27910,7479,0,0,0,0,1,0
36,36458,1522,-1307,-215,0,26696,-22924,-3772,0,0,0,0,1,0
37,37500,1647,-824,-824,0,28895,-14448,-14448,0,0,0,0,1,0
38,38541,1522,-215,-1307,0,26696,-3772,-22924,0,0,0,0,1,0
39,39583,1165,426,-1591,0,20432,7479,-27910,0,0,0,0,1,0
40,40625,630,1003,-1633,0,11058,17590,-28648,0,0,0,0,1,0
41,41666,0,1427,-1427,0,0,25024,-25024,0,0,0,0,1,0
42,42708,-630,1633,-1003,0,-11058,28648,-17590,0,0,0,0,1,0
43,43750,-1165,1591,-426,0,-20432,27910,-7479,0,0,0,0,1,0
44,44791,-1522,1307,215,0,-26696,22924,3772,0,0,0,0,1,0
45,45833,-1647,824,824,0,-28895,14448,14448,0,0,0,0,1,0
46,46875,-1522,215,1307,0,-26696,3772,22924,0,0,0,0,1,0
47,47916,-1165,-426,1591,0,-20432,-7479,27910,0,0,0,0,1,0
48,48958,-630,-1003,1633,0,-11058,-17590,28648,0,0,0,0,1,0
49,50000,0,-1427,31207,29780,0,-27026,2502,0,0,0,0,1,0
50,51041,630,-1633,23863,22861,11942,-30940,1759,0,0,0,0,1,0
51,52083,1165,-1591,15125,14699,22066,-30143,748,0,0,0,0,1,0
52,53125,1522,-1307,6236,6451,28831,-24758,-377,0,0,0,0,1,0
53,54166,1647,-824,-1533,-709,31207,-15603,-1445,0,0,0,0,1,0
54,55208,1522,-215,-7079,-5772,28831,-4073,-2292,0,0,0,0,1,0
55,56250,1165,426,-9635,-8044,22066,8077,-2791,0,0,0,0,1,0
56,57291,630,1003,-8885,-7252,11942,18997,-2865,0,0,0,0,1,0
57,58333,0,1427,-5014,-3587,0,27026,-2502,0,0,0,0,1,0
58,59375,-630,1633,1321,2324,-11942,30940,-1759,0,0,0,0,1,0
59,60416,-1165,1591,9089,9516,-22066,30143,-748,0,0,0,0,1,0
60,61458,-1522,1307,17046,16831,-28831,24758,377,0,0,0,0,1,0
61,62500,-1647,824,23918,23095,-31207,15603,1445,0,0,0,0,1,0
62,63541,-1522,215,28603,27296,-28831,4073,2292,0,0,0,0,1,0
63,64583,-1165,-426,30330,28738,-22066,-8077,2791,0,0,0,0,1,0
64,65625,-630,-1003,28783,27149,-11942,-18997,2865,0,0,0,0,1,0
65,66666,0,-1427,24145,22719,0,-27026,2502,0,0,0,0,1,0
66,67708,630,-1633,17074,16071,11942,-30940,1759,0,0,0,0,1,0
67,68750,1165,-1591,8597,8171,22066,-30143,748,0,0,0,0,1,0
68,69791,1141,-980,-161,0,26696,-22924,-3772,0,0,0,0,1,0
69,70833,1235,-618,-618,0,28895,-14448,-14448,0,0,0,0,1,0
70,71875,1141,-161,-980,0,26696,-3772,-22924,0,0,0,0,1,0
71,72916,874,320,-1193,0,20432,7479,-27910,0,0,0,0,1,0
72,73958,473,752,-1225,0,11058,17590,-28648,0,0,0,0,1,0
73,75000,0,1070,-1070,0,0,25024,-25024,0,0,0,0,1,0
74,76041,-473,1225,-752,0,-11058,28648,-17590,0,0,0,0,1,0
75,77083,-874,1193,-320,0,-20432,27910,-7479,0,0,0,0,1,0
76,78125,-1141,980,161,0,-26696,22924,3772,0,0,0,0,1,0
77,79166,-1235,618,618,0,-28895,14448,14448,0,0,0,0,1,0
78,80208,-1141,161,980,0,-26696,3772,22924,0,0,0,0,1,0
79,81250,-874,-320,1193,0,-20432,-7479,27910,0,0,0,0,1,0
80,82291,-473,-752,1225,0,-11058,-17590,28648,0,0,0,0,1,0
81,83333,0,-1070,1070,0,0,-25024,25024,0,0,0,0,1,0
82,84375,473,-1225,752,0,11058,-28648,17590,0,0,0,0,1,0
83,85416,874,-1193,320,0,20432,-27910,7479,0,0,0,0,1,0
84,86458,1141,-980,-161,0,26696,-22924,-3772,0,0,0,0,1,0
85,87500,1235,-618,-618,0,28895,-14448,-14448,0,0,0,0,1,0
86,88541,1141,-161,-980,0,26696,-3772,-22924,0,0,0,0,1,0
87,89583,874,320,-1193,0,20432,7479,-27910,0,0,0,0,1,0
88,90625,473,752,-1225,0,11058,17590,-28648,0,0,0,0,1,0
89,91666,0,1070,-1070,0,0,25024,-25024,0,0,0,0,1,0
90,92708,-473,1225,-752,0,-11058,28648,-17590,0,0,0,0,1,0
91,93750,-874,1193,-320,0,-20432,27910,-7479,0,0,0,0,1,0
92,94791,-1141,980,161,0,-26696,22924,3772,0,0,0,0,1,0
93,95833,-1235,618,618,0,-28895,14448,14448,0,0,0,0,1,0
94,96875,-1141,161,980,0,-26696,3772,22924,0,0,0,0,1,0
95,97916,-874,-320,1193,0,-20432,-7479,27910,0,0,0,0,1,0
96,98958,-473,-752,1225,0,-11058,-17590,28648,0,0,0,0,1,0
97,100000,0,-1070,1070,0,0,-25024,25024,0,0,0,0,1,0
98,101041,473,-1225,752,0,11058,-28648,17590,0,0,0,0,1,0
99,102083,874,-1193,320,0,20432,-27910,7479,0,0,0,0,1,0
100,103125,1141,-980,-161,0,26696,-22924,-3772,0,0,0,0,1,0
101,104166,1235,-618,-618,0,28895,-14448,-14448,0,0,0,0,1,0
102,105208,1141,-161,-980,0,26696,-3772,-22924,0,0,0,0,1,0
103,106250,874,320,-1193,0,20432,7479,-27910,0,0,0,0,1,0
104,107291,473,752,-1225,0,11058,17590,-28648,0,0,0,0,1,0
105,108333,0,1070,-1070,0,0,25024,-25024,0,0,0,0,1,0
106,109375,-473,1225,-752,0,-11058,28648,-17590,0,0,0,0,1,0
107,110416,-874,1193,-320,0,-20432,27910,-7479,0,0,0,0,1,0
108,111458,-1141,980,161,0,-26696,22924,3772,0,0,0,0,1,0
109,112500,-1235,618,618,0,-28895,14448,14448,0,0,0,0,1,0
110,113541,-1141,161,980,0,-26696,3772,22924,0,0,0,0,1,0
111,114583,-874,-320,1193,0,-20432,-7479,27910,0,0,0,0,1,0
112,115625,-473,-752,1225,0,-11058,-17590,28648,0,0,0,0,1,0
113,116666,0,-1070,1070,0,0,-25024,25024,0,0,0,0,1,0
114,117708,473,-1225,752,0,11058,-28648,17590,0,0,0,0,1,0
115,118750,874,-1193,320,0,20432,-27910,7479,0,0,0,0,1,0
116,119791,1141,-980,-161,0,26696,-22924,-3772,0,0,0,0,1,0
117,120833,1235,-618,-618,0,28895,-14448,-14448,0,0,0,0,1,0
118,121875,1141,-161,-980,0,26696,-3772,-22924,0,0,0,0,1,0
119,122916,874,320,-1193,0,20432,7479,-27910,0,0,0,0,1,0
120,123958,473,752,-1225,0,11058,17590,-28648,0,0,0,0,1,0
121,125000,0,1070,-1070,0,0,25024,-25024,0,0,0,0,1,0
122,126041,-473,1225,-752,0,-11058,28648,-17590,0,0,0,0,1,0
123,127083,-874,1193,-320,0,-20432,27910,-7479,0,0,0,0,1,0
124,128124,-1141,980,161,0,-26696,22924,3772,0,0,0,0,1,0
125,129166,-1235,618,618,0,-28895,14448,14448,0,0,0,0,1,0
126,130208,-1141,161,980,0,-26696,3772,22924,0,0,0,0,1,0
127,131250,-874,-320,1193,0,-20432,-7479,27910,0,0,0,0,1,0
128,132291,-473,-752,1225,0,-11058,-17590,28648,0,0,0,0,1,0
129,133333,0,-1070,1070,0,0,-25024,25024,0,0,0,0,1,0
130,134375,473,-1225,752,0,11058,-28648,17590,0,0,0,0,1,0
131,135416,874,-1193,320,0,20432,-27910,7479,0,0,0,0,1,0
132,136458,1141,-980,-161,0,26696,-22924,-3772,0,0,0,0,1,0
133,137500,1235,-618,-618,0,28895,-14448,-14448,0,0,0,0,1,0
134,138541,1141,-161,-980,0,26696,-3772,-22924,0,0,0,0,1,0
135,139583,874,320,-1193,0,20432,7479,-27910,0,0,0,0,1,0
136,140625,473,752,-1225,0,11058,17590,-28648,0,0,0,0,1,0
137,141666,0,1070,-1070,0,0,25024,-25024,0,0,0,0,1,0
138,142708,-473,1225,-752,0,-11058,28648,-17590,0,0,0,0,1,0
139,143750,-874,1193,-320,0,-20432,27910,-7479,0,0,0,0,1,0
140,144791,-1141,980,161,0,-26696,22924,3772,0,0,0,0,1,0
141,145833,-1235,618,618,0,-28895,14448,14448,0,0,0,0,1,0
142,146875,-1141,161,980,0,-26696,3772,22924,0,0,0,0,1,0
143,147916,-874,-320,1193,0,-20432,-7479,27910,0,0,0,0,1,0
144,148958,-473,-752,1225,0,-11058,-17590,28648,0,0,0,0,1,0
145,150000,0,-1070,1070,0,0,-25024,25024,0,0,0,0,1,0
146,151041,473,-1225,752,0,11058,-28648,17590,0,0,0,0,1,0
147,152083,874,-1193,320,0,20432,-27910,7479,0,0,0,0,1,0
148,153125,1141,-980,-161,0,26696,-22924,-3772,0,0,0,0,1,0
149,154166,1235,-618,-618,0,28895,-14448,-14448,0,0,0,0,1,0
150,155208,1141,-161,-980,0,26696,-3772,-22924,0,0,0,0,1,0
151,156250,874,320,-1193,0,20432,7479,-27910,0,0,0,0,1,0
152,157291,473,752,-1225,0,11058,17590,-28648,0,0,0,0,1,0
153,158333,0,1070,-1070,0,0,25024,-25024,0,0,0,0,1,0
154,159375,-473,1225,-752,0,-11058,28648,-17590,0,0,0,0,1,0
155,160416,-874,1193,-320,0,-20432,27910,-7479,0,0,0,0,1,0
156,161458,-1141,980,161,0,-26696,22924,3772,0,0,0,0,1,0
157,162500,-1235,618,618,0,-28895,14448,14448,0,0,0,0,1,0
158,163541,-1141,161,980,0,-26696,3772,22924,0,0,0,0,1,0
159,164583,-874,-320,1193,0,-20432,-7479,27910,0,0,0,0,1,0
160,165625,-473,-752,1225,0,-11058,-17590,28648,0,0,0,0,1,0
161,166666,0,-1070,1070,0,0,-25024,25024,0,0,0,0,1,0
162,167708,473,-1225,752,0,11058,-28648,17590,0,0,0,0,1,0
163,168750,874,-1193,320,0,20432,-27910,7479,0,0,0,0,1,0
164,169791,1141,-980,-161,0,26696,-22924,-3772,0,0,0,0,1,0
165,170833,1235,-618,-618,0,28895,-14448,-14448,0,0,0,0,1,0
166,171875,1141,-161,-980,0,26696,-3772,-22924,0,0,0,0,1,0
167,172916,874,320,-1193,0,20432,7479,-27910,0,0,0,0,1,0
168,173958,473,752,-1225,0,11058,17590,-28648,0,0,0,0,1,0
169,175000,0,1070,-1070,0,0,25024,-25024,0,0,0,0,1,0
170,176041,-473,1225,-752,0,-11058,28648,-17590,0,0,0,0,1,0
171,177083,-874,1193,-320,0,-20432,27910,-7479,0,0,0,0,1,0
172,178125,-1141,980,161,0,-26696,22924,3772,0,0,0,0,1,0
173,179166,-1235,618,618,0,-28895,14448,14448,0,0,0,0,1,0
174,180208,-1141,161,980,0,-26696,3772,22924,0,0,0,0,1,0
175,181250,-874,-320,1193,0,-20432,-7479,27910,0,0,0,0,1,0
176,182291,-473,-752,1225,0,-11058,-17590,28648,0,0,0,0,1,0
177,183333,0,-1070,1070,0,0,-25024,25024,0,0,0,0,1,0
178,184375,473,-1225,752,0,11058,-28648,17590,0,0,0,0,1,0
179,185416,874,-1193,320,0,20432,-27910,7479,0,0,0,0,1,0
180,186458,1141,-980,-161,0,26696,-22924,-3772,0,0,0,0,1,0
181,187500,1235,-618,-618,0,28895,-14448,-14448,0,0,0,0,1,0
182,188541,1141,-161,-980,0,26696,-3772,-22924,0,0,0,0,1,0
183,189583,874,320,-1193,0,20432,7479,-27910,0,0,0,0,1,0
184,190625,473,752,-1225,0,11058,17590,-28648,0,0,0,0,1,0
185,191666,0,1070,-1070,0,0,25024,-25024,0,0,0,0,1,0
186,192708,-473,1225,-752,0,-11058,28648,-17590,0,0,0,0,1,0
187,193750,-874,1193,-320,0,-20432,27910,-7479,0,0,0,0,1,0
188,194791,-1141,980,161,0,-26696,22924,3772,0,0,0,0,1,0
189,195833,-1235,618,618,0,-28895,14448,14448,0,0,0,0,1,0
190,196875,-1141,161,980,0,-26696,3772,22924,0,0,0,0,1,0
191,197916,-874,-320,1193,0,-20432,-7479,27910,0,0,0,0,1,0
192,198958,-473,-752,1225,0,-11058,-17590,28648,0,0,0,0,1,0
193,200000,0,-1070,1070,0,0,-25024,25024,0,0,0,0,1,0
194,201041,473,-1225,752,0,11058,-28648,17590,0,0,0,0,1,0
195,202083,874,-1193,320,0,20432,-27910,7479,0,0,0,0,1,0
196,203125,1141,-980,-161,0,26696,-22924,-3772,0,0,0,0,1,0
197,204166,1235,-618,-618,0,28895,-14448,-14448,0,0,0,0,1,0
198,205208,1141,-161,-980,0,26696,-3772,-22924,0,0,0,0,1,0
199,206250,874,320,-1193,0,20432,7479,-27910,0,0,0,0,1,0
200,207291,473,752,-1225,0,11058,17590,-28648,0,0,0,0,1,0
201,208333,0,1070,-1070,0,0,25024,-25024,0,0,0,0,1,0
202,209375,-473,1225,-752,0,-11058,28648,-17590,0,0,0,0,1,0
203,210416,-874,1193,-320,0,-20432,27910,-7479,0,0,0,0,1,0
204,211458,-1141,980,161,0,-26696,22924,3772,0,0,0,0,1,0
205,212500,-1235,618,618,0,-28895,14448,14448,0,0,0,0,1,0
206,213541,-1141,161,980,0,-26696,3772,22924,0,0,0,0,1,0
207,214583,-874,-320,1193,0,-20432,-7479,27910,0,0,0,0,1,0
208,215625,-473,-752,1225,0,-11058,-17590,28648,0,0,0,0,1,0
209,216666,0,-1070,1070,0,0,-25024,25024,0,0,0,0,1,0
210,217708,473,-1225,752,0,11058,-28648,17590,0,0,0,0,1,0
211,218750,874,-1193,320,0,20432,-27910,7479,0,0,0,0,1,0
212,219791,1141,-980,-161,0,26696,-22924,-3772,0,0,0,0,1,0
213,220833,1235,-618,-618,0,28895,-14448,-14448,0,0,0,0,1,0
214,221875,1141,-161,-980,0,26696,-3772,-22924,0,0,0,0,1,0
215,222916,874,320,-1193,0,20432,7479,-27910,0,0,0,0,1,0
216,223958,473,752,-1225,0,11058,17590,-28648,0,0,0,0,1,0
217,225000,0,1070,-1070,0,0,25024,-25024,0,0,0,0,1,0
218,226041,-473,1225,-752,0,-11058,28648,-17590,0,0,0,0,1,0
219,227083,-874,1193,-320,0,-20432,27910,-7479,0,0,0,0,1,0
220,228125,-1141,980,161,0,-26696,22924,3772,0,0,0,0,1,0
221,229166,-1235,618,618,0,-28895,14448,14448,0,0,0,0,1,0
222,230208,-1141,161,980,0,-26696,3772,22924,0,0,0,0,1,0
223,231250,-874,-320,1193,0,-20432,-7479,27910,0,0,0,0,1,0
224,232291,-473,-752,1225,0,-11058,-17590,28648,0,0,0,0,1,0
225,233333,0,-1070,1070,0,0,-25024,25024,0,0,0,0,1,0
226,234375,473,-1225,752,0,11058,-28648,17590,0,0,0,0,1,0
227,235416,874,-1193,320,0,20432,-27910,7479,0,0,0,0,1,0
228,236458,1141,-980,-161,0,26696,-22924,-3772,0,0,0,0,1,0
229,237500,1235,-618,-618,0,28895,-14448,-14448,0,0,0,0,1,0
230,238541,1141,-161,-980,0,26696,-3772,-22924,0,0,0,0,1,0
