1,0,0,-1191,1191,0,0,-25024,25024,0,0,0,0,1,0
2,520,268,-1302,1034,0,5637,-27362,21724,0,0,0,0,1,0
3,1041,526,-1363,837,0,11058,-28648,17590,0,0,0,0,1,0
4,1562,764,-1372,608,0,16053,-28833,12780,0,0,0,0,1,0
5,2083,972,-1328,356,0,20432,-27910,7479,0,0,0,0,1,0
6,2604,1143,-1233,90,0,24025,-25915,1890,0,0,0,0,1,0
7,3125,1270,-1091,-179,0,26696,-22924,-3772,0,0,0,0,1,0
8,3645,1349,-907,-442,0,28340,-19052,-9288,0,0,0,0,1,0
9,4166,1375,-688,-688,0,28895,-14448,-14448,0,0,0,0,1,0
10,4687,1349,-442,-907,0,28340,-9288,-19052,0,0,0,0,1,0
11,5208,1270,-179,-1091,0,26696,-3772,-22924,0,0,0,0,1,0
12,5729,1143,90,-1233,0,24025,1890,-25915,0,0,0,0,1,0
13,6250,972,356,-1328,0,20432,7479,-27910,0,0,0,0,1,0
14,6770,764,608,-1372,0,16053,12780,-28833,0,0,0,0,1,0
15,7291,526,837,-1363,0,11058,17590,-28648,0,0,0,0,1,0
16,7812,268,1034,-1302,0,5637,21724,-27362,0,0,0,0,1,0
17,8333,0,1191,-1191,0,0,25024,-25024,0,0,0,0,1,0
18,8854,-268,1302,-1034,0,-5637,27362,-21724,0,0,0,0,1,0
19,9375,-526,1363,-837,0,-11058,28648,-17590,0,0,0,0,1,0
20,9895,-764,1372,-608,0,-16053,28833,-12780,0,0,0,0,1,0
21,10416,-972,1328,-356,0,-20432,27910,-7479,0,0,0,0,1,0
22,10937,-1143,1233,-90,0,-24025,25915,-1890,0,0,0,0,1,0
23,11458,-1270,1091,179,0,-26696,22924,3772,0,0,0,0,1,0
24,11979,-1349,907,442,0,-28340,19052,9288,0,0,0,0,1,0
25,12500,-1375,688,688,0,-28895,14448,14448,0,0,0,0,1,0
26,13020,-1349,442,907,0,-28340,9288,19052,0,0,0,0,1,0
27,13541,-1270,179,1091,0,-26696,3772,22924,0,0,0,0,1,0
28,14062,-1143,-90,1233,0,-24025,-1890,25915,0,0,0,0,1,0
29,14583,-972,-356,1328,0,-20432,-7479,27910,0,0,0,0,1,0
30,15104,-764,-608,1372,0,-16053,-12780,28833,0,0,0,0,1,0
31,15625,-526,-837,1363,0,-11058,-17590,28648,0,0,0,0,1,0
32,16145,-268,-1034,1302,0,-5637,-21724,27362,0,0,0,0,1,0
33,16666,0,-1191,1191,0,0,-25024,25024,0,0,0,0,1,0
34,17187,268,-1302,1034,0,5637,-27362,21724,0,0,0,0,1,0
35,17708,526,-1363,837,0,11058,-28648,17590,0,0,0,0,1,0
36,18229,764,-1372,608,0,16053,-28833,12780,0,0,0,0,1,0
37,18750,972,-1328,356,0,20432,-27910,7479,0,0,0,0,1,0
38,19270,1143,-1233,90,0,24025,-25915,1890,0,0,0,0,1,0
39,19791,1270,-1091,-179,0,26696,-22924,-3772,0,0,0,0,1,0
40,20312,1349,-907,-442,0,28340,-19052,-9288,0,0,0,0,1,0
41,20833,1375,-688,-688,0,28895,-14448,-14448,0,0,0,0,1,0
42,21354,1349,-442,-907,0,28340,-9288,-19052,0,0,0,0,1,0
43,21875,1270,-179,-1091,0,26696,-3772,-22924,0,0,0,0,1,0
44,22395,1143,90,-1233,0,24025,1890,-25915,0,0,0,0,1,0
45,22916,972,356,-1328,0,20432,7479,-27910,0,0,0,0,1,0
46,23437,764,608,-1372,0,16053,12780,-28833,0,0,0,0,1,0
47,23958,526,837,-1363,0,11058,17590,-28648,0,0,0,0,1,0
48,24479,268,1034,-1302,0,5637,21724,-27362,0,0,0,0,1,0
49,25000,0,1191,-1191,0,0,25024,-25024,0,0,0,0,1,0
50,25520,-268,1302,-1034,0,-5637,27362,-21724,0,0,0,0,1,0
51,26041,-526,1363,-837,0,-11058,28648,-17590,0,0,0,0,1,0
52,26562,-764,1372,-608,0,-16053,28833,-12780,0,0,0,0,1,0
53,27083,-972,1328,-356,0,-20432,27910,-7479,0,0,0,0,1,0
54,27604,-1143,1233,-90,0,-24025,25915,-1890,0,0,0,0,1,0
55,28125,-1270,1091,179,0,-26696,22924,3772,0,0,0,0,1,0
56,28645,-1349,907,442,0,-28340,19052,9288,0,0,0,0,1,0
57,29166,-1375,688,688,0,-28895,14448,14448,0,0,0,0,1,0
58,29687,-1349,442,907,0,-28340,9288,19052,0,0,0,0,1,0
59,30208,-1270,179,1091,0,-26696,3772,22924,0,0,0,0,1,0
60,30729,-1143,-90,1233,0,-24025,-1890,25915,0,0,0,0,1,0
61,31250,-972,-356,1328,0,-20432,-7479,27910,0,0,0,0,1,0
62,31770,-764,-608,1372,0,-16053,-12780,28833,0,0,0,0,1,0
63,32291,-526,-837,1363,0,-11058,-17590,28648,0,0,0,0,1,0
64,32812,-268,-1034,1302,0,-5637,-21724,27362,0,0,0,0,1,0
65,33333,0,-1191,1191,0,0,-25024,25024,0,0,0,0,1,0
66,33854,268,-1302,1034,0,5637,-27362,21724,0,0,0,0,1,0
67,34375,526,-1363,837,0,11058,-28648,17590,0,0,0,0,1,0
68,34895,764,-1372,608,0,16053,-28833,12780,0,0,0,0,1,0
69,35416,972,-1328,356,0,20432,-27910,7479,0,0,0,0,1,0
70,35937,1143,-1233,90,0,24025,-25915,1890,0,0,0,0,1,0
71,36458,1270,-1091,-179,0,26696,-22924,-3772,0,0,0,0,1,0
72,36979,1349,-907,-442,0,28340,-19052,-9288,0,0,0,0,1,0
73,37500,1375,-688,-688,0,28895,-14448,-14448,0,0,0,0,1,0
74,38020,1349,-442,-907,0,28340,-9288,-19052,0,0,0,0,1,0
75,38541,1270,-179,-1091,0,26696,-3772,-22924,0,0,0,0,1,0
76,39062,1143,90,-1233,0,24025,1890,-25915,0,0,0,0,1,0
77,39583,972,356,-1328,0,20432,7479,-27910,0,0,0,0,1,0
78,40104,764,608,-1372,0,16053,12780,-28833,0,0,0,0,1,0
79,40625,526,837,-1363,0,11058,17590,-28648,0,0,0,0,1,0
80,41145,268,1034,-1302,0,5637,21724,-27362,0,0,0,0,1,0
81,41666,0,1191,-1191,0,0,25024,-25024,0,0,0,0,1,0
82,42187,-268,1302,-1034,0,-5637,27362,-21724,0,0,0,0,1,0
83,42708,-526,1363,-837,0,-11058,28648,-17590,0,0,0,0,1,0
84,43229,-764,1372,-608,0,-16053,28833,-12780,0,0,0,0,1,0
85,43750,-972,1328,-356,0,-20432,27910,-7479,0,0,0,0,1,0
86,44270,-1143,1233,-90,0,-24025,25915,-1890,0,0,0,0,1,0
87,44791,-1270,1091,179,0,-26696,22924,3772,0,0,0,0,1,0
88,45312,-1349,907,442,0,-28340,19052,9288,0,0,0,0,1,0
89,45833,-1375,688,688,0,-28895,14448,14448,0,0,0,0,1,0
90,46354,-1349,442,907,0,-28340,9288,19052,0,0,0,0,1,0
91,46875,-1270,179,1091,0,-26696,3772,22924,0,0,0,0,1,0
92,47395,-1143,-90,1233,0,-24025,-1890,25915,0,0,0,0,1,0
93,47916,-972,-356,1328,0,-20432,-7479,27910,0,0,0,0,1,0
94,48437,-764,-608,1372,0,-16053,-12780,28833,0,0,0,0,1,0
95,48958,-526,-837,1363,0,-11058,-17590,28648,0,0,0,0,1,0
96,49479,-268,-1034,1302,0,-5637,-21724,27362,0,0,0,0,1,0
97,50000,0,-5243,1191,-4052,0,-2502,27026,0,0,0,0,1,0
98,50520,268,-6404,1034,-5102,6088,-2736,23462,0,0,0,0,1,0
99,51041,526,-6763,837,-5400,11942,-2865,18997,0,0,0,0,1,0
100,51562,764,-6317,608,-4945,17337,-2883,13802,0,0,0,0,1,0
101,52083,972,-5093,356,-3765,22066,-2791,8077,0,0,0,0,1,0
102,52604,1143,-3148,90,-1915,25947,-2592,2041,0,0,0,0,1,0
103,53125,1270,-569,-179,522,28831,-2292,-4073,0,0,0,0,1,0
104,53645,1349,2537,-442,3444,30607,-1905,-10031,0,0,0,0,1,0
105,54166,1375,6040,-688,6727,31207,-1445,-15603,0,0,0,0,1,0
106,54687,1349,9795,-907,10237,30607,-929,-20576,0,0,0,0,1,0
107,55208,1270,13650,-1091,13830,28831,-377,-24758,0,0,0,0,1,0
108,55729,1143,17446,-1233,17356,25947,189,-27988,0,0,0,0,1,0
109,56250,972,21029,-1328,20674,22066,748,-30143,0,0,0,0,1,0
110,56770,764,24253,-1372,23644,17337,1278,-31140,0,0,0,0,1,0
111,57291,526,26983,-1363,26146,11942,1759,-30940,0,0,0,0,1,0
112,57812,268,29108,-1302,28074,6088,2172,-29551,0,0,0,0,1,0
113,58333,0,30537,-1191,29346,0,2502,-27026,0,0,0,0,1,0
114,58854,-268,31207,-1034,29905,-6088,2736,-23462,0,0,0,0,1,0
115,59375,-526,31083,-837,29720,-11942,2865,-18997,0,0,0,0,1,0
116,59895,-764,30164,-608,28792,-17337,2883,-13802,0,0,0,0,1,0
117,60416,-972,28477,-356,27148,-22066,2791,-8077,0,0,0,0,1,0
118,60937,-1143,26078,-90,24844,-25947,2592,-2041,0,0,0,0,1,0
119,61458,-1270,23052,179,21961,-28831,2292,4073,0,0,0,0,1,0
120,61979,-1349,19509,442,18603,-30607,1905,10031,0,0,0,0,1,0
121,62500,-1375,15578,688,14890,-31207,1445,15603,0,0,0,0,1,0
122,63020,-1349,11402,907,10960,-30607,929,20576,0,0,0,0,1,0
123,63541,-1270,7135,1091,6955,-28831,377,24758,0,0,0,0,1,0
124,64062,-1143,2934,1233,3024,-25947,-189,27988,0,0,0,0,1,0
125,64583,-972,-1045,1328,-689,-22066,-748,30143,0,0,0,0,1,0
126,65104,-764,-4657,1372,-4048,-17337,-1278,31140,0,0,0,0,1,0
127,65625,-526,-7768,1363,-6931,-11942,-1759,30940,0,0,0,0,1,0
128,66145,-268,-10267,1302,-9233,-6088,-2172,29551,0,0,0,0,1,0
129,66666,0,-12062,1191,-10871,0,-2502,27026,0,0,0,0,1,0
130,67187,268,-13091,1034,-11789,6088,-2736,23462,0,0,0,0,1,0
131,67708,526,-13320,837,-11957,11942,-2865,18997,0,0,0,0,1,0
132,68229,764,-12746,608,-11374,17337,-2883,13802,0,0,0,0,1,0
133,68750,972,-11397,356,-10069,22066,-2791,8077,0,0,0,0,1,0
134,69270,1143,-9330,90,-8097,25947,-2592,2041,0,0,0,0,1,0
135,69791,1270,-6630,-179,-5539,28831,-2292,-4073,0,0,0,0,1,0
136,70312,1349,-3407,-442,-2500,30607,-1905,-10031,0,0,0,0,1,0
137,70833,1375,212,-688,899,31207,-1445,-15603,0,0,0,0,1,0
138,71354,1349,4081,-907,4523,30607,-929,-20576,0,0,0,0,1,0
139,71875,635,-90,-545,0,26696,-3772,-22924,0,0,0,0,1,0
140,72395,572,45,-617,0,24025,1890,-25915,0,0,0,0,1,0
141,72916,486,178,-664,0,20432,7479,-27910,0,0,0,0,1,0
142,73437,382,304,-686,0,16053,12780,-28833,0,0,0,0,1,0
143,73958,263,419,-682,0,11058,17590,-28648,0,0,0,0,1,0
144,74479,134,517,-651,0,5637,21724,-27362,0,0,0,0,1,0
145,75000,0,595,-595,0,0,25024,-25024,0,0,0,0,1,0
146,75520,-134,651,-517,0,-5637,27362,-21724,0,0,0,0,1,0
147,76041,-263,682,-419,0,-11058,28648,-17590,0,0,0,0,1,0
148,76562,-382,686,-304,0,-16053,28833,-12780,0,0,0,0,1,0
149,77083,-486,664,-178,0,-20432,27910,-7479,0,0,0,0,1,0
150,77604,-572,617,-45,0,-24025,25915,-1890,0,0,0,0,1,0
151,78125,-635,545,90,0,-26696,22924,3772,0,0,0,0,1,0
152,78645,-674,453,221,0,-28340,19052,9288,0,0,0,0,1,0
153,79166,-688,344,344,0,-28895,14448,14448,0,0,0,0,1,0
154,79687,-674,221,453,0,-28340,9288,19052,0,0,0,0,1,0
155,80208,-635,90,545,0,-26696,3772,22924,0,0,0,0,1,0
156,80729,-572,-45,617,0,-24025,-1890,25915,0,0,0,0,1,0
157,81250,-486,-178,664,0,-20432,-7479,27910,0,0,0,0,1,0
158,81770,-382,-304,686,0,-16053,-12780,28833,0,0,0,0,1,0
159,82291,-263,-419,682,0,-11058,-17590,28648,0,0,0,0,1,0
160,82812,-134,-517,651,0,-5637,-21724,27362,0,0,0,0,1,0
161,83333,0,-595,595,0,0,-25024,25024,0,0,0,0,1,0
162,83854,134,-651,517,0,5637,-27362,21724,0,0,0,0,1,0
163,84375,263,-682,419,0,11058,-28648,17590,0,0,0,0,1,0
164,84895,382,-686,304,0,16053,-28833,12780,0,0,0,0,1,0
165,85416,486,-664,178,0,20432,-27910,7479,0,0,0,0,1,0
166,85937,572,-617,45,0,24025,-25915,1890,0,0,0,0,1,0
167,86458,635,-545,-90,0,26696,-22924,-3772,0,0,0,0,1,0
168,86979,674,-453,-221,0,28340,-19052,-9288,0,0,0,0,1,0
169,87500,688,-344,-344,0,28895,-14448,-14448,0,0,0,0,1,0
170,88020,674,-221,-453,0,28340,-9288,-19052,0,0,0,0,1,0
171,88541,635,-90,-545,0,26696,-3772,-22924,0,0,0,0,1,0
172,89062,572,45,-617,0,24025,1890,-25915,0,0,0,0,1,0
173,89583,486,178,-664,0,20432,7479,-27910,0,0,0,0,1,0
174,90104,382,304,-686,0,16053,12780,-28833,0,0,0,0,1,0
175,90625,263,419,-682,0,11058,17590,-28648,0,0,0,0,1,0
176,91145,134,517,-651,0,5637,21724,-27362,0,0,0,0,1,0
177,91666,0,595,-595,0,0,25024,-25024,0,0,0,0,1,0
178,92187,-134,651,-517,0,-5637,27362,-21724,0,0,0,0,1,0
179,92708,-263,682,-419,0,-11058,28648,-17590,0,0,0,0,1,0
180,93229,-382,686,-304,0,-16053,28833,-12780,0,0,0,0,1,0
181,93750,-486,664,-178,0,-20432,27910,-7479,0,0,0,0,1,0
182,94270,-572,617,-45,0,-24025,25915,-1890,0,0,0,0,1,0
183,94791,-635,545,90,0,-26696,22924,3772,0,0,0,0,1,0
184,95312,-674,453,221,0,-28340,19052,9288,0,0,0,0,1,0
185,95833,-688,344,344,0,-28895,14448,14448,0,0,0,0,1,0
186,96354,-674,221,453,0,-28340,9288,19052,0,0,0,0,1,0
187,96875,-635,90,545,0,-26696,3772,22924,0,0,0,0,1,0
188,97395,-572,-45,617,0,-24025,-1890,25915,0,0,0,0,1,0
189,97916,-486,-178,664,0,-20432,-7479,27910,0,0,0,0,1,0
190,98437,-382,-304,686,0,-16053,-12780,28833,0,0,0,0,1,0
191,98958,-263,-419,682,0,-11058,-17590,28648,0,0,0,0,1,0
192,99479,-134,-517,651,0,-5637,-21724,27362,0,0,0,0,1,0
193,100000,0,-595,595,0,0,-25024,25024,0,0,0,0,1,0
194,100520,134,-651,517,0,5637,-27362,21724,0,0,0,0,1,0
195,101041,263,-682,419,0,11058,-28648,17590,0,0,0,0,1,0
196,101562,382,-686,304,0,16053,-28833,12780,0,0,0,0,1,0
197,102083,486,-664,178,0,20432,-27910,7479,0,0,0,0,1,0
198,102604,572,-617,45,0,24025,-25915,1890,0,0,0,0,1,0
199,103125,635,-545,-90,0,26696,-22924,-3772,0,0,0,0,1,0
200,103645,674,-453,-221,0,28340,-19052,-9288,0,0,0,0,1,0
201,104166,688,-344,-344,0,28895,-14448,-14448,0,0,0,0,1,0
202,104687,674,-221,-453,0,28340,-9288,-19052,0,0,0,0,1,0
203,105208,635,-90,-545,0,26696,-3772,-22924,0,0,0,0,1,0
204,105729,572,45,-617,0,24025,1890,-25915,0,0,0,0,1,0
205,106250,486,178,-664,0,20432,7479,-27910,0,0,0,0,1,0
206,106770,382,304,-686,0,16053,12780,-28833,0,0,0,0,1,0
207,107291,263,419,-682,0,11058,17590,-28648,0,0,0,0,1,0
208,107812,134,517,-651,0,5637,21724,-27362,0,0,0,0,1,0
209,108333,0,595,-595,0,0,25024,-25024,0,0,0,0,1,0
210,108854,-134,651,-517,0,-5637,27362,-21724,0,0,0,0,1,0
211,109375,-263,682,-419,0,-11058,28648,-17590,0,0,0,0,1,0
212,109895,-382,686,-304,0,-16053,28833,-12780,0,0,0,0,1,0
213,110416,-486,664,-178,0,-20432,27910,-7479,0,0,0,0,1,0
214,110937,-572,617,-45,0,-24025,25915,-1890,0,0,0,0,1,0
215,111458,-635,545,90,0,-26696,22924,3772,0,0,0,0,1,0
216,111979,-674,453,221,0,-28340,19052,9288,0,0,0,0,1,0
217,112500,-688,344,344,0,-28895,14448,14448,0,0,0,0,1,0
218,113020,-674,221,453,0,-28340,9288,19052,0,0,0,0,1,0
219,113541,-635,90,545,0,-26696,3772,22924,0,0,0,0,1,0
220,114062,-572,-45,617,0,-24025,-1890,25915,0,0,0,0,1,0
221,114583,-486,-178,664,0,-20432,-7479,27910,0,0,0,0,1,0
222,115104,-382,-304,686,0,-16053,-12780,28833,0,0,0,0,1,0
223,115625,-263,-419,682,0,-11058,-17590,28648,0,0,0,0,1,0
224,116145,-134,-517,651,0,-5637,-21724,27362,0,0,0,0,1,0
225,116666,0,-595,595,0,0,-25024,25024,0,0,0,0,1,0
226,117187,134,-651,517,0,5637,-27362,21724,0,0,0,0,1,0
227,117708,263,-682,419,0,11058,-28648,17590,0,0,0,0,1,0
228,118229,382,-686,304,0,16053,-28833,12780,0,0,0,0,1,0
229,118750,486,-664,178,0,20432,-27910,7479,0,0,0,0,1,0
230,119270,572,-617,45,0,24025,-25915,1890,0,0,0,0,1,0
231,119791,635,-545,-90,0,26696,-22924,-3772,0,0,0,0,1,0
232,120312,674,-453,-221,0,28340,-19052,-9288,0,0,0,0,1,0
233,120833,688,-344,-344,0,28895,-14448,-14448,0,0,0,0,1,0
234,121354,674,-221,-453,0,28340,-9288,-19052,0,0,0,0,1,0
235,121875,635,-90,-545,0,26696,-3772,-22924,0,0,0,0,1,0
236,122395,572,45,-617,0,24025,1890,-25915,0,0,0,0,1,0
237,122916,486,178,-664,0,20432,7479,-27910,0,0,0,0,1,0
238,123437,382,304,-686,0,16053,12780,-28833,0,0,0,0,1,0
239,123958,263,419,-682,0,11058,17590,-28648,0,0,0,0,1,0
240,124479,134,517,-651,0,5637,21724,-27362,0,0,0,0,1,0
241,125000,0,595,-595,0,0,25024,-25024,0,0,0,0,1,0
242,125520,-134,651,-517,0,-5637,27362,-21724,0,0,0,0,1,0
243,126041,-263,682,-419,0,-11058,28648,-17590,0,0,0,0,1,0
244,126562,-382,686,-304,0,-16053,28833,-12780,0,0,0,0,1,0
245,127083,-486,664,-178,0,-20432,27910,-7479,0,0,0,0,1,0
246,127604,-572,617,-45,0,-24025,25915,-1890,0,0,0,0,1,0
247,128124,-635,545,90,0,-26696,22924,3772,0,0,0,0,1,0
248,128645,-674,453,221,0,-28340,19052,9288,0,0,0,0,1,0
249,129166,-688,344,344,0,-28895,14448,14448,0,0,0,0,1,0
250,129687,-674,221,453,0,-28340,9288,19052,0,0,0,0,1,0
251,130208,-635,90,545,0,-26696,3772,22924,0,0,0,0,1,0
252,130729,-572,-45,617,0,-24025,-1890,25915,0,0,0,0,1,0
253,131250,-486,-178,664,0,-20432,-7479,27910,0,0,0,0,1,0
254,131770,-382,-304,686,0,-16053,-12780,28833,0,0,0,0,1,0
255,132291,-263,-419,682,0,-11058,-17590,28648,0,0,0,0,1,0
256,132812,-134,-517,651,0,-5637,-21724,27362,0,0,0,0,1,0
257,133333,0,-595,595,0,0,-25024,25024,0,0,0,0,1,0
258,133854,134,-651,517,0,5637,-27362,21724,0,0,0,0,1,0
259,134375,263,-682,419,0,11058,-28648,17590,0,0,0,0,1,0
260,134895,382,-686,304,0,16053,-28833,12780,0,0,0,0,1,0
261,135416,486,-664,178,0,20432,-27910,7479,0,0,0,0,1,0
262,135937,572,-617,45,0,24025,-25915,1890,0,0,0,0,1,0
263,136458,635,-545,-90,0,26696,-22924,-3772,0,0,0,0,1,0
264,136979,674,-453,-221,0,28340,-19052,-9288,0,0,0,0,1,0
265,137500,688,-344,-344,0,28895,-14448,-14448,0,0,0,0,1,0
266,138020,674,-221,-453,0,28340,-9288,-19052,0,0,0,0,1,0
267,138541,635,-90,-545,0,26696,-3772,-22924,0,0,0,0,1,0
268,139062,572,45,-617,0,24025,1890,-25915,0,0,0,0,1,0
269,139583,486,178,-664,0,20432,7479,-27910,0,0,0,0,1,0
270,140104,382,304,-686,0,16053,12780,-28833,0,0,0,0,1,0
271,140625,263,419,-682,0,11058,17590,-28648,0,0,0,0,1,0
272,141145,134,517,-651,0,5637,21724,-27362,0,0,0,0,1,0
273,141666,0,595,-595,0,0,25024,-25024,0,0,0,0,1,0
274,142187,-134,651,-517,0,-5637,27362,-21724,0,0,0,0,1,0
275,142708,-263,682,-419,0,-11058,28648,-17590,0,0,0,0,1,0
276,143229,-382,686,-304,0,-16053,28833,-12780,0,0,0,0,1,0
277,143750,-486,664,-178,0,-20432,27910,-7479,0,0,0,0,1,0
278,144270,-572,617,-45,0,-24025,25915,-1890,0,0,0,0,1,0
279,144791,-635,545,90,0,-26696,22924,3772,0,0,0,0,1,0
280,145312,-674,453,221,0,-28340,19052,9288,0,0,0,0,1,0
281,145833,-688,344,344,0,-28895,14448,14448,0,0,0,0,1,0
282,146354,-674,221,453,0,-28340,9288,19052,0,0,0,0,1,0
283,146875,-635,90,545,0,-26696,3772,22924,0,0,0,0,1,0
284,147395,-572,-45,617,0,-24025,-1890,25915,0,0,0,0,1,0
285,147916,-486,-178,664,0,-20432,-7479,27910,0,0,0,0,1,0
286,148437,-382,-304,686,0,-16053,-12780,28833,0,0,0,0,1,0
287,148958,-263,-419,682,0,-11058,-17590,28648,0,0,0,0,1,0
288,149479,-134,-517,651,0,-5637,-21724,27362,0,0,0,0,1,0
289,150000,0,-595,595,0,0,-25024,25024,0,0,0,0,1,0
290,150520,134,-651,517,0,5637,-27362,21724,0,0,0,0,1,0
291,151041,263,-682,419,0,11058,-28648,17590,0,0,0,0,1,0
292,151562,382,-686,304,0,16053,-28833,12780,0,0,0,0,1,0
293,152083,486,-664,178,0,20432,-27910,7479,0,0,0,0,1,0
294,152604,572,-617,45,0,24025,-25915,1890,0,0,0,0,1,0
295,153125,635,-545,-90,0,26696,-22924,-3772,0,0,0,0,1,0
296,153645,674,-453,-221,0,28340,-19052,-9288,0,0,0,0,1,0
297,154166,688,-344,-344,0,28895,-14448,-14448,0,0,0,0,1,0
298,154687,674,-221,-453,0,28340,-9288,-19052,0,0,0,0,1,0
299,155208,635,-90,-545,0,26696,-3772,-22924,0,0,0,0,1,0
300,155729,572,45,-617,0,24025,1890,-25915,0,0,0,0,1,0
301,156250,486,178,-664,0,20432,7479,-27910,0,0,0,0,1,0
302,156770,382,304,-686,0,16053,12780,-28833,0,0,0,0,1,0
303,157291,263,419,-682,0,11058,17590,-28648,0,0,0,0,1,0
304,157812,134,517,-651,0,5637,21724,-27362,0,0,0,0,1,0
305,158333,0,595,-595,0,0,25024,-25024,0,0,0,0,1,0
306,158854,-134,651,-517,0,-5637,27362,-21724,0,0,0,0,1,0
307,159375,-263,682,-419,0,-11058,28648,-17590,0,0,0,0,1,0
308,159895,-382,686,-304,0,-16053,28833,-12780,0,0,0,0,1,0
309,160416,-486,664,-178,0,-20432,27910,-7479,0,0,0,0,1,0
310,160937,-572,617,-45,0,-24025,25915,-1890,0,0,0,0,1,0
311,161458,-635,545,90,0,-26696,22924,3772,0,0,0,0,1,0
312,161979,-674,453,221,0,-28340,19052,9288,0,0,0,0,1,0
313,162500,-688,344,344,0,-28895,14448,14448,0,0,0,0,1,0
314,163020,-674,221,453,0,-28340,9288,19052,0,0,0,0,1,0
315,163541,-635,90,545,0,-26696,3772,22924,0,0,0,0,1,0
316,164062,-572,-45,617,0,-24025,-1890,25915,0,0,0,0,1,0
317,164583,-486,-178,664,0,-20432,-7479,27910,0,0,0,0,1,0
318,165104,-382,-304,686,0,-16053,-12780,28833,0,0,0,0,1,0
319,165625,-263,-419,682,0,-11058,-17590,28648,0,0,0,0,1,0
320,166145,-134,-517,651,0,-5637,-21724,27362,0,0,0,0,1,0
321,166666,0,-595,595,0,0,-25024,25024,0,0,0,0,1,0
322,167187,134,-651,517,0,5637,-27362,21724,0,0,0,0,1,0
323,167708,263,-682,419,0,11058,-28648,17590,0,0,0,0,1,0
324,168229,382,-686,304,0,16053,-28833,12780,0,0,0,0,1,0
325,168750,486,-664,178,0,20432,-27910,7479,0,0,0,0,1,0
326,169270,572,-617,45,0,24025,-25915,1890,0,0,0,0,1,0
327,169791,635,-545,-90,0,26696,-22924,-3772,0,0,0,0,1,0
328,170312,674,-453,-221,0,28340,-19052,-9288,0,0,0,0,1,0
329,170833,688,-344,-344,0,28895,-14448,-14448,0,0,0,0,1,0
330,171354,674,-221,-453,0,28340,-9288,-19052,0,0,0,0,1,0
331,171875,635,-90,-545,0,26696,-3772,-22924,0,0,0,0,1,0
332,172395,572,45,-617,0,24025,1890,-25915,0,0,0,0,1,0
333,172916,486,178,-664,0,20432,7479,-27910,0,0,0,0,1,0
334,173437,382,304,-686,0,16053,12780,-28833,0,0,0,0,1,0
335,173958,263,419,-682,0,11058,17590,-28648,0,0,0,0,1,0
336,174479,134,517,-651,0,5637,21724,-27362,0,0,0,0,1,0
337,175000,0,595,-595,0,0,25024,-25024,0,0,0,0,1,0
338,175520,-134,651,-517,0,-5637,27362,-21724,0,0,0,0,1,0
339,176041,-263,682,-419,0,-11058,28648,-17590,0,0,0,0,1,0
340,176562,-382,686,-304,0,-16053,28833,-12780,0,0,0,0,1,0
341,177083,-486,664,-178,0,-20432,27910,-7479,0,0,0,0,1,0
342,177604,-572,617,-45,0,-24025,25915,-1890,0,0,0,0,1,0
343,178125,-635,545,90,0,-26696,22924,3772,0,0,0,0,1,0
344,178645,-674,453,221,0,-28340,19052,9288,0,0,0,0,1,0
345,179166,-688,344,344,0,-28895,14448,14448,0,0,0,0,1,0
346,179687,-674,221,453,0,-28340,9288,19052,0,0,0,0,1,0
347,180208,-635,90,545,0,-26696,3772,22924,0,0,0,0,1,0
348,180729,-572,-45,617,0,-24025,-1890,25915,0,0,0,0,1,0
349,181250,-486,-178,664,0,-20432,-7479,27910,0,0,0,0,1,0
350,181770,-382,-304,686,0,-16053,-12780,28833,0,0,0,0,1,0
351,182291,-263,-419,682,0,-11058,-17590,28648,0,0,0,0,1,0
352,182812,-134,-517,651,0,-5637,-21724,27362,0,0,0,0,1,0
353,183333,0,-595,595,0,0,-25024,25024,0,0,0,0,1,0
354,183854,134,-651,517,0,5637,-27362,21724,0,0,0,0,1,0
355,184375,263,-682,419,0,11058,-28648,17590,0,0,0,0,1,0
356,184895,382,-686,304,0,16053,-28833,12780,0,0,0,0,1,0
357,185416,486,-664,178,0,20432,-27910,7479,0,0,0,0,1,0
358,185937,572,-617,45,0,24025,-25915,1890,0,0,0,0,1,0
359,186458,635,-545,-90,0,26696,-22924,-3772,0,0,0,0,1,0
360,186979,674,-453,-221,0,28340,-19052,-9288,0,0,0,0,1,0
361,187500,688,-344,-344,0,28895,-14448,-14448,0,0,0,0,1,0
362,188020,674,-221,-453,0,28340,-9288,-19052,0,0,0,0,1,0
363,188541,635,-90,-545,0,26696,-3772,-22924,0,0,0,0,1,0
364,189062,572,45,-617,0,24025,1890,-25915,0,0,0,0,1,0
365,189583,486,178,-664,0,20432,7479,-27910,0,0,0,0,1,0
366,190104,382,304,-686,0,16053,12780,-28833,0,0,0,0,1,0
367,190625,263,419,-682,0,11058,17590,-28648,0,0,0,0,1,0
368,191145,134,517,-651,0,5637,21724,-27362,0,0,0,0,1,0
369,191666,0,595,-595,0,0,25024,-25024,0,0,0,0,1,0
370,192187,-134,651,-517,0,-5637,27362,-21724,0,0,0,0,1,0
371,192708,-263,682,-419,0,-11058,28648,-17590,0,0,0,0,1,0
372,193229,-382,686,-304,0,-16053,28833,-12780,0,0,0,0,1,0
373,193750,-486,664,-178,0,-20432,27910,-7479,0,0,0,0,1,0
374,194270,-572,617,-45,0,-24025,25915,-1890,0,0,0,0,1,0
375,194791,-635,545,90,0,-26696,22924,3772,0,0,0,0,1,0
376,195312,-674,453,221,0,-28340,19052,9288,0,0,0,0,1,0
377,195833,-688,344,344,0,-28895,14448,14448,0,0,0,0,1,0
378,196354,-674,221,453,0,-28340,9288,19052,0,0,0,0,1,0
379,196875,-635,90,545,0,-26696,3772,22924,0,0,0,0,1,0
380,197395,-572,-45,617,0,-24025,-1890,25915,0,0,0,0,1,0
381,197916,-486,-178,664,0,-20432,-7479,27910,0,0,0,0,1,0
382,198437,-382,-304,686,0,-16053,-12780,28833,0,0,0,0,1,0
383,198958,-263,-419,682,0,-11058,-17590,28648,0,0,0,0,1,0
384,199479,-134,-517,651,0,-5637,-21724,27362,0,0,0,0,1,0
385,200000,0,-595,595,0,0,-25024,25024,0,0,0,0,1,0
386,200520,134,-651,517,0,5637,-27362,21724,0,0,0,0,1,0
387,201041,263,-682,419,0,11058,-28648,17590,0,0,0,0,1,0
388,201562,382,-686,304,0,16053,-28833,12780,0,0,0,0,1,0
389,202083,486,-664,178,0,20432,-27910,7479,0,0,0,0,1,0
390,202604,572,-617,45,0,24025,-25915,1890,0,0,0,0,1,0
391,203125,635,-545,-90,0,26696,-22924,-3772,0,0,0,0,1,0
392,203645,674,-453,-221,0,28340,-19052,-9288,0,0,0,0,1,0
393,204166,688,-344,-344,0,28895,-14448,-14448,0,0,0,0,1,0
394,204687,674,-221,-453,0,28340,-9288,-19052,0,0,0,0,1,0
395,205208,635,-90,-545,0,26696,-3772,-22924,0,0,0,0,1,0
396,205729,572,45,-617,0,24025,1890,-25915,0,0,0,0,1,0
397,206250,486,178,-664,0,20432,7479,-27910,0,0,0,0,1,0
398,206770,382,304,-686,0,16053,12780,-28833,0,0,0,0,1,0
399,207291,263,419,-682,0,11058,17590,-28648,0,0,0,0,1,0
400,207812,134,517,-651,0,5637,21724,-27362,0,0,0,0,1,0
401,208333,0,595,-595,0,0,25024,-25024,0,0,0,0,1,0
402,208854,-134,651,-517,0,-5637,27362,-21724,0,0,0,0,1,0
403,209375,-263,682,-419,0,-11058,28648,-17590,0,0,0,0,1,0
404,209895,-382,686,-304,0,-16053,28833,-12780,0,0,0,0,1,0
405,210416,-486,664,-178,0,-20432,27910,-7479,0,0,0,0,1,0
406,210937,-572,617,-45,0,-24025,25915,-1890,0,0,0,0,1,0
407,211458,-635,545,90,0,-26696,22924,3772,0,0,0,0,1,0
408,211979,-674,453,221,0,-28340,19052,9288,0,0,0,0,1,0
409,212500,-688,344,344,0,-28895,14448,14448,0,0,0,0,1,0
410,213020,-674,221,453,0,-28340,9288,19052,0,0,0,0,1,0
411,213541,-635,90,545,0,-26696,3772,22924,0,0,0,0,1,0
412,214062,-572,-45,617,0,-24025,-1890,25915,0,0,0,0,1,0
413,214583,-486,-178,664,0,-20432,-7479,27910,0,0,0,0,1,0
414,215104,-382,-304,686,0,-16053,-12780,28833,0,0,0,0,1,0
415,215625,-263,-419,682,0,-11058,-17590,28648,0,0,0,0,1,0
416,216145,-134,-517,651,0,-5637,-21724,27362,0,0,0,0,1,0
417,216666,0,-595,595,0,0,-25024,25024,0,0,0,0,1,0
418,217187,134,-651,517,0,5637,-27362,21724,0,0,0,0,1,0
419,217708,263,-682,419,0,11058,-28648,17590,0,0,0,0,1,0
420,218229,382,-686,304,0,16053,-28833,12780,0,0,0,0,1,0
421,218750,486,-664,178,0,20432,-27910,7479,0,0,0,0,1,0
422,219270,572,-617,45,0,24025,-25915,1890,0,0,0,0,1,0
423,219791,635,-545,-90,0,26696,-22924,-3772,0,0,0,0,1,0
424,220312,674,-453,-221,0,28340,-19052,-9288,0,0,0,0,1,0
425,220833,688,-344,-344,0,28895,-14448,-14448,0,0,0,0,1,0
426,221354,674,-221,-453,0,28340,-9288,-19052,0,0,0,0,1,0
427,221875,635,-90,-545,0,26696,-3772,-22924,0,0,0,0,1,0
428,222395,572,45,-617,0,24025,1890,-25915,0,0,0,0,1,0
429,222916,486,178,-664,0,20432,7479,-27910,0,0,0,0,1,0
430,223437,382,304,-686,0,16053,12780,-28833,0,0,0,0,1,0
431,223958,263,419,-682,0,11058,17590,-28648,0,0,0,0,1,0
432,224479,134,517,-651,0,5637,21724,-27362,0,0,0,0,1,0
433,225000,0,595,-595,0,0,25024,-25024,0,0,0,0,1,0
434,225520,-134,651,-517,0,-5637,27362,-21724,0,0,0,0,1,0
435,226041,-263,682,-419,0,-11058,28648,-17590,0,0,0,0,1,0
436,226562,-382,686,-304,0,-16053,28833,-12780,0,0,0,0,1,0
437,227083,-486,664,-178,0,-20432,27910,-7479,0,0,0,0,1,0
438,227604,-572,617,-45,0,-24025,25915,-1890,0,0,0,0,1,0
439,228125,-635,545,90,0,-26696,22924,3772,0,0,0,0,1,0
440,228645,-674,453,221,0,-28340,19052,9288,0,0,0,0,1,0
441,229166,-688,344,344,0,-28895,14448,14448,0,0,0,0,1,0
442,229687,-674,221,453,0,-28340,9288,19052,0,0,0,0,1,0
443,230208,-635,90,545,0,-26696,3772,22924,0,0,0,0,1,0
444,230729,-572,-45,617,0,-24025,-1890,25915,0,0,0,0,1,0
445,231250,-486,-178,664,0,-20432,-7479,27910,0,0,0,0,1,0
446,231770,-382,-304,686,0,-16053,-12780,28833,0,0,0,0,1,0
447,232291,-263,-419,682,0,-11058,-17590,28648,0,0,0,0,1,0
448,232812,-134,-517,651,0,-5637,-21724,27362,0,0,0,0,1,0
449,233333,0,-595,595,0,0,-25024,25024,0,0,0,0,1,0
450,233854,134,-651,517,0,5637,-27362,21724,0,0,0,0,1,0
451,234375,263,-682,419,0,11058,-28648,17590,0,0,0,0,1,0
452,234895,382,-686,304,0,16053,-28833,12780,0,0,0,0,1,0
453,235416,486,-664,178,0,20432,-27910,7479,0,0,0,0,1,0
454,235937,572,-617,45,0,24025,-25915,1890,0,0,0,0,1,0
455,236458,635,-545,-90,0,26696,-22924,-3772,0,0,0,0,1,0
456,236979,674,-453,-221,0,28340,-19052,-9288,0,0,0,0,1,0
457,237500,688,-344,-344,0,28895,-14448,-14448,0,0,0,0,1,0
458,238020,674,-221,-453,0,28340,-9288,-19052,0,0,0,0,1,0
459,238541,635,-90,-545,0,26696,-3772,-22924,0,0,0,0,1,0
460,239062,572,45,-617,0,24025,1890,-25915,0,0,0,0,1,0
461,239583,486,178,-664,0,20432,7479,-27910,0,0,0,0,1,0
462,240104,382,304,-686,0,16053,12780,-28833,0,0,0,0,1,0
463,240625,263,419,-682,0,11058,17590,-28648,0,0,0,0,1,0
464,241145,134,517,-651,0,5637,21724,-27362,0,0,0,0,1,0
465,241666,0,595,-595,0,0,25024,-25024,0,0,0,0,1,0
466,242187,-134,651,-517,0,-5637,27362,-21724,0,0,0,0,1,0
467,242708,-263,682,-419,0,-11058,28648,-17590,0,0,0,0,1,0
468,243229,-382,686,-304,0,-16053,28833,-12780,0,0,0,0,1,0
469,243750,-486,664,-178,0,-20432,27910,-7479,0,0,0,0,1,0
470,244270,-572,617,-45,0,-24025,25915,-1890,0,0,0,0,1,0
471,244791,-635,545,90,0,-26696,22924,3772,0,0,0,0,1,0
472,245312,-674,453,221,0,-28340,19052,9288,0,0,0,0,1,0
473,245833,-688,344,344,0,-28895,14448,14448,0,0,0,0,1,0
474,246354,-674,221,453,0,-28340,9288,19052,0,0,0,0,1,0
475,246875,-635,90,545,0,-26696,3772,22924,0,0,0,0,1,0
476,247395,-572,-45,617,0,-24025,-1890,25915,0,0,0,0,1,0
477,247916,-486,-178,664,0,-20432,-7479,27910,0,0,0,0,1,0
478,248437,-382,-304,686,0,-16053,-12780,28833,0,0,0,0,1,0
479,248958,-263,-419,682,0,-11058,-17590,28648,0,0,0,0,1,0
480,249479,-134,-517,651,0,-5637,-21724,27362,0,0,0,0,1,0
481,250000,0,-595,595,0,0,-25024,25024,0,0,0,0,1,0
482,250520,134,-651,517,0,5637,-27362,21724,0,0,0,0,1,0
483,251041,263,-682,419,0,11058,-28648,17590,0,0,0,0,1,0
484,251562,382,-686,304,0,16053,-28833,12780,0,0,0,0,1,0
485,252083,486,-664,178,0,20432,-27910,7479,0,0,0,0,1,0
486,252604,572,-617,45,0,24025,-25915,1890,0,0,0,0,1,0
487,253125,635,-545,-90,0,26696,-22924,-3772,0,0,0,0,1,0
488,253645,674,-453,-221,0,28340,-19052,-9288,0,0,0,0,1,0
489,254166,688,-344,-344,0,28895,-14448,-14448,0,0,0,0,1,0
490,254687,674,-221,-453,0,28340,-9288,-19052,0,0,0,0,1,0
491,255208,635,-90,-545,0,26696,-3772,-22924,0,0,0,0,1,0
492,255729,572,45,-617,0,24025,1890,-25915,0,0,0,0,1,0
493,256249,486,178,-664,0,20432,7479,-27910,0,0,0,0,1,0
494,256770,382,304,-686,0,16053,12780,-28833,0,0,0,0,1,0
495,257291,263,419,-682,0,11058,17590,-28648,0,0,0,0,1,0
496,257812,134,517,-651,0,5637,21724,-27362,0,0,0,0,1,0
497,258333,0,595,-595,0,0,25024,-25024,0,0,0,0,1,0
498,258854,-134,651,-517,0,-5637,27362,-21724,0,0,0,0,1,0
499,259375,-263,682,-419,0,-11058,28648,-17590,0,0,0,0,1,0
500,259895,-382,686,-304,0,-16053,28833,-12780,0,0,0,0,1,0
501,260416,-486,664,-178,0,-20432,27910,-7479,0,0,0,0,1,0
502,260937,-572,617,-45,0,-24025,25915,-1890,0,0,0,0,1,0
503,261458,-635,545,90,0,-26696,22924,3772,0,0,0,0,1,0
504,261979,-674,453,221,0,-28340,19052,9288,0,0,0,0,1,0
505,262500,-688,344,344,0,-28895,14448,14448,0,0,0,0,1,0
506,263020,-674,221,453,0,-28340,9288,19052,0,0,0,0,1,0
507,263541,-635,90,545,0,-26696,3772,22924,0,0,0,0,1,0
508,264062,-572,-45,617,0,-24025,-1890,25915,0,0,0,0,1,0
509,264583,-486,-178,664,0,-20432,-7479,27910,0,0,0,0,1,0
510,265104,-382,-304,686,0,-16053,-12780,28833,0,0,0,0,1,0
511,265625,-263,-419,682,0,-11058,-17590,28648,0,0,0,0,1,0
512,266145,-134,-517,651,0,-5637,-21724,27362,0,0,0,0,1,0
513,266666,0,-595,595,0,0,-25024,25024,0,0,0,0,1,0
514,267187,134,-651,517,0,5637,-27362,21724,0,0,0,0,1,0
515,267708,263,-682,419,0,11058,-28648,17590,0,0,0,0,1,0
516,268229,382,-686,304,0,16053,-28833,12780,0,0,0,0,1,0
517,268750,486,-664,178,0,20432,-27910,7479,0,0,0,0,1,0
518,269270,572,-617,45,0,24025,-25915,1890,0,0,0,0,1,0
519,269791,635,-545,-90,0,26696,-22924,-3772,0,0,0,0,1,0
520,270312,674,-453,-221,0,28340,-19052,-9288,0,0,0,0,1,0
521,270833,688,-344,-344,0,28895,-14448,-14448,0,0,0,0,1,0
522,271354,674,-221,-453,0,28340,-9288,-19052,0,0,0,0,1,0
523,271875,635,-90,-545,0,26696,-3772,-22924,0,0,0,0,1,0
524,272395,572,45,-617,0,24025,1890,-25915,0,0,0,0,1,0
525,272916,486,178,-664,0,20432,7479,-27910,0,0,0,0,1,0
526,273437,382,304,-686,0,16053,12780,-28833,0,0,0,0,1,0
527,273958,263,419,-682,0,11058,17590,-28648,0,0,0,0,1,0
528,274479,134,517,-651,0,5637,21724,-27362,0,0,0,0,1,0
529,275000,0,595,-595,0,0,25024,-25024,0,0,0,0,1,0
530,275520,-134,651,-517,0,-5637,27362,-21724,0,0,0,0,1,0
531,276041,-263,682,-419,0,-11058,28648,-17590,0,0,0,0,1,0
532,276562,-382,686,-304,0,-16053,28833,-12780,0,0,0,0,1,0
533,277083,-486,664,-178,0,-20432,27910,-7479,0,0,0,0,1,0
534,277604,-572,617,-45,0,-24025,25915,-1890,0,0,0,0,1,0
535,278125,-635,545,90,0,-26696,22924,3772,0,0,0,0,1,0
536,278645,-674,453,221,0,-28340,19052,9288,0,0,0,0,1,0
537,279166,-688,344,344,0,-28895,14448,14448,0,0,0,0,1,0
538,279687,-674,221,453,0,-28340,9288,19052,0,0,0,0,1,0
539,280208,-635,90,545,0,-26696,3772,22924,0,0,0,0,1,0
540,280729,-572,-45,617,0,-24025,-1890,25915,0,0,0,0,1,0
541,281250,-486,-178,664,0,-20432,-7479,27910,0,0,0,0,1,0
542,281770,-382,-304,686,0,-16053,-12780,28833,0,0,0,0,1,0
543,282291,-263,-419,682,0,-11058,-17590,28648,0,0,0,0,1,0
544,282812,-134,-517,651,0,-5637,-21724,27362,0,0,0,0,1,0
545,283333,0,-595,595,0,0,-25024,25024,0,0,0,0,1,0
546,283854,134,-651,517,0,5637,-27362,21724,0,0,0,0,1,0
547,284375,263,-682,419,0,11058,-28648,17590,0,0,0,0,1,0
548,284895,382,-686,304,0,16053,-28833,12780,0,0,0,0,1,0
549,285416,486,-664,178,0,20432,-27910,7479,0,0,0,0,1,0
550,285937,572,-617,45,0,24025,-25915,1890,0,0,0,0,1,0
551,286458,635,-545,-90,0,26696,-22924,-3772,0,0,0,0,1,0
552,286979,674,-453,-221,0,28340,-19052,-9288,0,0,0,0,1,0
553,287500,688,-344,-344,0,28895,-14448,-14448,0,0,0,0,1,0
554,288020,674,-221,-453,0,28340,-9288,-19052,0,0,0,0,1,0
555,288541,635,-90,-545,0,26696,-3772,-22924,0,0,0,0,1,0
556,289062,572,45,-617,0,24025,1890,-25915,0,0,0,0,1,0
557,289583,486,178,-664,0,20432,7479,-27910,0,0,0,0,1,0
558,290104,382,304,-686,0,16053,12780,-28833,0,0,0,0,1,0
559,290625,263,419,-682,0,11058,17590,-28648,0,0,0,0,1,0
560,291145,134,517,-651,0,5637,21724,-27362,0,0,0,0,1,0
561,291666,0,595,-595,0,0,25024,-25024,0,0,0,0,1,0
562,292187,-134,651,-517,0,-5637,27362,-21724,0,0,0,0,1,0
563,292708,-263,682,-419,0,-11058,28648,-17590,0,0,0,0,1,0
564,293229,-382,686,-304,0,-16053,28833,-12780,0,0,0,0,1,0
565,293750,-486,664,-178,0,-20432,27910,-7479,0,0,0,0,1,0
566,294270,-572,617,-45,0,-24025,25915,-1890,0,0,0,0,1,0
567,294791,-635,545,90,0,-26696,22924,3772,0,0,0,0,1,0
568,295312,-674,453,221,0,-28340,19052,9288,0,0,0,0,1,0
569,295833,-688,344,344,0,-28895,14448,14448,0,0,0,0,1,0
570,296354,-674,221,453,0,-28340,9288,19052,0,0,0,0,1,0
571,296875,-635,90,545,0,-26696,3772,22924,0,0,0,0,1,0
572,297395,-572,-45,617,0,-24025,-1890,25915,0,0,0,0,1,0
573,297916,-486,-178,664,0,-20432,-7479,27910,0,0,0,0,1,0
574,298437,-382,-304,686,0,-16053,-12780,28833,0,0,0,0,1,0
575,298958,-263,-419,682,0,-11058,-17590,28648,0,0,0,0,1,0
576,299479,-134,-517,651,0,-5637,-21724,27362,0,0,0,0,1,0
577,300000,0,-595,595,0,0,-25024,25024,0,0,0,0,1,0
578,300520,134,-651,517,0,5637,-27362,21724,0,0,0,0,1,0
579,301041,263,-682,419,0,11058,-28648,17590,0,0,0,0,1,0
580,301562,382,-686,304,0,16053,-28833,12780,0,0,0,0,1,0
581,302083,486,-664,178,0,20432,-27910,7479,0,0,0,0,1,0
582,302604,572,-617,45,0,24025,-25915,1890,0,0,0,0,1,0
583,303125,635,-545,-90,0,26696,-22924,-3772,0,0,0,0,1,0
584,303645,674,-453,-221,0,28340,-19052,-9288,0,0,0,0,1,0
585,304166,688,-344,-344,0,28895,-14448,-14448,0,0,0,0,1,0
586,304687,674,-221,-453,0,28340,-9288,-19052,0,0,0,0,1,0
587,305208,635,-90,-545,0,26696,-3772,-22924,0,0,0,0,1,0
588,305729,572,45,-617,0,24025,1890,-25915,0,0,0,0,1,0
589,306250,486,178,-664,0,20432,7479,-27910,0,0,0,0,1,0
590,306770,382,304,-686,0,16053,12780,-28833,0,0,0,0,1,0
591,307291,263,419,-682,0,11058,17590,-28648,0,0,0,0,1,0
592,307812,134,517,-651,0,5637,21724,-27362,0,0,0,0,1,0
593,308333,0,595,-595,0,0,25024,-25024,0,0,0,0,1,0
594,308854,-134,651,-517,0,-5637,27362,-21724,0,0,0,0,1,0
595,309375,-263,682,-419,0,-11058,28648,-17590,0,0,0,0,1,0
596,309895,-382,686,-304,0,-16053,28833,-12780,0,0,0,0,1,0
597,310416,-486,664,-178,0,-20432,27910,-7479,0,0,0,0,1,0
598,310937,-572,617,-45,0,-24025,25915,-1890,0,0,0,0,1,0
599,311458,-635,545,90,0,-26696,22924,3772,0,0,0,0,1,0
600,311979,-674,453,221,0,-28340,19052,9288,0,0,0,0,1,0
601,312500,-688,344,344,0,-28895,14448,14448,0,0,0,0,1,0
602,313020,-674,221,453,0,-28340,9288,19052,0,0,0,0,1,0
603,313541,-635,90,545,0,-26696,3772,22924,0,0,0,0,1,0
604,314062,-572,-45,617,0,-24025,-1890,25915,0,0,0,0,1,0
605,314583,-486,-178,664,0,-20432,-7479,27910,0,0,0,0,1,0
606,315104,-382,-304,686,0,-16053,-12780,28833,0,0,0,0,1,0
607,315625,-263,-419,682,0,-11058,-17590,28648,0,0,0,0,1,0
608,316145,-134,-517,651,0,-5637,-21724,27362,0,0,0,0,1,0
609,316666,0,-595,595,0,0,-25024,25024,0,0,0,0,1,0
610,317187,134,-651,517,0,5637,-27362,21724,0,0,0,0,1,0
611,317708,263,-682,419,0,11058,-28648,17590,0,0,0,0,1,0
612,318229,382,-686,304,0,16053,-28833,12780,0,0,0,0,1,0
613,318750,486,-664,178,0,20432,-27910,7479,0,0,0,0,1,0
614,319270,572,-617,45,0,24025,-25915,1890,0,0,0,0,1,0
615,319791,635,-545,-90,0,26696,-22924,-3772,0,0,0,0,1,0
616,320312,674,-453,-221,0,28340,-19052,-9288,0,0,0,0,1,0
617,320833,688,-344,-344,0,28895,-14448,-14448,0,0,0,0,1,0
618,321354,674,-221,-453,0,28340,-9288,-19052,0,0,0,0,1,0
619,321875,635,-90,-545,0,26696,-3772,-22924,0,0,0,0,1,0
620,322395,572,45,-617,0,24025,1890,-25915,0,0,0,0,1,0
621,322916,486,178,-664,0,20432,7479,-27910,0,0,0,0,1,0
622,323437,382,304,-686,0,16053,12780,-28833,0,0,0,0,1,0
623,323958,263,419,-682,0,11058,17590,-28648,0,0,0,0,1,0
624,324479,134,517,-651,0,5637,21724,-27362,0,0,0,0,1,0
625,325000,0,595,-595,0,0,25024,-25024,0,0,0,0,1,0
626,325520,-134,651,-517,0,-5637,27362,-21724,0,0,0,0,1,0
627,326041,-263,682,-419,0,-11058,28648,-17590,0,0,0,0,1,0
628,326562,-382,686,-304,0,-16053,28833,-12780,0,0,0,0,1,0
629,327083,-486,664,-178,0,-20432,27910,-7479,0,0,0,0,1,0
630,327604,-572,617,-45,0,-24025,25915,-1890,0,0,0,0,1,0
631,328125,-635,545,90,0,-26696,22924,3772,0,0,0,0,1,0
632,328645,-674,453,221,0,-28340,19052,9288,0,0,0,0,1,0
633,329166,-688,344,344,0,-28895,14448,14448,0,0,0,0,1,0
634,329687,-674,221,453,0,-28340,9288,19052,0,0,0,0,1,0
635,330208,-635,90,545,0,-26696,3772,22924,0,0,0,0,1,0
636,330729,-572,-45,617,0,-24025,-1890,25915,0,0,0,0,1,0
637,331250,-486,-178,664,0,-20432,-7479,27910,0,0,0,0,1,0
638,331770,-382,-304,686,0,-16053,-12780,28833,0,0,0,0,1,0
639,332291,-263,-419,682,0,-11058,-17590,28648,0,0,0,0,1,0
640,332812,-134,-517,651,0,-5637,-21724,27362,0,0,0,0,1,0
641,333333,0,-595,595,0,0,-25024,25024,0,0,0,0,1,0
642,333854,134,-651,517,0,5637,-27362,21724,0,0,0,0,1,0
643,334375,263,-682,419,0,11058,-28648,17590,0,0,0,0,1,0
644,334895,382,-686,304,0,16053,-28833,12780,0,0,0,0,1,0
645,335416,486,-664,178,0,20432,-27910,7479,0,0,0,0,1,0
646,335937,572,-617,45,0,24025,-25915,1890,0,0,0,0,1,0
647,336458,635,-545,-90,0,26696,-22924,-3772,0,0,0,0,1,0
648,336979,674,-453,-221,0,28340,-19052,-9288,0,0,0,0,1,0
649,337500,688,-344,-344,0,28895,-14448,-14448,0,0,0,0,1,0
650,338020,674,-221,-453,0,28340,-9288,-19052,0,0,0,0,1,0
651,338541,635,-90,-545,0,26696,-3772,-22924,0,0,0,0,1,0
652,339062,572,45,-617,0,24025,1890,-25915,0,0,0,0,1,0
653,339583,486,178,-664,0,20432,7479,-27910,0,0,0,0,1,0
654,340104,382,304,-686,0,16053,12780,-28833,0,0,0,0,1,0
655,340625,263,419,-682,0,11058,17590,-28648,0,0,0,0,1,0
656,341145,134,517,-651,0,5637,21724,-27362,0,0,0,0,1,0
657,341666,0,595,-595,0,0,25024,-25024,0,0,0,0,1,0
658,342187,-134,651,-517,0,-5637,27362,-21724,0,0,0,0,1,0
659,342708,-263,682,-419,0,-11058,28648,-17590,0,0,0,0,1,0
660,343229,-382,686,-304,0,-16053,28833,-12780,0,0,0,0,1,0
661,343750,-486,664,-178,0,-20432,27910,-7479,0,0,0,0,1,0
662,344270,-572,617,-45,0,-24025,25915,-1890,0,0,0,0,1,0
663,344791,-635,545,90,0,-26696,22924,3772,0,0,0,0,1,0
664,345312,-674,453,221,0,-28340,19052,9288,0,0,0,0,1,0
665,345833,-688,344,344,0,-28895,14448,14448,0,0,0,0,1,0
666,346354,-674,221,453,0,-28340,9288,19052,0,0,0,0,1,0
667,346875,-635,90,545,0,-26696,3772,22924,0,0,0,0,1,0
668,347395,-572,-45,617,0,-24025,-1890,25915,0,0,0,0,1,0
669,347916,-486,-178,664,0,-20432,-7479,27910,0,0,0,0,1,0
670,348437,-382,-304,686,0,-16053,-12780,28833,0,0,0,0,1,0
671,348958,-263,-419,682,0,-11058,-17590,28648,0,0,0,0,1,0
672,349479,-134,-517,651,0,-5637,-21724,27362,0,0,0,0,1,0
673,350000,0,-595,595,0,0,-25024,25024,0,0,0,0,1,0
674,350520,134,-651,517,0,5637,-27362,21724,0,0,0,0,1,0
675,351041,263,-682,419,0,11058,-28648,17590,0,0,0,0,1,0
676,351562,382,-686,304,0,16053,-28833,12780,0,0,0,0,1,0
677,352083,486,-664,178,0,20432,-27910,7479,0,0,0,0,1,0
678,352604,572,-617,45,0,24025,-25915,1890,0,0,0,0,1,0
679,353125,635,-545,-90,0,26696,-22924,-3772,0,0,0,0,1,0
680,353645,674,-453,-221,0,28340,-19052,-9288,0,0,0,0,1,0
681,354166,688,-344,-344,0,28895,-14448,-14448,0,0,0,0,1,0
682,354687,674,-221,-453,0,28340,-9288,-19052,0,0,0,0,1,0
683,355208,635,-90,-545,0,26696,-3772,-22924,0,0,0,0,1,0
684,355729,572,45,-617,0,24025,1890,-25915,0,0,0,0,1,0
685,356250,486,178,-664,0,20432,7479,-27910,0,0,0,0,1,0
686,356770,382,304,-686,0,16053,12780,-28833,0,0,0,0,1,0
687,357291,263,419,-682,0,11058,17590,-28648,0,0,0,0,1,0
688,357812,134,517,-651,0,5637,21724,-27362,0,0,0,0,1,0
689,358333,0,595,-595,0,0,25024,-25024,0,0,0,0,1,0
690,358854,-134,651,-517,0,-5637,27362,-21724,0,0,0,0,1,0
691,359375,-263,682,-419,0,-11058,28648,-17590,0,0,0,0,1,0
692,359895,-382,686,-304,0,-16053,28833,-12780,0,0,0,0,1,0
693,360416,-486,664,-178,0,-20432,27910,-7479,0,0,0,0,1,0
694,360937,-572,617,-45,0,-24025,25915,-1890,0,0,0,0,1,0
695,361458,-635,545,90,0,-26696,22924,3772,0,0,0,0,1,0
696,361979,-674,453,221,0,-28340,19052,9288,0,0,0,0,1,0
697,362500,-688,344,344,0,-28895,14448,14448,0,0,0,0,1,0
698,363020,-674,221,453,0,-28340,9288,19052,0,0,0,0,1,0
699,363541,-635,90,545,0,-26696,3772,22924,0,0,0,0,1,0
700,364062,-572,-45,617,0,-24025,-1890,25915,0,0,0,0,1,0
701,364583,-486,-178,664,0,-20432,-7479,27910,0,0,0,0,1,0
702,365104,-382,-304,686,0,-16053,-12780,28833,0,0,0,0,1,0
703,365625,-263,-419,682,0,-11058,-17590,28648,0,0,0,0,1,0
704,366145,-134,-517,651,0,-5637,-21724,27362,0,0,0,0,1,0
705,366666,0,-595,595,0,0,-25024,25024,0,0,0,0,1,0
706,367187,134,-651,517,0,5637,-27362,21724,0,0,0,0,1,0
707,367708,263,-682,419,0,11058,-28648,17590,0,0,0,0,1,0
708,368229,382,-686,304,0,16053,-28833,12780,0,0,0,0,1,0
709,368750,486,-664,178,0,20432,-27910,7479,0,0,0,0,1,0
710,369270,572,-617,45,0,24025,-25915,1890,0,0,0,0,1,0
711,369791,635,-545,-90,0,26696,-22924,-3772,0,0,0,0,1,0
712,370312,674,-453,-221,0,28340,-19052,-9288,0,0,0,0,1,0
713,370833,688,-344,-344,0,28895,-14448,-14448,0,0,0,0,1,0
714,371354,674,-221,-453,0,28340,-9288,-19052,0,0,0,0,1,0
715,371875,635,-90,-545,0,26696,-3772,-22924,0,0,0,0,1,0
716,372395,572,45,-617,0,24025,1890,-25915,0,0,0,0,1,0
717,372916,486,178,-664,0,20432,7479,-27910,0,0,0,0,1,0
718,373437,382,304,-686,0,16053,12780,-28833,0,0,0,0,1,0
719,373958,263,419,-682,0,11058,17590,-28648,0,0,0,0,1,0
720,374479,134,517,-651,0,5637,21724,-27362,0,0,0,0,1,0
721,375000,0,595,-595,0,0,25024,-25024,0,0,0,0,1,0
722,375520,-134,651,-517,0,-5637,27362,-21724,0,0,0,0,1,0
723,376041,-263,682,-419,0,-11058,28648,-17590,0,0,0,0,1,0
724,376562,-382,686,-304,0,-16053,28833,-12780,0,0,0,0,1,0
725,377083,-486,664,-178,0,-20432,27910,-7479,0,0,0,0,1,0
726,377604,-572,617,-45,0,-24025,25915,-1890,0,0,0,0,1,0
727,378125,-635,545,90,0,-26696,22924,3772,0,0,0,0,1,0
728,378645,-674,453,221,0,-28340,19052,9288,0,0,0,0,1,0
729,379166,-688,344,344,0,-28895,14448,14448,0,0,0,0,1,0
730,379687,-674,221,453,0,-28340,9288,19052,0,0,0,0,1,0
