1,0,0,-409,409,0,0,-25037,25037,0,0,0,0,1,0
2,260,46,-430,384,0,2834,-26334,23500,0,0,0,0,1,0
3,520,92,-447,355,0,5640,-27376,21736,0,0,0,0,1,0
4,781,137,-460,323,0,8392,-28155,19763,0,0,0,0,1,0
5,1041,181,-468,287,0,11064,-28663,17600,0,0,0,0,1,0
6,1302,223,-472,249,0,13628,-28895,15267,0,0,0,0,1,0
7,1562,262,-471,209,0,16062,-28849,12787,0,0,0,0,1,0
8,1822,300,-466,166,0,18341,-28524,10184,0,0,0,0,1,0
9,2083,334,-456,122,0,20443,-27925,7483,0,0,0,0,1,0
10,2343,365,-442,77,0,22348,-27058,4709,0,0,0,0,1,0
11,2604,393,-424,31,0,24038,-25929,1891,0,0,0,0,1,0
12,2864,416,-401,-15,0,25497,-24551,-946,0,0,0,0,1,0
13,3125,436,-375,-62,0,26710,-22936,-3774,0,0,0,0,1,0
14,3385,452,-345,-107,0,27666,-21101,-6565,0,0,0,0,1,0
15,3645,463,-311,-152,0,28355,-19062,-9293,0,0,0,0,1,0
16,3906,470,-275,-195,0,28771,-16840,-11932,0,0,0,0,1,0
17,4166,472,-236,-236,0,28911,-14455,-14455,0,0,0,0,1,0
18,4427,470,-195,-275,0,28771,-11932,-16840,0,0,0,0,1,0
19,4687,463,-152,-311,0,28355,-9293,-19062,0,0,0,0,1,0
20,4947,452,-107,-345,0,27666,-6565,-21101,0,0,0,0,1,0
21,5208,436,-62,-375,0,26710,-3774,-22936,0,0,0,0,1,0
22,5468,416,-15,-401,0,25497,-946,-24551,0,0,0,0,1,0
23,5729,393,31,-424,0,24038,1891,-25929,0,0,0,0,1,0
24,5989,365,77,-442,0,22348,4709,-27058,0,0,0,0,1,0
25,6250,334,122,-456,0,20443,7483,-27925,0,0,0,0,1,0
26,6510,300,166,-466,0,18341,10184,-28524,0,0,0,0,1,0
27,6770,262,209,-471,0,16062,12787,-28849,0,0,0,0,1,0
28,7031,223,249,-472,0,13628,15267,-28895,0,0,0,0,1,0
29,7291,181,287,-468,0,11064,17600,-28663,0,0,0,0,1,0
30,7552,137,323,-460,0,8392,19763,-28155,0,0,0,0,1,0
31,7812,92,355,-447,0,5640,21736,-27376,0,0,0,0,1,0
32,8072,46,384,-430,0,2834,23500,-26334,0,0,0,0,1,0
33,8333,0,409,-409,0,0,25037,-25037,0,0,0,0,1,0
34,8593,-46,430,-384,0,-2834,26334,-23500,0,0,0,0,1,0
35,8854,-92,447,-355,0,-5640,27376,-21736,0,0,0,0,1,0
36,9114,-137,460,-323,0,-8392,28155,-19763,0,0,0,0,1,0
37,9375,-181,468,-287,0,-11064,28663,-17600,0,0,0,0,1,0
38,9635,-223,472,-249,0,-13628,28895,-15267,0,0,0,0,1,0
39,9895,-262,471,-209,0,-16062,28849,-12787,0,0,0,0,1,0
40,10156,-300,466,-166,0,-18341,28524,-10184,0,0,0,0,1,0
41,10416,-334,456,-122,0,-20443,27925,-7483,0,0,0,0,1,0
42,10677,-365,442,-77,0,-22348,27058,-4709,0,0,0,0,1,0
43,10937,-393,424,-31,0,-24038,25929,-1891,0,0,0,0,1,0
44,11197,-416,401,15,0,-25497,24551,946,0,0,0,0,1,0
45,11458,-436,375,62,0,-26710,22936,3774,0,0,0,0,1,0
46,11718,-452,345,107,0,-27666,21101,6565,0,0,0,0,1,0
47,11979,-463,311,152,0,-28355,19062,9293,0,0,0,0,1,0
48,12239,-470,275,195,0,-28771,16840,11932,0,0,0,0,1,0
49,12500,-472,236,236,0,-28911,14455,14455,0,0,0,0,1,0
50,12760,-470,195,275,0,-28771,11932,16840,0,0,0,0,1,0
51,13020,-463,152,311,0,-28355,9293,19062,0,0,0,0,1,0
52,13281,-452,107,345,0,-27666,6565,21101,0,0,0,0,1,0
53,13541,-436,62,375,0,-26710,3774,22936,0,0,0,0,1,0
54,13802,-416,15,401,0,-25497,946,24551,0,0,0,0,1,0
55,14062,-393,-31,424,0,-24038,-1891,25929,0,0,0,0,1,0
56,14322,-365,-77,442,0,-22348,-4709,27058,0,0,0,0,1,0
57,14583,-334,-122,456,0,-20443,-7483,27925,0,0,0,0,1,0
58,14843,-300,-166,466,0,-18341,-10184,28524,0,0,0,0,1,0
59,15104,-262,-209,471,0,-16062,-12787,28849,0,0,0,0,1,0
60,15364,-223,-249,472,0,-13628,-15267,28895,0,0,0,0,1,0
61,15625,-181,-287,468,0,-11064,-17600,28663,0,0,0,0,1,0
62,15885,-137,-323,460,0,-8392,-19763,28155,0,0,0,0,1,0
63,16145,-92,-355,447,0,-5640,-21736,27376,0,0,0,0,1,0
64,16406,-46,-384,430,0,-2834,-23500,26334,0,0,0,0,1,0
65,16666,0,-409,409,0,0,-25037,25037,0,0,0,0,1,0
66,16927,46,-430,384,0,2834,-26334,23500,0,0,0,0,1,0
67,17187,92,-447,355,0,5640,-27376,21736,0,0,0,0,1,0
68,17447,137,-460,323,0,8392,-28155,19763,0,0,0,0,1,0
69,17708,181,-468,287,0,11064,-28663,17600,0,0,0,0,1,0
70,17968,223,-472,249,0,13628,-28895,15267,0,0,0,0,1,0
71,18229,262,-471,209,0,16062,-28849,12787,0,0,0,0,1,0
72,18489,300,-466,166,0,18341,-28524,10184,0,0,0,0,1,0
73,18750,334,-456,122,0,20443,-27925,7483,0,0,0,0,1,0
74,19010,365,-442,77,0,22348,-27058,4709,0,0,0,0,1,0
75,19270,393,-424,31,0,24038,-25929,1891,0,0,0,0,1,0
76,19531,416,-401,-15,0,25497,-24551,-946,0,0,0,0,1,0
77,19791,436,-375,-62,0,26710,-22936,-3774,0,0,0,0,1,0
78,20052,452,-345,-107,0,27666,-21101,-6565,0,0,0,0,1,0
79,20312,463,-311,-152,0,28355,-19062,-9293,0,0,0,0,1,0
80,20572,470,-275,-195,0,28771,-16840,-11932,0,0,0,0,1,0
81,20833,472,-236,-236,0,28911,-14455,-14455,0,0,0,0,1,0
82,21093,470,-195,-275,0,28771,-11932,-16840,0,0,0,0,1,0
83,21354,463,-152,-311,0,28355,-9293,-19062,0,0,0,0,1,0
84,21614,452,-107,-345,0,27666,-6565,-21101,0,0,0,0,1,0
85,21875,436,-62,-375,0,26710,-3774,-22936,0,0,0,0,1,0
86,22135,416,-15,-401,0,25497,-946,-24551,0,0,0,0,1,0
87,22395,393,31,-424,0,24038,1891,-25929,0,0,0,0,1,0
88,22656,365,77,-442,0,22348,4709,-27058,0,0,0,0,1,0
89,22916,334,122,-456,0,20443,7483,-27925,0,0,0,0,1,0
90,23177,300,166,-466,0,18341,10184,-28524,0,0,0,0,1,0
91,23437,262,209,-471,0,16062,12787,-28849,0,0,0,0,1,0
92,23697,223,249,-472,0,13628,15267,-28895,0,0,0,0,1,0
93,23958,181,287,-468,0,11064,17600,-28663,0,0,0,0,1,0
94,24218,137,323,-460,0,8392,19763,-28155,0,0,0,0,1,0
95,24479,92,355,-447,0,5640,21736,-27376,0,0,0,0,1,0
96,24739,46,384,-430,0,2834,23500,-26334,0,0,0,0,1,0
97,25000,0,409,-409,0,0,25037,-25037,0,0,0,0,1,0
98,25260,-46,430,-384,0,-2834,26334,-23500,0,0,0,0,1,0
99,25520,-92,447,-355,0,-5640,27376,-21736,0,0,0,0,1,0
100,25781,-137,460,-323,0,-8392,28155,-19763,0,0,0,0,1,0
101,26041,-181,468,-287,0,-11064,28663,-17600,0,0,0,0,1,0
102,26302,-223,472,-249,0,-13628,28895,-15267,0,0,0,0,1,0
103,26562,-262,471,-209,0,-16062,28849,-12787,0,0,0,0,1,0
104,26822,-300,466,-166,0,-18341,28524,-10184,0,0,0,0,1,0
105,27083,-334,456,-122,0,-20443,27925,-7483,0,0,0,0,1,0
106,27343,-365,442,-77,0,-22348,27058,-4709,0,0,0,0,1,0
107,27604,-393,424,-31,0,-24038,25929,-1891,0,0,0,0,1,0
108,27864,-416,401,15,0,-25497,24551,946,0,0,0,0,1,0
109,28125,-436,375,62,0,-26710,22936,3774,0,0,0,0,1,0
110,28385,-452,345,107,0,-27666,21101,6565,0,0,0,0,1,0
111,28645,-463,311,152,0,-28355,19062,9293,0,0,0,0,1,0
112,28906,-470,275,195,0,-28771,16840,11932,0,0,0,0,1,0
113,29166,-472,236,236,0,-28911,14455,14455,0,0,0,0,1,0
114,29427,-470,195,275,0,-28771,11932,16840,0,0,0,0,1,0
115,29687,-463,152,311,0,-28355,9293,19062,0,0,0,0,1,0
116,29947,-452,107,345,0,-27666,6565,21101,0,0,0,0,1,0
117,30208,-436,62,375,0,-26710,3774,22936,0,0,0,0,1,0
118,30468,-416,15,401,0,-25497,946,24551,0,0,0,0,1,0
119,30729,-393,-31,424,0,-24038,-1891,25929,0,0,0,0,1,0
120,30989,-365,-77,442,0,-22348,-4709,27058,0,0,0,0,1,0
121,31250,-334,-122,456,0,-20443,-7483,27925,0,0,0,0,1,0
122,31510,-300,-166,466,0,-18341,-10184,28524,0,0,0,0,1,0
123,31770,-262,-209,471,0,-16062,-12787,28849,0,0,0,0,1,0
124,32031,-223,-249,472,0,-13628,-15267,28895,0,0,0,0,1,0
125,32291,-181,-287,468,0,-11064,-17600,28663,0,0,0,0,1,0
126,32552,-137,-323,460,0,-8392,-19763,28155,0,0,0,0,1,0
127,32812,-92,-355,447,0,-5640,-21736,27376,0,0,0,0,1,0
128,33072,-46,-384,430,0,-2834,-23500,26334,0,0,0,0,1,0
129,33333,0,-409,409,0,0,-25037,25037,0,0,0,0,1,0
130,33593,46,-430,384,0,2834,-26334,23500,0,0,0,0,1,0
131,33854,92,-447,355,0,5640,-27376,21736,0,0,0,0,1,0
132,34114,137,-460,323,0,8392,-28155,19763,0,0,0,0,1,0
133,34375,181,-468,287,0,11064,-28663,17600,0,0,0,0,1,0
134,34635,223,-472,249,0,13628,-28895,15267,0,0,0,0,1,0
135,34895,262,-471,209,0,16062,-28849,12787,0,0,0,0,1,0
136,35156,300,-466,166,0,18341,-28524,10184,0,0,0,0,1,0
137,35416,334,-456,122,0,20443,-27925,7483,0,0,0,0,1,0
138,35677,365,-442,77,0,22348,-27058,4709,0,0,0,0,1,0
139,35937,393,-424,31,0,24038,-25929,1891,0,0,0,0,1,0
140,36197,416,-401,-15,0,25497,-24551,-946,0,0,0,0,1,0
141,36458,436,-375,-62,0,26710,-22936,-3774,0,0,0,0,1,0
142,36718,452,-345,-107,0,27666,-21101,-6565,0,0,0,0,1,0
143,36979,463,-311,-152,0,28355,-19062,-9293,0,0,0,0,1,0
144,37239,470,-275,-195,0,28771,-16840,-11932,0,0,0,0,1,0
145,37500,472,-236,-236,0,28911,-14455,-14455,0,0,0,0,1,0
146,37760,470,-195,-275,0,28771,-11932,-16840,0,0,0,0,1,0
147,38020,463,-152,-311,0,28355,-9293,-19062,0,0,0,0,1,0
148,38281,452,-107,-345,0,27666,-6565,-21101,0,0,0,0,1,0
149,38541,436,-62,-375,0,26710,-3774,-22936,0,0,0,0,1,0
150,38802,416,-15,-401,0,25497,-946,-24551,0,0,0,0,1,0
151,39062,393,31,-424,0,24038,1891,-25929,0,0,0,0,1,0
152,39322,365,77,-442,0,22348,4709,-27058,0,0,0,0,1,0
153,39583,334,122,-456,0,20443,7483,-27925,0,0,0,0,1,0
154,39843,300,166,-466,0,18341,10184,-28524,0,0,0,0,1,0
155,40104,262,209,-471,0,16062,12787,-28849,0,0,0,0,1,0
156,40364,223,249,-472,0,13628,15267,-28895,0,0,0,0,1,0
157,40625,181,287,-468,0,11064,17600,-28663,0,0,0,0,1,0
158,40885,137,323,-460,0,8392,19763,-28155,0,0,0,0,1,0
159,41145,92,355,-447,0,5640,21736,-27376,0,0,0,0,1,0
160,41406,46,384,-430,0,2834,23500,-26334,0,0,0,0,1,0
161,41666,0,409,-409,0,0,25037,-25037,0,0,0,0,1,0
162,41927,-46,430,-384,0,-2834,26334,-23500,0,0,0,0,1,0
163,42187,-92,447,-355,0,-5640,27376,-21736,0,0,0,0,1,0
164,42447,-137,460,-323,0,-8392,28155,-19763,0,0,0,0,1,0
165,42708,-181,468,-287,0,-11064,28663,-17600,0,0,0,0,1,0
166,42968,-223,472,-249,0,-13628,28895,-15267,0,0,0,0,1,0
167,43229,-262,471,-209,0,-16062,28849,-12787,0,0,0,0,1,0
168,43489,-300,466,-166,0,-18341,28524,-10184,0,0,0,0,1,0
169,43750,-334,456,-122,0,-20443,27925,-7483,0,0,0,0,1,0
170,44010,-365,442,-77,0,-22348,27058,-4709,0,0,0,0,1,0
171,44270,-393,424,-31,0,-24038,25929,-1891,0,0,0,0,1,0
172,44531,-416,401,15,0,-25497,24551,946,0,0,0,0,1,0
173,44791,-436,375,62,0,-26710,22936,3774,0,0,0,0,1,0
174,45052,-452,345,107,0,-27666,21101,6565,0,0,0,0,1,0
175,45312,-463,311,152,0,-28355,19062,9293,0,0,0,0,1,0
176,45572,-470,275,195,0,-28771,16840,11932,0,0,0,0,1,0
177,45833,-472,236,236,0,-28911,14455,14455,0,0,0,0,1,0
178,46093,-470,195,275,0,-28771,11932,16840,0,0,0,0,1,0
179,46354,-463,152,311,0,-28355,9293,19062,0,0,0,0,1,0
180,46614,-452,107,345,0,-27666,6565,21101,0,0,0,0,1,0
181,46875,-436,62,375,0,-26710,3774,22936,0,0,0,0,1,0
182,47135,-416,15,401,0,-25497,946,24551,0,0,0,0,1,0
183,47395,-393,-31,424,0,-24038,-1891,25929,0,0,0,0,1,0
184,47656,-365,-77,442,0,-22348,-4709,27058,0,0,0,0,1,0
185,47916,-334,-122,456,0,-20443,-7483,27925,0,0,0,0,1,0
186,48177,-300,-166,466,0,-18341,-10184,28524,0,0,0,0,1,0
187,48437,-262,-209,471,0,-16062,-12787,28849,0,0,0,0,1,0
188,48697,-223,-249,472,0,-13628,-15267,28895,0,0,0,0,1,0
189,48958,-181,-287,468,0,-11064,-17600,28663,0,0,0,0,1,0
190,49218,-137,-323,460,0,-8392,-19763,28155,0,0,0,0,1,0
191,49479,-92,-355,447,0,-5640,-21736,27376,0,0,0,0,1,0
192,49739,-46,-384,430,0,-2834,-23500,26334,0,0,0,0,1,0
193,50000,17571,-409,409,17571,0,-27040,27040,0,0,0,0,1,0
194,50260,19274,-430,384,19228,283,-28440,25380,0,0,0,0,1,0
195,50520,20923,-447,355,20831,564,-29566,23475,0,0,0,0,1,0
196,50781,22499,-460,323,22362,839,-30408,21344,0,0,0,0,1,0
197,51041,23987,-468,287,23806,1106,-30956,19008,0,0,0,0,1,0
198,51302,25370,-472,249,25148,1363,-31207,16488,0,0,0,0,1,0
199,51562,26635,-471,209,26372,1606,-31157,13810,0,0,0,0,1,0
200,51822,27767,-466,166,27467,1834,-30806,10998,0,0,0,0,1,0
201,52083,28754,-456,122,28420,2044,-30159,8081,0,0,0,0,1,0
202,52343,29587,-442,77,29222,2235,-29222,5086,0,0,0,0,1,0
203,52604,30255,-424,31,29863,2404,-28003,2042,0,0,0,0,1,0
204,52864,30752,-401,-15,30335,2550,-26515,-1022,0,0,0,0,1,0
205,53125,31070,-375,-62,30634,2671,-24771,-4075,0,0,0,0,1,0
206,53385,31207,-345,-107,30755,2767,-22789,-7090,0,0,0,0,1,0
207,53645,31159,-311,-152,30695,2836,-20587,-10036,0,0,0,0,1,0
208,53906,30925,-275,-195,30455,2877,-18187,-12886,0,0,0,0,1,0
209,54166,30508,-236,-236,30035,2891,-15612,-15612,0,0,0,0,1,0
210,54427,29909,-195,-275,29439,2877,-12886,-18187,0,0,0,0,1,0
211,54687,29134,-152,-311,28671,2836,-10036,-20587,0,0,0,0,1,0
212,54947,28189,-107,-345,27737,2767,-7090,-22789,0,0,0,0,1,0
213,55208,27081,-62,-375,26645,2671,-4075,-24771,0,0,0,0,1,0
214,55468,25821,-15,-401,25405,2550,-1022,-26515,0,0,0,0,1,0
215,55729,24420,31,-424,24027,2404,2042,-28003,0,0,0,0,1,0
216,55989,22889,77,-442,22524,2235,5086,-29222,0,0,0,0,1,0
217,56250,21244,122,-456,20910,2044,8081,-30159,0,0,0,0,1,0
218,56510,19497,166,-466,19198,1834,10998,-30806,0,0,0,0,1,0
219,56770,17666,209,-471,17404,1606,13810,-31157,0,0,0,0,1,0
220,57031,15768,249,-472,15545,1363,16488,-31207,0,0,0,0,1,0
221,57291,13818,287,-468,13637,1106,19008,-30956,0,0,0,0,1,0
222,57552,11835,323,-460,11698,839,21344,-30408,0,0,0,0,1,0
223,57812,9838,355,-447,9746,564,23475,-29566,0,0,0,0,1,0
224,58072,7844,384,-430,7797,283,25380,-28440,0,0,0,0,1,0
225,58333,5871,409,-409,5871,0,27040,-27040,0,0,0,0,1,0
226,58593,3938,430,-384,3985,-283,28440,-25380,0,0,0,0,1,0
227,58854,2063,447,-355,2155,-564,29566,-23475,0,0,0,0,1,0
228,59114,262,460,-323,399,-839,30408,-21344,0,0,0,0,1,0
229,59375,-1448,468,-287,-1267,-1106,30956,-19008,0,0,0,0,1,0
230,59635,-3051,472,-249,-2829,-1363,31207,-16488,0,0,0,0,1,0
231,59895,-4534,471,-209,-4271,-1606,31157,-13810,0,0,0,0,1,0
232,60156,-5882,466,-166,-5582,-1834,30806,-10998,0,0,0,0,1,0
233,60416,-7083,456,-122,-6749,-2044,30159,-8081,0,0,0,0,1,0
234,60677,-8128,442,-77,-7763,-2235,29222,-5086,0,0,0,0,1,0
235,60937,-9006,424,-31,-8613,-2404,28003,-2042,0,0,0,0,1,0
236,61197,-9710,401,15,-9293,-2550,26515,1022,0,0,0,0,1,0
237,61458,-10234,375,62,-9797,-2671,24771,4075,0,0,0,0,1,0
238,61718,-10574,345,107,-10122,-2767,22789,7090,0,0,0,0,1,0
239,61979,-10727,311,152,-10264,-2836,20587,10036,0,0,0,0,1,0
240,62239,-10693,275,195,-10223,-2877,18187,12886,0,0,0,0,1,0
241,62500,-10474,236,236,-10001,-2891,15612,15612,0,0,0,0,1,0
242,62760,-10071,195,275,-9601,-2877,12886,18187,0,0,0,0,1,0
243,63020,-9489,152,311,-9026,-2836,10036,20587,0,0,0,0,1,0
244,63281,-8736,107,345,-8284,-2767,7090,22789,0,0,0,0,1,0
245,63541,-7818,62,375,-7382,-2671,4075,24771,0,0,0,0,1,0
246,63802,-6747,15,401,-6330,-2550,1022,26515,0,0,0,0,1,0
247,64062,-5532,-31,424,-5139,-2404,-2042,28003,0,0,0,0,1,0
248,64322,-4186,-77,442,-3821,-2235,-5086,29222,0,0,0,0,1,0
249,64583,-2723,-122,456,-2389,-2044,-8081,30159,0,0,0,0,1,0
250,64843,-1157,-166,466,-858,-1834,-10998,30806,0,0,0,0,1,0
251,65104,494,-209,471,757,-1606,-13810,31157,0,0,0,0,1,0
252,65364,2216,-249,472,2438,-1363,-16488,31207,0,0,0,0,1,0
253,65625,3990,-287,468,4171,-1106,-19008,30956,0,0,0,0,1,0
254,65885,5799,-323,460,5936,-839,-21344,30408,0,0,0,0,1,0
255,66145,7624,-355,447,7716,-564,-23475,29566,0,0,0,0,1,0
256,66406,9447,-384,430,9494,-283,-25380,28440,0,0,0,0,1,0
257,66666,11251,-409,409,11251,0,-27040,27040,0,0,0,0,1,0
258,66927,13016,-430,384,12970,283,-28440,25380,0,0,0,0,1,0
259,67187,14726,-447,355,14634,564,-29566,23475,0,0,0,0,1,0
260,67447,16363,-460,323,16226,839,-30408,21344,0,0,0,0,1,0
261,67708,17910,-468,287,17730,1106,-30956,19008,0,0,0,0,1,0
262,67968,19353,-472,249,19130,1363,-31207,16488,0,0,0,0,1,0
263,68229,20676,-471,209,20414,1606,-31157,13810,0,0,0,0,1,0
264,68489,21867,-466,166,21567,1834,-30806,10998,0,0,0,0,1,0
265,68750,22912,-456,122,22578,2044,-30159,8081,0,0,0,0,1,0
266,69010,23802,-442,77,23437,2235,-29222,5086,0,0,0,0,1,0
267,69270,24526,-424,31,24134,2404,-28003,2042,0,0,0,0,1,0
268,69531,25079,-401,-15,24662,2550,-26515,-1022,0,0,0,0,1,0
269,69791,25453,-375,-62,25016,2671,-24771,-4075,0,0,0,0,1,0
270,70052,25644,-345,-107,25192,2767,-22789,-7090,0,0,0,0,1,0
271,70312,25650,-311,-152,25187,2836,-20587,-10036,0,0,0,0,1,0
272,70572,25471,-275,-195,25001,2877,-18187,-12886,0,0,0,0,1,0
273,70833,25107,-236,-236,24634,2891,-15612,-15612,0,0,0,0,1,0
274,71093,24561,-195,-275,24091,2877,-12886,-18187,0,0,0,0,1,0
275,71354,23838,-152,-311,23375,2836,-10036,-20587,0,0,0,0,1,0
276,71614,22944,-107,-345,22492,2767,-7090,-22789,0,0,0,0,1,0
277,71875,21888,-62,-375,21452,2671,-4075,-24771,0,0,0,0,1,0
278,72135,20679,-15,-401,20262,2550,-1022,-26515,0,0,0,0,1,0
279,72395,19328,31,-424,18935,2404,2042,-28003,0,0,0,0,1,0
280,72656,17847,77,-442,17482,2235,5086,-29222,0,0,0,0,1,0
281,72916,16250,122,-456,15916,2044,8081,-30159,0,0,0,0,1,0
282,73177,14553,166,-466,14253,1834,10998,-30806,0,0,0,0,1,0
283,73437,12770,209,-471,12508,1606,13810,-31157,0,0,0,0,1,0
284,73697,10919,249,-472,10697,1363,16488,-31207,0,0,0,0,1,0
285,73958,9017,287,-468,8836,1106,19008,-30956,0,0,0,0,1,0
286,74218,7081,323,-460,6944,839,21344,-30408,0,0,0,0,1,0
287,74479,5130,355,-447,5038,564,23475,-29566,0,0,0,0,1,0
288,74739,3182,384,-430,3136,283,25380,-28440,0,0,0,0,1,0
289,75000,1255,409,-409,1255,0,27040,-27040,0,0,0,0,1,0
290,75260,-633,430,-384,-586,-283,28440,-25380,0,0,0,0,1,0
291,75520,-2463,447,-355,-2371,-564,29566,-23475,0,0,0,0,1,0
292,75781,-4220,460,-323,-4083,-839,30408,-21344,0,0,0,0,1,0
293,76041,-5886,468,-287,-5705,-1106,30956,-19008,0,0,0,0,1,0
294,76302,-7446,472,-249,-7224,-1363,31207,-16488,0,0,0,0,1,0
295,76562,-8886,471,-209,-8623,-1606,31157,-13810,0,0,0,0,1,0
296,76822,-10191,466,-166,-9892,-1834,30806,-10998,0,0,0,0,1,0
297,77083,-11351,456,-122,-11017,-2044,30159,-8081,0,0,0,0,1,0
298,77343,-183,221,-38,0,-22348,27058,-4709,0,0,0,0,1,0
299,77604,-196,212,-15,0,-24038,25929,-1891,0,0,0,0,1,0
300,77864,-208,201,8,0,-25497,24551,946,0,0,0,0,1,0
301,78125,-218,187,31,0,-26710,22936,3774,0,0,0,0,1,0
302,78385,-226,172,54,0,-27666,21101,6565,0,0,0,0,1,0
303,78645,-232,156,76,0,-28355,19062,9293,0,0,0,0,1,0
304,78906,-235,138,97,0,-28771,16840,11932,0,0,0,0,1,0
305,79166,-236,118,118,0,-28911,14455,14455,0,0,0,0,1,0
306,79427,-235,97,138,0,-28771,11932,16840,0,0,0,0,1,0
307,79687,-232,76,156,0,-28355,9293,19062,0,0,0,0,1,0
308,79947,-226,54,172,0,-27666,6565,21101,0,0,0,0,1,0
309,80208,-218,31,187,0,-26710,3774,22936,0,0,0,0,1,0
310,80468,-208,8,201,0,-25497,946,24551,0,0,0,0,1,0
311,80729,-196,-15,212,0,-24038,-1891,25929,0,0,0,0,1,0
312,80989,-183,-38,221,0,-22348,-4709,27058,0,0,0,0,1,0
313,81250,-167,-61,228,0,-20443,-7483,27925,0,0,0,0,1,0
314,81510,-150,-83,233,0,-18341,-10184,28524,0,0,0,0,1,0
315,81770,-131,-104,236,0,-16062,-12787,28849,0,0,0,0,1,0
316,82031,-111,-125,236,0,-13628,-15267,28895,0,0,0,0,1,0
317,82291,-90,-144,234,0,-11064,-17600,28663,0,0,0,0,1,0
318,82552,-69,-161,230,0,-8392,-19763,28155,0,0,0,0,1,0
319,82812,-46,-178,224,0,-5640,-21736,27376,0,0,0,0,1,0
320,83072,-23,-192,215,0,-2834,-23500,26334,0,0,0,0,1,0
321,83333,0,-204,204,0,0,-25037,25037,0,0,0,0,1,0
322,83593,23,-215,192,0,2834,-26334,23500,0,0,0,0,1,0
323,83854,46,-224,178,0,5640,-27376,21736,0,0,0,0,1,0
324,84114,69,-230,161,0,8392,-28155,19763,0,0,0,0,1,0
325,84375,90,-234,144,0,11064,-28663,17600,0,0,0,0,1,0
326,84635,111,-236,125,0,13628,-28895,15267,0,0,0,0,1,0
327,84895,131,-236,104,0,16062,-28849,12787,0,0,0,0,1,0
328,85156,150,-233,83,0,18341,-28524,10184,0,0,0,0,1,0
329,85416,167,-228,61,0,20443,-27925,7483,0,0,0,0,1,0
330,85677,183,-221,38,0,22348,-27058,4709,0,0,0,0,1,0
331,85937,196,-212,15,0,24038,-25929,1891,0,0,0,0,1,0
332,86197,208,-201,-8,0,25497,-24551,-946,0,0,0,0,1,0
333,86458,218,-187,-31,0,26710,-22936,-3774,0,0,0,0,1,0
334,86718,226,-172,-54,0,27666,-21101,-6565,0,0,0,0,1,0
335,86979,232,-156,-76,0,28355,-19062,-9293,0,0,0,0,1,0
336,87239,235,-138,-97,0,28771,-16840,-11932,0,0,0,0,1,0
337,87500,236,-118,-118,0,28911,-14455,-14455,0,0,0,0,1,0
338,87760,235,-97,-138,0,28771,-11932,-16840,0,0,0,0,1,0
339,88020,232,-76,-156,0,28355,-9293,-19062,0,0,0,0,1,0
340,88281,226,-54,-172,0,27666,-6565,-21101,0,0,0,0,1,0
341,88541,218,-31,-187,0,26710,-3774,-22936,0,0,0,0,1,0
342,88802,208,-8,-201,0,25497,-946,-24551,0,0,0,0,1,0
343,89062,196,15,-212,0,24038,1891,-25929,0,0,0,0,1,0
344,89322,183,38,-221,0,22348,4709,-27058,0,0,0,0,1,0
345,89583,167,61,-228,0,20443,7483,-27925,0,0,0,0,1,0
346,89843,150,83,-233,0,18341,10184,-28524,0,0,0,0,1,0
347,90104,131,104,-236,0,16062,12787,-28849,0,0,0,0,1,0
348,90364,111,125,-236,0,13628,15267,-28895,0,0,0,0,1,0
349,90625,90,144,-234,0,11064,17600,-28663,0,0,0,0,1,0
350,90885,69,161,-230,0,8392,19763,-28155,0,0,0,0,1,0
351,91145,46,178,-224,0,5640,21736,-27376,0,0,0,0,1,0
352,91406,23,192,-215,0,2834,23500,-26334,0,0,0,0,1,0
353,91666,0,204,-204,0,0,25037,-25037,0,0,0,0,1,0
354,91927,-23,215,-192,0,-2834,26334,-23500,0,0,0,0,1,0
355,92187,-46,224,-178,0,-5640,27376,-21736,0,0,0,0,1,0
356,92447,-69,230,-161,0,-8392,28155,-19763,0,0,0,0,1,0
357,92708,-90,234,-144,0,-11064,28663,-17600,0,0,0,0,1,0
358,92968,-111,236,-125,0,-13628,28895,-15267,0,0,0,0,1,0
359,93229,-131,236,-104,0,-16062,28849,-12787,0,0,0,0,1,0
360,93489,-150,233,-83,0,-18341,28524,-10184,0,0,0,0,1,0
361,93750,-167,228,-61,0,-20443,27925,-7483,0,0,0,0,1,0
362,94010,-183,221,-38,0,-22348,27058,-4709,0,0,0,0,1,0
363,94270,-196,212,-15,0,-24038,25929,-1891,0,0,0,0,1,0
364,94531,-208,201,8,0,-25497,24551,946,0,0,0,0,1,0
365,94791,-218,187,31,0,-26710,22936,3774,0,0,0,0,1,0
366,95052,-226,172,54,0,-27666,21101,6565,0,0,0,0,1,0
367,95312,-232,156,76,0,-28355,19062,9293,0,0,0,0,1,0
368,95572,-235,138,97,0,-28771,16840,11932,0,0,0,0,1,0
369,95833,-236,118,118,0,-28911,14455,14455,0,0,0,0,1,0
370,96093,-235,97,138,0,-28771,11932,16840,0,0,0,0,1,0
371,96354,-232,76,156,0,-28355,9293,19062,0,0,0,0,1,0
372,96614,-226,54,172,0,-27666,6565,21101,0,0,0,0,1,0
373,96875,-218,31,187,0,-26710,3774,22936,0,0,0,0,1,0
374,97135,-208,8,201,0,-25497,946,24551,0,0,0,0,1,0
375,97395,-196,-15,212,0,-24038,-1891,25929,0,0,0,0,1,0
376,97656,-183,-38,221,0,-22348,-4709,27058,0,0,0,0,1,0
377,97916,-167,-61,228,0,-20443,-7483,27925,0,0,0,0,1,0
378,98177,-150,-83,233,0,-18341,-10184,28524,0,0,0,0,1,0
379,98437,-131,-104,236,0,-16062,-12787,28849,0,0,0,0,1,0
380,98697,-111,-125,236,0,-13628,-15267,28895,0,0,0,0,1,0
381,98958,-90,-144,234,0,-11064,-17600,28663,0,0,0,0,1,0
382,99218,-69,-161,230,0,-8392,-19763,28155,0,0,0,0,1,0
383,99479,-46,-178,224,0,-5640,-21736,27376,0,0,0,0,1,0
384,99739,-23,-192,215,0,-2834,-23500,26334,0,0,0,0,1,0
385,100000,0,-204,204,0,0,-25037,25037,0,0,0,0,1,0
386,100260,23,-215,192,0,2834,-26334,23500,0,0,0,0,1,0
387,100520,46,-224,178,0,5640,-27376,21736,0,0,0,0,1,0
388,100781,69,-230,161,0,8392,-28155,19763,0,0,0,0,1,0
389,101041,90,-234,144,0,11064,-28663,17600,0,0,0,0,1,0
390,101302,111,-236,125,0,13628,-28895,15267,0,0,0,0,1,0
391,101562,131,-236,104,0,16062,-28849,12787,0,0,0,0,1,0
392,101822,150,-233,83,0,18341,-28524,10184,0,0,0,0,1,0
393,102083,167,-228,61,0,20443,-27925,7483,0,0,0,0,1,0
394,102343,183,-221,38,0,22348,-27058,4709,0,0,0,0,1,0
395,102604,196,-212,15,0,24038,-25929,1891,0,0,0,0,1,0
396,102864,208,-201,-8,0,25497,-24551,-946,0,0,0,0,1,0
397,103125,218,-187,-31,0,26710,-22936,-3774,0,0,0,0,1,0
398,103385,226,-172,-54,0,27666,-21101,-6565,0,0,0,0,1,0
399,103645,232,-156,-76,0,28355,-19062,-9293,0,0,0,0,1,0
400,103906,235,-138,-97,0,28771,-16840,-11932,0,0,0,0,1,0
401,104166,236,-118,-118,0,28911,-14455,-14455,0,0,0,0,1,0
402,104427,235,-97,-138,0,28771,-11932,-16840,0,0,0,0,1,0
403,104687,232,-76,-156,0,28355,-9293,-19062,0,0,0,0,1,0
404,104947,226,-54,-172,0,27666,-6565,-21101,0,0,0,0,1,0
405,105208,218,-31,-187,0,26710,-3774,-22936,0,0,0,0,1,0
406,105468,208,-8,-201,0,25497,-946,-24551,0,0,0,0,1,0
407,105729,196,15,-212,0,24038,1891,-25929,0,0,0,0,1,0
408,105989,183,38,-221,0,22348,4709,-27058,0,0,0,0,1,0
409,106250,167,61,-228,0,20443,7483,-27925,0,0,0,0,1,0
410,106510,150,83,-233,0,18341,10184,-28524,0,0,0,0,1,0
411,106770,131,104,-236,0,16062,12787,-28849,0,0,0,0,1,0
412,107031,111,125,-236,0,13628,15267,-28895,0,0,0,0,1,0
413,107291,90,144,-234,0,11064,17600,-28663,0,0,0,0,1,0
414,107552,69,161,-230,0,8392,19763,-28155,0,0,0,0,1,0
415,107812,46,178,-224,0,5640,21736,-27376,0,0,0,0,1,0
416,108072,23,192,-215,0,2834,23500,-26334,0,0,0,0,1,0
417,108333,0,204,-204,0,0,25037,-25037,0,0,0,0,1,0
418,108593,-23,215,-192,0,-2834,26334,-23500,0,0,0,0,1,0
419,108854,-46,224,-178,0,-5640,27376,-21736,0,0,0,0,1,0
420,109114,-69,230,-161,0,-8392,28155,-19763,0,0,0,0,1,0
421,109375,-90,234,-144,0,-11064,28663,-17600,0,0,0,0,1,0
422,109635,-111,236,-125,0,-13628,28895,-15267,0,0,0,0,1,0
423,109895,-131,236,-104,0,-16062,28849,-12787,0,0,0,0,1,0
424,110156,-150,233,-83,0,-18341,28524,-10184,0,0,0,0,1,0
425,110416,-167,228,-61,0,-20443,27925,-7483,0,0,0,0,1,0
426,110677,-183,221,-38,0,-22348,27058,-4709,0,0,0,0,1,0
427,110937,-196,212,-15,0,-24038,25929,-1891,0,0,0,0,1,0
428,111197,-208,201,8,0,-25497,24551,946,0,0,0,0,1,0
429,111458,-218,187,31,0,-26710,22936,3774,0,0,0,0,1,0
430,111718,-226,172,54,0,-27666,21101,6565,0,0,0,0,1,0
431,111979,-232,156,76,0,-28355,19062,9293,0,0,0,0,1,0
432,112239,-235,138,97,0,-28771,16840,11932,0,0,0,0,1,0
433,112500,-236,118,118,0,-28911,14455,14455,0,0,0,0,1,0
434,112760,-235,97,138,0,-28771,11932,16840,0,0,0,0,1,0
435,113020,-232,76,156,0,-28355,9293,19062,0,0,0,0,1,0
436,113281,-226,54,172,0,-27666,6565,21101,0,0,0,0,1,0
437,113541,-218,31,187,0,-26710,3774,22936,0,0,0,0,1,0
438,113802,-208,8,201,0,-25497,946,24551,0,0,0,0,1,0
439,114062,-196,-15,212,0,-24038,-1891,25929,0,0,0,0,1,0
440,114322,-183,-38,221,0,-22348,-4709,27058,0,0,0,0,1,0
441,114583,-167,-61,228,0,-20443,-7483,27925,0,0,0,0,1,0
442,114843,-150,-83,233,0,-18341,-10184,28524,0,0,0,0,1,0
443,115104,-131,-104,236,0,-16062,-12787,28849,0,0,0,0,1,0
444,115364,-111,-125,236,0,-13628,-15267,28895,0,0,0,0,1,0
445,115625,-90,-144,234,0,-11064,-17600,28663,0,0,0,0,1,0
446,115885,-69,-161,230,0,-8392,-19763,28155,0,0,0,0,1,0
447,116145,-46,-178,224,0,-5640,-21736,27376,0,0,0,0,1,0
448,116406,-23,-192,215,0,-2834,-23500,26334,0,0,0,0,1,0
449,116666,0,-204,204,0,0,-25037,25037,0,0,0,0,1,0
450,116927,23,-215,192,0,2834,-26334,23500,0,0,0,0,1,0
451,117187,46,-224,178,0,5640,-27376,21736,0,0,0,0,1,0
452,117447,69,-230,161,0,8392,-28155,19763,0,0,0,0,1,0
453,117708,90,-234,144,0,11064,-28663,17600,0,0,0,0,1,0
454,117968,111,-236,125,0,13628,-28895,15267,0,0,0,0,1,0
455,118229,131,-236,104,0,16062,-28849,12787,0,0,0,0,1,0
456,118489,150,-233,83,0,18341,-28524,10184,0,0,0,0,1,0
457,118750,167,-228,61,0,20443,-27925,7483,0,0,0,0,1,0
458,119010,183,-221,38,0,22348,-27058,4709,0,0,0,0,1,0
459,119270,196,-212,15,0,24038,-25929,1891,0,0,0,0,1,0
460,119531,208,-201,-8,0,25497,-24551,-946,0,0,0,0,1,0
461,119791,218,-187,-31,0,26710,-22936,-3774,0,0,0,0,1,0
462,120052,226,-172,-54,0,27666,-21101,-6565,0,0,0,0,1,0
463,120312,232,-156,-76,0,28355,-19062,-9293,0,0,0,0,1,0
464,120572,235,-138,-97,0,28771,-16840,-11932,0,0,0,0,1,0
465,120833,236,-118,-118,0,28911,-14455,-14455,0,0,0,0,1,0
466,121093,235,-97,-138,0,28771,-11932,-16840,0,0,0,0,1,0
467,121354,232,-76,-156,0,28355,-9293,-19062,0,0,0,0,1,0
468,121614,226,-54,-172,0,27666,-6565,-21101,0,0,0,0,1,0
469,121875,218,-31,-187,0,26710,-3774,-22936,0,0,0,0,1,0
470,122135,208,-8,-201,0,25497,-946,-24551,0,0,0,0,1,0
471,122395,196,15,-212,0,24038,1891,-25929,0,0,0,0,1,0
472,122656,183,38,-221,0,22348,4709,-27058,0,0,0,0,1,0
473,122916,167,61,-228,0,20443,7483,-27925,0,0,0,0,1,0
474,123177,150,83,-233,0,18341,10184,-28524,0,0,0,0,1,0
475,123437,131,104,-236,0,16062,12787,-28849,0,0,0,0,1,0
476,123697,111,125,-236,0,13628,15267,-28895,0,0,0,0,1,0
477,123958,90,144,-234,0,11064,17600,-28663,0,0,0,0,1,0
478,124218,69,161,-230,0,8392,19763,-28155,0,0,0,0,1,0
479,124479,46,178,-224,0,5640,21736,-27376,0,0,0,0,1,0
480,124739,23,192,-215,0,2834,23500,-26334,0,0,0,0,1,0
481,125000,0,204,-204,0,0,25037,-25037,0,0,0,0,1,0
482,125260,-23,215,-192,0,-2834,26334,-23500,0,0,0,0,1,0
483,125520,-46,224,-178,0,-5640,27376,-21736,0,0,0,0,1,0
484,125781,-69,230,-161,0,-8392,28155,-19763,0,0,0,0,1,0
485,126041,-90,234,-144,0,-11064,28663,-17600,0,0,0,0,1,0
486,126302,-111,236,-125,0,-13628,28895,-15267,0,0,0,0,1,0
487,126562,-131,236,-104,0,-16062,28849,-12787,0,0,0,0,1,0
488,126822,-150,233,-83,0,-18341,28524,-10184,0,0,0,0,1,0
489,127083,-167,228,-61,0,-20443,27925,-7483,0,0,0,0,1,0
490,127343,-183,221,-38,0,-22348,27058,-4709,0,0,0,0,1,0
491,127604,-196,212,-15,0,-24038,25929,-1891,0,0,0,0,1,0
492,127864,-208,201,8,0,-25497,24551,946,0,0,0,0,1,0
493,128124,-218,187,31,0,-26710,22936,3774,0,0,0,0,1,0
494,128385,-226,172,54,0,-27666,21101,6565,0,0,0,0,1,0
495,128645,-232,156,76,0,-28355,19062,9293,0,0,0,0,1,0
496,128906,-235,138,97,0,-28771,16840,11932,0,0,0,0,1,0
497,129166,-236,118,118,0,-28911,14455,14455,0,0,0,0,1,0
498,129427,-235,97,138,0,-28771,11932,16840,0,0,0,0,1,0
499,129687,-232,76,156,0,-28355,9293,19062,0,0,0,0,1,0
500,129947,-226,54,172,0,-27666,6565,21101,0,0,0,0,1,0
501,130208,-218,31,187,0,-26710,3774,22936,0,0,0,0,1,0
502,130468,-208,8,201,0,-25497,946,24551,0,0,0,0,1,0
503,130729,-196,-15,212,0,-24038,-1891,25929,0,0,0,0,1,0
504,130989,-183,-38,221,0,-22348,-4709,27058,0,0,0,0,1,0
505,131250,-167,-61,228,0,-20443,-7483,27925,0,0,0,0,1,0
506,131510,-150,-83,233,0,-18341,-10184,28524,0,0,0,0,1,0
507,131770,-131,-104,236,0,-16062,-12787,28849,0,0,0,0,1,0
508,132031,-111,-125,236,0,-13628,-15267,28895,0,0,0,0,1,0
509,132291,-90,-144,234,0,-11064,-17600,28663,0,0,0,0,1,0
510,132552,-69,-161,230,0,-8392,-19763,28155,0,0,0,0,1,0
511,132812,-46,-178,224,0,-5640,-21736,27376,0,0,0,0,1,0
512,133072,-23,-192,215,0,-2834,-23500,26334,0,0,0,0,1,0
513,133333,0,-204,204,0,0,-25037,25037,0,0,0,0,1,0
514,133593,23,-215,192,0,2834,-26334,23500,0,0,0,0,1,0
515,133854,46,-224,178,0,5640,-27376,21736,0,0,0,0,1,0
516,134114,69,-230,161,0,8392,-28155,19763,0,0,0,0,1,0
517,134375,90,-234,144,0,11064,-28663,17600,0,0,0,0,1,0
518,134635,111,-236,125,0,13628,-28895,15267,0,0,0,0,1,0
519,134895,131,-236,104,0,16062,-28849,12787,0,0,0,0,1,0
520,135156,150,-233,83,0,18341,-28524,10184,0,0,0,0,1,0
521,135416,167,-228,61,0,20443,-27925,7483,0,0,0,0,1,0
522,135677,183,-221,38,0,22348,-27058,4709,0,0,0,0,1,0
523,135937,196,-212,15,0,24038,-25929,1891,0,0,0,0,1,0
524,136197,208,-201,-8,0,25497,-24551,-946,0,0,0,0,1,0
525,136458,218,-187,-31,0,26710,-22936,-3774,0,0,0,0,1,0
526,136718,226,-172,-54,0,27666,-21101,-6565,0,0,0,0,1,0
527,136979,232,-156,-76,0,28355,-19062,-9293,0,0,0,0,1,0
528,137239,235,-138,-97,0,28771,-16840,-11932,0,0,0,0,1,0
529,137500,236,-118,-118,0,28911,-14455,-14455,0,0,0,0,1,0
530,137760,235,-97,-138,0,28771,-11932,-16840,0,0,0,0,1,0
531,138020,232,-76,-156,0,28355,-9293,-19062,0,0,0,0,1,0
532,138281,226,-54,-172,0,27666,-6565,-21101,0,0,0,0,1,0
533,138541,218,-31,-187,0,26710,-3774,-22936,0,0,0,0,1,0
534,138802,208,-8,-201,0,25497,-946,-24551,0,0,0,0,1,0
535,139062,196,15,-212,0,24038,1891,-25929,0,0,0,0,1,0
536,139322,183,38,-221,0,22348,4709,-27058,0,0,0,0,1,0
537,139583,167,61,-228,0,20443,7483,-27925,0,0,0,0,1,0
538,139843,150,83,-233,0,18341,10184,-28524,0,0,0,0,1,0
539,140104,131,104,-236,0,16062,12787,-28849,0,0,0,0,1,0
540,140364,111,125,-236,0,13628,15267,-28895,0,0,0,0,1,0
541,140625,90,144,-234,0,11064,17600,-28663,0,0,0,0,1,0
542,140885,69,161,-230,0,8392,19763,-28155,0,0,0,0,1,0
543,141145,46,178,-224,0,5640,21736,-27376,0,0,0,0,1,0
544,141406,23,192,-215,0,2834,23500,-26334,0,0,0,0,1,0
545,141666,0,204,-204,0,0,25037,-25037,0,0,0,0,1,0
546,141927,-23,215,-192,0,-2834,26334,-23500,0,0,0,0,1,0
547,142187,-46,224,-178,0,-5640,27376,-21736,0,0,0,0,1,0
548,142447,-69,230,-161,0,-8392,28155,-19763,0,0,0,0,1,0
549,142708,-90,234,-144,0,-11064,28663,-17600,0,0,0,0,1,0
550,142968,-111,236,-125,0,-13628,28895,-15267,0,0,0,0,1,0
551,143229,-131,236,-104,0,-16062,28849,-12787,0,0,0,0,1,0
552,143489,-150,233,-83,0,-18341,28524,-10184,0,0,0,0,1,0
553,143750,-167,228,-61,0,-20443,27925,-7483,0,0,0,0,1,0
554,144010,-183,221,-38,0,-22348,27058,-4709,0,0,0,0,1,0
555,144270,-196,212,-15,0,-24038,25929,-1891,0,0,0,0,1,0
556,144531,-208,201,8,0,-25497,24551,946,0,0,0,0,1,0
557,144791,-218,187,31,0,-26710,22936,3774,0,0,0,0,1,0
558,145052,-226,172,54,0,-27666,21101,6565,0,0,0,0,1,0
559,145312,-232,156,76,0,-28355,19062,9293,0,0,0,0,1,0
560,145572,-235,138,97,0,-28771,16840,11932,0,0,0,0,1,0
561,145833,-236,118,118,0,-28911,14455,14455,0,0,0,0,1,0
562,146093,-235,97,138,0,-28771,11932,16840,0,0,0,0,1,0
563,146354,-232,76,156,0,-28355,9293,19062,0,0,0,0,1,0
564,146614,-226,54,172,0,-27666,6565,21101,0,0,0,0,1,0
565,146875,-218,31,187,0,-26710,3774,22936,0,0,0,0,1,0
566,147135,-208,8,201,0,-25497,946,24551,0,0,0,0,1,0
567,147395,-196,-15,212,0,-24038,-1891,25929,0,0,0,0,1,0
568,147656,-183,-38,221,0,-22348,-4709,27058,0,0,0,0,1,0
569,147916,-167,-61,228,0,-20443,-7483,27925,0,0,0,0,1,0
570,148177,-150,-83,233,0,-18341,-10184,28524,0,0,0,0,1,0
571,148437,-131,-104,236,0,-16062,-12787,28849,0,0,0,0,1,0
572,148697,-111,-125,236,0,-13628,-15267,28895,0,0,0,0,1,0
573,148958,-90,-144,234,0,-11064,-17600,28663,0,0,0,0,1,0
574,149218,-69,-161,230,0,-8392,-19763,28155,0,0,0,0,1,0
575,149479,-46,-178,224,0,-5640,-21736,27376,0,0,0,0,1,0
576,149739,-23,-192,215,0,-2834,-23500,26334,0,0,0,0,1,0
577,150000,0,-204,204,0,0,-25037,25037,0,0,0,0,1,0
578,150260,23,-215,192,0,2834,-26334,23500,0,0,0,0,1,0
579,150520,46,-224,178,0,5640,-27376,21736,0,0,0,0,1,0
580,150781,69,-230,161,0,8392,-28155,19763,0,0,0,0,1,0
581,151041,90,-234,144,0,11064,-28663,17600,0,0,0,0,1,0
582,151302,111,-236,125,0,13628,-28895,15267,0,0,0,0,1,0
583,151562,131,-236,104,0,16062,-28849,12787,0,0,0,0,1,0
584,151822,150,-233,83,0,18341,-28524,10184,0,0,0,0,1,0
585,152083,167,-228,61,0,20443,-27925,7483,0,0,0,0,1,0
586,152343,183,-221,38,0,22348,-27058,4709,0,0,0,0,1,0
587,152604,196,-212,15,0,24038,-25929,1891,0,0,0,0,1,0
588,152864,208,-201,-8,0,25497,-24551,-946,0,0,0,0,1,0
589,153125,218,-187,-31,0,26710,-22936,-3774,0,0,0,0,1,0
590,153385,226,-172,-54,0,27666,-21101,-6565,0,0,0,0,1,0
591,153645,232,-156,-76,0,28355,-19062,-9293,0,0,0,0,1,0
592,153906,235,-138,-97,0,28771,-16840,-11932,0,0,0,0,1,0
593,154166,236,-118,-118,0,28911,-14455,-14455,0,0,0,0,1,0
594,154427,235,-97,-138,0,28771,-11932,-16840,0,0,0,0,1,0
595,154687,232,-76,-156,0,28355,-9293,-19062,0,0,0,0,1,0
596,154947,226,-54,-172,0,27666,-6565,-21101,0,0,0,0,1,0
597,155208,218,-31,-187,0,26710,-3774,-22936,0,0,0,0,1,0
598,155468,208,-8,-201,0,25497,-946,-24551,0,0,0,0,1,0
599,155729,196,15,-212,0,24038,1891,-25929,0,0,0,0,1,0
600,155989,183,38,-221,0,22348,4709,-27058,0,0,0,0,1,0
601,156250,167,61,-228,0,20443,7483,-27925,0,0,0,0,1,0
602,156510,150,83,-233,0,18341,10184,-28524,0,0,0,0,1,0
603,156770,131,104,-236,0,16062,12787,-28849,0,0,0,0,1,0
604,157031,111,125,-236,0,13628,15267,-28895,0,0,0,0,1,0
605,157291,90,144,-234,0,11064,17600,-28663,0,0,0,0,1,0
606,157552,69,161,-230,0,8392,19763,-28155,0,0,0,0,1,0
607,157812,46,178,-224,0,5640,21736,-27376,0,0,0,0,1,0
608,158072,23,192,-215,0,2834,23500,-26334,0,0,0,0,1,0
609,158333,0,204,-204,0,0,25037,-25037,0,0,0,0,1,0
610,158593,-23,215,-192,0,-2834,26334,-23500,0,0,0,0,1,0
611,158854,-46,224,-178,0,-5640,27376,-21736,0,0,0,0,1,0
612,159114,-69,230,-161,0,-8392,28155,-19763,0,0,0,0,1,0
613,159375,-90,234,-144,0,-11064,28663,-17600,0,0,0,0,1,0
614,159635,-111,236,-125,0,-13628,28895,-15267,0,0,0,0,1,0
615,159895,-131,236,-104,0,-16062,28849,-12787,0,0,0,0,1,0
616,160156,-150,233,-83,0,-18341,28524,-10184,0,0,0,0,1,0
617,160416,-167,228,-61,0,-20443,27925,-7483,0,0,0,0,1,0
618,160677,-183,221,-38,0,-22348,27058,-4709,0,0,0,0,1,0
619,160937,-196,212,-15,0,-24038,25929,-1891,0,0,0,0,1,0
620,161197,-208,201,8,0,-25497,24551,946,0,0,0,0,1,0
621,161458,-218,187,31,0,-26710,22936,3774,0,0,0,0,1,0
622,161718,-226,172,54,0,-27666,21101,6565,0,0,0,0,1,0
623,161979,-232,156,76,0,-28355,19062,9293,0,0,0,0,1,0
624,162239,-235,138,97,0,-28771,16840,11932,0,0,0,0,1,0
625,162500,-236,118,118,0,-28911,14455,14455,0,0,0,0,1,0
626,162760,-235,97,138,0,-28771,11932,16840,0,0,0,0,1,0
627,163020,-232,76,156,0,-28355,9293,19062,0,0,0,0,1,0
628,163281,-226,54,172,0,-27666,6565,21101,0,0,0,0,1,0
629,163541,-218,31,187,0,-26710,3774,22936,0,0,0,0,1,0
630,163802,-208,8,201,0,-25497,946,24551,0,0,0,0,1,0
631,164062,-196,-15,212,0,-24038,-1891,25929,0,0,0,0,1,0
632,164322,-183,-38,221,0,-22348,-4709,27058,0,0,0,0,1,0
633,164583,-167,-61,228,0,-20443,-7483,27925,0,0,0,0,1,0
634,164843,-150,-83,233,0,-18341,-10184,28524,0,0,0,0,1,0
635,165104,-131,-104,236,0,-16062,-12787,28849,0,0,0,0,1,0
636,165364,-111,-125,236,0,-13628,-15267,28895,0,0,0,0,1,0
637,165625,-90,-144,234,0,-11064,-17600,28663,0,0,0,0,1,0
638,165885,-69,-161,230,0,-8392,-19763,28155,0,0,0,0,1,0
639,166145,-46,-178,224,0,-5640,-21736,27376,0,0,0,0,1,0
640,166406,-23,-192,215,0,-2834,-23500,26334,0,0,0,0,1,0
641,166666,0,-204,204,0,0,-25037,25037,0,0,0,0,1,0
642,166927,23,-215,192,0,2834,-26334,23500,0,0,0,0,1,0
643,167187,46,-224,178,0,5640,-27376,21736,0,0,0,0,1,0
644,167447,69,-230,161,0,8392,-28155,19763,0,0,0,0,1,0
645,167708,90,-234,144,0,11064,-28663,17600,0,0,0,0,1,0
646,167968,111,-236,125,0,13628,-28895,15267,0,0,0,0,1,0
647,168229,131,-236,104,0,16062,-28849,12787,0,0,0,0,1,0
648,168489,150,-233,83,0,18341,-28524,10184,0,0,0,0,1,0
649,168750,167,-228,61,0,20443,-27925,7483,0,0,0,0,1,0
650,169010,183,-221,38,0,22348,-27058,4709,0,0,0,0,1,0
651,169270,196,-212,15,0,24038,-25929,1891,0,0,0,0,1,0
652,169531,208,-201,-8,0,25497,-24551,-946,0,0,0,0,1,0
653,169791,218,-187,-31,0,26710,-22936,-3774,0,0,0,0,1,0
654,170052,226,-172,-54,0,27666,-21101,-6565,0,0,0,0,1,0
655,170312,232,-156,-76,0,28355,-19062,-9293,0,0,0,0,1,0
656,170572,235,-138,-97,0,28771,-16840,-11932,0,0,0,0,1,0
657,170833,236,-118,-118,0,28911,-14455,-14455,0,0,0,0,1,0
658,171093,235,-97,-138,0,28771,-11932,-16840,0,0,0,0,1,0
659,171354,232,-76,-156,0,28355,-9293,-19062,0,0,0,0,1,0
660,171614,226,-54,-172,0,27666,-6565,-21101,0,0,0,0,1,0
661,171875,218,-31,-187,0,26710,-3774,-22936,0,0,0,0,1,0
662,172135,208,-8,-201,0,25497,-946,-24551,0,0,0,0,1,0
663,172395,196,15,-212,0,24038,1891,-25929,0,0,0,0,1,0
664,172656,183,38,-221,0,22348,4709,-27058,0,0,0,0,1,0
665,172916,167,61,-228,0,20443,7483,-27925,0,0,0,0,1,0
666,173177,150,83,-233,0,18341,10184,-28524,0,0,0,0,1,0
667,173437,131,104,-236,0,16062,12787,-28849,0,0,0,0,1,0
668,173697,111,125,-236,0,13628,15267,-28895,0,0,0,0,1,0
669,173958,90,144,-234,0,11064,17600,-28663,0,0,0,0,1,0
670,174218,69,161,-230,0,8392,19763,-28155,0,0,0,0,1,0
671,174479,46,178,-224,0,5640,21736,-27376,0,0,0,0,1,0
672,174739,23,192,-215,0,2834,23500,-26334,0,0,0,0,1,0
673,175000,0,204,-204,0,0,25037,-25037,0,0,0,0,1,0
674,175260,-23,215,-192,0,-2834,26334,-23500,0,0,0,0,1,0
675,175520,-46,224,-178,0,-5640,27376,-21736,0,0,0,0,1,0
676,175781,-69,230,-161,0,-8392,28155,-19763,0,0,0,0,1,0
677,176041,-90,234,-144,0,-11064,28663,-17600,0,0,0,0,1,0
678,176302,-111,236,-125,0,-13628,28895,-15267,0,0,0,0,1,0
679,176562,-131,236,-104,0,-16062,28849,-12787,0,0,0,0,1,0
680,176822,-150,233,-83,0,-18341,28524,-10184,0,0,0,0,1,0
681,177083,-167,228,-61,0,-20443,27925,-7483,0,0,0,0,1,0
682,177343,-183,221,-38,0,-22348,27058,-4709,0,0,0,0,1,0
683,177604,-196,212,-15,0,-24038,25929,-1891,0,0,0,0,1,0
684,177864,-208,201,8,0,-25497,24551,946,0,0,0,0,1,0
685,178125,-218,187,31,0,-26710,22936,3774,0,0,0,0,1,0
686,178385,-226,172,54,0,-27666,21101,6565,0,0,0,0,1,0
687,178645,-232,156,76,0,-28355,19062,9293,0,0,0,0,1,0
688,178906,-235,138,97,0,-28771,16840,11932,0,0,0,0,1,0
689,179166,-236,118,118,0,-28911,14455,14455,0,0,0,0,1,0
690,179427,-235,97,138,0,-28771,11932,16840,0,0,0,0,1,0
691,179687,-232,76,156,0,-28355,9293,19062,0,0,0,0,1,0
692,179947,-226,54,172,0,-27666,6565,21101,0,0,0,0,1,0
693,180208,-218,31,187,0,-26710,3774,22936,0,0,0,0,1,0
694,180468,-208,8,201,0,-25497,946,24551,0,0,0,0,1,0
695,180729,-196,-15,212,0,-24038,-1891,25929,0,0,0,0,1,0
696,180989,-183,-38,221,0,-22348,-4709,27058,0,0,0,0,1,0
697,181250,-167,-61,228,0,-20443,-7483,27925,0,0,0,0,1,0
698,181510,-150,-83,233,0,-18341,-10184,28524,0,0,0,0,1,0
699,181770,-131,-104,236,0,-16062,-12787,28849,0,0,0,0,1,0
700,182031,-111,-125,236,0,-13628,-15267,28895,0,0,0,0,1,0
701,182291,-90,-144,234,0,-11064,-17600,28663,0,0,0,0,1,0
702,182552,-69,-161,230,0,-8392,-19763,28155,0,0,0,0,1,0
703,182812,-46,-178,224,0,-5640,-21736,27376,0,0,0,0,1,0
704,183072,-23,-192,215,0,-2834,-23500,26334,0,0,0,0,1,0
705,183333,0,-204,204,0,0,-25037,25037,0,0,0,0,1,0
706,183593,23,-215,192,0,2834,-26334,23500,0,0,0,0,1,0
707,183854,46,-224,178,0,5640,-27376,21736,0,0,0,0,1,0
708,184114,69,-230,161,0,8392,-28155,19763,0,0,0,0,1,0
709,184375,90,-234,144,0,11064,-28663,17600,0,0,0,0,1,0
710,184635,111,-236,125,0,13628,-28895,15267,0,0,0,0,1,0
711,184895,131,-236,104,0,16062,-28849,12787,0,0,0,0,1,0
712,185156,150,-233,83,0,18341,-28524,10184,0,0,0,0,1,0
713,185416,167,-228,61,0,20443,-27925,7483,0,0,0,0,1,0
714,185677,183,-221,38,0,22348,-27058,4709,0,0,0,0,1,0
715,185937,196,-212,15,0,24038,-25929,1891,0,0,0,0,1,0
716,186197,208,-201,-8,0,25497,-24551,-946,0,0,0,0,1,0
717,186458,218,-187,-31,0,26710,-22936,-3774,0,0,0,0,1,0
718,186718,226,-172,-54,0,27666,-21101,-6565,0,0,0,0,1,0
719,186979,232,-156,-76,0,28355,-19062,-9293,0,0,0,0,1,0
720,187239,235,-138,-97,0,28771,-16840,-11932,0,0,0,0,1,0
721,187500,236,-118,-118,0,28911,-14455,-14455,0,0,0,0,1,0
722,187760,235,-97,-138,0,28771,-11932,-16840,0,0,0,0,1,0
723,188020,232,-76,-156,0,28355,-9293,-19062,0,0,0,0,1,0
724,188281,226,-54,-172,0,27666,-6565,-21101,0,0,0,0,1,0
725,188541,218,-31,-187,0,26710,-3774,-22936,0,0,0,0,1,0
726,188802,208,-8,-201,0,25497,-946,-24551,0,0,0,0,1,0
727,189062,196,15,-212,0,24038,1891,-25929,0,0,0,0,1,0
728,189322,183,38,-221,0,22348,4709,-27058,0,0,0,0,1,0
729,189583,167,61,-228,0,20443,7483,-27925,0,0,0,0,1,0
730,189843,150,83,-233,0,18341,10184,-28524,0,0,0,0,1,0
731,190104,131,104,-236,0,16062,12787,-28849,0,0,0,0,1,0
732,190364,111,125,-236,0,13628,15267,-28895,0,0,0,0,1,0
733,190625,90,144,-234,0,11064,17600,-28663,0,0,0,0,1,0
734,190885,69,161,-230,0,8392,19763,-28155,0,0,0,0,1,0
735,191145,46,178,-224,0,5640,21736,-27376,0,0,0,0,1,0
736,191406,23,192,-215,0,2834,23500,-26334,0,0,0,0,1,0
737,191666,0,204,-204,0,0,25037,-25037,0,0,0,0,1,0
738,191927,-23,215,-192,0,-2834,26334,-23500,0,0,0,0,1,0
739,192187,-46,224,-178,0,-5640,27376,-21736,0,0,0,0,1,0
740,192447,-69,230,-161,0,-8392,28155,-19763,0,0,0,0,1,0
741,192708,-90,234,-144,0,-11064,28663,-17600,0,0,0,0,1,0
742,192968,-111,236,-125,0,-13628,28895,-15267,0,0,0,0,1,0
743,193229,-131,236,-104,0,-16062,28849,-12787,0,0,0,0,1,0
744,193489,-150,233,-83,0,-18341,28524,-10184,0,0,0,0,1,0
745,193750,-167,228,-61,0,-20443,27925,-7483,0,0,0,0,1,0
746,194010,-183,221,-38,0,-22348,27058,-4709,0,0,0,0,1,0
747,194270,-196,212,-15,0,-24038,25929,-1891,0,0,0,0,1,0
748,194531,-208,201,8,0,-25497,24551,946,0,0,0,0,1,0
749,194791,-218,187,31,0,-26710,22936,3774,0,0,0,0,1,0
750,195052,-226,172,54,0,-27666,21101,6565,0,0,0,0,1,0
751,195312,-232,156,76,0,-28355,19062,9293,0,0,0,0,1,0
752,195572,-235,138,97,0,-28771,16840,11932,0,0,0,0,1,0
753,195833,-236,118,118,0,-28911,14455,14455,0,0,0,0,1,0
754,196093,-235,97,138,0,-28771,11932,16840,0,0,0,0,1,0
755,196354,-232,76,156,0,-28355,9293,19062,0,0,0,0,1,0
756,196614,-226,54,172,0,-27666,6565,21101,0,0,0,0,1,0
757,196875,-218,31,187,0,-26710,3774,22936,0,0,0,0,1,0
758,197135,-208,8,201,0,-25497,946,24551,0,0,0,0,1,0
759,197395,-196,-15,212,0,-24038,-1891,25929,0,0,0,0,1,0
760,197656,-183,-38,221,0,-22348,-4709,27058,0,0,0,0,1,0
761,197916,-167,-61,228,0,-20443,-7483,27925,0,0,0,0,1,0
762,198177,-150,-83,233,0,-18341,-10184,28524,0,0,0,0,1,0
763,198437,-131,-104,236,0,-16062,-12787,28849,0,0,0,0,1,0
764,198697,-111,-125,236,0,-13628,-15267,28895,0,0,0,0,1,0
765,198958,-90,-144,234,0,-11064,-17600,28663,0,0,0,0,1,0
766,199218,-69,-161,230,0,-8392,-19763,28155,0,0,0,0,1,0
767,199479,-46,-178,224,0,-5640,-21736,27376,0,0,0,0,1,0
768,199739,-23,-192,215,0,-2834,-23500,26334,0,0,0,0,1,0
769,200000,0,-204,204,0,0,-25037,25037,0,0,0,0,1,0
770,200260,23,-215,192,0,2834,-26334,23500,0,0,0,0,1,0
771,200520,46,-224,178,0,5640,-27376,21736,0,0,0,0,1,0
772,200781,69,-230,161,0,8392,-28155,19763,0,0,0,0,1,0
773,201041,90,-234,144,0,11064,-28663,17600,0,0,0,0,1,0
774,201302,111,-236,125,0,13628,-28895,15267,0,0,0,0,1,0
775,201562,131,-236,104,0,16062,-28849,12787,0,0,0,0,1,0
776,201822,150,-233,83,0,18341,-28524,10184,0,0,0,0,1,0
777,202083,167,-228,61,0,20443,-27925,7483,0,0,0,0,1,0
778,202343,183,-221,38,0,22348,-27058,4709,0,0,0,0,1,0
779,202604,196,-212,15,0,24038,-25929,1891,0,0,0,0,1,0
780,202864,208,-201,-8,0,25497,-24551,-946,0,0,0,0,1,0
781,203125,218,-187,-31,0,26710,-22936,-3774,0,0,0,0,1,0
782,203385,226,-172,-54,0,27666,-21101,-6565,0,0,0,0,1,0
783,203645,232,-156,-76,0,28355,-19062,-9293,0,0,0,0,1,0
784,203906,235,-138,-97,0,28771,-16840,-11932,0,0,0,0,1,0
785,204166,236,-118,-118,0,28911,-14455,-14455,0,0,0,0,1,0
786,204427,235,-97,-138,0,28771,-11932,-16840,0,0,0,0,1,0
787,204687,232,-76,-156,0,28355,-9293,-19062,0,0,0,0,1,0
788,204947,226,-54,-172,0,27666,-6565,-21101,0,0,0,0,1,0
789,205208,218,-31,-187,0,26710,-3774,-22936,0,0,0,0,1,0
790,205468,208,-8,-201,0,25497,-946,-24551,0,0,0,0,1,0
791,205729,196,15,-212,0,24038,1891,-25929,0,0,0,0,1,0
792,205989,183,38,-221,0,22348,4709,-27058,0,0,0,0,1,0
793,206250,167,61,-228,0,20443,7483,-27925,0,0,0,0,1,0
794,206510,150,83,-233,0,18341,10184,-28524,0,0,0,0,1,0
795,206770,131,104,-236,0,16062,12787,-28849,0,0,0,0,1,0
796,207031,111,125,-236,0,13628,15267,-28895,0,0,0,0,1,0
797,207291,90,144,-234,0,11064,17600,-28663,0,0,0,0,1,0
798,207552,69,161,-230,0,8392,19763,-28155,0,0,0,0,1,0
799,207812,46,178,-224,0,5640,21736,-27376,0,0,0,0,1,0
800,208072,23,192,-215,0,2834,23500,-26334,0,0,0,0,1,0
801,208333,0,204,-204,0,0,25037,-25037,0,0,0,0,1,0
802,208593,-23,215,-192,0,-2834,26334,-23500,0,0,0,0,1,0
803,208854,-46,224,-178,0,-5640,27376,-21736,0,0,0,0,1,0
804,209114,-69,230,-161,0,-8392,28155,-19763,0,0,0,0,1,0
805,209375,-90,234,-144,0,-11064,28663,-17600,0,0,0,0,1,0
806,209635,-111,236,-125,0,-13628,28895,-15267,0,0,0,0,1,0
807,209895,-131,236,-104,0,-16062,28849,-12787,0,0,0,0,1,0
808,210156,-150,233,-83,0,-18341,28524,-10184,0,0,0,0,1,0
809,210416,-167,228,-61,0,-20443,27925,-7483,0,0,0,0,1,0
810,210677,-183,221,-38,0,-22348,27058,-4709,0,0,0,0,1,0
811,210937,-196,212,-15,0,-24038,25929,-1891,0,0,0,0,1,0
812,211197,-208,201,8,0,-25497,24551,946,0,0,0,0,1,0
813,211458,-218,187,31,0,-26710,22936,3774,0,0,0,0,1,0
814,211718,-226,172,54,0,-27666,21101,6565,0,0,0,0,1,0
815,211979,-232,156,76,0,-28355,19062,9293,0,0,0,0,1,0
816,212239,-235,138,97,0,-28771,16840,11932,0,0,0,0,1,0
817,212500,-236,118,118,0,-28911,14455,14455,0,0,0,0,1,0
818,212760,-235,97,138,0,-28771,11932,16840,0,0,0,0,1,0
819,213020,-232,76,156,0,-28355,9293,19062,0,0,0,0,1,0
820,213281,-226,54,172,0,-27666,6565,21101,0,0,0,0,1,0
821,213541,-218,31,187,0,-26710,3774,22936,0,0,0,0,1,0
822,213802,-208,8,201,0,-25497,946,24551,0,0,0,0,1,0
823,214062,-196,-15,212,0,-24038,-1891,25929,0,0,0,0,1,0
824,214322,-183,-38,221,0,-22348,-4709,27058,0,0,0,0,1,0
825,214583,-167,-61,228,0,-20443,-7483,27925,0,0,0,0,1,0
826,214843,-150,-83,233,0,-18341,-10184,28524,0,0,0,0,1,0
827,215104,-131,-104,236,0,-16062,-12787,28849,0,0,0,0,1,0
828,215364,-111,-125,236,0,-13628,-15267,28895,0,0,0,0,1,0
829,215625,-90,-144,234,0,-11064,-17600,28663,0,0,0,0,1,0
830,215885,-69,-161,230,0,-8392,-19763,28155,0,0,0,0,1,0
831,216145,-46,-178,224,0,-5640,-21736,27376,0,0,0,0,1,0
832,216406,-23,-192,215,0,-2834,-23500,26334,0,0,0,0,1,0
833,216666,0,-204,204,0,0,-25037,25037,0,0,0,0,1,0
834,216927,23,-215,192,0,2834,-26334,23500,0,0,0,0,1,0
835,217187,46,-224,178,0,5640,-27376,21736,0,0,0,0,1,0
836,217447,69,-230,161,0,8392,-28155,19763,0,0,0,0,1,0
837,217708,90,-234,144,0,11064,-28663,17600,0,0,0,0,1,0
838,217968,111,-236,125,0,13628,-28895,15267,0,0,0,0,1,0
839,218229,131,-236,104,0,16062,-28849,12787,0,0,0,0,1,0
840,218489,150,-233,83,0,18341,-28524,10184,0,0,0,0,1,0
841,218750,167,-228,61,0,20443,-27925,7483,0,0,0,0,1,0
842,219010,183,-221,38,0,22348,-27058,4709,0,0,0,0,1,0
843,219270,196,-212,15,0,24038,-25929,1891,0,0,0,0,1,0
844,219531,208,-201,-8,0,25497,-24551,-946,0,0,0,0,1,0
845,219791,218,-187,-31,0,26710,-22936,-3774,0,0,0,0,1,0
846,220052,226,-172,-54,0,27666,-21101,-6565,0,0,0,0,1,0
847,220312,232,-156,-76,0,28355,-19062,-9293,0,0,0,0,1,0
848,220572,235,-138,-97,0,28771,-16840,-11932,0,0,0,0,1,0
849,220833,236,-118,-118,0,28911,-14455,-14455,0,0,0,0,1,0
850,221093,235,-97,-138,0,28771,-11932,-16840,0,0,0,0,1,0
851,221354,232,-76,-156,0,28355,-9293,-19062,0,0,0,0,1,0
852,221614,226,-54,-172,0,27666,-6565,-21101,0,0,0,0,1,0
853,221875,218,-31,-187,0,26710,-3774,-22936,0,0,0,0,1,0
854,222135,208,-8,-201,0,25497,-946,-24551,0,0,0,0,1,0
855,222395,196,15,-212,0,24038,1891,-25929,0,0,0,0,1,0
856,222656,183,38,-221,0,22348,4709,-27058,0,0,0,0,1,0
857,222916,167,61,-228,0,20443,7483,-27925,0,0,0,0,1,0
858,223177,150,83,-233,0,18341,10184,-28524,0,0,0,0,1,0
859,223437,131,104,-236,0,16062,12787,-28849,0,0,0,0,1,0
860,223697,111,125,-236,0,13628,15267,-28895,0,0,0,0,1,0
861,223958,90,144,-234,0,11064,17600,-28663,0,0,0,0,1,0
862,224218,69,161,-230,0,8392,19763,-28155,0,0,0,0,1,0
863,224479,46,178,-224,0,5640,21736,-27376,0,0,0,0,1,0
864,224739,23,192,-215,0,2834,23500,-26334,0,0,0,0,1,0
865,225000,0,204,-204,0,0,25037,-25037,0,0,0,0,1,0
866,225260,-23,215,-192,0,-2834,26334,-23500,0,0,0,0,1,0
867,225520,-46,224,-178,0,-5640,27376,-21736,0,0,0,0,1,0
868,225781,-69,230,-161,0,-8392,28155,-19763,0,0,0,0,1,0
869,226041,-90,234,-144,0,-11064,28663,-17600,0,0,0,0,1,0
870,226302,-111,236,-125,0,-13628,28895,-15267,0,0,0,0,1,0
871,226562,-131,236,-104,0,-16062,28849,-12787,0,0,0,0,1,0
872,226822,-150,233,-83,0,-18341,28524,-10184,0,0,0,0,1,0
873,227083,-167,228,-61,0,-20443,27925,-7483,0,0,0,0,1,0
874,227343,-183,221,-38,0,-22348,27058,-4709,0,0,0,0,1,0
875,227604,-196,212,-15,0,-24038,25929,-1891,0,0,0,0,1,0
876,227864,-208,201,8,0,-25497,24551,946,0,0,0,0,1,0
877,228125,-218,187,31,0,-26710,22936,3774,0,0,0,0,1,0
878,228385,-226,172,54,0,-27666,21101,6565,0,0,0,0,1,0
879,228645,-232,156,76,0,-28355,19062,9293,0,0,0,0,1,0
880,228906,-235,138,97,0,-28771,16840,11932,0,0,0,0,1,0
881,229166,-236,118,118,0,-28911,14455,14455,0,0,0,0,1,0
882,229427,-235,97,138,0,-28771,11932,16840,0,0,0,0,1,0
883,229687,-232,76,156,0,-28355,9293,19062,0,0,0,0,1,0
884,229947,-226,54,172,0,-27666,6565,21101,0,0,0,0,1,0
885,230208,-218,31,187,0,-26710,3774,22936,0,0,0,0,1,0
886,230468,-208,8,201,0,-25497,946,24551,0,0,0,0,1,0
887,230729,-196,-15,212,0,-24038,-1891,25929,0,0,0,0,1,0
888,230989,-183,-38,221,0,-22348,-4709,27058,0,0,0,0,1,0
889,231250,-167,-61,228,0,-20443,-7483,27925,0,0,0,0,1,0
890,231510,-150,-83,233,0,-18341,-10184,28524,0,0,0,0,1,0
891,231770,-131,-104,236,0,-16062,-12787,28849,0,0,0,0,1,0
892,232031,-111,-125,236,0,-13628,-15267,28895,0,0,0,0,1,0
893,232291,-90,-144,234,0,-11064,-17600,28663,0,0,0,0,1,0
894,232552,-69,-161,230,0,-8392,-19763,28155,0,0,0,0,1,0
895,232812,-46,-178,224,0,-5640,-21736,27376,0,0,0,0,1,0
896,233072,-23,-192,215,0,-2834,-23500,26334,0,0,0,0,1,0
897,233333,0,-204,204,0,0,-25037,25037,0,0,0,0,1,0
898,233593,23,-215,192,0,2834,-26334,23500,0,0,0,0,1,0
899,233854,46,-224,178,0,5640,-27376,21736,0,0,0,0,1,0
900,234114,69,-230,161,0,8392,-28155,19763,0,0,0,0,1,0
901,234375,90,-234,144,0,11064,-28663,17600,0,0,0,0,1,0
902,234635,111,-236,125,0,13628,-28895,15267,0,0,0,0,1,0
903,234895,131,-236,104,0,16062,-28849,12787,0,0,0,0,1,0
904,235156,150,-233,83,0,18341,-28524,10184,0,0,0,0,1,0
905,235416,167,-228,61,0,20443,-27925,7483,0,0,0,0,1,0
906,235677,183,-221,38,0,22348,-27058,4709,0,0,0,0,1,0
907,235937,196,-212,15,0,24038,-25929,1891,0,0,0,0,1,0
908,236197,208,-201,-8,0,25497,-24551,-946,0,0,0,0,1,0
909,236458,218,-187,-31,0,26710,-22936,-3774,0,0,0,0,1,0
910,236718,226,-172,-54,0,27666,-21101,-6565,0,0,0,0,1,0
911,236979,232,-156,-76,0,28355,-19062,-9293,0,0,0,0,1,0
912,237239,235,-138,-97,0,28771,-16840,-11932,0,0,0,0,1,0
913,237500,236,-118,-118,0,28911,-14455,-14455,0,0,0,0,1,0
914,237760,235,-97,-138,0,28771,-11932,-16840,0,0,0,0,1,0
915,238020,232,-76,-156,0,28355,-9293,-19062,0,0,0,0,1,0
916,238281,226,-54,-172,0,27666,-6565,-21101,0,0,0,0,1,0
917,238541,218,-31,-187,0,26710,-3774,-22936,0,0,0,0,1,0
918,238802,208,-8,-201,0,25497,-946,-24551,0,0,0,0,1,0
919,239062,196,15,-212,0,24038,1891,-25929,0,0,0,0,1,0
920,239322,183,38,-221,0,22348,4709,-27058,0,0,0,0,1,0
921,239583,167,61,-228,0,20443,7483,-27925,0,0,0,0,1,0
922,239843,150,83,-233,0,18341,10184,-28524,0,0,0,0,1,0
923,240104,131,104,-236,0,16062,12787,-28849,0,0,0,0,1,0
924,240364,111,125,-236,0,13628,15267,-28895,0,0,0,0,1,0
925,240625,90,144,-234,0,11064,17600,-28663,0,0,0,0,1,0
926,240885,69,161,-230,0,8392,19763,-28155,0,0,0,0,1,0
927,241145,46,178,-224,0,5640,21736,-27376,0,0,0,0,1,0
928,241406,23,192,-215,0,2834,23500,-26334,0,0,0,0,1,0
929,241666,0,204,-204,0,0,25037,-25037,0,0,0,0,1,0
930,241927,-23,215,-192,0,-2834,26334,-23500,0,0,0,0,1,0
931,242187,-46,224,-178,0,-5640,27376,-21736,0,0,0,0,1,0
932,242447,-69,230,-161,0,-8392,28155,-19763,0,0,0,0,1,0
933,242708,-90,234,-144,0,-11064,28663,-17600,0,0,0,0,1,0
934,242968,-111,236,-125,0,-13628,28895,-15267,0,0,0,0,1,0
935,243229,-131,236,-104,0,-16062,28849,-12787,0,0,0,0,1,0
936,243489,-150,233,-83,0,-18341,28524,-10184,0,0,0,0,1,0
937,243750,-167,228,-61,0,-20443,27925,-7483,0,0,0,0,1,0
938,244010,-183,221,-38,0,-22348,27058,-4709,0,0,0,0,1,0
939,244270,-196,212,-15,0,-24038,25929,-1891,0,0,0,0,1,0
940,244531,-208,201,8,0,-25497,24551,946,0,0,0,0,1,0
941,244791,-218,187,31,0,-26710,22936,3774,0,0,0,0,1,0
942,245052,-226,172,54,0,-27666,21101,6565,0,0,0,0,1,0
943,245312,-232,156,76,0,-28355,19062,9293,0,0,0,0,1,0
944,245572,-235,138,97,0,-28771,16840,11932,0,0,0,0,1,0
945,245833,-236,118,118,0,-28911,14455,14455,0,0,0,0,1,0
946,246093,-235,97,138,0,-28771,11932,16840,0,0,0,0,1,0
947,246354,-232,76,156,0,-28355,9293,19062,0,0,0,0,1,0
948,246614,-226,54,172,0,-27666,6565,21101,0,0,0,0,1,0
949,246875,-218,31,187,0,-26710,3774,22936,0,0,0,0,1,0
950,247135,-208,8,201,0,-25497,946,24551,0,0,0,0,1,0
951,247395,-196,-15,212,0,-24038,-1891,25929,0,0,0,0,1,0
952,247656,-183,-38,221,0,-22348,-4709,27058,0,0,0,0,1,0
953,247916,-167,-61,228,0,-20443,-7483,27925,0,0,0,0,1,0
954,248177,-150,-83,233,0,-18341,-10184,28524,0,0,0,0,1,0
955,248437,-131,-104,236,0,-16062,-12787,28849,0,0,0,0,1,0
956,248697,-111,-125,236,0,-13628,-15267,28895,0,0,0,0,1,0
957,248958,-90,-144,234,0,-11064,-17600,28663,0,0,0,0,1,0
958,249218,-69,-161,230,0,-8392,-19763,28155,0,0,0,0,1,0
959,249479,-46,-178,224,0,-5640,-21736,27376,0,0,0,0,1,0
960,249739,-23,-192,215,0,-2834,-23500,26334,0,0,0,0,1,0
961,250000,0,-204,204,0,0,-25037,25037,0,0,0,0,1,0
962,250260,23,-215,192,0,2834,-26334,23500,0,0,0,0,1,0
963,250520,46,-224,178,0,5640,-27376,21736,0,0,0,0,1,0
964,250781,69,-230,161,0,8392,-28155,19763,0,0,0,0,1,0
965,251041,90,-234,144,0,11064,-28663,17600,0,0,0,0,1,0
966,251302,111,-236,125,0,13628,-28895,15267,0,0,0,0,1,0
967,251562,131,-236,104,0,16062,-28849,12787,0,0,0,0,1,0
968,251822,150,-233,83,0,18341,-28524,10184,0,0,0,0,1,0
969,252083,167,-228,61,0,20443,-27925,7483,0,0,0,0,1,0
970,252343,183,-221,38,0,22348,-27058,4709,0,0,0,0,1,0
971,252604,196,-212,15,0,24038,-25929,1891,0,0,0,0,1,0
972,252864,208,-201,-8,0,25497,-24551,-946,0,0,0,0,1,0
973,253125,218,-187,-31,0,26710,-22936,-3774,0,0,0,0,1,0
974,253385,226,-172,-54,0,27666,-21101,-6565,0,0,0,0,1,0
975,253645,232,-156,-76,0,28355,-19062,-9293,0,0,0,0,1,0
976,253906,235,-138,-97,0,28771,-16840,-11932,0,0,0,0,1,0
977,254166,236,-118,-118,0,28911,-14455,-14455,0,0,0,0,1,0
978,254427,235,-97,-138,0,28771,-11932,-16840,0,0,0,0,1,0
979,254687,232,-76,-156,0,28355,-9293,-19062,0,0,0,0,1,0
980,254947,226,-54,-172,0,27666,-6565,-21101,0,0,0,0,1,0
981,255208,218,-31,-187,0,26710,-3774,-22936,0,0,0,0,1,0
982,255468,208,-8,-201,0,25497,-946,-24551,0,0,0,0,1,0
983,255729,196,15,-212,0,24038,1891,-25929,0,0,0,0,1,0
984,255989,183,38,-221,0,22348,4709,-27058,0,0,0,0,1,0
985,256249,167,61,-228,0,20443,7483,-27925,0,0,0,0,1,0
986,256510,150,83,-233,0,18341,10184,-28524,0,0,0,0,1,0
987,256770,131,104,-236,0,16062,12787,-28849,0,0,0,0,1,0
988,257031,111,125,-236,0,13628,15267,-28895,0,0,0,0,1,0
989,257291,90,144,-234,0,11064,17600,-28663,0,0,0,0,1,0
990,257552,69,161,-230,0,8392,19763,-28155,0,0,0,0,1,0
991,257812,46,178,-224,0,5640,21736,-27376,0,0,0,0,1,0
992,258072,23,192,-215,0,2834,23500,-26334,0,0,0,0,1,0
993,258333,0,204,-204,0,0,25037,-25037,0,0,0,0,1,0
994,258593,-23,215,-192,0,-2834,26334,-23500,0,0,0,0,1,0
995,258854,-46,224,-178,0,-5640,27376,-21736,0,0,0,0,1,0
996,259114,-69,230,-161,0,-8392,28155,-19763,0,0,0,0,1,0
997,259375,-90,234,-144,0,-11064,28663,-17600,0,0,0,0,1,0
998,259635,-111,236,-125,0,-13628,28895,-15267,0,0,0,0,1,0
999,259895,-131,236,-104,0,-16062,28849,-12787,0,0,0,0,1,0
1000,260156,-150,233,-83,0,-18341,28524,-10184,0,0,0,0,1,0
1001,260416,-167,228,-61,0,-20443,27925,-7483,0,0,0,0,1,0
1002,260677,-183,221,-38,0,-22348,27058,-4709,0,0,0,0,1,0
1003,260937,-196,212,-15,0,-24038,25929,-1891,0,0,0,0,1,0
1004,261197,-208,201,8,0,-25497,24551,946,0,0,0,0,1,0
1005,261458,-218,187,31,0,-26710,22936,3774,0,0,0,0,1,0
1006,261718,-226,172,54,0,-27666,21101,6565,0,0,0,0,1,0
1007,261979,-232,156,76,0,-28355,19062,9293,0,0,0,0,1,0
1008,262239,-235,138,97,0,-28771,16840,11932,0,0,0,0,1,0
1009,262500,-236,118,118,0,-28911,14455,14455,0,0,0,0,1,0
1010,262760,-235,97,138,0,-28771,11932,16840,0,0,0,0,1,0
1011,263020,-232,76,156,0,-28355,9293,19062,0,0,0,0,1,0
1012,263281,-226,54,172,0,-27666,6565,21101,0,0,0,0,1,0
1013,263541,-218,31,187,0,-26710,3774,22936,0,0,0,0,1,0
1014,263802,-208,8,201,0,-25497,946,24551,0,0,0,0,1,0
1015,264062,-196,-15,212,0,-24038,-1891,25929,0,0,0,0,1,0
1016,264322,-183,-38,221,0,-22348,-4709,27058,0,0,0,0,1,0
1017,264583,-167,-61,228,0,-20443,-7483,27925,0,0,0,0,1,0
1018,264843,-150,-83,233,0,-18341,-10184,28524,0,0,0,0,1,0
1019,265104,-131,-104,236,0,-16062,-12787,28849,0,0,0,0,1,0
1020,265364,-111,-125,236,0,-13628,-15267,28895,0,0,0,0,1,0
1021,265625,-90,-144,234,0,-11064,-17600,28663,0,0,0,0,1,0
1022,265885,-69,-161,230,0,-8392,-19763,28155,0,0,0,0,1,0
1023,266145,-46,-178,224,0,-5640,-21736,27376,0,0,0,0,1,0
1024,266406,-23,-192,215,0,-2834,-23500,26334,0,0,0,0,1,0
1025,266666,0,-204,204,0,0,-25037,25037,0,0,0,0,1,0
1026,266927,23,-215,192,0,2834,-26334,23500,0,0,0,0,1,0
1027,267187,46,-224,178,0,5640,-27376,21736,0,0,0,0,1,0
1028,267447,69,-230,161,0,8392,-28155,19763,0,0,0,0,1,0
1029,267708,90,-234,144,0,11064,-28663,17600,0,0,0,0,1,0
1030,267968,111,-236,125,0,13628,-28895,15267,0,0,0,0,1,0
1031,268229,131,-236,104,0,16062,-28849,12787,0,0,0,0,1,0
1032,268489,150,-233,83,0,18341,-28524,10184,0,0,0,0,1,0
1033,268750,167,-228,61,0,20443,-27925,7483,0,0,0,0,1,0
1034,269010,183,-221,38,0,22348,-27058,4709,0,0,0,0,1,0
1035,269270,196,-212,15,0,24038,-25929,1891,0,0,0,0,1,0
1036,269531,208,-201,-8,0,25497,-24551,-946,0,0,0,0,1,0
1037,269791,218,-187,-31,0,26710,-22936,-3774,0,0,0,0,1,0
1038,270052,226,-172,-54,0,27666,-21101,-6565,0,0,0,0,1,0
1039,270312,232,-156,-76,0,28355,-19062,-9293,0,0,0,0,1,0
1040,270572,235,-138,-97,0,28771,-16840,-11932,0,0,0,0,1,0
1041,270833,236,-118,-118,0,28911,-14455,-14455,0,0,0,0,1,0
1042,271093,235,-97,-138,0,28771,-11932,-16840,0,0,0,0,1,0
1043,271354,232,-76,-156,0,28355,-9293,-19062,0,0,0,0,1,0
1044,271614,226,-54,-172,0,27666,-6565,-21101,0,0,0,0,1,0
1045,271875,218,-31,-187,0,26710,-3774,-22936,0,0,0,0,1,0
1046,272135,208,-8,-201,0,25497,-946,-24551,0,0,0,0,1,0
1047,272395,196,15,-212,0,24038,1891,-25929,0,0,0,0,1,0
1048,272656,183,38,-221,0,22348,4709,-27058,0,0,0,0,1,0
1049,272916,167,61,-228,0,20443,7483,-27925,0,0,0,0,1,0
1050,273177,150,83,-233,0,18341,10184,-28524,0,0,0,0,1,0
1051,273437,131,104,-236,0,16062,12787,-28849,0,0,0,0,1,0
1052,273697,111,125,-236,0,13628,15267,-28895,0,0,0,0,1,0
1053,273958,90,144,-234,0,11064,17600,-28663,0,0,0,0,1,0
1054,274218,69,161,-230,0,8392,19763,-28155,0,0,0,0,1,0
1055,274479,46,178,-224,0,5640,21736,-27376,0,0,0,0,1,0
1056,274739,23,192,-215,0,2834,23500,-26334,0,0,0,0,1,0
1057,275000,0,204,-204,0,0,25037,-25037,0,0,0,0,1,0
1058,275260,-23,215,-192,0,-2834,26334,-23500,0,0,0,0,1,0
1059,275520,-46,224,-178,0,-5640,27376,-21736,0,0,0,0,1,0
1060,275781,-69,230,-161,0,-8392,28155,-19763,0,0,0,0,1,0
1061,276041,-90,234,-144,0,-11064,28663,-17600,0,0,0,0,1,0
1062,276302,-111,236,-125,0,-13628,28895,-15267,0,0,0,0,1,0
1063,276562,-131,236,-104,0,-16062,28849,-12787,0,0,0,0,1,0
1064,276822,-150,233,-83,0,-18341,28524,-10184,0,0,0,0,1,0
1065,277083,-167,228,-61,0,-20443,27925,-7483,0,0,0,0,1,0
1066,277343,-183,221,-38,0,-22348,27058,-4709,0,0,0,0,1,0
1067,277604,-196,212,-15,0,-24038,25929,-1891,0,0,0,0,1,0
1068,277864,-208,201,8,0,-25497,24551,946,0,0,0,0,1,0
1069,278125,-218,187,31,0,-26710,22936,3774,0,0,0,0,1,0
1070,278385,-226,172,54,0,-27666,21101,6565,0,0,0,0,1,0
1071,278645,-232,156,76,0,-28355,19062,9293,0,0,0,0,1,0
1072,278906,-235,138,97,0,-28771,16840,11932,0,0,0,0,1,0
1073,279166,-236,118,118,0,-28911,14455,14455,0,0,0,0,1,0
1074,279427,-235,97,138,0,-28771,11932,16840,0,0,0,0,1,0
1075,279687,-232,76,156,0,-28355,9293,19062,0,0,0,0,1,0
1076,279947,-226,54,172,0,-27666,6565,21101,0,0,0,0,1,0
1077,280208,-218,31,187,0,-26710,3774,22936,0,0,0,0,1,0
1078,280468,-208,8,201,0,-25497,946,24551,0,0,0,0,1,0
1079,280729,-196,-15,212,0,-24038,-1891,25929,0,0,0,0,1,0
1080,280989,-183,-38,221,0,-22348,-4709,27058,0,0,0,0,1,0
1081,281250,-167,-61,228,0,-20443,-7483,27925,0,0,0,0,1,0
1082,281510,-150,-83,233,0,-18341,-10184,28524,0,0,0,0,1,0
1083,281770,-131,-104,236,0,-16062,-12787,28849,0,0,0,0,1,0
1084,282031,-111,-125,236,0,-13628,-15267,28895,0,0,0,0,1,0
1085,282291,-90,-144,234,0,-11064,-17600,28663,0,0,0,0,1,0
1086,282552,-69,-161,230,0,-8392,-19763,28155,0,0,0,0,1,0
1087,282812,-46,-178,224,0,-5640,-21736,27376,0,0,0,0,1,0
1088,283072,-23,-192,215,0,-2834,-23500,26334,0,0,0,0,1,0
1089,283333,0,-204,204,0,0,-25037,25037,0,0,0,0,1,0
1090,283593,23,-215,192,0,2834,-26334,23500,0,0,0,0,1,0
1091,283854,46,-224,178,0,5640,-27376,21736,0,0,0,0,1,0
1092,284114,69,-230,161,0,8392,-28155,19763,0,0,0,0,1,0
1093,284375,90,-234,144,0,11064,-28663,17600,0,0,0,0,1,0
1094,284635,111,-236,125,0,13628,-28895,15267,0,0,0,0,1,0
1095,284895,131,-236,104,0,16062,-28849,12787,0,0,0,0,1,0
1096,285156,150,-233,83,0,18341,-28524,10184,0,0,0,0,1,0
1097,285416,167,-228,61,0,20443,-27925,7483,0,0,0,0,1,0
1098,285677,183,-221,38,0,22348,-27058,4709,0,0,0,0,1,0
1099,285937,196,-212,15,0,24038,-25929,1891,0,0,0,0,1,0
1100,286197,208,-201,-8,0,25497,-24551,-946,0,0,0,0,1,0
1101,286458,218,-187,-31,0,26710,-22936,-3774,0,0,0,0,1,0
1102,286718,226,-172,-54,0,27666,-21101,-6565,0,0,0,0,1,0
1103,286979,232,-156,-76,0,28355,-19062,-9293,0,0,0,0,1,0
1104,287239,235,-138,-97,0,28771,-16840,-11932,0,0,0,0,1,0
1105,287500,236,-118,-118,0,28911,-14455,-14455,0,0,0,0,1,0
1106,287760,235,-97,-138,0,28771,-11932,-16840,0,0,0,0,1,0
1107,288020,232,-76,-156,0,28355,-9293,-19062,0,0,0,0,1,0
1108,288281,226,-54,-172,0,27666,-6565,-21101,0,0,0,0,1,0
1109,288541,218,-31,-187,0,26710,-3774,-22936,0,0,0,0,1,0
1110,288802,208,-8,-201,0,25497,-946,-24551,0,0,0,0,1,0
1111,289062,196,15,-212,0,24038,1891,-25929,0,0,0,0,1,0
1112,289322,183,38,-221,0,22348,4709,-27058,0,0,0,0,1,0
1113,289583,167,61,-228,0,20443,7483,-27925,0,0,0,0,1,0
1114,289843,150,83,-233,0,18341,10184,-28524,0,0,0,0,1,0
1115,290104,131,104,-236,0,16062,12787,-28849,0,0,0,0,1,0
1116,290364,111,125,-236,0,13628,15267,-28895,0,0,0,0,1,0
1117,290625,90,144,-234,0,11064,17600,-28663,0,0,0,0,1,0
1118,290885,69,161,-230,0,8392,19763,-28155,0,0,0,0,1,0
1119,291145,46,178,-224,0,5640,21736,-27376,0,0,0,0,1,0
1120,291406,23,192,-215,0,2834,23500,-26334,0,0,0,0,1,0
1121,291666,0,204,-204,0,0,25037,-25037,0,0,0,0,1,0
1122,291927,-23,215,-192,0,-2834,26334,-23500,0,0,0,0,1,0
1123,292187,-46,224,-178,0,-5640,27376,-21736,0,0,0,0,1,0
1124,292447,-69,230,-161,0,-8392,28155,-19763,0,0,0,0,1,0
1125,292708,-90,234,-144,0,-11064,28663,-17600,0,0,0,0,1,0
1126,292968,-111,236,-125,0,-13628,28895,-15267,0,0,0,0,1,0
1127,293229,-131,236,-104,0,-16062,28849,-12787,0,0,0,0,1,0
1128,293489,-150,233,-83,0,-18341,28524,-10184,0,0,0,0,1,0
1129,293750,-167,228,-61,0,-20443,27925,-7483,0,0,0,0,1,0
1130,294010,-183,221,-38,0,-22348,27058,-4709,0,0,0,0,1,0
1131,294270,-196,212,-15,0,-24038,25929,-1891,0,0,0,0,1,0
1132,294531,-208,201,8,0,-25497,24551,946,0,0,0,0,1,0
1133,294791,-218,187,31,0,-26710,22936,3774,0,0,0,0,1,0
1134,295052,-226,172,54,0,-27666,21101,6565,0,0,0,0,1,0
1135,295312,-232,156,76,0,-28355,19062,9293,0,0,0,0,1,0
1136,295572,-235,138,97,0,-28771,16840,11932,0,0,0,0,1,0
1137,295833,-236,118,118,0,-28911,14455,14455,0,0,0,0,1,0
1138,296093,-235,97,138,0,-28771,11932,16840,0,0,0,0,1,0
1139,296354,-232,76,156,0,-28355,9293,19062,0,0,0,0,1,0
1140,296614,-226,54,172,0,-27666,6565,21101,0,0,0,0,1,0
1141,296875,-218,31,187,0,-26710,3774,22936,0,0,0,0,1,0
1142,297135,-208,8,201,0,-25497,946,24551,0,0,0,0,1,0
1143,297395,-196,-15,212,0,-24038,-1891,25929,0,0,0,0,1,0
1144,297656,-183,-38,221,0,-22348,-4709,27058,0,0,0,0,1,0
1145,297916,-167,-61,228,0,-20443,-7483,27925,0,0,0,0,1,0
1146,298177,-150,-83,233,0,-18341,-10184,28524,0,0,0,0,1,0
1147,298437,-131,-104,236,0,-16062,-12787,28849,0,0,0,0,1,0
1148,298697,-111,-125,236,0,-13628,-15267,28895,0,0,0,0,1,0
1149,298958,-90,-144,234,0,-11064,-17600,28663,0,0,0,0,1,0
1150,299218,-69,-161,230,0,-8392,-19763,28155,0,0,0,0,1,0
1151,299479,-46,-178,224,0,-5640,-21736,27376,0,0,0,0,1,0
1152,299739,-23,-192,215,0,-2834,-23500,26334,0,0,0,0,1,0
1153,300000,0,-204,204,0,0,-25037,25037,0,0,0,0,1,0
1154,300260,23,-215,192,0,2834,-26334,23500,0,0,0,0,1,0
1155,300520,46,-224,178,0,5640,-27376,21736,0,0,0,0,1,0
1156,300781,69,-230,161,0,8392,-28155,19763,0,0,0,0,1,0
1157,301041,90,-234,144,0,11064,-28663,17600,0,0,0,0,1,0
1158,301302,111,-236,125,0,13628,-28895,15267,0,0,0,0,1,0
1159,301562,131,-236,104,0,16062,-28849,12787,0,0,0,0,1,0
1160,301822,150,-233,83,0,18341,-28524,10184,0,0,0,0,1,0
1161,302083,167,-228,61,0,20443,-27925,7483,0,0,0,0,1,0
1162,302343,183,-221,38,0,22348,-27058,4709,0,0,0,0,1,0
1163,302604,196,-212,15,0,24038,-25929,1891,0,0,0,0,1,0
1164,302864,208,-201,-8,0,25497,-24551,-946,0,0,0,0,1,0
1165,303125,218,-187,-31,0,26710,-22936,-3774,0,0,0,0,1,0
1166,303385,226,-172,-54,0,27666,-21101,-6565,0,0,0,0,1,0
1167,303645,232,-156,-76,0,28355,-19062,-9293,0,0,0,0,1,0
1168,303906,235,-138,-97,0,28771,-16840,-11932,0,0,0,0,1,0
1169,304166,236,-118,-118,0,28911,-14455,-14455,0,0,0,0,1,0
1170,304427,235,-97,-138,0,28771,-11932,-16840,0,0,0,0,1,0
1171,304687,232,-76,-156,0,28355,-9293,-19062,0,0,0,0,1,0
1172,304947,226,-54,-172,0,27666,-6565,-21101,0,0,0,0,1,0
1173,305208,218,-31,-187,0,26710,-3774,-22936,0,0,0,0,1,0
1174,305468,208,-8,-201,0,25497,-946,-24551,0,0,0,0,1,0
1175,305729,196,15,-212,0,24038,1891,-25929,0,0,0,0,1,0
1176,305989,183,38,-221,0,22348,4709,-27058,0,0,0,0,1,0
1177,306250,167,61,-228,0,20443,7483,-27925,0,0,0,0,1,0
1178,306510,150,83,-233,0,18341,10184,-28524,0,0,0,0,1,0
1179,306770,131,104,-236,0,16062,12787,-28849,0,0,0,0,1,0
1180,307031,111,125,-236,0,13628,15267,-28895,0,0,0,0,1,0
1181,307291,90,144,-234,0,11064,17600,-28663,0,0,0,0,1,0
1182,307552,69,161,-230,0,8392,19763,-28155,0,0,0,0,1,0
1183,307812,46,178,-224,0,5640,21736,-27376,0,0,0,0,1,0
1184,308072,23,192,-215,0,2834,23500,-26334,0,0,0,0,1,0
1185,308333,0,204,-204,0,0,25037,-25037,0,0,0,0,1,0
1186,308593,-23,215,-192,0,-2834,26334,-23500,0,0,0,0,1,0
1187,308854,-46,224,-178,0,-5640,27376,-21736,0,0,0,0,1,0
1188,309114,-69,230,-161,0,-8392,28155,-19763,0,0,0,0,1,0
1189,309375,-90,234,-144,0,-11064,28663,-17600,0,0,0,0,1,0
1190,309635,-111,236,-125,0,-13628,28895,-15267,0,0,0,0,1,0
1191,309895,-131,236,-104,0,-16062,28849,-12787,0,0,0,0,1,0
1192,310156,-150,233,-83,0,-18341,28524,-10184,0,0,0,0,1,0
1193,310416,-167,228,-61,0,-20443,27925,-7483,0,0,0,0,1,0
1194,310677,-183,221,-38,0,-22348,27058,-4709,0,0,0,0,1,0
1195,310937,-196,212,-15,0,-24038,25929,-1891,0,0,0,0,1,0
1196,311197,-208,201,8,0,-25497,24551,946,0,0,0,0,1,0
1197,311458,-218,187,31,0,-26710,22936,3774,0,0,0,0,1,0
1198,311718,-226,172,54,0,-27666,21101,6565,0,0,0,0,1,0
1199,311979,-232,156,76,0,-28355,19062,9293,0,0,0,0,1,0
1200,312239,-235,138,97,0,-28771,16840,11932,0,0,0,0,1,0
1201,312500,-236,118,118,0,-28911,14455,14455,0,0,0,0,1,0
1202,312760,-235,97,138,0,-28771,11932,16840,0,0,0,0,1,0
1203,313020,-232,76,156,0,-28355,9293,19062,0,0,0,0,1,0
1204,313281,-226,54,172,0,-27666,6565,21101,0,0,0,0,1,0
1205,313541,-218,31,187,0,-26710,3774,22936,0,0,0,0,1,0
1206,313802,-208,8,201,0,-25497,946,24551,0,0,0,0,1,0
1207,314062,-196,-15,212,0,-24038,-1891,25929,0,0,0,0,1,0
1208,314322,-183,-38,221,0,-22348,-4709,27058,0,0,0,0,1,0
1209,314583,-167,-61,228,0,-20443,-7483,27925,0,0,0,0,1,0
1210,314843,-150,-83,233,0,-18341,-10184,28524,0,0,0,0,1,0
1211,315104,-131,-104,236,0,-16062,-12787,28849,0,0,0,0,1,0
1212,315364,-111,-125,236,0,-13628,-15267,28895,0,0,0,0,1,0
1213,315625,-90,-144,234,0,-11064,-17600,28663,0,0,0,0,1,0
1214,315885,-69,-161,230,0,-8392,-19763,28155,0,0,0,0,1,0
1215,316145,-46,-178,224,0,-5640,-21736,27376,0,0,0,0,1,0
1216,316406,-23,-192,215,0,-2834,-23500,26334,0,0,0,0,1,0
1217,316666,0,-204,204,0,0,-25037,25037,0,0,0,0,1,0
1218,316927,23,-215,192,0,2834,-26334,23500,0,0,0,0,1,0
1219,317187,46,-224,178,0,5640,-27376,21736,0,0,0,0,1,0
1220,317447,69,-230,161,0,8392,-28155,19763,0,0,0,0,1,0
1221,317708,90,-234,144,0,11064,-28663,17600,0,0,0,0,1,0
1222,317968,111,-236,125,0,13628,-28895,15267,0,0,0,0,1,0
1223,318229,131,-236,104,0,16062,-28849,12787,0,0,0,0,1,0
1224,318489,150,-233,83,0,18341,-28524,10184,0,0,0,0,1,0
1225,318750,167,-228,61,0,20443,-27925,7483,0,0,0,0,1,0
1226,319010,183,-221,38,0,22348,-27058,4709,0,0,0,0,1,0
1227,319270,196,-212,15,0,24038,-25929,1891,0,0,0,0,1,0
1228,319531,208,-201,-8,0,25497,-24551,-946,0,0,0,0,1,0
1229,319791,218,-187,-31,0,26710,-22936,-3774,0,0,0,0,1,0
1230,320052,226,-172,-54,0,27666,-21101,-6565,0,0,0,0,1,0
1231,320312,232,-156,-76,0,28355,-19062,-9293,0,0,0,0,1,0
1232,320572,235,-138,-97,0,28771,-16840,-11932,0,0,0,0,1,0
1233,320833,236,-118,-118,0,28911,-14455,-14455,0,0,0,0,1,0
1234,321093,235,-97,-138,0,28771,-11932,-16840,0,0,0,0,1,0
1235,321354,232,-76,-156,0,28355,-9293,-19062,0,0,0,0,1,0
1236,321614,226,-54,-172,0,27666,-6565,-21101,0,0,0,0,1,0
1237,321875,218,-31,-187,0,26710,-3774,-22936,0,0,0,0,1,0
1238,322135,208,-8,-201,0,25497,-946,-24551,0,0,0,0,1,0
1239,322395,196,15,-212,0,24038,1891,-25929,0,0,0,0,1,0
1240,322656,183,38,-221,0,22348,4709,-27058,0,0,0,0,1,0
1241,322916,167,61,-228,0,20443,7483,-27925,0,0,0,0,1,0
1242,323177,150,83,-233,0,18341,10184,-28524,0,0,0,0,1,0
1243,323437,131,104,-236,0,16062,12787,-28849,0,0,0,0,1,0
1244,323697,111,125,-236,0,13628,15267,-28895,0,0,0,0,1,0
1245,323958,90,144,-234,0,11064,17600,-28663,0,0,0,0,1,0
1246,324218,69,161,-230,0,8392,19763,-28155,0,0,0,0,1,0
1247,324479,46,178,-224,0,5640,21736,-27376,0,0,0,0,1,0
1248,324739,23,192,-215,0,2834,23500,-26334,0,0,0,0,1,0
1249,325000,0,204,-204,0,0,25037,-25037,0,0,0,0,1,0
1250,325260,-23,215,-192,0,-2834,26334,-23500,0,0,0,0,1,0
1251,325520,-46,224,-178,0,-5640,27376,-21736,0,0,0,0,1,0
1252,325781,-69,230,-161,0,-8392,28155,-19763,0,0,0,0,1,0
1253,326041,-90,234,-144,0,-11064,28663,-17600,0,0,0,0,1,0
1254,326302,-111,236,-125,0,-13628,28895,-15267,0,0,0,0,1,0
1255,326562,-131,236,-104,0,-16062,28849,-12787,0,0,0,0,1,0
1256,326822,-150,233,-83,0,-18341,28524,-10184,0,0,0,0,1,0
1257,327083,-167,228,-61,0,-20443,27925,-7483,0,0,0,0,1,0
1258,327343,-183,221,-38,0,-22348,27058,-4709,0,0,0,0,1,0
1259,327604,-196,212,-15,0,-24038,25929,-1891,0,0,0,0,1,0
1260,327864,-208,201,8,0,-25497,24551,946,0,0,0,0,1,0
1261,328125,-218,187,31,0,-26710,22936,3774,0,0,0,0,1,0
1262,328385,-226,172,54,0,-27666,21101,6565,0,0,0,0,1,0
1263,328645,-232,156,76,0,-28355,19062,9293,0,0,0,0,1,0
1264,328906,-235,138,97,0,-28771,16840,11932,0,0,0,0,1,0
1265,329166,-236,118,118,0,-28911,14455,14455,0,0,0,0,1,0
1266,329427,-235,97,138,0,-28771,11932,16840,0,0,0,0,1,0
1267,329687,-232,76,156,0,-28355,9293,19062,0,0,0,0,1,0
1268,329947,-226,54,172,0,-27666,6565,21101,0,0,0,0,1,0
1269,330208,-218,31,187,0,-26710,3774,22936,0,0,0,0,1,0
1270,330468,-208,8,201,0,-25497,946,24551,0,0,0,0,1,0
1271,330729,-196,-15,212,0,-24038,-1891,25929,0,0,0,0,1,0
1272,330989,-183,-38,221,0,-22348,-4709,27058,0,0,0,0,1,0
1273,331250,-167,-61,228,0,-20443,-7483,27925,0,0,0,0,1,0
1274,331510,-150,-83,233,0,-18341,-10184,28524,0,0,0,0,1,0
1275,331770,-131,-104,236,0,-16062,-12787,28849,0,0,0,0,1,0
1276,332031,-111,-125,236,0,-13628,-15267,28895,0,0,0,0,1,0
1277,332291,-90,-144,234,0,-11064,-17600,28663,0,0,0,0,1,0
1278,332552,-69,-161,230,0,-8392,-19763,28155,0,0,0,0,1,0
1279,332812,-46,-178,224,0,-5640,-21736,27376,0,0,0,0,1,0
1280,333072,-23,-192,215,0,-2834,-23500,26334,0,0,0,0,1,0
1281,333333,0,-204,204,0,0,-25037,25037,0,0,0,0,1,0
1282,333593,23,-215,192,0,2834,-26334,23500,0,0,0,0,1,0
1283,333854,46,-224,178,0,5640,-27376,21736,0,0,0,0,1,0
1284,334114,69,-230,161,0,8392,-28155,19763,0,0,0,0,1,0
1285,334375,90,-234,144,0,11064,-28663,17600,0,0,0,0,1,0
1286,334635,111,-236,125,0,13628,-28895,15267,0,0,0,0,1,0
1287,334895,131,-236,104,0,16062,-28849,12787,0,0,0,0,1,0
1288,335156,150,-233,83,0,18341,-28524,10184,0,0,0,0,1,0
1289,335416,167,-228,61,0,20443,-27925,7483,0,0,0,0,1,0
1290,335677,183,-221,38,0,22348,-27058,4709,0,0,0,0,1,0
1291,335937,196,-212,15,0,24038,-25929,1891,0,0,0,0,1,0
1292,336197,208,-201,-8,0,25497,-24551,-946,0,0,0,0,1,0
1293,336458,218,-187,-31,0,26710,-22936,-3774,0,0,0,0,1,0
1294,336718,226,-172,-54,0,27666,-21101,-6565,0,0,0,0,1,0
1295,336979,232,-156,-76,0,28355,-19062,-9293,0,0,0,0,1,0
1296,337239,235,-138,-97,0,28771,-16840,-11932,0,0,0,0,1,0
1297,337500,236,-118,-118,0,28911,-14455,-14455,0,0,0,0,1,0
1298,337760,235,-97,-138,0,28771,-11932,-16840,0,0,0,0,1,0
1299,338020,232,-76,-156,0,28355,-9293,-19062,0,0,0,0,1,0
1300,338281,226,-54,-172,0,27666,-6565,-21101,0,0,0,0,1,0
1301,338541,218,-31,-187,0,26710,-3774,-22936,0,0,0,0,1,0
1302,338802,208,-8,-201,0,25497,-946,-24551,0,0,0,0,1,0
