1,0,0,-2492,2492,0,0,-23551,23551,0,0,0,0,1,0
2,520,561,-2724,2163,0,5305,-25751,20446,0,0,0,0,1,0
3,1041,1101,-2852,1751,0,10407,-26962,16555,0,0,0,0,1,0
4,1562,1598,-2871,1272,0,15108,-27136,12028,0,0,0,0,1,0
5,2083,2034,-2779,745,0,19229,-26268,7038,0,0,0,0,1,0
6,2604,2392,-2580,188,0,22611,-24390,1779,0,0,0,0,1,0
7,3125,2658,-2282,-376,0,25124,-21575,-3550,0,0,0,0,1,0
8,3645,2822,-1897,-925,0,26672,-17931,-8741,0,0,0,0,1,0
9,4166,2877,-1438,-1438,0,27194,-13597,-13597,0,0,0,0,1,0
10,4687,2822,-925,-1897,0,26672,-8741,-17931,0,0,0,0,1,0
11,5208,2658,-376,-2282,0,25124,-3550,-21575,0,0,0,0,1,0
12,5729,2392,188,-2580,0,22611,1779,-24390,0,0,0,0,1,0
13,6250,2034,745,-2779,0,19229,7038,-26268,0,0,0,0,1,0
14,6770,1598,1272,-2871,0,15108,12028,-27136,0,0,0,0,1,0
15,7291,1101,1751,-2852,0,10407,16555,-26962,0,0,0,0,1,0
16,7812,561,2163,-2724,0,5305,20446,-25751,0,0,0,0,1,0
17,8333,0,2492,-2492,0,0,23551,-23551,0,0,0,0,1,0
18,8854,-561,2724,-2163,0,-5305,25751,-20446,0,0,0,0,1,0
19,9375,-1101,2852,-1751,0,-10407,26962,-16555,0,0,0,0,1,0
20,9895,-1598,2871,-1272,0,-15108,27136,-12028,0,0,0,0,1,0
21,10416,-2034,2779,-745,0,-19229,26268,-7038,0,0,0,0,1,0
22,10937,-2392,2580,-188,0,-22611,24390,-1779,0,0,0,0,1,0
23,11458,-2658,2282,376,0,-25124,21575,3550,0,0,0,0,1,0
24,11979,-2822,1897,925,0,-26672,17931,8741,0,0,0,0,1,0
25,12500,-2877,1438,1438,0,-27194,13597,13597,0,0,0,0,1,0
26,13020,-2822,925,1897,0,-26672,8741,17931,0,0,0,0,1,0
27,13541,-2658,376,2282,0,-25124,3550,21575,0,0,0,0,1,0
28,14062,-2392,-188,2580,0,-22611,-1779,24390,0,0,0,0,1,0
29,14583,-2034,-745,2779,0,-19229,-7038,26268,0,0,0,0,1,0
30,15104,-1598,-1272,2871,0,-15108,-12028,27136,0,0,0,0,1,0
31,15625,-1101,-1751,2852,0,-10407,-16555,26962,0,0,0,0,1,0
32,16145,-561,-2163,2724,0,-5305,-20446,25751,0,0,0,0,1,0
33,16666,0,-2492,2492,0,0,-23551,23551,0,0,0,0,1,0
34,17187,561,-2724,2163,0,5305,-25751,20446,0,0,0,0,1,0
35,17708,1101,-2852,1751,0,10407,-26962,16555,0,0,0,0,1,0
36,18229,1598,-2871,1272,0,15108,-27136,12028,0,0,0,0,1,0
37,18750,2034,-2779,745,0,19229,-26268,7038,0,0,0,0,1,0
38,19270,2392,-2580,188,0,22611,-24390,1779,0,0,0,0,1,0
39,19791,2658,-2282,-376,0,25124,-21575,-3550,0,0,0,0,1,0
40,20312,2822,-1897,-925,0,26672,-17931,-8741,0,0,0,0,1,0
41,20833,2877,-1438,-1438,0,27194,-13597,-13597,0,0,0,0,1,0
42,21354,2822,-925,-1897,0,26672,-8741,-17931,0,0,0,0,1,0
43,21875,2658,-376,-2282,0,25124,-3550,-21575,0,0,0,0,1,0
44,22395,2392,188,-2580,0,22611,1779,-24390,0,0,0,0,1,0
45,22916,2034,745,-2779,0,19229,7038,-26268,0,0,0,0,1,0
46,23437,1598,1272,-2871,0,15108,12028,-27136,0,0,0,0,1,0
47,23958,1101,1751,-2852,0,10407,16555,-26962,0,0,0,0,1,0
48,24479,561,2163,-2724,0,5305,20446,-25751,0,0,0,0,1,0
49,25000,0,2492,-2492,0,0,23551,-23551,0,0,0,0,1,0
50,25520,-561,2724,-2163,0,-5305,25751,-20446,0,0,0,0,1,0
51,26041,-1101,2852,-1751,0,-10407,26962,-16555,0,0,0,0,1,0
52,26562,-1598,2871,-1272,0,-15108,27136,-12028,0,0,0,0,1,0
53,27083,-2034,2779,-745,0,-19229,26268,-7038,0,0,0,0,1,0
54,27604,-2392,2580,-188,0,-22611,24390,-1779,0,0,0,0,1,0
55,28125,-2658,2282,376,0,-25124,21575,3550,0,0,0,0,1,0
56,28645,-2822,1897,925,0,-26672,17931,8741,0,0,0,0,1,0
57,29166,-2877,1438,1438,0,-27194,13597,13597,0,0,0,0,1,0
58,29687,-2822,925,1897,0,-26672,8741,17931,0,0,0,0,1,0
59,30208,-2658,376,2282,0,-25124,3550,21575,0,0,0,0,1,0
60,30729,-2392,-188,2580,0,-22611,-1779,24390,0,0,0,0,1,0
61,31250,-2034,-745,2779,0,-19229,-7038,26268,0,0,0,0,1,0
62,31770,-1598,-1272,2871,0,-15108,-12028,27136,0,0,0,0,1,0
63,32291,-1101,-1751,2852,0,-10407,-16555,26962,0,0,0,0,1,0
64,32812,-561,-2163,2724,0,-5305,-20446,25751,0,0,0,0,1,0
65,33333,0,-2492,2492,0,0,-23551,23551,0,0,0,0,1,0
66,33854,561,-2724,2163,0,5305,-25751,20446,0,0,0,0,1,0
67,34375,1101,-2852,1751,0,10407,-26962,16555,0,0,0,0,1,0
68,34895,1598,-2871,1272,0,15108,-27136,12028,0,0,0,0,1,0
69,35416,2034,-2779,745,0,19229,-26268,7038,0,0,0,0,1,0
70,35937,2392,-2580,188,0,22611,-24390,1779,0,0,0,0,1,0
71,36458,2658,-2282,-376,0,25124,-21575,-3550,0,0,0,0,1,0
72,36979,2822,-1897,-925,0,26672,-17931,-8741,0,0,0,0,1,0
73,37500,2877,-1438,-1438,0,27194,-13597,-13597,0,0,0,0,1,0
74,38020,2822,-925,-1897,0,26672,-8741,-17931,0,0,0,0,1,0
75,38541,2658,-376,-2282,0,25124,-3550,-21575,0,0,0,0,1,0
76,39062,2392,188,-2580,0,22611,1779,-24390,0,0,0,0,1,0
77,39583,2034,745,-2779,0,19229,7038,-26268,0,0,0,0,1,0
78,40104,1598,1272,-2871,0,15108,12028,-27136,0,0,0,0,1,0
79,40625,1101,1751,-2852,0,10407,16555,-26962,0,0,0,0,1,0
80,41145,561,2163,-2724,0,5305,20446,-25751,0,0,0,0,1,0
81,41666,0,2492,-2492,0,0,23551,-23551,0,0,0,0,1,0
82,42187,-561,2724,-2163,0,-5305,25751,-20446,0,0,0,0,1,0
83,42708,-1101,2852,-1751,0,-10407,26962,-16555,0,0,0,0,1,0
84,43229,-1598,2871,-1272,0,-15108,27136,-12028,0,0,0,0,1,0
85,43750,-2034,2779,-745,0,-19229,26268,-7038,0,0,0,0,1,0
86,44270,-2392,2580,-188,0,-22611,24390,-1779,0,0,0,0,1,0
87,44791,-2658,2282,376,0,-25124,21575,3550,0,0,0,0,1,0
88,45312,-2822,1897,925,0,-26672,17931,8741,0,0,0,0,1,0
89,45833,-2877,1438,1438,0,-27194,13597,13597,0,0,0,0,1,0
90,46354,-2822,925,1897,0,-26672,8741,17931,0,0,0,0,1,0
91,46875,-2658,376,2282,0,-25124,3550,21575,0,0,0,0,1,0
92,47395,-2392,-188,2580,0,-22611,-1779,24390,0,0,0,0,1,0
93,47916,-2034,-745,2779,0,-19229,-7038,26268,0,0,0,0,1,0
94,48437,-1598,-1272,2871,0,-15108,-12028,27136,0,0,0,0,1,0
95,48958,-1101,-1751,2852,0,-10407,-16555,26962,0,0,0,0,1,0
96,49479,-561,-2163,2724,0,-5305,-20446,25751,0,0,0,0,1,0
97,50000,16602,-2492,-14377,-267,0,-27084,2355,0,0,0,0,1,0
98,50520,19543,-2724,-12308,4511,424,-29614,2045,0,0,0,0,1,0
99,51041,22195,-2852,-9964,9378,833,-31006,1655,0,0,0,0,1,0
100,51562,24445,-2871,-7431,14144,1209,-31207,1203,0,0,0,0,1,0
101,52083,26200,-2779,-4802,18619,1538,-30208,704,0,0,0,0,1,0
102,52604,27383,-2580,-2175,22628,1809,-28048,178,0,0,0,0,1,0
103,53125,27941,-2282,352,26011,2010,-24811,-355,0,0,0,0,1,0
104,53645,27842,-1897,2687,28633,2134,-20620,-874,0,0,0,0,1,0
105,54166,27084,-1438,4743,30389,2176,-15637,-1360,0,0,0,0,1,0
106,54687,25687,-925,6445,31207,2134,-10053,-1793,0,0,0,0,1,0
107,55208,23697,-376,7729,31051,2010,-4082,-2157,0,0,0,0,1,0
108,55729,21183,188,8551,29922,1809,2045,-2439,0,0,0,0,1,0
109,56250,18234,745,8882,27861,1538,8094,-2627,0,0,0,0,1,0
110,56770,14956,1272,8713,24941,1209,13832,-2714,0,0,0,0,1,0
111,57291,11468,1751,8052,21271,833,19038,-2696,0,0,0,0,1,0
112,57812,7896,2163,6928,16987,424,23513,-2575,0,0,0,0,1,0
113,58333,4371,2492,5389,12252,0,27084,-2355,0,0,0,0,1,0
114,58854,1022,2724,3494,7241,-424,29614,-2045,0,0,0,0,1,0
115,59375,-2029,2852,1322,2145,-833,31006,-1655,0,0,0,0,1,0
116,59895,-4672,2871,-1044,-2844,-1209,31207,-1203,0,0,0,0,1,0
117,60416,-6811,2779,-3508,-7540,-1538,30208,-704,0,0,0,0,1,0
118,60937,-8371,2580,-5973,-11764,-1809,28048,-178,0,0,0,0,1,0
119,61458,-9298,2282,-8342,-15358,-2010,24811,355,0,0,0,0,1,0
120,61979,-9562,1897,-10522,-18187,-2134,20620,874,0,0,0,0,1,0
121,62500,-9159,1438,-12425,-20146,-2176,15637,1360,0,0,0,0,1,0
122,63020,-8111,925,-13977,-21163,-2134,10053,1793,0,0,0,0,1,0
123,63541,-6462,376,-15116,-21202,-2010,4082,2157,0,0,0,0,1,0
124,64062,-4283,-188,-15794,-20266,-1809,-2045,2439,0,0,0,0,1,0
125,64583,-1663,-745,-15984,-18392,-1538,-8094,2627,0,0,0,0,1,0
126,65104,1293,-1272,-15676,-15656,-1209,-13832,2714,0,0,0,0,1,0
127,65625,4465,-1751,-14880,-12166,-833,-19038,2696,0,0,0,0,1,0
128,66145,7727,-2163,-13624,-8060,-424,-23513,2575,0,0,0,0,1,0
129,66666,10948,-2492,-11954,-3498,0,-27084,2355,0,0,0,0,1,0
130,67187,13999,-2724,-9932,1342,424,-29614,2045,0,0,0,0,1,0
131,67708,16758,-2852,-7634,6271,833,-31006,1655,0,0,0,0,1,0
132,68229,19115,-2871,-5146,11098,1209,-31207,1203,0,0,0,0,1,0
133,68750,20973,-2779,-2562,15632,1538,-30208,704,0,0,0,0,1,0
134,69270,22258,-2580,21,19699,1809,-28048,178,0,0,0,0,1,0
135,69791,22915,-2282,2506,23139,2010,-24811,-355,0,0,0,0,1,0
136,70312,22914,-1897,4799,25816,2134,-20620,-874,0,0,0,0,1,0
137,70833,22251,-1438,6814,27627,2176,-15637,-1360,0,0,0,0,1,0
138,71354,20948,-925,8475,28499,2134,-10053,-1793,0,0,0,0,1,0
139,71875,19050,-376,9721,28396,2010,-4082,-2157,0,0,0,0,1,0
140,72395,16627,188,10504,27319,1809,2045,-2439,0,0,0,0,1,0
141,72916,13766,745,10797,25308,1538,8094,-2627,0,0,0,0,1,0
142,73437,10575,1272,10590,22438,1209,13832,-2714,0,0,0,0,1,0
143,73958,7172,1751,9893,18816,833,19038,-2696,0,0,0,0,1,0
144,74479,3684,2163,8734,14581,424,23513,-2575,0,0,0,0,1,0
145,75000,241,2492,7159,9892,0,27084,-2355,0,0,0,0,1,0
146,75520,-3027,2724,5230,4927,-424,29614,-2045,0,0,0,0,1,0
147,76041,-6000,2852,3024,-124,-833,31006,-1655,0,0,0,0,1,0
148,76562,-8565,2871,625,-5069,-1209,31207,-1203,0,0,0,0,1,0
149,77083,-10629,2779,-1871,-9721,-1538,30208,-704,0,0,0,0,1,0
150,77604,-12115,2580,-4368,-13903,-1809,28048,-178,0,0,0,0,1,0
151,78125,-12969,2282,-6769,-17455,-2010,24811,355,0,0,0,0,1,0
152,78645,-13162,1897,-8979,-20244,-2134,20620,874,0,0,0,0,1,0
153,79166,-12689,1438,-10913,-22163,-2176,15637,1360,0,0,0,0,1,0
154,79687,-11572,925,-12494,-23141,-2134,10053,1793,0,0,0,0,1,0
155,80208,-9856,376,-13661,-23142,-2010,4082,2157,0,0,0,0,1,0
156,80729,-7611,-188,-14368,-22167,-1809,-2045,2439,0,0,0,0,1,0
157,81250,-4926,-745,-14586,-20256,-1538,-8094,2627,0,0,0,0,1,0
158,81770,-1907,-1272,-14305,-17484,-1209,-13832,2714,0,0,0,0,1,0
159,82291,1328,-1751,-13535,-13959,-833,-19038,2696,0,0,0,0,1,0
160,82812,4651,-2163,-12306,-9818,-424,-23513,2575,0,0,0,0,1,0
161,83333,7931,-2492,-10661,-5222,0,-27084,2355,0,0,0,0,1,0
162,83854,11041,-2724,-8665,-348,424,-29614,2045,0,0,0,0,1,0
163,84375,13858,-2852,-6391,4614,833,-31006,1655,0,0,0,0,1,0
164,84895,16271,-2871,-3927,9472,1209,-31207,1203,0,0,0,0,1,0
165,85416,18184,-2779,-1367,14039,1538,-30208,704,0,0,0,0,1,0
166,85937,19523,-2580,1193,18136,1809,-28048,178,0,0,0,0,1,0
167,86458,20233,-2282,3656,21606,2010,-24811,-355,0,0,0,0,1,0
168,86979,20285,-1897,5926,24314,2134,-20620,-874,0,0,0,0,1,0
169,87500,19673,-1438,7919,26154,2176,-15637,-1360,0,0,0,0,1,0
170,88020,18420,-925,9559,27054,2134,-10053,-1793,0,0,0,0,1,0
171,88541,16572,-376,10783,26979,2010,-4082,-2157,0,0,0,0,1,0
172,89062,14196,188,11546,25930,1809,2045,-2439,0,0,0,0,1,0
173,89583,11383,745,11818,23946,1538,8094,-2627,0,0,0,0,1,0
174,90104,8238,1272,11591,21102,1209,13832,-2714,0,0,0,0,1,0
175,90625,4881,1751,10875,17507,833,19038,-2696,0,0,0,0,1,0
176,91145,1437,2163,9697,13297,424,23513,-2575,0,0,0,0,1,0
177,91666,-1962,2492,8103,8633,0,27084,-2355,0,0,0,0,1,0
178,92187,-5188,2724,6156,3693,-424,29614,-2045,0,0,0,0,1,0
179,92708,-8118,2852,3931,-1334,-833,31006,-1655,0,0,0,0,1,0
180,93229,-10643,2871,1515,-6256,-1209,31207,-1203,0,0,0,0,1,0
181,93750,-12666,2779,-998,-10885,-1538,30208,-704,0,0,0,0,1,0
182,94270,-14112,2580,-3512,-15044,-1809,28048,-178,0,0,0,0,1,0
183,94791,-14927,2282,-5930,-18574,-2010,24811,355,0,0,0,0,1,0
184,95312,-15082,1897,-8156,-21341,-2134,20620,874,0,0,0,0,1,0
185,95833,-14572,1438,-10106,-23239,-2176,15637,1360,0,0,0,0,1,0
186,96354,-13418,925,-11703,-24196,-2134,10053,1793,0,0,0,0,1,0
187,96875,-11667,376,-12885,-24176,-2010,4082,2157,0,0,0,0,1,0
188,97395,-9386,-188,-13607,-23182,-1809,-2045,2439,0,0,0,0,1,0
189,97916,-6667,-745,-13840,-21251,-1538,-8094,2627,0,0,0,0,1,0
190,98437,-3614,-1272,-13573,-18460,-1209,-13832,2714,0,0,0,0,1,0
191,98958,-346,-1751,-12818,-14916,-833,-19038,2696,0,0,0,0,1,0
192,99479,3009,-2163,-11602,-10756,-424,-23513,2575,0,0,0,0,1,0
193,100000,6322,-2492,-9971,-6141,0,-27084,2355,0,0,0,0,1,0
194,100520,9463,-2724,-7988,-1250,424,-29614,2045,0,0,0,0,1,0
195,101041,12310,-2852,-5728,3730,833,-31006,1655,0,0,0,0,1,0
196,101562,14753,-2871,-3277,8605,1209,-31207,1203,0,0,0,0,1,0
197,102083,16697,-2779,-729,13189,1538,-30208,704,0,0,0,0,1,0
198,102604,18065,-2580,1819,17303,1809,-28048,178,0,0,0,0,1,0
199,103125,18803,-2282,4269,20789,2010,-24811,-355,0,0,0,0,1,0
200,103645,18882,-1897,6527,23513,2134,-20620,-874,0,0,0,0,1,0
201,104166,18298,-1438,8509,25368,2176,-15637,-1360,0,0,0,0,1,0
202,104687,17072,-925,10137,26284,2134,-10053,-1793,0,0,0,0,1,0
203,105208,15249,-376,11350,26224,2010,-4082,-2157,0,0,0,0,1,0
204,105729,12900,188,12101,25189,1809,2045,-2439,0,0,0,0,1,0
205,106250,10112,745,12363,23219,1538,8094,-2627,0,0,0,0,1,0
206,106770,6992,1272,12126,20390,1209,13832,-2714,0,0,0,0,1,0
207,107291,3658,1751,11399,16808,833,19038,-2696,0,0,0,0,1,0
208,107812,238,2163,10210,12612,424,23513,-2575,0,0,0,0,1,0
209,108333,-3137,2492,8607,7961,0,27084,-2355,0,0,0,0,1,0
210,108854,-6340,2724,6650,3034,-424,29614,-2045,0,0,0,0,1,0
211,109375,-9248,2852,4416,-1980,-833,31006,-1655,0,0,0,0,1,0
212,109895,-11751,2871,1990,-6890,-1209,31207,-1203,0,0,0,0,1,0
213,110416,-13753,2779,-533,-11506,-1538,30208,-704,0,0,0,0,1,0
214,110937,-15178,2580,-3056,-15653,-1809,28048,-178,0,0,0,0,1,0
215,111458,-15972,2282,-5482,-19171,-2010,24811,355,0,0,0,0,1,0
216,111979,-16107,1897,-7717,-21927,-2134,20620,874,0,0,0,0,1,0
217,112500,-15576,1438,-9675,-23813,-2176,15637,1360,0,0,0,0,1,0
218,113020,-14403,925,-11281,-24759,-2134,10053,1793,0,0,0,0,1,0
219,113541,-12632,376,-12471,-24728,-2010,4082,2157,0,0,0,0,1,0
220,114062,-10334,-188,-13201,-23723,-1809,-2045,2439,0,0,0,0,1,0
221,114583,-7596,-745,-13442,-21782,-1538,-8094,2627,0,0,0,0,1,0
222,115104,-4524,-1272,-13183,-18980,-1209,-13832,2714,0,0,0,0,1,0
223,115625,-1239,-1751,-12435,-15426,-833,-19038,2696,0,0,0,0,1,0
224,116145,2134,-2163,-11227,-11256,-424,-23513,2575,0,0,0,0,1,0
225,116666,5463,-2492,-9604,-6632,0,-27084,2355,0,0,0,0,1,0
226,117187,8621,-2724,-7627,-1731,424,-29614,2045,0,0,0,0,1,0
227,117708,11485,-2852,-5374,3258,833,-31006,1655,0,0,0,0,1,0
228,118229,13944,-2871,-2930,8143,1209,-31207,1203,0,0,0,0,1,0
229,118750,15903,-2779,-389,12735,1538,-30208,704,0,0,0,0,1,0
230,119270,17286,-2580,2152,16858,1809,-28048,178,0,0,0,0,1,0
231,119791,18040,-2282,4596,20353,2010,-24811,-355,0,0,0,0,1,0
232,120312,18134,-1897,6848,23085,2134,-20620,-874,0,0,0,0,1,0
233,120833,17564,-1438,8823,24949,2176,-15637,-1360,0,0,0,0,1,0
234,121354,16352,-925,10445,25873,2134,-10053,-1793,0,0,0,0,1,0
235,121875,14544,-376,11652,25820,2010,-4082,-2157,0,0,0,0,1,0
236,122395,12208,188,12398,24794,1809,2045,-2439,0,0,0,0,1,0
237,122916,9433,745,12654,22832,1538,8094,-2627,0,0,0,0,1,0
238,123437,6326,1272,12411,20010,1209,13832,-2714,0,0,0,0,1,0
239,123958,3006,1751,11678,16436,833,19038,-2696,0,0,0,0,1,0
240,124479,-401,2163,10484,12246,424,23513,-2575,0,0,0,0,1,0
241,125000,-3764,2492,8875,7603,0,27084,-2355,0,0,0,0,1,0
242,125520,-6955,2724,6913,2683,-424,29614,-2045,0,0,0,0,1,0
243,126041,-9851,2852,4674,-2325,-833,31006,-1655,0,0,0,0,1,0
244,126562,-12342,2871,2244,-7228,-1209,31207,-1203,0,0,0,0,1,0
245,127083,-14332,2779,-284,-11838,-1538,30208,-704,0,0,0,0,1,0
246,127604,-15746,2580,-2812,-15978,-1809,28048,-178,0,0,0,0,1,0
247,128124,-16530,2282,-5243,-19490,-2010,24811,355,0,0,0,0,1,0
248,128645,-16653,1897,-7483,-22239,-2134,20620,874,0,0,0,0,1,0
249,129166,-16112,1438,-9445,-24119,-2176,15637,1360,0,0,0,0,1,0
250,129687,-14929,925,-11055,-25059,-2134,10053,1793,0,0,0,0,1,0
251,130208,-13148,376,-12250,-25023,-2010,4082,2157,0,0,0,0,1,0
252,130729,-10839,-188,-12984,-24012,-1809,-2045,2439,0,0,0,0,1,0
253,131250,-8091,-745,-13229,-22065,-1538,-8094,2627,0,0,0,0,1,0
254,131770,-5010,-1272,-12975,-19258,-1209,-13832,2714,0,0,0,0,1,0
255,132291,-1715,-1751,-12231,-15698,-833,-19038,2696,0,0,0,0,1,0
256,132812,1667,-2163,-11027,-11523,-424,-23513,2575,0,0,0,0,1,0
257,133333,5005,-2492,-9407,-6893,0,-27084,2355,0,0,0,0,1,0
258,133854,8172,-2724,-7435,-1987,424,-29614,2045,0,0,0,0,1,0
259,134375,11044,-2852,-5186,3007,833,-31006,1655,0,0,0,0,1,0
260,134895,13512,-2871,-2745,7896,1209,-31207,1203,0,0,0,0,1,0
261,135416,15480,-2779,-208,12493,1538,-30208,704,0,0,0,0,1,0
262,135937,16871,-2580,2330,16621,1809,-28048,178,0,0,0,0,1,0
263,136458,17633,-2282,4770,20120,2010,-24811,-355,0,0,0,0,1,0
264,136979,17735,-1897,7019,22857,2134,-20620,-874,0,0,0,0,1,0
265,137500,17173,-1438,8991,24725,2176,-15637,-1360,0,0,0,0,1,0
266,138020,15968,-925,10610,25653,2134,-10053,-1793,0,0,0,0,1,0
267,138541,14167,-376,11813,25605,2010,-4082,-2157,0,0,0,0,1,0
268,139062,11839,188,12556,24583,1809,2045,-2439,0,0,0,0,1,0
269,139583,9071,745,12809,22625,1538,8094,-2627,0,0,0,0,1,0
270,140104,5972,1272,12563,19807,1209,13832,-2714,0,0,0,0,1,0
271,140625,2658,1751,11827,16237,833,19038,-2696,0,0,0,0,1,0
272,141145,-742,2163,10631,12051,424,23513,-2575,0,0,0,0,1,0
273,141666,-4099,2492,9019,7411,0,27084,-2355,0,0,0,0,1,0
274,142187,-7283,2724,7054,2495,-424,29614,-2045,0,0,0,0,1,0
275,142708,-10173,2852,4812,-2509,-833,31006,-1655,0,0,0,0,1,0
276,143229,-12658,2871,2379,-7408,-1209,31207,-1203,0,0,0,0,1,0
277,143750,-14642,2779,-152,-12014,-1538,30208,-704,0,0,0,0,1,0
278,144270,-16049,2580,-2682,-16151,-1809,28048,-178,0,0,0,0,1,0
279,144791,-16827,2282,-5115,-19660,-2010,24811,355,0,0,0,0,1,0
280,145312,-16945,1897,-7358,-22405,-2134,20620,874,0,0,0,0,1,0
281,145833,-16398,1438,-9323,-24283,-2176,15637,1360,0,0,0,0,1,0
282,146354,-15209,925,-10935,-25219,-2134,10053,1793,0,0,0,0,1,0
283,146875,-13423,376,-12133,-25180,-2010,4082,2157,0,0,0,0,1,0
284,147395,-11108,-188,-12869,-24166,-1809,-2045,2439,0,0,0,0,1,0
285,147916,-8355,-745,-13116,-22216,-1538,-8094,2627,0,0,0,0,1,0
286,148437,-5269,-1272,-12864,-19406,-1209,-13832,2714,0,0,0,0,1,0
287,148958,-1969,-1751,-12122,-15843,-833,-19038,2696,0,0,0,0,1,0
288,149479,1417,-2163,-10920,-11665,-424,-23513,2575,0,0,0,0,1,0
289,150000,4761,-2492,-9303,-7033,0,-27084,2355,0,0,0,0,1,0
290,150520,7932,-2724,-7332,-2124,424,-29614,2045,0,0,0,0,1,0
291,151041,10809,-2852,-5085,2872,833,-31006,1655,0,0,0,0,1,0
292,151562,13282,-2871,-2646,7764,1209,-31207,1203,0,0,0,0,1,0
293,152083,15254,-2779,-111,12364,1538,-30208,704,0,0,0,0,1,0
294,152604,16650,-2580,2425,16494,1809,-28048,178,0,0,0,0,1,0
295,153125,17415,-2282,4863,19996,2010,-24811,-355,0,0,0,0,1,0
296,153645,17522,-1897,7110,22735,2134,-20620,-874,0,0,0,0,1,0
297,154166,16964,-1438,9080,24606,2176,-15637,-1360,0,0,0,0,1,0
298,154687,15764,-925,10697,25536,2134,-10053,-1793,0,0,0,0,1,0
299,155208,13967,-376,11899,25491,2010,-4082,-2157,0,0,0,0,1,0
300,155729,11642,188,12640,24470,1809,2045,-2439,0,0,0,0,1,0
301,156250,8878,745,12892,22515,1538,8094,-2627,0,0,0,0,1,0
302,156770,5782,1272,12644,19699,1209,13832,-2714,0,0,0,0,1,0
303,157291,2472,1751,11907,16131,833,19038,-2696,0,0,0,0,1,0
304,157812,-924,2163,10709,11947,424,23513,-2575,0,0,0,0,1,0
305,158333,-4277,2492,9095,7309,0,27084,-2355,0,0,0,0,1,0
306,158854,-7458,2724,7129,2395,-424,29614,-2045,0,0,0,0,1,0
307,159375,-10345,2852,4886,-2607,-833,31006,-1655,0,0,0,0,1,0
308,159895,-12826,2871,2451,-7504,-1209,31207,-1203,0,0,0,0,1,0
309,160416,-14807,2779,-81,-12109,-1538,30208,-704,0,0,0,0,1,0
310,160937,-16211,2580,-2613,-16244,-1809,28048,-178,0,0,0,0,1,0
311,161458,-16986,2282,-5047,-19751,-2010,24811,355,0,0,0,0,1,0
312,161979,-17100,1897,-7291,-22494,-2134,20620,874,0,0,0,0,1,0
313,162500,-16551,1438,-9258,-24370,-2176,15637,1360,0,0,0,0,1,0
314,163020,-15358,925,-10871,-25305,-2134,10053,1793,0,0,0,0,1,0
315,163541,-13569,376,-12070,-25264,-2010,4082,2157,0,0,0,0,1,0
316,164062,-11252,-188,-12807,-24248,-1809,-2045,2439,0,0,0,0,1,0
317,164583,-8496,-745,-13055,-22296,-1538,-8094,2627,0,0,0,0,1,0
318,165104,-5408,-1272,-12805,-19485,-1209,-13832,2714,0,0,0,0,1,0
319,165625,-2105,-1751,-12064,-15921,-833,-19038,2696,0,0,0,0,1,0
320,166145,1284,-2163,-10863,-11741,-424,-23513,2575,0,0,0,0,1,0
321,166666,4631,-2492,-9247,-7108,0,-27084,2355,0,0,0,0,1,0
322,167187,7804,-2724,-7277,-2197,424,-29614,2045,0,0,0,0,1,0
323,167708,10684,-2852,-5031,2801,833,-31006,1655,0,0,0,0,1,0
324,168229,13159,-2871,-2594,7694,1209,-31207,1203,0,0,0,0,1,0
325,168750,15133,-2779,-59,12295,1538,-30208,704,0,0,0,0,1,0
326,169270,16531,-2580,2476,16427,1809,-28048,178,0,0,0,0,1,0
327,169791,17300,-2282,4913,19930,2010,-24811,-355,0,0,0,0,1,0
328,170312,17408,-1897,7159,22670,2134,-20620,-874,0,0,0,0,1,0
329,170833,16853,-1438,9128,24542,2176,-15637,-1360,0,0,0,0,1,0
330,171354,15654,-925,10744,25474,2134,-10053,-1793,0,0,0,0,1,0
331,171875,13860,-376,11945,25429,2010,-4082,-2157,0,0,0,0,1,0
332,172395,11537,188,12685,24410,1809,2045,-2439,0,0,0,0,1,0
333,172916,8775,745,12936,22456,1538,8094,-2627,0,0,0,0,1,0
334,173437,5681,1272,12687,19641,1209,13832,-2714,0,0,0,0,1,0
335,173958,2373,1751,11949,16074,833,19038,-2696,0,0,0,0,1,0
336,174479,-1021,2163,10750,11892,424,23513,-2575,0,0,0,0,1,0
337,175000,-4373,2492,9136,7255,0,27084,-2355,0,0,0,0,1,0
338,175520,-7552,2724,7169,2342,-424,29614,-2045,0,0,0,0,1,0
339,176041,-10436,2852,4925,-2659,-833,31006,-1655,0,0,0,0,1,0
340,176562,-12916,2871,2490,-7555,-1209,31207,-1203,0,0,0,0,1,0
341,177083,-14895,2779,-43,-12159,-1538,30208,-704,0,0,0,0,1,0
342,177604,-16298,2580,-2576,-16293,-1809,28048,-178,0,0,0,0,1,0
343,178125,-17070,2282,-5011,-19799,-2010,24811,355,0,0,0,0,1,0
344,178645,-17183,1897,-7256,-22542,-2134,20620,874,0,0,0,0,1,0
345,179166,-16632,1438,-9223,-24416,-2176,15637,1360,0,0,0,0,1,0
346,179687,-15438,925,-10837,-25350,-2134,10053,1793,0,0,0,0,1,0
347,180208,-13648,376,-12036,-25308,-2010,4082,2157,0,0,0,0,1,0
348,180729,-11329,-188,-12774,-24292,-1809,-2045,2439,0,0,0,0,1,0
349,181250,-8572,-745,-13023,-22339,-1538,-8094,2627,0,0,0,0,1,0
350,181770,-5481,-1272,-12773,-19527,-1209,-13832,2714,0,0,0,0,1,0
351,182291,-2177,-1751,-12033,-15962,-833,-19038,2696,0,0,0,0,1,0
352,182812,1214,-2163,-10833,-11782,-424,-23513,2575,0,0,0,0,1,0
353,183333,4561,-2492,-9217,-7147,0,-27084,2355,0,0,0,0,1,0
354,183854,7736,-2724,-7248,-2236,424,-29614,2045,0,0,0,0,1,0
355,184375,10617,-2852,-5002,2762,833,-31006,1655,0,0,0,0,1,0
356,184895,13093,-2871,-2566,7657,1209,-31207,1203,0,0,0,0,1,0
357,185416,15069,-2779,-32,12258,1538,-30208,704,0,0,0,0,1,0
358,185937,16468,-2580,2503,16391,1809,-28048,178,0,0,0,0,1,0
359,186458,17238,-2282,4939,19895,2010,-24811,-355,0,0,0,0,1,0
360,186979,17347,-1897,7185,22636,2134,-20620,-874,0,0,0,0,1,0
361,187500,16793,-1438,9154,24508,2176,-15637,-1360,0,0,0,0,1,0
362,188020,15596,-925,10769,25441,2134,-10053,-1793,0,0,0,0,1,0
363,188541,13802,-376,11970,25397,2010,-4082,-2157,0,0,0,0,1,0
364,189062,11481,188,12709,24378,1809,2045,-2439,0,0,0,0,1,0
365,189583,8720,745,12959,22424,1538,8094,-2627,0,0,0,0,1,0
366,190104,5627,1272,12710,19610,1209,13832,-2714,0,0,0,0,1,0
367,190625,2320,1751,11972,16044,833,19038,-2696,0,0,0,0,1,0
368,191145,-1073,2163,10772,11862,424,23513,-2575,0,0,0,0,1,0
369,191666,-4423,2492,9158,7226,0,27084,-2355,0,0,0,0,1,0
370,192187,-7601,2724,7190,2313,-424,29614,-2045,0,0,0,0,1,0
371,192708,-10485,2852,4946,-2687,-833,31006,-1655,0,0,0,0,1,0
372,193229,-12963,2871,2510,-7583,-1209,31207,-1203,0,0,0,0,1,0
373,193750,-14942,2779,-23,-12186,-1538,30208,-704,0,0,0,0,1,0
374,194270,-16344,2580,-2556,-16319,-1809,28048,-178,0,0,0,0,1,0
375,194791,-17115,2282,-4992,-19825,-2010,24811,355,0,0,0,0,1,0
376,195312,-17227,1897,-7237,-22567,-2134,20620,874,0,0,0,0,1,0
377,195833,-16676,1438,-9204,-24441,-2176,15637,1360,0,0,0,0,1,0
378,196354,-15481,925,-10819,-25375,-2134,10053,1793,0,0,0,0,1,0
379,196875,-13689,376,-12018,-25332,-2010,4082,2157,0,0,0,0,1,0
380,197395,-11370,-188,-12757,-24315,-1809,-2045,2439,0,0,0,0,1,0
381,197916,-8612,-745,-13006,-22362,-1538,-8094,2627,0,0,0,0,1,0
382,198437,-5521,-1272,-12756,-19549,-1209,-13832,2714,0,0,0,0,1,0
383,198958,-2216,-1751,-12017,-15984,-833,-19038,2696,0,0,0,0,1,0
384,199479,1176,-2163,-10816,-11804,-424,-23513,2575,0,0,0,0,1,0
385,200000,4524,-2492,-9201,-7169,0,-27084,2355,0,0,0,0,1,0
386,200520,7700,-2724,-7233,-2257,424,-29614,2045,0,0,0,0,1,0
387,201041,10582,-2852,-4987,2742,833,-31006,1655,0,0,0,0,1,0
388,201562,13058,-2871,-2551,7637,1209,-31207,1203,0,0,0,0,1,0
389,202083,15035,-2779,-17,12239,1538,-30208,704,0,0,0,0,1,0
390,202604,16435,-2580,2517,16371,1809,-28048,178,0,0,0,0,1,0
391,203125,17205,-2282,4954,19876,2010,-24811,-355,0,0,0,0,1,0
392,203645,17315,-1897,7199,22617,2134,-20620,-874,0,0,0,0,1,0
393,204166,16761,-1438,9167,24490,2176,-15637,-1360,0,0,0,0,1,0
394,204687,15565,-925,10783,25423,2134,-10053,-1793,0,0,0,0,1,0
395,205208,13772,-376,11983,25379,2010,-4082,-2157,0,0,0,0,1,0
396,205729,11451,188,12722,24361,1809,2045,-2439,0,0,0,0,1,0
397,206250,8691,745,12972,22408,1538,8094,-2627,0,0,0,0,1,0
398,206770,5599,1272,12723,19594,1209,13832,-2714,0,0,0,0,1,0
399,207291,2292,1751,11984,16028,833,19038,-2696,0,0,0,0,1,0
400,207812,-1101,2163,10784,11846,424,23513,-2575,0,0,0,0,1,0
401,208333,-4451,2492,9169,7211,0,27084,-2355,0,0,0,0,1,0
402,208854,-7628,2724,7202,2298,-424,29614,-2045,0,0,0,0,1,0
403,209375,-10511,2852,4957,-2702,-833,31006,-1655,0,0,0,0,1,0
404,209895,-12989,2871,2521,-7597,-1209,31207,-1203,0,0,0,0,1,0
405,210416,-14967,2779,-12,-12200,-1538,30208,-704,0,0,0,0,1,0
406,210937,-16368,2580,-2546,-16333,-1809,28048,-178,0,0,0,0,1,0
407,211458,-17139,2282,-4981,-19838,-2010,24811,355,0,0,0,0,1,0
408,211979,-17251,1897,-7226,-22581,-2134,20620,874,0,0,0,0,1,0
409,212500,-16699,1438,-9194,-24454,-2176,15637,1360,0,0,0,0,1,0
410,213020,-15504,925,-10809,-25388,-2134,10053,1793,0,0,0,0,1,0
411,213541,-13712,376,-12009,-25345,-2010,4082,2157,0,0,0,0,1,0
412,214062,-11392,-188,-12748,-24327,-1809,-2045,2439,0,0,0,0,1,0
413,214583,-8633,-745,-12997,-22375,-1538,-8094,2627,0,0,0,0,1,0
414,215104,-5542,-1272,-12747,-19561,-1209,-13832,2714,0,0,0,0,1,0
415,215625,-2237,-1751,-12008,-15996,-833,-19038,2696,0,0,0,0,1,0
416,216145,1156,-2163,-10808,-11815,-424,-23513,2575,0,0,0,0,1,0
417,216666,4504,-2492,-9192,-7180,0,-27084,2355,0,0,0,0,1,0
418,217187,7680,-2724,-7224,-2268,424,-29614,2045,0,0,0,0,1,0
419,217708,10563,-2852,-4979,2731,833,-31006,1655,0,0,0,0,1,0
420,218229,13040,-2871,-2543,7626,1209,-31207,1203,0,0,0,0,1,0
421,218750,15016,-2779,-9,12228,1538,-30208,704,0,0,0,0,1,0
422,219270,16417,-2580,2525,16361,1809,-28048,178,0,0,0,0,1,0
423,219791,17187,-2282,4961,19866,2010,-24811,-355,0,0,0,0,1,0
424,220312,17298,-1897,7206,22607,2134,-20620,-874,0,0,0,0,1,0
425,220833,16745,-1438,9174,24480,2176,-15637,-1360,0,0,0,0,1,0
426,221354,15548,-925,10790,25413,2134,-10053,-1793,0,0,0,0,1,0
427,221875,13756,-376,11990,25370,2010,-4082,-2157,0,0,0,0,1,0
428,222395,11435,188,12729,24352,1809,2045,-2439,0,0,0,0,1,0
429,222916,8675,745,12979,22399,1538,8094,-2627,0,0,0,0,1,0
430,223437,5583,1272,12729,19585,1209,13832,-2714,0,0,0,0,1,0
431,223958,2277,1751,11990,16019,833,19038,-2696,0,0,0,0,1,0
432,224479,-1116,2163,10791,11838,424,23513,-2575,0,0,0,0,1,0
433,225000,-4465,2492,9176,7202,0,27084,-2355,0,0,0,0,1,0
434,225520,-7642,2724,7208,2290,-424,29614,-2045,0,0,0,0,1,0
435,226041,-10525,2852,4963,-2710,-833,31006,-1655,0,0,0,0,1,0
436,226562,-13003,2871,2527,-7605,-1209,31207,-1203,0,0,0,0,1,0
437,227083,-14980,2779,-7,-12208,-1538,30208,-704,0,0,0,0,1,0
438,227604,-16381,2580,-2540,-16341,-1809,28048,-178,0,0,0,0,1,0
439,228125,-17152,2282,-4976,-19846,-2010,24811,355,0,0,0,0,1,0
440,228645,-17264,1897,-7221,-22588,-2134,20620,874,0,0,0,0,1,0
441,229166,-16711,1438,-9189,-24461,-2176,15637,1360,0,0,0,0,1,0
442,229687,-15516,925,-10804,-25395,-2134,10053,1793,0,0,0,0,1,0
443,230208,-13723,376,-12004,-25352,-2010,4082,2157,0,0,0,0,1,0
444,230729,-11403,-188,-12743,-24334,-1809,-2045,2439,0,0,0,0,1,0
445,231250,-8645,-745,-12992,-22381,-1538,-8094,2627,0,0,0,0,1,0
446,231770,-5553,-1272,-12742,-19568,-1209,-13832,2714,0,0,0,0,1,0
447,232291,-2248,-1751,-12003,-16002,-833,-19038,2696,0,0,0,0,1,0
448,232812,1145,-2163,-10803,-11821,-424,-23513,2575,0,0,0,0,1,0
449,233333,4494,-2492,-9188,-7186,0,-27084,2355,0,0,0,0,1,0
450,233854,7670,-2724,-7220,-2274,424,-29614,2045,0,0,0,0,1,0
451,234375,10552,-2852,-4975,2725,833,-31006,1655,0,0,0,0,1,0
452,234895,13030,-2871,-2538,7620,1209,-31207,1203,0,0,0,0,1,0
453,235416,15007,-2779,-5,12223,1538,-30208,704,0,0,0,0,1,0
454,235937,16407,-2580,2529,16356,1809,-28048,178,0,0,0,0,1,0
455,236458,17178,-2282,4965,19860,2010,-24811,-355,0,0,0,0,1,0
456,236979,17289,-1897,7210,22602,2134,-20620,-874,0,0,0,0,1,0
457,237500,16735,-1438,9178,24475,2176,-15637,-1360,0,0,0,0,1,0
458,238020,15540,-925,10793,25408,2134,-10053,-1793,0,0,0,0,1,0
459,238541,13747,-376,11994,25365,2010,-4082,-2157,0,0,0,0,1,0
460,239062,11426,188,12733,24347,1809,2045,-2439,0,0,0,0,1,0
461,239583,8667,745,12982,22394,1538,8094,-2627,0,0,0,0,1,0
462,240104,5575,1272,12733,19580,1209,13832,-2714,0,0,0,0,1,0
463,240625,2269,1751,11994,16015,833,19038,-2696,0,0,0,0,1,0
464,241145,-1123,2163,10794,11833,424,23513,-2575,0,0,0,0,1,0
465,241666,-4473,2492,9179,7198,0,27084,-2355,0,0,0,0,1,0
466,242187,-7650,2724,7211,2286,-424,29614,-2045,0,0,0,0,1,0
467,242708,-10532,2852,4966,-2714,-833,31006,-1655,0,0,0,0,1,0
468,243229,-13010,2871,2530,-7609,-1209,31207,-1203,0,0,0,0,1,0
469,243750,-14987,2779,-3,-12212,-1538,30208,-704,0,0,0,0,1,0
470,244270,-16388,2580,-2537,-16345,-1809,28048,-178,0,0,0,0,1,0
471,244791,-17159,2282,-4973,-19850,-2010,24811,355,0,0,0,0,1,0
472,245312,-17270,1897,-7218,-22592,-2134,20620,874,0,0,0,0,1,0
473,245833,-16718,1438,-9186,-24465,-2176,15637,1360,0,0,0,0,1,0
474,246354,-15522,925,-10801,-25398,-2134,10053,1793,0,0,0,0,1,0
475,246875,-13730,376,-12001,-25355,-2010,4082,2157,0,0,0,0,1,0
476,247395,-11410,-188,-12740,-24338,-1809,-2045,2439,0,0,0,0,1,0
477,247916,-8651,-745,-12989,-22385,-1538,-8094,2627,0,0,0,0,1,0
478,248437,-5559,-1272,-12740,-19571,-1209,-13832,2714,0,0,0,0,1,0
479,248958,-2253,-1751,-12001,-16005,-833,-19038,2696,0,0,0,0,1,0
480,249479,1139,-2163,-10801,-11825,-424,-23513,2575,0,0,0,0,1,0
481,250000,4488,-2492,-9186,-7189,0,-27084,2355,0,0,0,0,1,0
482,250520,7665,-2724,-7218,-2277,424,-29614,2045,0,0,0,0,1,0
483,251041,10547,-2852,-4972,2722,833,-31006,1655,0,0,0,0,1,0
484,251562,13024,-2871,-2536,7617,1209,-31207,1203,0,0,0,0,1,0
485,252083,15001,-2779,-3,12220,1538,-30208,704,0,0,0,0,1,0
486,252604,16402,-2580,2531,16353,1809,-28048,178,0,0,0,0,1,0
487,253125,17173,-2282,4967,19858,2010,-24811,-355,0,0,0,0,1,0
488,253645,17284,-1897,7212,22599,2134,-20620,-874,0,0,0,0,1,0
489,254166,16731,-1438,9180,24473,2176,-15637,-1360,0,0,0,0,1,0
490,254687,15535,-925,10795,25406,2134,-10053,-1793,0,0,0,0,1,0
491,255208,13742,-376,11996,25362,2010,-4082,-2157,0,0,0,0,1,0
492,255729,11422,188,12735,24345,1809,2045,-2439,0,0,0,0,1,0
493,256249,8663,745,12984,22391,1538,8094,-2627,0,0,0,0,1,0
494,256770,5571,1272,12735,19578,1209,13832,-2714,0,0,0,0,1,0
495,257291,2265,1751,11996,16012,833,19038,-2696,0,0,0,0,1,0
496,257812,-1128,2163,10796,11831,424,23513,-2575,0,0,0,0,1,0
497,258333,-4477,2492,9181,7195,0,27084,-2355,0,0,0,0,1,0
498,258854,-7654,2724,7213,2283,-424,29614,-2045,0,0,0,0,1,0
499,259375,-10536,2852,4968,-2716,-833,31006,-1655,0,0,0,0,1,0
500,259895,-13014,2871,2532,-7611,-1209,31207,-1203,0,0,0,0,1,0
501,260416,-14991,2779,-2,-12214,-1538,30208,-704,0,0,0,0,1,0
502,260937,-16392,2580,-2535,-16347,-1809,28048,-178,0,0,0,0,1,0
503,261458,-17163,2282,-4971,-19852,-2010,24811,355,0,0,0,0,1,0
504,261979,-17274,1897,-7217,-22594,-2134,20620,874,0,0,0,0,1,0
505,262500,-16721,1438,-9184,-24467,-2176,15637,1360,0,0,0,0,1,0
506,263020,-15526,925,-10799,-25400,-2134,10053,1793,0,0,0,0,1,0
507,263541,-13733,376,-11999,-25357,-2010,4082,2157,0,0,0,0,1,0
508,264062,-11413,-188,-12738,-24340,-1809,-2045,2439,0,0,0,0,1,0
509,264583,-8654,-745,-12988,-22386,-1538,-8094,2627,0,0,0,0,1,0
510,265104,-5562,-1272,-12738,-19573,-1209,-13832,2714,0,0,0,0,1,0
511,265625,-2257,-1751,-11999,-16007,-833,-19038,2696,0,0,0,0,1,0
512,266145,1136,-2163,-10799,-11826,-424,-23513,2575,0,0,0,0,1,0
513,266666,4485,-2492,-9184,-7191,0,-27084,2355,0,0,0,0,1,0
514,267187,7662,-2724,-7216,-2279,424,-29614,2045,0,0,0,0,1,0
515,267708,10544,-2852,-4971,2721,833,-31006,1655,0,0,0,0,1,0
516,268229,13021,-2871,-2535,7616,1209,-31207,1203,0,0,0,0,1,0
517,268750,14999,-2779,-1,12218,1538,-30208,704,0,0,0,0,1,0
518,269270,16399,-2580,2532,16351,1809,-28048,178,0,0,0,0,1,0
519,269791,17170,-2282,4968,19856,2010,-24811,-355,0,0,0,0,1,0
520,270312,17281,-1897,7214,22598,2134,-20620,-874,0,0,0,0,1,0
521,270833,16728,-1438,9181,24471,2176,-15637,-1360,0,0,0,0,1,0
522,271354,15532,-925,10797,25404,2134,-10053,-1793,0,0,0,0,1,0
523,271875,13740,-376,11997,25361,2010,-4082,-2157,0,0,0,0,1,0
524,272395,11419,188,12736,24343,1809,2045,-2439,0,0,0,0,1,0
525,272916,8660,745,12985,22390,1538,8094,-2627,0,0,0,0,1,0
526,273437,5568,1272,12736,19577,1209,13832,-2714,0,0,0,0,1,0
527,273958,2263,1751,11997,16011,833,19038,-2696,0,0,0,0,1,0
528,274479,-1130,2163,10797,11830,424,23513,-2575,0,0,0,0,1,0
529,275000,-4479,2492,9182,7194,0,27084,-2355,0,0,0,0,1,0
530,275520,-7656,2724,7214,2282,-424,29614,-2045,0,0,0,0,1,0
531,276041,-10538,2852,4969,-2717,-833,31006,-1655,0,0,0,0,1,0
532,276562,-13016,2871,2533,-7613,-1209,31207,-1203,0,0,0,0,1,0
533,277083,-14993,2779,-1,-12215,-1538,30208,-704,0,0,0,0,1,0
534,277604,-16394,2580,-2534,-16348,-1809,28048,-178,0,0,0,0,1,0
535,278125,-17165,2282,-4971,-19853,-2010,24811,355,0,0,0,0,1,0
536,278645,-17276,1897,-7216,-22595,-2134,20620,874,0,0,0,0,1,0
537,279166,-16723,1438,-9184,-24468,-2176,15637,1360,0,0,0,0,1,0
538,279687,-15527,925,-10799,-25401,-2134,10053,1793,0,0,0,0,1,0
539,280208,-13735,376,-11999,-25358,-2010,4082,2157,0,0,0,0,1,0
540,280729,-11415,-188,-12738,-24341,-1809,-2045,2439,0,0,0,0,1,0
541,281250,-8656,-745,-12987,-22387,-1538,-8094,2627,0,0,0,0,1,0
542,281770,-5564,-1272,-12738,-19574,-1209,-13832,2714,0,0,0,0,1,0
543,282291,-2258,-1751,-11999,-16008,-833,-19038,2696,0,0,0,0,1,0
544,282812,1134,-2163,-10799,-11827,-424,-23513,2575,0,0,0,0,1,0
545,283333,4483,-2492,-9184,-7192,0,-27084,2355,0,0,0,0,1,0
546,283854,7660,-2724,-7216,-2280,424,-29614,2045,0,0,0,0,1,0
547,284375,10543,-2852,-4970,2720,833,-31006,1655,0,0,0,0,1,0
548,284895,13020,-2871,-2534,7615,1209,-31207,1203,0,0,0,0,1,0
549,285416,14997,-2779,-1,12217,1538,-30208,704,0,0,0,0,1,0
550,285937,16398,-2580,2533,16350,1809,-28048,178,0,0,0,0,1,0
551,286458,17169,-2282,4969,19855,2010,-24811,-355,0,0,0,0,1,0
552,286979,17280,-1897,7214,22597,2134,-20620,-874,0,0,0,0,1,0
553,287500,16727,-1438,9182,24470,2176,-15637,-1360,0,0,0,0,1,0
554,288020,15531,-925,10797,25403,2134,-10053,-1793,0,0,0,0,1,0
555,288541,13739,-376,11997,25360,2010,-4082,-2157,0,0,0,0,1,0
556,289062,11418,188,12736,24343,1809,2045,-2439,0,0,0,0,1,0
557,289583,8659,745,12986,22389,1538,8094,-2627,0,0,0,0,1,0
558,290104,5567,1272,12736,19576,1209,13832,-2714,0,0,0,0,1,0
559,290625,2261,1751,11997,16010,833,19038,-2696,0,0,0,0,1,0
560,291145,-1131,2163,10797,11829,424,23513,-2575,0,0,0,0,1,0
561,291666,-4480,2492,9182,7194,0,27084,-2355,0,0,0,0,1,0
562,292187,-7657,2724,7214,2282,-424,29614,-2045,0,0,0,0,1,0
563,292708,-10540,2852,4969,-2718,-833,31006,-1655,0,0,0,0,1,0
564,293229,-13017,2871,2533,-7613,-1209,31207,-1203,0,0,0,0,1,0
565,293750,-14994,2779,-1,-12216,-1538,30208,-704,0,0,0,0,1,0
566,294270,-16395,2580,-2534,-16349,-1809,28048,-178,0,0,0,0,1,0
567,294791,-17166,2282,-4970,-19854,-2010,24811,355,0,0,0,0,1,0
568,295312,-17277,1897,-7215,-22595,-2134,20620,874,0,0,0,0,1,0
569,295833,-16724,1438,-9183,-24469,-2176,15637,1360,0,0,0,0,1,0
570,296354,-15528,925,-10798,-25402,-2134,10053,1793,0,0,0,0,1,0
571,296875,-13736,376,-11998,-25359,-2010,4082,2157,0,0,0,0,1,0
572,297395,-11416,-188,-12737,-24341,-1809,-2045,2439,0,0,0,0,1,0
573,297916,-8657,-745,-12987,-22388,-1538,-8094,2627,0,0,0,0,1,0
574,298437,-5565,-1272,-12737,-19574,-1209,-13832,2714,0,0,0,0,1,0
575,298958,-2259,-1751,-11998,-16009,-833,-19038,2696,0,0,0,0,1,0
576,299479,1133,-2163,-10798,-11828,-424,-23513,2575,0,0,0,0,1,0
577,300000,4482,-2492,-9183,-7192,0,-27084,2355,0,0,0,0,1,0
578,300520,7659,-2724,-7215,-2280,424,-29614,2045,0,0,0,0,1,0
579,301041,10542,-2852,-4970,2719,833,-31006,1655,0,0,0,0,1,0
580,301562,13019,-2871,-2534,7614,1209,-31207,1203,0,0,0,0,1,0
581,302083,14996,-2779,0,12217,1538,-30208,704,0,0,0,0,1,0
582,302604,16397,-2580,2533,16350,1809,-28048,178,0,0,0,0,1,0
583,303125,17168,-2282,4969,19855,2010,-24811,-355,0,0,0,0,1,0
584,303645,17279,-1897,7214,22596,2134,-20620,-874,0,0,0,0,1,0
585,304166,16726,-1438,9182,24470,2176,-15637,-1360,0,0,0,0,1,0
586,304687,15530,-925,10797,25403,2134,-10053,-1793,0,0,0,0,1,0
587,305208,13738,-376,11997,25360,2010,-4082,-2157,0,0,0,0,1,0
588,305729,11417,188,12737,24342,1809,2045,-2439,0,0,0,0,1,0
589,306250,8658,745,12986,22389,1538,8094,-2627,0,0,0,0,1,0
590,306770,5567,1272,12737,19576,1209,13832,-2714,0,0,0,0,1,0
591,307291,2261,1751,11998,16010,833,19038,-2696,0,0,0,0,1,0
592,307812,-1132,2163,10797,11829,424,23513,-2575,0,0,0,0,1,0
593,308333,-4481,2492,9182,7193,0,27084,-2355,0,0,0,0,1,0
594,308854,-7658,2724,7215,2281,-424,29614,-2045,0,0,0,0,1,0
595,309375,-10540,2852,4969,-2718,-833,31006,-1655,0,0,0,0,1,0
596,309895,-13018,2871,2533,-7614,-1209,31207,-1203,0,0,0,0,1,0
597,310416,-14995,2779,0,-12216,-1538,30208,-704,0,0,0,0,1,0
598,310937,-16396,2580,-2534,-16349,-1809,28048,-178,0,0,0,0,1,0
599,311458,-17166,2282,-4970,-19854,-2010,24811,355,0,0,0,0,1,0
600,311979,-17277,1897,-7215,-22596,-2134,20620,874,0,0,0,0,1,0
601,312500,-16725,1438,-9183,-24469,-2176,15637,1360,0,0,0,0,1,0
602,313020,-15529,925,-10798,-25402,-2134,10053,1793,0,0,0,0,1,0
603,313541,-13736,376,-11998,-25359,-2010,4082,2157,0,0,0,0,1,0
604,314062,-11416,-188,-12737,-24341,-1809,-2045,2439,0,0,0,0,1,0
605,314583,-8657,-745,-12987,-22388,-1538,-8094,2627,0,0,0,0,1,0
606,315104,-5565,-1272,-12737,-19575,-1209,-13832,2714,0,0,0,0,1,0
607,315625,-2260,-1751,-11998,-16009,-833,-19038,2696,0,0,0,0,1,0
608,316145,1133,-2163,-10798,-11828,-424,-23513,2575,0,0,0,0,1,0
609,316666,4482,-2492,-9183,-7192,0,-27084,2355,0,0,0,0,1,0
610,317187,7659,-2724,-7215,-2281,424,-29614,2045,0,0,0,0,1,0
611,317708,10541,-2852,-4970,2719,833,-31006,1655,0,0,0,0,1,0
612,318229,13019,-2871,-2534,7614,1209,-31207,1203,0,0,0,0,1,0
613,318750,14996,-2779,0,12217,1538,-30208,704,0,0,0,0,1,0
614,319270,16397,-2580,2533,16350,1809,-28048,178,0,0,0,0,1,0
615,319791,17167,-2282,4969,19855,2010,-24811,-355,0,0,0,0,1,0
616,320312,17279,-1897,7215,22596,2134,-20620,-874,0,0,0,0,1,0
617,320833,16726,-1438,9183,24470,2176,-15637,-1360,0,0,0,0,1,0
618,321354,15530,-925,10798,25403,2134,-10053,-1793,0,0,0,0,1,0
619,321875,13737,-376,11998,25360,2010,-4082,-2157,0,0,0,0,1,0
620,322395,11417,188,12737,24342,1809,2045,-2439,0,0,0,0,1,0
621,322916,8658,745,12986,22389,1538,8094,-2627,0,0,0,0,1,0
622,323437,5566,1272,12737,19575,1209,13832,-2714,0,0,0,0,1,0
623,323958,2260,1751,11998,16010,833,19038,-2696,0,0,0,0,1,0
624,324479,-1132,2163,10798,11829,424,23513,-2575,0,0,0,0,1,0
625,325000,-4481,2492,9183,7193,0,27084,-2355,0,0,0,0,1,0
626,325520,-7658,2724,7215,2281,-424,29614,-2045,0,0,0,0,1,0
627,326041,-10540,2852,4970,-2719,-833,31006,-1655,0,0,0,0,1,0
628,326562,-13018,2871,2533,-7614,-1209,31207,-1203,0,0,0,0,1,0
629,327083,-14995,2779,0,-12216,-1538,30208,-704,0,0,0,0,1,0
630,327604,-16396,2580,-2534,-16349,-1809,28048,-178,0,0,0,0,1,0
631,328125,-17167,2282,-4970,-19854,-2010,24811,355,0,0,0,0,1,0
632,328645,-17278,1897,-7215,-22596,-2134,20620,874,0,0,0,0,1,0
633,329166,-16725,1438,-9183,-24469,-2176,15637,1360,0,0,0,0,1,0
634,329687,-15529,925,-10798,-25402,-2134,10053,1793,0,0,0,0,1,0
635,330208,-13737,376,-11998,-25359,-2010,4082,2157,0,0,0,0,1,0
636,330729,-11416,-188,-12737,-24342,-1809,-2045,2439,0,0,0,0,1,0
637,331250,-8657,-745,-12986,-22388,-1538,-8094,2627,0,0,0,0,1,0
638,331770,-5565,-1272,-12737,-19575,-1209,-13832,2714,0,0,0,0,1,0
639,332291,-2260,-1751,-11998,-16009,-833,-19038,2696,0,0,0,0,1,0
640,332812,1133,-2163,-10798,-11828,-424,-23513,2575,0,0,0,0,1,0
641,333333,4482,-2492,-9183,-7193,0,-27084,2355,0,0,0,0,1,0
642,333854,422,-2048,1626,0,5305,-25751,20446,0,0,0,0,1,0
643,334375,828,-2145,1317,0,10407,-26962,16555,0,0,0,0,1,0
644,334895,1202,-2159,957,0,15108,-27136,12028,0,0,0,0,1,0
645,335416,1530,-2089,560,0,19229,-26268,7038,0,0,0,0,1,0
646,335937,1799,-1940,141,0,22611,-24390,1779,0,0,0,0,1,0
647,336458,1999,-1716,-282,0,25124,-21575,-3550,0,0,0,0,1,0
648,336979,2122,-1426,-695,0,26672,-17931,-8741,0,0,0,0,1,0
649,337500,2163,-1082,-1082,0,27194,-13597,-13597,0,0,0,0,1,0
650,338020,2122,-695,-1426,0,26672,-8741,-17931,0,0,0,0,1,0
651,338541,1999,-282,-1716,0,25124,-3550,-21575,0,0,0,0,1,0
652,339062,1799,141,-1940,0,22611,1779,-24390,0,0,0,0,1,0
653,339583,1530,560,-2089,0,19229,7038,-26268,0,0,0,0,1,0
654,340104,1202,957,-2159,0,15108,12028,-27136,0,0,0,0,1,0
655,340625,828,1317,-2145,0,10407,16555,-26962,0,0,0,0,1,0
656,341145,422,1626,-2048,0,5305,20446,-25751,0,0,0,0,1,0
657,341666,0,1873,-1873,0,0,23551,-23551,0,0,0,0,1,0
658,342187,-422,2048,-1626,0,-5305,25751,-20446,0,0,0,0,1,0
659,342708,-828,2145,-1317,0,-10407,26962,-16555,0,0,0,0,1,0
660,343229,-1202,2159,-957,0,-15108,27136,-12028,0,0,0,0,1,0
661,343750,-1530,2089,-560,0,-19229,26268,-7038,0,0,0,0,1,0
662,344270,-1799,1940,-141,0,-22611,24390,-1779,0,0,0,0,1,0
663,344791,-1999,1716,282,0,-25124,21575,3550,0,0,0,0,1,0
664,345312,-2122,1426,695,0,-26672,17931,8741,0,0,0,0,1,0
665,345833,-2163,1082,1082,0,-27194,13597,13597,0,0,0,0,1,0
666,346354,-2122,695,1426,0,-26672,8741,17931,0,0,0,0,1,0
667,346875,-1999,282,1716,0,-25124,3550,21575,0,0,0,0,1,0
668,347395,-1799,-141,1940,0,-22611,-1779,24390,0,0,0,0,1,0
669,347916,-1530,-560,2089,0,-19229,-7038,26268,0,0,0,0,1,0
670,348437,-1202,-957,2159,0,-15108,-12028,27136,0,0,0,0,1,0
671,348958,-828,-1317,2145,0,-10407,-16555,26962,0,0,0,0,1,0
672,349479,-422,-1626,2048,0,-5305,-20446,25751,0,0,0,0,1,0
673,350000,0,-1873,1873,0,0,-23551,23551,0,0,0,0,1,0
674,350520,422,-2048,1626,0,5305,-25751,20446,0,0,0,0,1,0
675,351041,828,-2145,1317,0,10407,-26962,16555,0,0,0,0,1,0
676,351562,1202,-2159,957,0,15108,-27136,12028,0,0,0,0,1,0
677,352083,1530,-2089,560,0,19229,-26268,7038,0,0,0,0,1,0
678,352604,1799,-1940,141,0,22611,-24390,1779,0,0,0,0,1,0
679,353125,1999,-1716,-282,0,25124,-21575,-3550,0,0,0,0,1,0
680,353645,2122,-1426,-695,0,26672,-17931,-8741,0,0,0,0,1,0
681,354166,2163,-1082,-1082,0,27194,-13597,-13597,0,0,0,0,1,0
682,354687,2122,-695,-1426,0,26672,-8741,-17931,0,0,0,0,1,0
683,355208,1999,-282,-1716,0,25124,-3550,-21575,0,0,0,0,1,0
684,355729,1799,141,-1940,0,22611,1779,-24390,0,0,0,0,1,0
685,356250,1530,560,-2089,0,19229,7038,-26268,0,0,0,0,1,0
686,356770,1202,957,-2159,0,15108,12028,-27136,0,0,0,0,1,0
687,357291,828,1317,-2145,0,10407,16555,-26962,0,0,0,0,1,0
688,357812,422,1626,-2048,0,5305,20446,-25751,0,0,0,0,1,0
689,358333,0,1873,-1873,0,0,23551,-23551,0,0,0,0,1,0
690,358854,-422,2048,-1626,0,-5305,25751,-20446,0,0,0,0,1,0
691,359375,-828,2145,-1317,0,-10407,26962,-16555,0,0,0,0,1,0
692,359895,-1202,2159,-957,0,-15108,27136,-12028,0,0,0,0,1,0
693,360416,-1530,2089,-560,0,-19229,26268,-7038,0,0,0,0,1,0
694,360937,-1799,1940,-141,0,-22611,24390,-1779,0,0,0,0,1,0
695,361458,-1999,1716,282,0,-25124,21575,3550,0,0,0,0,1,0
696,361979,-2122,1426,695,0,-26672,17931,8741,0,0,0,0,1,0
697,362500,-2163,1082,1082,0,-27194,13597,13597,0,0,0,0,1,0
698,363020,-2122,695,1426,0,-26672,8741,17931,0,0,0,0,1,0
699,363541,-1999,282,1716,0,-25124,3550,21575,0,0,0,0,1,0
700,364062,-1799,-141,1940,0,-22611,-1779,24390,0,0,0,0,1,0
701,364583,-1530,-560,2089,0,-19229,-7038,26268,0,0,0,0,1,0
702,365104,-1202,-957,2159,0,-15108,-12028,27136,0,0,0,0,1,0
703,365625,-828,-1317,2145,0,-10407,-16555,26962,0,0,0,0,1,0
704,366145,-422,-1626,2048,0,-5305,-20446,25751,0,0,0,0,1,0
705,366666,0,-1873,1873,0,0,-23551,23551,0,0,0,0,1,0
706,367187,422,-2048,1626,0,5305,-25751,20446,0,0,0,0,1,0
707,367708,828,-2145,1317,0,10407,-26962,16555,0,0,0,0,1,0
708,368229,1202,-2159,957,0,15108,-27136,12028,0,0,0,0,1,0
709,368750,1530,-2089,560,0,19229,-26268,7038,0,0,0,0,1,0
710,369270,1799,-1940,141,0,22611,-24390,1779,0,0,0,0,1,0
711,369791,1999,-1716,-282,0,25124,-21575,-3550,0,0,0,0,1,0
712,370312,2122,-1426,-695,0,26672,-17931,-8741,0,0,0,0,1,0
713,370833,2163,-1082,-1082,0,27194,-13597,-13597,0,0,0,0,1,0
714,371354,2122,-695,-1426,0,26672,-8741,-17931,0,0,0,0,1,0
715,371875,1999,-282,-1716,0,25124,-3550,-21575,0,0,0,0,1,0
716,372395,1799,141,-1940,0,22611,1779,-24390,0,0,0,0,1,0
717,372916,1530,560,-2089,0,19229,7038,-26268,0,0,0,0,1,0
718,373437,1202,957,-2159,0,15108,12028,-27136,0,0,0,0,1,0
719,373958,828,1317,-2145,0,10407,16555,-26962,0,0,0,0,1,0
720,374479,422,1626,-2048,0,5305,20446,-25751,0,0,0,0,1,0
721,375000,0,1873,-1873,0,0,23551,-23551,0,0,0,0,1,0
722,375520,-422,2048,-1626,0,-5305,25751,-20446,0,0,0,0,1,0
723,376041,-828,2145,-1317,0,-10407,26962,-16555,0,0,0,0,1,0
724,376562,-1202,2159,-957,0,-15108,27136,-12028,0,0,0,0,1,0
725,377083,-1530,2089,-560,0,-19229,26268,-7038,0,0,0,0,1,0
726,377604,-1799,1940,-141,0,-22611,24390,-1779,0,0,0,0,1,0
727,378125,-1999,1716,282,0,-25124,21575,3550,0,0,0,0,1,0
728,378645,-2122,1426,695,0,-26672,17931,8741,0,0,0,0,1,0
729,379166,-2163,1082,1082,0,-27194,13597,13597,0,0,0,0,1,0
730,379687,-2122,695,1426,0,-26672,8741,17931,0,0,0,0,1,0
731,380208,-1999,282,1716,0,-25124,3550,21575,0,0,0,0,1,0
732,380729,-1799,-141,1940,0,-22611,-1779,24390,0,0,0,0,1,0
733,381250,-1530,-560,2089,0,-19229,-7038,26268,0,0,0,0,1,0
734,381770,-1202,-957,2159,0,-15108,-12028,27136,0,0,0,0,1,0
735,382291,-828,-1317,2145,0,-10407,-16555,26962,0,0,0,0,1,0
736,382812,-422,-1626,2048,0,-5305,-20446,25751,0,0,0,0,1,0
737,383333,0,-1873,1873,0,0,-23551,23551,0,0,0,0,1,0
738,383854,422,-2048,1626,0,5305,-25751,20446,0,0,0,0,1,0
739,384375,828,-2145,1317,0,10407,-26962,16555,0,0,0,0,1,0
740,384895,1202,-2159,957,0,15108,-27136,12028,0,0,0,0,1,0
741,385416,1530,-2089,560,0,19229,-26268,7038,0,0,0,0,1,0
742,385937,1799,-1940,141,0,22611,-24390,1779,0,0,0,0,1,0
743,386458,1999,-1716,-282,0,25124,-21575,-3550,0,0,0,0,1,0
744,386979,2122,-1426,-695,0,26672,-17931,-8741,0,0,0,0,1,0
745,387500,2163,-1082,-1082,0,27194,-13597,-13597,0,0,0,0,1,0
746,388020,2122,-695,-1426,0,26672,-8741,-17931,0,0,0,0,1,0
747,388541,1999,-282,-1716,0,25124,-3550,-21575,0,0,0,0,1,0
748,389062,1799,141,-1940,0,22611,1779,-24390,0,0,0,0,1,0
749,389583,1530,560,-2089,0,19229,7038,-26268,0,0,0,0,1,0
750,390104,1202,957,-2159,0,15108,12028,-27136,0,0,0,0,1,0
751,390625,828,1317,-2145,0,10407,16555,-26962,0,0,0,0,1,0
752,391145,422,1626,-2048,0,5305,20446,-25751,0,0,0,0,1,0
753,391666,0,1873,-1873,0,0,23551,-23551,0,0,0,0,1,0
754,392187,-422,2048,-1626,0,-5305,25751,-20446,0,0,0,0,1,0
755,392708,-828,2145,-1317,0,-10407,26962,-16555,0,0,0,0,1,0
756,393229,-1202,2159,-957,0,-15108,27136,-12028,0,0,0,0,1,0
757,393750,-1530,2089,-560,0,-19229,26268,-7038,0,0,0,0,1,0
758,394270,-1799,1940,-141,0,-22611,24390,-1779,0,0,0,0,1,0
759,394791,-1999,1716,282,0,-25124,21575,3550,0,0,0,0,1,0
760,395312,-2122,1426,695,0,-26672,17931,8741,0,0,0,0,1,0
761,395833,-2163,1082,1082,0,-27194,13597,13597,0,0,0,0,1,0
762,396354,-2122,695,1426,0,-26672,8741,17931,0,0,0,0,1,0
763,396875,-1999,282,1716,0,-25124,3550,21575,0,0,0,0,1,0
764,397395,-1799,-141,1940,0,-22611,-1779,24390,0,0,0,0,1,0
765,397916,-1530,-560,2089,0,-19229,-7038,26268,0,0,0,0,1,0
766,398437,-1202,-957,2159,0,-15108,-12028,27136,0,0,0,0,1,0
767,398958,-828,-1317,2145,0,-10407,-16555,26962,0,0,0,0,1,0
768,399479,-422,-1626,2048,0,-5305,-20446,25751,0,0,0,0,1,0
769,400000,0,-1873,1873,0,0,-23551,23551,0,0,0,0,1,0
770,400520,422,-2048,1626,0,5305,-25751,20446,0,0,0,0,1,0
771,401041,828,-2145,1317,0,10407,-26962,16555,0,0,0,0,1,0
772,401562,1202,-2159,957,0,15108,-27136,12028,0,0,0,0,1,0
773,402083,1530,-2089,560,0,19229,-26268,7038,0,0,0,0,1,0
774,402604,1799,-1940,141,0,22611,-24390,1779,0,0,0,0,1,0
775,403125,1999,-1716,-282,0,25124,-21575,-3550,0,0,0,0,1,0
776,403645,2122,-1426,-695,0,26672,-17931,-8741,0,0,0,0,1,0
777,404166,2163,-1082,-1082,0,27194,-13597,-13597,0,0,0,0,1,0
778,404687,2122,-695,-1426,0,26672,-8741,-17931,0,0,0,0,1,0
779,405208,1999,-282,-1716,0,25124,-3550,-21575,0,0,0,0,1,0
780,405729,1799,141,-1940,0,22611,1779,-24390,0,0,0,0,1,0
781,406250,1530,560,-2089,0,19229,7038,-26268,0,0,0,0,1,0
782,406770,1202,957,-2159,0,15108,12028,-27136,0,0,0,0,1,0
783,407291,828,1317,-2145,0,10407,16555,-26962,0,0,0,0,1,0
784,407812,422,1626,-2048,0,5305,20446,-25751,0,0,0,0,1,0
785,408333,0,1873,-1873,0,0,23551,-23551,0,0,0,0,1,0
786,408854,-422,2048,-1626,0,-5305,25751,-20446,0,0,0,0,1,0
787,409375,-828,2145,-1317,0,-10407,26962,-16555,0,0,0,0,1,0
788,409895,-1202,2159,-957,0,-15108,27136,-12028,0,0,0,0,1,0
789,410416,-1530,2089,-560,0,-19229,26268,-7038,0,0,0,0,1,0
790,410937,-1799,1940,-141,0,-22611,24390,-1779,0,0,0,0,1,0
791,411458,-1999,1716,282,0,-25124,21575,3550,0,0,0,0,1,0
792,411979,-2122,1426,695,0,-26672,17931,8741,0,0,0,0,1,0
793,412500,-2163,1082,1082,0,-27194,13597,13597,0,0,0,0,1,0
794,413020,-2122,695,1426,0,-26672,8741,17931,0,0,0,0,1,0
795,413541,-1999,282,1716,0,-25124,3550,21575,0,0,0,0,1,0
796,414062,-1799,-141,1940,0,-22611,-1779,24390,0,0,0,0,1,0
797,414583,-1530,-560,2089,0,-19229,-7038,26268,0,0,0,0,1,0
798,415104,-1202,-957,2159,0,-15108,-12028,27136,0,0,0,0,1,0
799,415625,-828,-1317,2145,0,-10407,-16555,26962,0,0,0,0,1,0
800,416145,-422,-1626,2048,0,-5305,-20446,25751,0,0,0,0,1,0
801,416666,0,-1873,1873,0,0,-23551,23551,0,0,0,0,1,0
802,417187,422,-2048,1626,0,5305,-25751,20446,0,0,0,0,1,0
803,417708,828,-2145,1317,0,10407,-26962,16555,0,0,0,0,1,0
804,418229,1202,-2159,957,0,15108,-27136,12028,0,0,0,0,1,0
805,418750,1530,-2089,560,0,19229,-26268,7038,0,0,0,0,1,0
806,419270,1799,-1940,141,0,22611,-24390,1779,0,0,0,0,1,0
807,419791,1999,-1716,-282,0,25124,-21575,-3550,0,0,0,0,1,0
808,420312,2122,-1426,-695,0,26672,-17931,-8741,0,0,0,0,1,0
809,420833,2163,-1082,-1082,0,27194,-13597,-13597,0,0,0,0,1,0
810,421354,2122,-695,-1426,0,26672,-8741,-17931,0,0,0,0,1,0
811,421875,1999,-282,-1716,0,25124,-3550,-21575,0,0,0,0,1,0
812,422395,1799,141,-1940,0,22611,1779,-24390,0,0,0,0,1,0
813,422916,1530,560,-2089,0,19229,7038,-26268,0,0,0,0,1,0
814,423437,1202,957,-2159,0,15108,12028,-27136,0,0,0,0,1,0
815,423958,828,1317,-2145,0,10407,16555,-26962,0,0,0,0,1,0
816,424479,422,1626,-2048,0,5305,20446,-25751,0,0,0,0,1,0
817,425000,0,1873,-1873,0,0,23551,-23551,0,0,0,0,1,0
818,425520,-422,2048,-1626,0,-5305,25751,-20446,0,0,0,0,1,0
819,426041,-828,2145,-1317,0,-10407,26962,-16555,0,0,0,0,1,0
820,426562,-1202,2159,-957,0,-15108,27136,-12028,0,0,0,0,1,0
821,427083,-1530,2089,-560,0,-19229,26268,-7038,0,0,0,0,1,0
822,427604,-1799,1940,-141,0,-22611,24390,-1779,0,0,0,0,1,0
823,428125,-1999,1716,282,0,-25124,21575,3550,0,0,0,0,1,0
824,428645,-2122,1426,695,0,-26672,17931,8741,0,0,0,0,1,0
825,429166,-2163,1082,1082,0,-27194,13597,13597,0,0,0,0,1,0
826,429687,-2122,695,1426,0,-26672,8741,17931,0,0,0,0,1,0
827,430208,-1999,282,1716,0,-25124,3550,21575,0,0,0,0,1,0
828,430729,-1799,-141,1940,0,-22611,-1779,24390,0,0,0,0,1,0
829,431250,-1530,-560,2089,0,-19229,-7038,26268,0,0,0,0,1,0
830,431770,-1202,-957,2159,0,-15108,-12028,27136,0,0,0,0,1,0
831,432291,-828,-1317,2145,0,-10407,-16555,26962,0,0,0,0,1,0
832,432812,-422,-1626,2048,0,-5305,-20446,25751,0,0,0,0,1,0
833,433333,0,-1873,1873,0,0,-23551,23551,0,0,0,0,1,0
834,433854,422,-2048,1626,0,5305,-25751,20446,0,0,0,0,1,0
835,434375,828,-2145,1317,0,10407,-26962,16555,0,0,0,0,1,0
836,434895,1202,-2159,957,0,15108,-27136,12028,0,0,0,0,1,0
837,435416,1530,-2089,560,0,19229,-26268,7038,0,0,0,0,1,0
838,435937,1799,-1940,141,0,22611,-24390,1779,0,0,0,0,1,0
839,436458,1999,-1716,-282,0,25124,-21575,-3550,0,0,0,0,1,0
840,436979,2122,-1426,-695,0,26672,-17931,-8741,0,0,0,0,1,0
841,437500,2163,-1082,-1082,0,27194,-13597,-13597,0,0,0,0,1,0
842,438020,2122,-695,-1426,0,26672,-8741,-17931,0,0,0,0,1,0
843,438541,1999,-282,-1716,0,25124,-3550,-21575,0,0,0,0,1,0
844,439062,1799,141,-1940,0,22611,1779,-24390,0,0,0,0,1,0
845,439583,1530,560,-2089,0,19229,7038,-26268,0,0,0,0,1,0
846,440104,1202,957,-2159,0,15108,12028,-27136,0,0,0,0,1,0
847,440625,828,1317,-2145,0,10407,16555,-26962,0,0,0,0,1,0
848,441145,422,1626,-2048,0,5305,20446,-25751,0,0,0,0,1,0
849,441666,0,1873,-1873,0,0,23551,-23551,0,0,0,0,1,0
850,442187,-422,2048,-1626,0,-5305,25751,-20446,0,0,0,0,1,0
851,442708,-828,2145,-1317,0,-10407,26962,-16555,0,0,0,0,1,0
852,443229,-1202,2159,-957,0,-15108,27136,-12028,0,0,0,0,1,0
853,443750,-1530,2089,-560,0,-19229,26268,-7038,0,0,0,0,1,0
854,444270,-1799,1940,-141,0,-22611,24390,-1779,0,0,0,0,1,0
855,444791,-1999,1716,282,0,-25124,21575,3550,0,0,0,0,1,0
856,445312,-2122,1426,695,0,-26672,17931,8741,0,0,0,0,1,0
857,445833,-2163,1082,1082,0,-27194,13597,13597,0,0,0,0,1,0
858,446354,-2122,695,1426,0,-26672,8741,17931,0,0,0,0,1,0
859,446875,-1999,282,1716,0,-25124,3550,21575,0,0,0,0,1,0
860,447395,-1799,-141,1940,0,-22611,-1779,24390,0,0,0,0,1,0
861,447916,-1530,-560,2089,0,-19229,-7038,26268,0,0,0,0,1,0
862,448437,-1202,-957,2159,0,-15108,-12028,27136,0,0,0,0,1,0
863,448958,-828,-1317,2145,0,-10407,-16555,26962,0,0,0,0,1,0
864,449479,-422,-1626,2048,0,-5305,-20446,25751,0,0,0,0,1,0
865,450000,0,-1873,1873,0,0,-23551,23551,0,0,0,0,1,0
866,450520,422,-2048,1626,0,5305,-25751,20446,0,0,0,0,1,0
867,451041,828,-2145,1317,0,10407,-26962,16555,0,0,0,0,1,0
868,451562,1202,-2159,957,0,15108,-27136,12028,0,0,0,0,1,0
869,452083,1530,-2089,560,0,19229,-26268,7038,0,0,0,0,1,0
870,452604,1799,-1940,141,0,22611,-24390,1779,0,0,0,0,1,0
871,453125,1999,-1716,-282,0,25124,-21575,-3550,0,0,0,0,1,0
872,453645,2122,-1426,-695,0,26672,-17931,-8741,0,0,0,0,1,0
873,454166,2163,-1082,-1082,0,27194,-13597,-13597,0,0,0,0,1,0
874,454687,2122,-695,-1426,0,26672,-8741,-17931,0,0,0,0,1,0
875,455208,1999,-282,-1716,0,25124,-3550,-21575,0,0,0,0,1,0
876,455729,1799,141,-1940,0,22611,1779,-24390,0,0,0,0,1,0
877,456250,1530,560,-2089,0,19229,7038,-26268,0,0,0,0,1,0
878,456770,1202,957,-2159,0,15108,12028,-27136,0,0,0,0,1,0
879,457291,828,1317,-2145,0,10407,16555,-26962,0,0,0,0,1,0
880,457812,422,1626,-2048,0,5305,20446,-25751,0,0,0,0,1,0
881,458333,0,1873,-1873,0,0,23551,-23551,0,0,0,0,1,0
882,458854,-422,2048,-1626,0,-5305,25751,-20446,0,0,0,0,1,0
883,459375,-828,2145,-1317,0,-10407,26962,-16555,0,0,0,0,1,0
884,459895,-1202,2159,-957,0,-15108,27136,-12028,0,0,0,0,1,0
885,460416,-1530,2089,-560,0,-19229,26268,-7038,0,0,0,0,1,0
886,460937,-1799,1940,-141,0,-22611,24390,-1779,0,0,0,0,1,0
887,461458,-1999,1716,282,0,-25124,21575,3550,0,0,0,0,1,0
888,461979,-2122,1426,695,0,-26672,17931,8741,0,0,0,0,1,0
889,462500,-2163,1082,1082,0,-27194,13597,13597,0,0,0,0,1,0
890,463020,-2122,695,1426,0,-26672,8741,17931,0,0,0,0,1,0
891,463541,-1999,282,1716,0,-25124,3550,21575,0,0,0,0,1,0
892,464062,-1799,-141,1940,0,-22611,-1779,24390,0,0,0,0,1,0
893,464583,-1530,-560,2089,0,-19229,-7038,26268,0,0,0,0,1,0
894,465104,-1202,-957,2159,0,-15108,-12028,27136,0,0,0,0,1,0
895,465625,-828,-1317,2145,0,-10407,-16555,26962,0,0,0,0,1,0
896,466145,-422,-1626,2048,0,-5305,-20446,25751,0,0,0,0,1,0
897,466666,0,-1873,1873,0,0,-23551,23551,0,0,0,0,1,0
898,467187,422,-2048,1626,0,5305,-25751,20446,0,0,0,0,1,0
899,467708,828,-2145,1317,0,10407,-26962,16555,0,0,0,0,1,0
900,468229,1202,-2159,957,0,15108,-27136,12028,0,0,0,0,1,0
901,468750,1530,-2089,560,0,19229,-26268,7038,0,0,0,0,1,0
902,469270,1799,-1940,141,0,22611,-24390,1779,0,0,0,0,1,0
903,469791,1999,-1716,-282,0,25124,-21575,-3550,0,0,0,0,1,0
904,470312,2122,-1426,-695,0,26672,-17931,-8741,0,0,0,0,1,0
905,470833,2163,-1082,-1082,0,27194,-13597,-13597,0,0,0,0,1,0
906,471354,2122,-695,-1426,0,26672,-8741,-17931,0,0,0,0,1,0
907,471875,1999,-282,-1716,0,25124,-3550,-21575,0,0,0,0,1,0
908,472395,1799,141,-1940,0,22611,1779,-24390,0,0,0,0,1,0
909,472916,1530,560,-2089,0,19229,7038,-26268,0,0,0,0,1,0
910,473437,1202,957,-2159,0,15108,12028,-27136,0,0,0,0,1,0
911,473958,828,1317,-2145,0,10407,16555,-26962,0,0,0,0,1,0
912,474479,422,1626,-2048,0,5305,20446,-25751,0,0,0,0,1,0
913,475000,0,1873,-1873,0,0,23551,-23551,0,0,0,0,1,0
914,475520,-422,2048,-1626,0,-5305,25751,-20446,0,0,0,0,1,0
915,476041,-828,2145,-1317,0,-10407,26962,-16555,0,0,0,0,1,0
916,476562,-1202,2159,-957,0,-15108,27136,-12028,0,0,0,0,1,0
917,477083,-1530,2089,-560,0,-19229,26268,-7038,0,0,0,0,1,0
918,477604,-1799,1940,-141,0,-22611,24390,-1779,0,0,0,0,1,0
919,478125,-1999,1716,282,0,-25124,21575,3550,0,0,0,0,1,0
920,478645,-2122,1426,695,0,-26672,17931,8741,0,0,0,0,1,0
921,479166,-2163,1082,1082,0,-27194,13597,13597,0,0,0,0,1,0
922,479687,-2122,695,1426,0,-26672,8741,17931,0,0,0,0,1,0
923,480208,-1999,282,1716,0,-25124,3550,21575,0,0,0,0,1,0
924,480729,-1799,-141,1940,0,-22611,-1779,24390,0,0,0,0,1,0
925,481250,-1530,-560,2089,0,-19229,-7038,26268,0,0,0,0,1,0
926,481770,-1202,-957,2159,0,-15108,-12028,27136,0,0,0,0,1,0
927,482291,-828,-1317,2145,0,-10407,-16555,26962,0,0,0,0,1,0
928,482812,-422,-1626,2048,0,-5305,-20446,25751,0,0,0,0,1,0
929,483333,0,-1873,1873,0,0,-23551,23551,0,0,0,0,1,0
930,483854,422,-2048,1626,0,5305,-25751,20446,0,0,0,0,1,0
931,484375,828,-2145,1317,0,10407,-26962,16555,0,0,0,0,1,0
932,484895,1202,-2159,957,0,15108,-27136,12028,0,0,0,0,1,0
933,485416,1530,-2089,560,0,19229,-26268,7038,0,0,0,0,1,0
934,485937,1799,-1940,141,0,22611,-24390,1779,0,0,0,0,1,0
935,486458,1999,-1716,-282,0,25124,-21575,-3550,0,0,0,0,1,0
936,486979,2122,-1426,-695,0,26672,-17931,-8741,0,0,0,0,1,0
937,487500,2163,-1082,-1082,0,27194,-13597,-13597,0,0,0,0,1,0
938,488020,2122,-695,-1426,0,26672,-8741,-17931,0,0,0,0,1,0
939,488541,1999,-282,-1716,0,25124,-3550,-21575,0,0,0,0,1,0
940,489062,1799,141,-1940,0,22611,1779,-24390,0,0,0,0,1,0
941,489583,1530,560,-2089,0,19229,7038,-26268,0,0,0,0,1,0
942,490104,1202,957,-2159,0,15108,12028,-27136,0,0,0,0,1,0
943,490625,828,1317,-2145,0,10407,16555,-26962,0,0,0,0,1,0
944,491145,422,1626,-2048,0,5305,20446,-25751,0,0,0,0,1,0
945,491666,0,1873,-1873,0,0,23551,-23551,0,0,0,0,1,0
946,492187,-422,2048,-1626,0,-5305,25751,-20446,0,0,0,0,1,0
947,492708,-828,2145,-1317,0,-10407,26962,-16555,0,0,0,0,1,0
948,493229,-1202,2159,-957,0,-15108,27136,-12028,0,0,0,0,1,0
949,493750,-1530,2089,-560,0,-19229,26268,-7038,0,0,0,0,1,0
950,494270,-1799,1940,-141,0,-22611,24390,-1779,0,0,0,0,1,0
951,494791,-1999,1716,282,0,-25124,21575,3550,0,0,0,0,1,0
952,495312,-2122,1426,695,0,-26672,17931,8741,0,0,0,0,1,0
953,495833,-2163,1082,1082,0,-27194,13597,13597,0,0,0,0,1,0
954,496354,-2122,695,1426,0,-26672,8741,17931,0,0,0,0,1,0
955,496875,-1999,282,1716,0,-25124,3550,21575,0,0,0,0,1,0
956,497395,-1799,-141,1940,0,-22611,-1779,24390,0,0,0,0,1,0
957,497916,-1530,-560,2089,0,-19229,-7038,26268,0,0,0,0,1,0
958,498437,-1202,-957,2159,0,-15108,-12028,27136,0,0,0,0,1,0
959,498958,-828,-1317,2145,0,-10407,-16555,26962,0,0,0,0,1,0
960,499479,-422,-1626,2048,0,-5305,-20446,25751,0,0,0,0,1,0
961,500000,0,-1873,1873,0,0,-23551,23551,0,0,0,0,1,0
962,500520,422,-2048,1626,0,5305,-25751,20446,0,0,0,0,1,0
963,501041,828,-2145,1317,0,10407,-26962,16555,0,0,0,0,1,0
964,501562,1202,-2159,957,0,15108,-27136,12028,0,0,0,0,1,0
965,502083,1530,-2089,560,0,19229,-26268,7038,0,0,0,0,1,0
966,502604,1799,-1940,141,0,22611,-24390,1779,0,0,0,0,1,0
967,503125,1999,-1716,-282,0,25124,-21575,-3550,0,0,0,0,1,0
968,503645,2122,-1426,-695,0,26672,-17931,-8741,0,0,0,0,1,0
969,504166,2163,-1082,-1082,0,27194,-13597,-13597,0,0,0,0,1,0
970,504687,2122,-695,-1426,0,26672,-8741,-17931,0,0,0,0,1,0
971,505208,1999,-282,-1716,0,25124,-3550,-21575,0,0,0,0,1,0
972,505729,1799,141,-1940,0,22611,1779,-24390,0,0,0,0,1,0
973,506250,1530,560,-2089,0,19229,7038,-26268,0,0,0,0,1,0
974,506770,1202,957,-2159,0,15108,12028,-27136,0,0,0,0,1,0
975,507291,828,1317,-2145,0,10407,16555,-26962,0,0,0,0,1,0
976,507812,422,1626,-2048,0,5305,20446,-25751,0,0,0,0,1,0
977,508333,0,1873,-1873,0,0,23551,-23551,0,0,0,0,1,0
978,508854,-422,2048,-1626,0,-5305,25751,-20446,0,0,0,0,1,0
979,509375,-828,2145,-1317,0,-10407,26962,-16555,0,0,0,0,1,0
980,509895,-1202,2159,-957,0,-15108,27136,-12028,0,0,0,0,1,0
981,510416,-1530,2089,-560,0,-19229,26268,-7038,0,0,0,0,1,0
982,510937,-1799,1940,-141,0,-22611,24390,-1779,0,0,0,0,1,0
983,511458,-1999,1716,282,0,-25124,21575,3550,0,0,0,0,1,0
984,511979,-2122,1426,695,0,-26672,17931,8741,0,0,0,0,1,0
985,512499,-2163,1082,1082,0,-27194,13597,13597,0,0,0,0,1,0
986,513020,-2122,695,1426,0,-26672,8741,17931,0,0,0,0,1,0
987,513541,-1999,282,1716,0,-25124,3550,21575,0,0,0,0,1,0
988,514062,-1799,-141,1940,0,-22611,-1779,24390,0,0,0,0,1,0
989,514583,-1530,-560,2089,0,-19229,-7038,26268,0,0,0,0,1,0
990,515104,-1202,-957,2159,0,-15108,-12028,27136,0,0,0,0,1,0
