1,0,0,-1588,1588,0,0,-23551,23551,0,0,0,0,1,0
2,520,358,-1737,1379,0,5305,-25751,20446,0,0,0,0,1,0
3,1041,702,-1819,1117,0,10407,-26962,16555,0,0,0,0,1,0
4,1562,1019,-1830,811,0,15108,-27136,12028,0,0,0,0,1,0
5,2083,1297,-1772,475,0,19229,-26268,7038,0,0,0,0,1,0
6,2604,1525,-1645,120,0,22611,-24390,1779,0,0,0,0,1,0
7,3125,1695,-1455,-239,0,25124,-21575,-3550,0,0,0,0,1,0
8,3645,1799,-1209,-590,0,26672,-17931,-8741,0,0,0,0,1,0
9,4166,1834,-917,-917,0,27194,-13597,-13597,0,0,0,0,1,0
10,4687,1799,-590,-1209,0,26672,-8741,-17931,0,0,0,0,1,0
11,5208,1695,-239,-1455,0,25124,-3550,-21575,0,0,0,0,1,0
12,5729,1525,120,-1645,0,22611,1779,-24390,0,0,0,0,1,0
13,6250,1297,475,-1772,0,19229,7038,-26268,0,0,0,0,1,0
14,6770,1019,811,-1830,0,15108,12028,-27136,0,0,0,0,1,0
15,7291,702,1117,-1819,0,10407,16555,-26962,0,0,0,0,1,0
16,7812,358,1379,-1737,0,5305,20446,-25751,0,0,0,0,1,0
17,8333,0,1588,-1588,0,0,23551,-23551,0,0,0,0,1,0
18,8854,-358,1737,-1379,0,-5305,25751,-20446,0,0,0,0,1,0
19,9375,-702,1819,-1117,0,-10407,26962,-16555,0,0,0,0,1,0
20,9895,-1019,1830,-811,0,-15108,27136,-12028,0,0,0,0,1,0
21,10416,-1297,1772,-475,0,-19229,26268,-7038,0,0,0,0,1,0
22,10937,-1525,1645,-120,0,-22611,24390,-1779,0,0,0,0,1,0
23,11458,-1695,1455,239,0,-25124,21575,3550,0,0,0,0,1,0
24,11979,-1799,1209,590,0,-26672,17931,8741,0,0,0,0,1,0
25,12500,-1834,917,917,0,-27194,13597,13597,0,0,0,0,1,0
26,13020,-1799,590,1209,0,-26672,8741,17931,0,0,0,0,1,0
27,13541,-1695,239,1455,0,-25124,3550,21575,0,0,0,0,1,0
28,14062,-1525,-120,1645,0,-22611,-1779,24390,0,0,0,0,1,0
29,14583,-1297,-475,1772,0,-19229,-7038,26268,0,0,0,0,1,0
30,15104,-1019,-811,1830,0,-15108,-12028,27136,0,0,0,0,1,0
31,15625,-702,-1117,1819,0,-10407,-16555,26962,0,0,0,0,1,0
32,16145,-358,-1379,1737,0,-5305,-20446,25751,0,0,0,0,1,0
33,16666,0,-1588,1588,0,0,-23551,23551,0,0,0,0,1,0
34,17187,358,-1737,1379,0,5305,-25751,20446,0,0,0,0,1,0
35,17708,702,-1819,1117,0,10407,-26962,16555,0,0,0,0,1,0
36,18229,1019,-1830,811,0,15108,-27136,12028,0,0,0,0,1,0
37,18750,1297,-1772,475,0,19229,-26268,7038,0,0,0,0,1,0
38,19270,1525,-1645,120,0,22611,-24390,1779,0,0,0,0,1,0
39,19791,1695,-1455,-239,0,25124,-21575,-3550,0,0,0,0,1,0
40,20312,1799,-1209,-590,0,26672,-17931,-8741,0,0,0,0,1,0
41,20833,1834,-917,-917,0,27194,-13597,-13597,0,0,0,0,1,0
42,21354,1799,-590,-1209,0,26672,-8741,-17931,0,0,0,0,1,0
43,21875,1695,-239,-1455,0,25124,-3550,-21575,0,0,0,0,1,0
44,22395,1525,120,-1645,0,22611,1779,-24390,0,0,0,0,1,0
45,22916,1297,475,-1772,0,19229,7038,-26268,0,0,0,0,1,0
46,23437,1019,811,-1830,0,15108,12028,-27136,0,0,0,0,1,0
47,23958,702,1117,-1819,0,10407,16555,-26962,0,0,0,0,1,0
48,24479,358,1379,-1737,0,5305,20446,-25751,0,0,0,0,1,0
49,25000,0,1588,-1588,0,0,23551,-23551,0,0,0,0,1,0
50,25520,-358,1737,-1379,0,-5305,25751,-20446,0,0,0,0,1,0
51,26041,-702,1819,-1117,0,-10407,26962,-16555,0,0,0,0,1,0
52,26562,-1019,1830,-811,0,-15108,27136,-12028,0,0,0,0,1,0
53,27083,-1297,1772,-475,0,-19229,26268,-7038,0,0,0,0,1,0
54,27604,-1525,1645,-120,0,-22611,24390,-1779,0,0,0,0,1,0
55,28125,-1695,1455,239,0,-25124,21575,3550,0,0,0,0,1,0
56,28645,-1799,1209,590,0,-26672,17931,8741,0,0,0,0,1,0
57,29166,-1834,917,917,0,-27194,13597,13597,0,0,0,0,1,0
58,29687,-1799,590,1209,0,-26672,8741,17931,0,0,0,0,1,0
59,30208,-1695,239,1455,0,-25124,3550,21575,0,0,0,0,1,0
60,30729,-1525,-120,1645,0,-22611,-1779,24390,0,0,0,0,1,0
61,31250,-1297,-475,1772,0,-19229,-7038,26268,0,0,0,0,1,0
62,31770,-1019,-811,1830,0,-15108,-12028,27136,0,0,0,0,1,0
63,32291,-702,-1117,1819,0,-10407,-16555,26962,0,0,0,0,1,0
64,32812,-358,-1379,1737,0,-5305,-20446,25751,0,0,0,0,1,0
65,33333,0,-1588,1588,0,0,-23551,23551,0,0,0,0,1,0
66,33854,358,-1737,1379,0,5305,-25751,20446,0,0,0,0,1,0
67,34375,702,-1819,1117,0,10407,-26962,16555,0,0,0,0,1,0
68,34895,1019,-1830,811,0,15108,-27136,12028,0,0,0,0,1,0
69,35416,1297,-1772,475,0,19229,-26268,7038,0,0,0,0,1,0
70,35937,1525,-1645,120,0,22611,-24390,1779,0,0,0,0,1,0
71,36458,1695,-1455,-239,0,25124,-21575,-3550,0,0,0,0,1,0
72,36979,1799,-1209,-590,0,26672,-17931,-8741,0,0,0,0,1,0
73,37500,1834,-917,-917,0,27194,-13597,-13597,0,0,0,0,1,0
74,38020,1799,-590,-1209,0,26672,-8741,-17931,0,0,0,0,1,0
75,38541,1695,-239,-1455,0,25124,-3550,-21575,0,0,0,0,1,0
76,39062,1525,120,-1645,0,22611,1779,-24390,0,0,0,0,1,0
77,39583,1297,475,-1772,0,19229,7038,-26268,0,0,0,0,1,0
78,40104,1019,811,-1830,0,15108,12028,-27136,0,0,0,0,1,0
79,40625,702,1117,-1819,0,10407,16555,-26962,0,0,0,0,1,0
80,41145,358,1379,-1737,0,5305,20446,-25751,0,0,0,0,1,0
81,41666,0,1588,-1588,0,0,23551,-23551,0,0,0,0,1,0
82,42187,-358,1737,-1379,0,-5305,25751,-20446,0,0,0,0,1,0
83,42708,-702,1819,-1117,0,-10407,26962,-16555,0,0,0,0,1,0
84,43229,-1019,1830,-811,0,-15108,27136,-12028,0,0,0,0,1,0
85,43750,-1297,1772,-475,0,-19229,26268,-7038,0,0,0,0,1,0
86,44270,-1525,1645,-120,0,-22611,24390,-1779,0,0,0,0,1,0
87,44791,-1695,1455,239,0,-25124,21575,3550,0,0,0,0,1,0
88,45312,-1799,1209,590,0,-26672,17931,8741,0,0,0,0,1,0
89,45833,-1834,917,917,0,-27194,13597,13597,0,0,0,0,1,0
90,46354,-1799,590,1209,0,-26672,8741,17931,0,0,0,0,1,0
91,46875,-1695,239,1455,0,-25124,3550,21575,0,0,0,0,1,0
92,47395,-1525,-120,1645,0,-22611,-1779,24390,0,0,0,0,1,0
93,47916,-1297,-475,1772,0,-19229,-7038,26268,0,0,0,0,1,0
94,48437,-1019,-811,1830,0,-15108,-12028,27136,0,0,0,0,1,0
95,48958,-702,-1117,1819,0,-10407,-16555,26962,0,0,0,0,1,0
96,49479,-358,-1379,1737,0,-5305,-20446,25751,0,0,0,0,1,0
97,50000,16749,-14505,1588,3833,0,-2355,27084,0,0,1,0,1,0
98,50520,19716,-12417,1379,8678,424,-2575,23513,0,0,1,0,1,0
99,51041,22391,-10052,1117,13455,833,-2696,19038,0,0,1,0,1,0
100,51562,24662,-7497,811,17977,1209,-2714,13832,0,0,1,0,1,0
101,52083,26433,-4845,475,22063,1538,-2627,8094,0,0,1,0,1,0
102,52604,27626,-2195,120,25551,1809,-2439,2045,0,0,1,0,1,0
103,53125,28188,356,-239,28304,2010,-2157,-4082,0,0,1,0,1,0
104,53645,28089,2711,-590,30210,2134,-1793,-10053,0,0,1,0,1,0
105,54166,27324,4785,-917,31192,2176,-1360,-15637,0,0,1,0,1,0
106,54687,25914,6502,-1209,31207,2134,-874,-20620,0,0,1,0,1,0
107,55208,23907,7798,-1455,30249,2010,-355,-24811,0,0,1,0,1,0
108,55729,21370,8627,-1645,28352,1809,178,-28048,0,0,1,0,1,0
109,56250,18395,8961,-1772,25585,1538,704,-30208,0,0,1,0,1,0
110,56770,15088,8790,-1830,22048,1209,1203,-31207,0,0,1,0,1,0
111,57291,11569,8123,-1819,17874,833,1655,-31006,0,0,1,0,1,0
112,57812,7966,6990,-1737,13219,424,2045,-29614,0,0,1,0,1,0
113,58333,4410,5436,-1588,8258,0,2355,-27084,0,0,1,0,1,0
114,58854,1032,3525,-1379,3178,-424,2575,-23513,0,0,1,0,1,0
115,59375,-2047,1333,-1117,-1830,-833,2696,-19038,0,0,1,0,1,0
116,59895,-4713,-1053,-811,-6577,-1209,2714,-13832,0,0,1,0,1,0
117,60416,-6871,-3539,-475,-10885,-1538,2627,-8094,0,0,1,0,1,0
118,60937,-8445,-6026,-120,-14591,-1809,2439,-2045,0,0,1,0,1,0
119,61458,-9380,-8416,239,-17557,-2010,2157,4082,0,0,1,0,1,0
120,61979,-9647,-10615,590,-19672,-2134,1793,10053,0,0,1,0,1,0
121,62500,-9240,-12535,917,-20859,-2176,1360,15637,0,0,1,0,1,0
122,63020,-8182,-14101,1209,-21074,-2134,874,20620,0,0,1,0,1,0
123,63541,-6520,-15249,1455,-20314,-2010,355,24811,0,0,1,0,1,0
124,64062,-4321,-15934,1645,-18610,-1809,-178,28048,0,0,1,0,1,0
125,64583,-1678,-16126,1772,-16032,-1538,-704,30208,0,0,1,0,1,0
126,65104,1304,-15815,1830,-12681,-1209,-1203,31207,0,0,1,0,1,0
127,65625,4505,-15012,1819,-8689,-833,-1655,31006,0,0,1,0,1,0
128,66145,7795,-13745,1737,-4212,-424,-2045,29614,0,0,1,0,1,0
129,66666,11045,-12060,1588,573,0,-2355,27084,0,0,1,0,1,0
130,67187,14123,-10020,1379,5482,424,-2575,23513,0,0,1,0,1,0
131,67708,16906,-7702,1117,10321,833,-2696,19038,0,0,1,0,1,0
132,68229,19284,-5192,811,14903,1209,-2714,13832,0,0,1,0,1,0
133,68750,21159,-2585,475,19049,1538,-2627,8094,0,0,1,0,1,0
134,69270,22455,22,120,22597,1809,-2439,2045,0,0,1,0,1,0
135,69791,23118,2529,-239,25407,2010,-2157,-4082,0,0,1,0,1,0
136,70312,23117,4842,-590,27369,2134,-1793,-10053,0,0,1,0,1,0
137,70833,22449,6875,-917,28406,2176,-1360,-15637,0,0,1,0,1,0
138,71354,21134,8551,-1209,28475,2134,-874,-20620,0,0,1,0,1,0
139,71875,19219,9807,-1455,27571,2010,-355,-24811,0,0,1,0,1,0
140,72395,16774,10597,-1645,25726,1809,178,-28048,0,0,1,0,1,0
141,72916,13888,10893,-1772,23009,1538,704,-30208,0,0,1,0,1,0
142,73437,10669,10684,-1830,19522,1209,1203,-31207,0,0,1,0,1,0
143,73958,7236,9980,-1819,15397,833,1655,-31006,0,0,1,0,1,0
144,74479,3717,8811,-1737,10791,424,2045,-29614,0,0,1,0,1,0
145,75000,244,7222,-1588,5877,0,2355,-27084,0,0,1,0,1,0
146,75520,-3054,5276,-1379,843,-424,2575,-23513,0,0,1,0,1,0
147,76041,-6053,3050,-1117,-4119,-833,2696,-19038,0,0,1,0,1,0
148,76562,-8641,631,-811,-8822,-1209,2714,-13832,0,0,1,0,1,0
149,77083,-10723,-1888,-475,-13086,-1538,2627,-8094,0,0,1,0,1,0
150,77604,-12222,-4407,-120,-16749,-1809,2439,-2045,0,0,1,0,1,0
151,78125,-13084,-6829,239,-19673,-2010,2157,4082,0,0,1,0,1,0
152,78645,-13278,-9059,590,-21747,-2134,1793,10053,0,0,1,0,1,0
153,79166,-12801,-11009,917,-22893,-2176,1360,15637,0,0,1,0,1,0
154,79687,-11674,-12605,1209,-23069,-2134,874,20620,0,0,1,0,1,0
155,80208,-9943,-13782,1455,-22270,-2010,355,24811,0,0,1,0,1,0
156,80729,-7679,-14495,1645,-20529,-1809,-178,28048,0,0,1,0,1,0
157,81250,-4970,-14715,1772,-17913,-1538,-704,30208,0,0,1,0,1,0
158,81770,-1924,-14432,1830,-14525,-1209,-1203,31207,0,0,1,0,1,0
159,82291,1339,-13655,1819,-10497,-833,-1655,31006,0,0,1,0,1,0
160,82812,4692,-12415,1737,-5986,-424,-2045,29614,0,0,1,0,1,0
161,83333,8001,-10756,1588,-1166,0,-2355,27084,0,0,1,0,1,0
162,83854,11139,-8741,1379,3776,424,-2575,23513,0,0,1,0,1,0
163,84375,13980,-6448,1117,8649,833,-2696,19038,0,0,1,0,1,0
164,84895,16415,-3962,811,13264,1209,-2714,13832,0,0,1,0,1,0
165,85416,18346,-1379,475,17441,1538,-2627,8094,0,0,1,0,1,0
166,85937,19696,1204,120,21020,1809,-2439,2045,0,0,1,0,1,0
167,86458,20413,3688,-239,23861,2010,-2157,-4082,0,0,1,0,1,0
168,86979,20464,5979,-590,25854,2134,-1793,-10053,0,0,1,0,1,0
169,87500,19848,7989,-917,26920,2176,-1360,-15637,0,0,1,0,1,0
170,88020,18584,9644,-1209,27018,2134,-874,-20620,0,0,1,0,1,0
171,88541,16718,10879,-1455,26142,2010,-355,-24811,0,0,1,0,1,0
172,89062,14322,11648,-1645,24325,1809,178,-28048,0,0,1,0,1,0
173,89583,11484,11923,-1772,21635,1538,704,-30208,0,0,1,0,1,0
174,90104,8311,11694,-1830,18175,1209,1203,-31207,0,0,1,0,1,0
175,90625,4924,10971,-1819,14076,833,1655,-31006,0,0,1,0,1,0
176,91145,1450,9782,-1737,9495,424,2045,-29614,0,0,1,0,1,0
177,91666,-1979,8175,-1588,4607,0,2355,-27084,0,0,1,0,1,0
178,92187,-5234,6211,-1379,-402,-424,2575,-23513,0,0,1,0,1,0
179,92708,-8190,3966,-1117,-5340,-833,2696,-19038,0,0,1,0,1,0
180,93229,-10737,1529,-811,-10019,-1209,2714,-13832,0,0,1,0,1,0
181,93750,-12778,-1007,-475,-14260,-1538,2627,-8094,0,0,1,0,1,0
182,94270,-14237,-3543,-120,-17901,-1809,2439,-2045,0,0,1,0,1,0
183,94791,-15060,-5982,239,-20802,-2010,2157,4082,0,0,1,0,1,0
184,95312,-15216,-8228,590,-22854,-2134,1793,10053,0,0,1,0,1,0
185,95833,-14701,-10195,917,-23979,-2176,1360,15637,0,0,1,0,1,0
186,96354,-13537,-11806,1209,-24134,-2134,874,20620,0,0,1,0,1,0
187,96875,-11770,-12999,1455,-23314,-2010,355,24811,0,0,1,0,1,0
188,97395,-9470,-13727,1645,-21552,-1809,-178,28048,0,0,1,0,1,0
189,97916,-6726,-13962,1772,-18916,-1538,-704,30208,0,0,1,0,1,0
190,98437,-3646,-13694,1830,-15509,-1209,-1203,31207,0,0,1,0,1,0
191,98958,-349,-12932,1819,-11462,-833,-1655,31006,0,0,1,0,1,0
192,99479,3036,-11705,1737,-6932,-424,-2045,29614,0,0,1,0,1,0
193,100000,6378,-10060,1588,-2093,0,-2355,27084,0,0,1,0,1,0
194,100520,9547,-8059,1379,2867,424,-2575,23513,0,0,1,0,1,0
195,101041,12419,-5779,1117,7757,833,-2696,19038,0,0,1,0,1,0
196,101562,14884,-3306,811,12389,1209,-2714,13832,0,0,1,0,1,0
197,102083,16845,-736,475,16584,1538,-2627,8094,0,0,1,0,1,0
198,102604,18225,1835,120,20179,1809,-2439,2045,0,0,1,0,1,0
199,103125,18969,4306,-239,23036,2010,-2157,-4082,0,0,1,0,1,0
200,103645,19049,6585,-590,25045,2134,-1793,-10053,0,0,1,0,1,0
201,104166,18460,8584,-917,26127,2176,-1360,-15637,0,0,1,0,1,0
202,104687,17223,10227,-1209,26240,2134,-874,-20620,0,0,1,0,1,0
203,105208,15384,11450,-1455,25379,2010,-355,-24811,0,0,1,0,1,0
204,105729,13014,12209,-1645,23577,1809,178,-28048,0,0,1,0,1,0
205,106250,10201,12473,-1772,20902,1538,704,-30208,0,0,1,0,1,0
206,106770,7053,12233,-1830,17456,1209,1203,-31207,0,0,1,0,1,0
207,107291,3691,11500,-1819,13372,833,1655,-31006,0,0,1,0,1,0
208,107812,240,10301,-1737,8804,424,2045,-29614,0,0,1,0,1,0
209,108333,-3165,8683,-1588,3929,0,2355,-27084,0,0,1,0,1,0
210,108854,-6396,6709,-1379,-1067,-424,2575,-23513,0,0,1,0,1,0
211,109375,-9330,4455,-1117,-5992,-833,2696,-19038,0,0,1,0,1,0
212,109895,-11855,2008,-811,-10658,-1209,2714,-13832,0,0,1,0,1,0
213,110416,-13875,-537,-475,-14887,-1538,2627,-8094,0,0,1,0,1,0
214,110937,-15312,-3083,-120,-18515,-1809,2439,-2045,0,0,1,0,1,0
215,111458,-16114,-5530,239,-21405,-2010,2157,4082,0,0,1,0,1,0
216,111979,-16249,-7785,590,-23445,-2134,1793,10053,0,0,1,0,1,0
217,112500,-15714,-9761,917,-24558,-2176,1360,15637,0,0,1,0,1,0
218,113020,-14531,-11380,1209,-24702,-2134,874,20620,0,0,1,0,1,0
219,113541,-12744,-12582,1455,-23871,-2010,355,24811,0,0,1,0,1,0
220,114062,-10425,-13318,1645,-22098,-1809,-178,28048,0,0,1,0,1,0
221,114583,-7663,-13561,1772,-19452,-1538,-704,30208,0,0,1,0,1,0
222,115104,-4564,-13300,1830,-16034,-1209,-1203,31207,0,0,1,0,1,0
223,115625,-1250,-12546,1819,-11977,-833,-1655,31006,0,0,1,0,1,0
224,116145,2153,-11326,1737,-7437,-424,-2045,29614,0,0,1,0,1,0
225,116666,5512,-9689,1588,-2588,0,-2355,27084,0,0,1,0,1,0
226,117187,8697,-7695,1379,2381,424,-2575,23513,0,0,1,0,1,0
227,117708,11587,-5422,1117,7281,833,-2696,19038,0,0,1,0,1,0
228,118229,14067,-2956,811,11922,1209,-2714,13832,0,0,1,0,1,0
229,118750,16044,-392,475,16126,1538,-2627,8094,0,0,1,0,1,0
230,119270,17439,2171,120,19730,1809,-2439,2045,0,0,1,0,1,0
231,119791,18200,4636,-239,22596,2010,-2157,-4082,0,0,1,0,1,0
232,120312,18294,6909,-590,24614,2134,-1793,-10053,0,0,1,0,1,0
233,120833,17720,8901,-917,25704,2176,-1360,-15637,0,0,1,0,1,0
234,121354,16497,10538,-1209,25825,2134,-874,-20620,0,0,1,0,1,0
235,121875,14673,11755,-1455,24973,2010,-355,-24811,0,0,1,0,1,0
236,122395,12316,12508,-1645,23178,1809,178,-28048,0,0,1,0,1,0
237,122916,9517,12766,-1772,20511,1538,704,-30208,0,0,1,0,1,0
238,123437,6382,12521,-1830,17073,1209,1203,-31207,0,0,1,0,1,0
239,123958,3033,11782,-1819,12996,833,1655,-31006,0,0,1,0,1,0
240,124479,-405,10577,-1737,8436,424,2045,-29614,0,0,1,0,1,0
241,125000,-3798,8954,-1588,3568,0,2355,-27084,0,0,1,0,1,0
242,125520,-7017,6975,-1379,-1421,-424,2575,-23513,0,0,1,0,1,0
243,126041,-9939,4716,-1117,-6340,-833,2696,-19038,0,0,1,0,1,0
244,126562,-12451,2264,-811,-10999,-1209,2714,-13832,0,0,1,0,1,0
245,127083,-14459,-287,-475,-15221,-1538,2627,-8094,0,0,1,0,1,0
246,127604,-15886,-2837,-120,-18843,-1809,2439,-2045,0,0,1,0,1,0
247,128124,-16676,-5289,239,-21726,-2010,2157,4082,0,0,1,0,1,0
248,128645,-16801,-7549,590,-23760,-2134,1793,10053,0,0,1,0,1,0
249,129166,-16255,-9529,917,-24867,-2176,1360,15637,0,0,1,0,1,0
250,129687,-15061,-11153,1209,-25005,-2134,874,20620,0,0,1,0,1,0
251,130208,-13264,-12359,1455,-24168,-2010,355,24811,0,0,1,0,1,0
252,130729,-10935,-13099,1645,-22389,-1809,-178,28048,0,0,1,0,1,0
253,131250,-8163,-13346,1772,-19737,-1538,-704,30208,0,0,1,0,1,0
254,131770,-5055,-13090,1830,-16314,-1209,-1203,31207,0,0,1,0,1,0
255,132291,-1731,-12340,1819,-12252,-833,-1655,31006,0,0,1,0,1,0
256,132812,1681,-11124,1737,-7706,-424,-2045,29614,0,0,1,0,1,0
257,133333,5050,-9491,1588,-2852,0,-2355,27084,0,0,1,0,1,0
258,133854,8244,-7501,1379,2123,424,-2575,23513,0,0,1,0,1,0
259,134375,11142,-5231,1117,7027,833,-2696,19038,0,0,1,0,1,0
260,134895,13632,-2769,811,11674,1209,-2714,13832,0,0,1,0,1,0
261,135416,15617,-209,475,15882,1538,-2627,8094,0,0,1,0,1,0
262,135937,17020,2351,120,19491,1809,-2439,2045,0,0,1,0,1,0
263,136458,17789,4812,-239,22362,2010,-2157,-4082,0,0,1,0,1,0
264,136979,17892,7081,-590,24383,2134,-1793,-10053,0,0,1,0,1,0
265,137500,17325,9071,-917,25478,2176,-1360,-15637,0,0,1,0,1,0
266,138020,16110,10704,-1209,25604,2134,-874,-20620,0,0,1,0,1,0
267,138541,14293,11918,-1455,24756,2010,-355,-24811,0,0,1,0,1,0
268,139062,11944,12667,-1645,22966,1809,178,-28048,0,0,1,0,1,0
269,139583,9152,12922,-1772,20303,1538,704,-30208,0,0,1,0,1,0
270,140104,6024,12674,-1830,16868,1209,1203,-31207,0,0,1,0,1,0
271,140625,2682,11932,-1819,12795,833,1655,-31006,0,0,1,0,1,0
272,141145,-749,10725,-1737,8239,424,2045,-29614,0,0,1,0,1,0
273,141666,-4135,9099,-1588,3375,0,2355,-27084,0,0,1,0,1,0
274,142187,-7348,7117,-1379,-1610,-424,2575,-23513,0,0,1,0,1,0
275,142708,-10263,4855,-1117,-6525,-833,2696,-19038,0,0,1,0,1,0
276,143229,-12770,2400,-811,-11181,-1209,2714,-13832,0,0,1,0,1,0
277,143750,-14771,-153,-475,-15399,-1538,2627,-8094,0,0,1,0,1,0
278,144270,-16192,-2706,-120,-19017,-1809,2439,-2045,0,0,1,0,1,0
279,144791,-16976,-5161,239,-21897,-2010,2157,4082,0,0,1,0,1,0
280,145312,-17095,-7423,590,-23928,-2134,1793,10053,0,0,1,0,1,0
281,145833,-16543,-9405,917,-25032,-2176,1360,15637,0,0,1,0,1,0
282,146354,-15344,-11032,1209,-25166,-2134,874,20620,0,0,1,0,1,0
283,146875,-13542,-12240,1455,-24326,-2010,355,24811,0,0,1,0,1,0
284,147395,-11207,-12983,1645,-22545,-1809,-178,28048,0,0,1,0,1,0
285,147916,-8429,-13232,1772,-19890,-1538,-704,30208,0,0,1,0,1,0
286,148437,-5316,-12978,1830,-16464,-1209,-1203,31207,0,0,1,0,1,0
287,148958,-1987,-12230,1819,-12398,-833,-1655,31006,0,0,1,0,1,0
288,149479,1430,-11017,1737,-7850,-424,-2045,29614,0,0,1,0,1,0
289,150000,4803,-9385,1588,-2993,0,-2355,27084,0,0,1,0,1,0
290,150520,8003,-7397,1379,1984,424,-2575,23513,0,0,1,0,1,0
291,151041,10905,-5130,1117,6892,833,-2696,19038,0,0,1,0,1,0
292,151562,13399,-2670,811,11541,1209,-2714,13832,0,0,1,0,1,0
293,152083,15389,-112,475,15752,1538,-2627,8094,0,0,1,0,1,0
294,152604,16797,2446,120,19363,1809,-2439,2045,0,0,1,0,1,0
295,153125,17570,4906,-239,22237,2010,-2157,-4082,0,0,1,0,1,0
296,153645,17677,7173,-590,24261,2134,-1793,-10053,0,0,1,0,1,0
297,154166,17114,9161,-917,25358,2176,-1360,-15637,0,0,1,0,1,0
298,154687,15903,10792,-1209,25486,2134,-874,-20620,0,0,1,0,1,0
299,155208,14090,12005,-1455,24640,2010,-355,-24811,0,0,1,0,1,0
300,155729,11745,12752,-1645,22852,1809,178,-28048,0,0,1,0,1,0
301,156250,8957,13006,-1772,20191,1538,704,-30208,0,0,1,0,1,0
302,156770,5833,12756,-1830,16759,1209,1203,-31207,0,0,1,0,1,0
303,157291,2494,12012,-1819,12688,833,1655,-31006,0,0,1,0,1,0
304,157812,-933,10803,-1737,8134,424,2045,-29614,0,0,1,0,1,0
305,158333,-4315,9176,-1588,3272,0,2355,-27084,0,0,1,0,1,0
306,158854,-7524,7192,-1379,-1711,-424,2575,-23513,0,0,1,0,1,0
307,159375,-10436,4929,-1117,-6624,-833,2696,-19038,0,0,1,0,1,0
308,159895,-12939,2473,-811,-11278,-1209,2714,-13832,0,0,1,0,1,0
309,160416,-14938,-82,-475,-15494,-1538,2627,-8094,0,0,1,0,1,0
310,160937,-16355,-2636,-120,-19111,-1809,2439,-2045,0,0,1,0,1,0
311,161458,-17136,-5092,239,-21989,-2010,2157,4082,0,0,1,0,1,0
312,161979,-17252,-7356,590,-24018,-2134,1793,10053,0,0,1,0,1,0
313,162500,-16697,-9340,917,-25120,-2176,1360,15637,0,0,1,0,1,0
314,163020,-15495,-10967,1209,-25252,-2134,874,20620,0,0,1,0,1,0
315,163541,-13690,-12177,1455,-24411,-2010,355,24811,0,0,1,0,1,0
316,164062,-11352,-12921,1645,-22628,-1809,-178,28048,0,0,1,0,1,0
317,164583,-8572,-13171,1772,-19971,-1538,-704,30208,0,0,1,0,1,0
318,165104,-5456,-12918,1830,-16543,-1209,-1203,31207,0,0,1,0,1,0
319,165625,-2124,-12171,1819,-12476,-833,-1655,31006,0,0,1,0,1,0
320,166145,1296,-10959,1737,-7926,-424,-2045,29614,0,0,1,0,1,0
321,166666,4672,-9329,1588,-3068,0,-2355,27084,0,0,1,0,1,0
322,167187,7874,-7342,1379,1911,424,-2575,23513,0,0,1,0,1,0
323,167708,10779,-5076,1117,6820,833,-2696,19038,0,0,1,0,1,0
324,168229,13275,-2617,811,11470,1209,-2714,13832,0,0,1,0,1,0
325,168750,15267,-60,475,15682,1538,-2627,8094,0,0,1,0,1,0
326,169270,16678,2498,120,19295,1809,-2439,2045,0,0,1,0,1,0
327,169791,17453,4956,-239,22170,2010,-2157,-4082,0,0,1,0,1,0
328,170312,17562,7223,-590,24195,2134,-1793,-10053,0,0,1,0,1,0
329,170833,17002,9209,-917,25294,2176,-1360,-15637,0,0,1,0,1,0
330,171354,15793,10839,-1209,25423,2134,-874,-20620,0,0,1,0,1,0
331,171875,13982,12051,-1455,24578,2010,-355,-24811,0,0,1,0,1,0
332,172395,11639,12798,-1645,22792,1809,178,-28048,0,0,1,0,1,0
333,172916,8853,13050,-1772,20132,1538,704,-30208,0,0,1,0,1,0
334,173437,5732,12800,-1830,16701,1209,1203,-31207,0,0,1,0,1,0
335,173958,2394,12055,-1819,12631,833,1655,-31006,0,0,1,0,1,0
336,174479,-1030,10845,-1737,8078,424,2045,-29614,0,0,1,0,1,0
337,175000,-4411,9217,-1588,3217,0,2355,-27084,0,0,1,0,1,0
338,175520,-7618,7233,-1379,-1765,-424,2575,-23513,0,0,1,0,1,0
339,176041,-10529,4968,-1117,-6677,-833,2696,-19038,0,0,1,0,1,0
340,176562,-13030,2512,-811,-11330,-1209,2714,-13832,0,0,1,0,1,0
341,177083,-15027,-44,-475,-15545,-1538,2627,-8094,0,0,1,0,1,0
342,177604,-16442,-2599,-120,-19161,-1809,2439,-2045,0,0,1,0,1,0
343,178125,-17221,-5056,239,-22038,-2010,2157,4082,0,0,1,0,1,0
344,178645,-17335,-7320,590,-24066,-2134,1793,10053,0,0,1,0,1,0
345,179166,-16779,-9304,917,-25167,-2176,1360,15637,0,0,1,0,1,0
346,179687,-15575,-10933,1209,-25298,-2134,874,20620,0,0,1,0,1,0
347,180208,-13768,-12143,1455,-24456,-2010,355,24811,0,0,1,0,1,0
348,180729,-11429,-12888,1645,-22672,-1809,-178,28048,0,0,1,0,1,0
349,181250,-8647,-13139,1772,-20014,-1538,-704,30208,0,0,1,0,1,0
350,181770,-5530,-12886,1830,-16586,-1209,-1203,31207,0,0,1,0,1,0
351,182291,-2197,-12140,1819,-12518,-833,-1655,31006,0,0,1,0,1,0
352,182812,1224,-10928,1737,-7967,-424,-2045,29614,0,0,1,0,1,0
353,183333,4601,-9298,1588,-3109,0,-2355,27084,0,0,1,0,1,0
354,183854,7805,-7312,1379,1871,424,-2575,23513,0,0,1,0,1,0
355,184375,10711,-5047,1117,6781,833,-2696,19038,0,0,1,0,1,0
356,184895,13209,-2588,811,11432,1209,-2714,13832,0,0,1,0,1,0
357,185416,15202,-32,475,15645,1538,-2627,8094,0,0,1,0,1,0
358,185937,16614,2525,120,19259,1809,-2439,2045,0,0,1,0,1,0
359,186458,17390,4983,-239,22134,2010,-2157,-4082,0,0,1,0,1,0
360,186979,17501,7249,-590,24160,2134,-1793,-10053,0,0,1,0,1,0
361,187500,16942,9235,-917,25259,2176,-1360,-15637,0,0,1,0,1,0
362,188020,15734,10865,-1209,25390,2134,-874,-20620,0,0,1,0,1,0
363,188541,13925,12076,-1455,24545,2010,-355,-24811,0,0,1,0,1,0
364,189062,11582,12822,-1645,22759,1809,178,-28048,0,0,1,0,1,0
365,189583,8798,13074,-1772,20100,1538,704,-30208,0,0,1,0,1,0
366,190104,5677,12823,-1830,16670,1209,1203,-31207,0,0,1,0,1,0
367,190625,2341,12078,-1819,12601,833,1655,-31006,0,0,1,0,1,0
368,191145,-1083,10868,-1737,8048,424,2045,-29614,0,0,1,0,1,0
369,191666,-4463,9239,-1588,3188,0,2355,-27084,0,0,1,0,1,0
370,192187,-7669,7254,-1379,-1794,-424,2575,-23513,0,0,1,0,1,0
371,192708,-10578,4990,-1117,-6705,-833,2696,-19038,0,0,1,0,1,0
372,193229,-13078,2532,-811,-11357,-1209,2714,-13832,0,0,1,0,1,0
373,193750,-15074,-23,-475,-15572,-1538,2627,-8094,0,0,1,0,1,0
374,194270,-16488,-2579,-120,-19187,-1809,2439,-2045,0,0,1,0,1,0
375,194791,-17267,-5036,239,-22064,-2010,2157,4082,0,0,1,0,1,0
376,195312,-17380,-7301,590,-24091,-2134,1793,10053,0,0,1,0,1,0
377,195833,-16823,-9286,917,-25192,-2176,1360,15637,0,0,1,0,1,0
378,196354,-15618,-10914,1209,-25323,-2134,874,20620,0,0,1,0,1,0
379,196875,-13811,-12125,1455,-24480,-2010,355,24811,0,0,1,0,1,0
380,197395,-11471,-12870,1645,-22695,-1809,-178,28048,0,0,1,0,1,0
381,197916,-8688,-13121,1772,-20037,-1538,-704,30208,0,0,1,0,1,0
382,198437,-5570,-12869,1830,-16608,-1209,-1203,31207,0,0,1,0,1,0
383,198958,-2236,-12123,1819,-12540,-833,-1655,31006,0,0,1,0,1,0
384,199479,1186,-10912,1737,-7989,-424,-2045,29614,0,0,1,0,1,0
385,200000,4564,-9282,1588,-3130,0,-2355,27084,0,0,1,0,1,0
386,200520,7768,-7297,1379,1850,424,-2575,23513,0,0,1,0,1,0
387,201041,10675,-5031,1117,6761,833,-2696,19038,0,0,1,0,1,0
388,201562,13174,-2573,811,11412,1209,-2714,13832,0,0,1,0,1,0
389,202083,15168,-17,475,15626,1538,-2627,8094,0,0,1,0,1,0
390,202604,16580,2539,120,19240,1809,-2439,2045,0,0,1,0,1,0
391,203125,17357,4997,-239,22115,2010,-2157,-4082,0,0,1,0,1,0
392,203645,17468,7263,-590,24142,2134,-1793,-10053,0,0,1,0,1,0
393,204166,16910,9248,-917,25241,2176,-1360,-15637,0,0,1,0,1,0
394,204687,15703,10878,-1209,25372,2134,-874,-20620,0,0,1,0,1,0
395,205208,13894,12089,-1455,24528,2010,-355,-24811,0,0,1,0,1,0
396,205729,11552,12835,-1645,22742,1809,178,-28048,0,0,1,0,1,0
397,206250,8768,13087,-1772,20083,1538,704,-30208,0,0,1,0,1,0
398,206770,5648,12835,-1830,16653,1209,1203,-31207,0,0,1,0,1,0
399,207291,2313,12090,-1819,12584,833,1655,-31006,0,0,1,0,1,0
400,207812,-1111,10880,-1737,8032,424,2045,-29614,0,0,1,0,1,0
401,208333,-4490,9251,-1588,3172,0,2355,-27084,0,0,1,0,1,0
402,208854,-7695,7266,-1379,-1809,-424,2575,-23513,0,0,1,0,1,0
403,209375,-10604,5001,-1117,-6720,-833,2696,-19038,0,0,1,0,1,0
404,209895,-13104,2543,-811,-11372,-1209,2714,-13832,0,0,1,0,1,0
405,210416,-15099,-12,-475,-15586,-1538,2627,-8094,0,0,1,0,1,0
406,210937,-16513,-2568,-120,-19201,-1809,2439,-2045,0,0,1,0,1,0
407,211458,-17291,-5026,239,-22077,-2010,2157,4082,0,0,1,0,1,0
408,211979,-17404,-7290,590,-24105,-2134,1793,10053,0,0,1,0,1,0
409,212500,-16847,-9276,917,-25205,-2176,1360,15637,0,0,1,0,1,0
410,213020,-15641,-10905,1209,-25336,-2134,874,20620,0,0,1,0,1,0
411,213541,-13833,-12115,1455,-24493,-2010,355,24811,0,0,1,0,1,0
412,214062,-11493,-12860,1645,-22708,-1809,-178,28048,0,0,1,0,1,0
413,214583,-8710,-13112,1772,-20050,-1538,-704,30208,0,0,1,0,1,0
414,215104,-5591,-12860,1830,-16621,-1209,-1203,31207,0,0,1,0,1,0
415,215625,-2256,-12114,1819,-12552,-833,-1655,31006,0,0,1,0,1,0
416,216145,1166,-10903,1737,-8001,-424,-2045,29614,0,0,1,0,1,0
417,216666,4544,-9274,1588,-3141,0,-2355,27084,0,0,1,0,1,0
418,217187,7749,-7288,1379,1839,424,-2575,23513,0,0,1,0,1,0
419,217708,10656,-5023,1117,6750,833,-2696,19038,0,0,1,0,1,0
420,218229,13155,-2565,811,11401,1209,-2714,13832,0,0,1,0,1,0
421,218750,15149,-9,475,15615,1538,-2627,8094,0,0,1,0,1,0
422,219270,16562,2547,120,19229,1809,-2439,2045,0,0,1,0,1,0
423,219791,17339,5005,-239,22105,2010,-2157,-4082,0,0,1,0,1,0
424,220312,17451,7270,-590,24132,2134,-1793,-10053,0,0,1,0,1,0
425,220833,16893,9256,-917,25231,2176,-1360,-15637,0,0,1,0,1,0
426,221354,15686,10885,-1209,25362,2134,-874,-20620,0,0,1,0,1,0
427,221875,13877,12096,-1455,24518,2010,-355,-24811,0,0,1,0,1,0
428,222395,11536,12842,-1645,22733,1809,178,-28048,0,0,1,0,1,0
429,222916,8752,13094,-1772,20074,1538,704,-30208,0,0,1,0,1,0
430,223437,5633,12842,-1830,16645,1209,1203,-31207,0,0,1,0,1,0
431,223958,2297,12097,-1819,12576,833,1655,-31006,0,0,1,0,1,0
432,224479,-1125,10886,-1737,8024,424,2045,-29614,0,0,1,0,1,0
433,225000,-4505,9257,-1588,3164,0,2355,-27084,0,0,1,0,1,0
434,225520,-7710,7272,-1379,-1817,-424,2575,-23513,0,0,1,0,1,0
435,226041,-10618,5007,-1117,-6728,-833,2696,-19038,0,0,1,0,1,0
436,226562,-13118,2549,-811,-11380,-1209,2714,-13832,0,0,1,0,1,0
437,227083,-15113,-7,-475,-15594,-1538,2627,-8094,0,0,1,0,1,0
438,227604,-16526,-2562,-120,-19209,-1809,2439,-2045,0,0,1,0,1,0
439,228125,-17304,-5020,239,-22085,-2010,2157,4082,0,0,1,0,1,0
440,228645,-17417,-7285,590,-24112,-2134,1793,10053,0,0,1,0,1,0
441,229166,-16859,-9270,917,-25212,-2176,1360,15637,0,0,1,0,1,0
442,229687,-15653,-10899,1209,-25343,-2134,874,20620,0,0,1,0,1,0
443,230208,-13845,-12110,1455,-24500,-2010,355,24811,0,0,1,0,1,0
444,230729,-11504,-12855,1645,-22715,-1809,-178,28048,0,0,1,0,1,0
445,231250,-8721,-13107,1772,-20056,-1538,-704,30208,0,0,1,0,1,0
446,231770,-5602,-12855,1830,-16627,-1209,-1203,31207,0,0,1,0,1,0
447,232291,-2267,-12110,1819,-12558,-833,-1655,31006,0,0,1,0,1,0
448,232812,1155,-10899,1737,-8007,-424,-2045,29614,0,0,1,0,1,0
449,233333,4533,-9269,1588,-3147,0,-2355,27084,0,0,1,0,1,0
450,233854,7738,-7284,1379,1833,424,-2575,23513,0,0,1,0,1,0
451,234375,10646,-5019,1117,6744,833,-2696,19038,0,0,1,0,1,0
452,234895,13145,-2561,811,11395,1209,-2714,13832,0,0,1,0,1,0
453,235416,15139,-5,475,15609,1538,-2627,8094,0,0,1,0,1,0
454,235937,16553,2551,120,19224,1809,-2439,2045,0,0,1,0,1,0
455,236458,17330,5009,-239,22100,2010,-2157,-4082,0,0,1,0,1,0
456,236979,17442,7274,-590,24126,2134,-1793,-10053,0,0,1,0,1,0
457,237500,16884,9260,-917,25226,2176,-1360,-15637,0,0,1,0,1,0
458,238020,15677,10889,-1209,25357,2134,-874,-20620,0,0,1,0,1,0
459,238541,13869,12100,-1455,24513,2010,-355,-24811,0,0,1,0,1,0
460,239062,11528,12845,-1645,22728,1809,178,-28048,0,0,1,0,1,0
461,239583,8744,13097,-1772,20069,1538,704,-30208,0,0,1,0,1,0
462,240104,5625,12846,-1830,16640,1209,1203,-31207,0,0,1,0,1,0
463,240625,2289,12100,-1819,12571,833,1655,-31006,0,0,1,0,1,0
464,241145,-1133,10890,-1737,8019,424,2045,-29614,0,0,1,0,1,0
465,241666,-4512,9260,-1588,3159,0,2355,-27084,0,0,1,0,1,0
466,242187,-7717,7275,-1379,-1821,-424,2575,-23513,0,0,1,0,1,0
467,242708,-10626,5010,-1117,-6732,-833,2696,-19038,0,0,1,0,1,0
468,243229,-13125,2552,-811,-11384,-1209,2714,-13832,0,0,1,0,1,0
469,243750,-15120,-4,-475,-15598,-1538,2627,-8094,0,0,1,0,1,0
470,244270,-16533,-2559,-120,-19213,-1809,2439,-2045,0,0,1,0,1,0
471,244791,-17311,-5017,239,-22089,-2010,2157,4082,0,0,1,0,1,0
472,245312,-17423,-7282,590,-24116,-2134,1793,10053,0,0,1,0,1,0
473,245833,-16866,-9267,917,-25216,-2176,1360,15637,0,0,1,0,1,0
474,246354,-15660,-10897,1209,-25347,-2134,874,20620,0,0,1,0,1,0
475,246875,-13851,-12107,1455,-24503,-2010,355,24811,0,0,1,0,1,0
476,247395,-11511,-12853,1645,-22718,-1809,-178,28048,0,0,1,0,1,0
477,247916,-8727,-13104,1772,-20060,-1538,-704,30208,0,0,1,0,1,0
478,248437,-5608,-12853,1830,-16630,-1209,-1203,31207,0,0,1,0,1,0
479,248958,-2273,-12107,1819,-12562,-833,-1655,31006,0,0,1,0,1,0
480,249479,1149,-10896,1737,-8010,-424,-2045,29614,0,0,1,0,1,0
481,250000,4528,-9267,1588,-3151,0,-2355,27084,0,0,1,0,1,0
482,250520,7733,-7281,1379,1830,424,-2575,23513,0,0,1,0,1,0
483,251041,10640,-5016,1117,6741,833,-2696,19038,0,0,1,0,1,0
484,251562,13140,-2559,811,11392,1209,-2714,13832,0,0,1,0,1,0
485,252083,15134,-3,475,15606,1538,-2627,8094,0,0,1,0,1,0
486,252604,16547,2553,120,19221,1809,-2439,2045,0,0,1,0,1,0
487,253125,17325,5011,-239,22097,2010,-2157,-4082,0,0,1,0,1,0
488,253645,17437,7276,-590,24124,2134,-1793,-10053,0,0,1,0,1,0
489,254166,16879,9262,-917,25223,2176,-1360,-15637,0,0,1,0,1,0
490,254687,15673,10891,-1209,25354,2134,-874,-20620,0,0,1,0,1,0
491,255208,13864,12102,-1455,24511,2010,-355,-24811,0,0,1,0,1,0
492,255729,11523,12847,-1645,22725,1809,178,-28048,0,0,1,0,1,0
493,256249,8739,13099,-1772,20067,1538,704,-30208,0,0,1,0,1,0
494,256770,5620,12848,-1830,16637,1209,1203,-31207,0,0,1,0,1,0
495,257291,2285,12102,-1819,12568,833,1655,-31006,0,0,1,0,1,0
496,257812,-1138,10891,-1737,8017,424,2045,-29614,0,0,1,0,1,0
497,258333,-4516,9262,-1588,3157,0,2355,-27084,0,0,1,0,1,0
498,258854,-7721,7277,-1379,-1824,-424,2575,-23513,0,0,1,0,1,0
499,259375,-10630,5012,-1117,-6734,-833,2696,-19038,0,0,1,0,1,0
500,259895,-13129,2554,-811,-11386,-1209,2714,-13832,0,0,1,0,1,0
501,260416,-15124,-2,-475,-15600,-1538,2627,-8094,0,0,1,0,1,0
502,260937,-16537,-2558,-120,-19215,-1809,2439,-2045,0,0,1,0,1,0
503,261458,-17315,-5015,239,-22091,-2010,2157,4082,0,0,1,0,1,0
504,261979,-17427,-7281,590,-24118,-2134,1793,10053,0,0,1,0,1,0
505,262500,-16869,-9266,917,-25218,-2176,1360,15637,0,0,1,0,1,0
506,263020,-15663,-10895,1209,-25349,-2134,874,20620,0,0,1,0,1,0
507,263541,-13855,-12106,1455,-24505,-2010,355,24811,0,0,1,0,1,0
508,264062,-11514,-12851,1645,-22720,-1809,-178,28048,0,0,1,0,1,0
509,264583,-8731,-13103,1772,-20062,-1538,-704,30208,0,0,1,0,1,0
510,265104,-5611,-12851,1830,-16632,-1209,-1203,31207,0,0,1,0,1,0
511,265625,-2276,-12106,1819,-12564,-833,-1655,31006,0,0,1,0,1,0
512,266145,1146,-10895,1737,-8012,-424,-2045,29614,0,0,1,0,1,0
513,266666,4525,-9266,1588,-3152,0,-2355,27084,0,0,1,0,1,0
514,267187,7730,-7280,1379,1828,424,-2575,23513,0,0,1,0,1,0
515,267708,10638,-5015,1117,6739,833,-2696,19038,0,0,1,0,1,0
516,268229,13137,-2557,811,11391,1209,-2714,13832,0,0,1,0,1,0
517,268750,15131,-1,475,15605,1538,-2627,8094,0,0,1,0,1,0
518,269270,16545,2555,120,19219,1809,-2439,2045,0,0,1,0,1,0
519,269791,17322,5012,-239,22095,2010,-2157,-4082,0,0,1,0,1,0
520,270312,17434,7277,-590,24122,2134,-1793,-10053,0,0,1,0,1,0
521,270833,16876,9263,-917,25222,2176,-1360,-15637,0,0,1,0,1,0
522,271354,15670,10892,-1209,25353,2134,-874,-20620,0,0,1,0,1,0
523,271875,13862,12103,-1455,24509,2010,-355,-24811,0,0,1,0,1,0
524,272395,11521,12848,-1645,22724,1809,178,-28048,0,0,1,0,1,0
525,272916,8737,13100,-1772,20066,1538,704,-30208,0,0,1,0,1,0
526,273437,5618,12849,-1830,16636,1209,1203,-31207,0,0,1,0,1,0
527,273958,2283,12103,-1819,12567,833,1655,-31006,0,0,1,0,1,0
528,274479,-1140,10892,-1737,8016,424,2045,-29614,0,0,1,0,1,0
529,275000,-4519,9263,-1588,3156,0,2355,-27084,0,0,1,0,1,0
530,275520,-7724,7278,-1379,-1825,-424,2575,-23513,0,0,1,0,1,0
531,276041,-10632,5013,-1117,-6736,-833,2696,-19038,0,0,1,0,1,0
532,276562,-13131,2555,-811,-11387,-1209,2714,-13832,0,0,1,0,1,0
533,277083,-15126,-1,-475,-15602,-1538,2627,-8094,0,0,1,0,1,0
534,277604,-16539,-2557,-120,-19216,-1809,2439,-2045,0,0,1,0,1,0
535,278125,-17317,-5015,239,-22092,-2010,2157,4082,0,0,1,0,1,0
536,278645,-17429,-7280,590,-24119,-2134,1793,10053,0,0,1,0,1,0
537,279166,-16871,-9265,917,-25219,-2176,1360,15637,0,0,1,0,1,0
538,279687,-15665,-10894,1209,-25350,-2134,874,20620,0,0,1,0,1,0
539,280208,-13857,-12105,1455,-24506,-2010,355,24811,0,0,1,0,1,0
540,280729,-11516,-12851,1645,-22721,-1809,-178,28048,0,0,1,0,1,0
541,281250,-8732,-13102,1772,-20063,-1538,-704,30208,0,0,1,0,1,0
542,281770,-5613,-12851,1830,-16633,-1209,-1203,31207,0,0,1,0,1,0
543,282291,-2278,-12105,1819,-12565,-833,-1655,31006,0,0,1,0,1,0
544,282812,1144,-10894,1737,-8013,-424,-2045,29614,0,0,1,0,1,0
545,283333,4523,-9265,1588,-3153,0,-2355,27084,0,0,1,0,1,0
546,283854,7728,-7280,1379,1827,424,-2575,23513,0,0,1,0,1,0
547,284375,10636,-5014,1117,6738,833,-2696,19038,0,0,1,0,1,0
548,284895,13135,-2557,811,11390,1209,-2714,13832,0,0,1,0,1,0
549,285416,15130,-1,475,15604,1538,-2627,8094,0,0,1,0,1,0
550,285937,16543,2555,120,19218,1809,-2439,2045,0,0,1,0,1,0
551,286458,17321,5013,-239,22094,2010,-2157,-4082,0,0,1,0,1,0
552,286979,17433,7278,-590,24121,2134,-1793,-10053,0,0,1,0,1,0
553,287500,16875,9263,-917,25221,2176,-1360,-15637,0,0,1,0,1,0
554,288020,15669,10893,-1209,25352,2134,-874,-20620,0,0,1,0,1,0
555,288541,13860,12103,-1455,24509,2010,-355,-24811,0,0,1,0,1,0
556,289062,11519,12849,-1645,22723,1809,178,-28048,0,0,1,0,1,0
557,289583,8736,13101,-1772,20065,1538,704,-30208,0,0,1,0,1,0
558,290104,5617,12849,-1830,16635,1209,1203,-31207,0,0,1,0,1,0
559,290625,2282,12104,-1819,12566,833,1655,-31006,0,0,1,0,1,0
560,291145,-1141,10893,-1737,8015,424,2045,-29614,0,0,1,0,1,0
561,291666,-4520,9264,-1588,3155,0,2355,-27084,0,0,1,0,1,0
562,292187,-7725,7278,-1379,-1826,-424,2575,-23513,0,0,1,0,1,0
563,292708,-10633,5013,-1117,-6736,-833,2696,-19038,0,0,1,0,1,0
564,293229,-13132,2555,-811,-11388,-1209,2714,-13832,0,0,1,0,1,0
565,293750,-15127,-1,-475,-15602,-1538,2627,-8094,0,0,1,0,1,0
566,294270,-16540,-2556,-120,-19217,-1809,2439,-2045,0,0,1,0,1,0
567,294791,-17318,-5014,239,-22093,-2010,2157,4082,0,0,1,0,1,0
568,295312,-17430,-7279,590,-24120,-2134,1793,10053,0,0,1,0,1,0
569,295833,-16872,-9265,917,-25220,-2176,1360,15637,0,0,1,0,1,0
570,296354,-15666,-10894,1209,-25350,-2134,874,20620,0,0,1,0,1,0
571,296875,-13858,-12105,1455,-24507,-2010,355,24811,0,0,1,0,1,0
572,297395,-11517,-12850,1645,-22722,-1809,-178,28048,0,0,1,0,1,0
573,297916,-8733,-13102,1772,-20063,-1538,-704,30208,0,0,1,0,1,0
574,298437,-5614,-12850,1830,-16634,-1209,-1203,31207,0,0,1,0,1,0
575,298958,-2279,-12105,1819,-12565,-833,-1655,31006,0,0,1,0,1,0
576,299479,1144,-10894,1737,-8013,-424,-2045,29614,0,0,1,0,1,0
577,300000,4522,-9265,1588,-3154,0,-2355,27084,0,0,1,0,1,0
578,300520,7727,-7279,1379,1827,424,-2575,23513,0,0,1,0,1,0
579,301041,10635,-5014,1117,6738,833,-2696,19038,0,0,1,0,1,0
580,301562,13134,-2556,811,11389,1209,-2714,13832,0,0,1,0,1,0
581,302083,15129,0,475,15603,1538,-2627,8094,0,0,1,0,1,0
582,302604,16542,2556,120,19218,1809,-2439,2045,0,0,1,0,1,0
583,303125,17320,5013,-239,22094,2010,-2157,-4082,0,0,1,0,1,0
584,303645,17432,7278,-590,24121,2134,-1793,-10053,0,0,1,0,1,0
585,304166,16874,9264,-917,25221,2176,-1360,-15637,0,0,1,0,1,0
586,304687,15668,10893,-1209,25352,2134,-874,-20620,0,0,1,0,1,0
587,305208,13860,12104,-1455,24508,2010,-355,-24811,0,0,1,0,1,0
588,305729,11519,12849,-1645,22723,1809,178,-28048,0,0,1,0,1,0
589,306250,8735,13101,-1772,20064,1538,704,-30208,0,0,1,0,1,0
590,306770,5616,12849,-1830,16635,1209,1203,-31207,0,0,1,0,1,0
591,307291,2281,12104,-1819,12566,833,1655,-31006,0,0,1,0,1,0
592,307812,-1142,10893,-1737,8014,424,2045,-29614,0,0,1,0,1,0
593,308333,-4520,9264,-1588,3155,0,2355,-27084,0,0,1,0,1,0
594,308854,-7725,7278,-1379,-1826,-424,2575,-23513,0,0,1,0,1,0
595,309375,-10633,5013,-1117,-6737,-833,2696,-19038,0,0,1,0,1,0
596,309895,-13133,2556,-811,-11388,-1209,2714,-13832,0,0,1,0,1,0
597,310416,-15128,0,-475,-15603,-1538,2627,-8094,0,0,1,0,1,0
598,310937,-16541,-2556,-120,-19217,-1809,2439,-2045,0,0,1,0,1,0
599,311458,-17318,-5014,239,-22093,-2010,2157,4082,0,0,1,0,1,0
600,311979,-17431,-7279,590,-24120,-2134,1793,10053,0,0,1,0,1,0
601,312500,-16873,-9264,917,-25220,-2176,1360,15637,0,0,1,0,1,0
602,313020,-15666,-10894,1209,-25351,-2134,874,20620,0,0,1,0,1,0
603,313541,-13858,-12104,1455,-24507,-2010,355,24811,0,0,1,0,1,0
604,314062,-11517,-12850,1645,-22722,-1809,-178,28048,0,0,1,0,1,0
605,314583,-8734,-13102,1772,-20064,-1538,-704,30208,0,0,1,0,1,0
606,315104,-5615,-12850,1830,-16634,-1209,-1203,31207,0,0,1,0,1,0
607,315625,-2280,-12104,1819,-12565,-833,-1655,31006,0,0,1,0,1,0
608,316145,1143,-10894,1737,-8014,-424,-2045,29614,0,0,1,0,1,0
609,316666,4522,-9264,1588,-3154,0,-2355,27084,0,0,1,0,1,0
610,317187,7727,-7279,1379,1827,424,-2575,23513,0,0,1,0,1,0
611,317708,10635,-5014,1117,6737,833,-2696,19038,0,0,1,0,1,0
612,318229,13134,-2556,811,11389,1209,-2714,13832,0,0,1,0,1,0
613,318750,15129,0,475,15603,1538,-2627,8094,0,0,1,0,1,0
614,319270,16542,2556,120,19218,1809,-2439,2045,0,0,1,0,1,0
615,319791,17320,5013,-239,22094,2010,-2157,-4082,0,0,1,0,1,0
616,320312,17432,7279,-590,24121,2134,-1793,-10053,0,0,1,0,1,0
617,320833,16874,9264,-917,25221,2176,-1360,-15637,0,0,1,0,1,0
618,321354,15667,10893,-1209,25351,2134,-874,-20620,0,0,1,0,1,0
619,321875,13859,12104,-1455,24508,2010,-355,-24811,0,0,1,0,1,0
620,322395,11518,12849,-1645,22723,1809,178,-28048,0,0,1,0,1,0
621,322916,8735,13101,-1772,20064,1538,704,-30208,0,0,1,0,1,0
622,323437,5615,12849,-1830,16635,1209,1203,-31207,0,0,1,0,1,0
623,323958,2281,12104,-1819,12566,833,1655,-31006,0,0,1,0,1,0
624,324479,-1142,10893,-1737,8014,424,2045,-29614,0,0,1,0,1,0
625,325000,-4521,9264,-1588,3155,0,2355,-27084,0,0,1,0,1,0
626,325520,-7726,7279,-1379,-1826,-424,2575,-23513,0,0,1,0,1,0
627,326041,-10634,5014,-1117,-6737,-833,2696,-19038,0,0,1,0,1,0
628,326562,-13133,2556,-811,-11389,-1209,2714,-13832,0,0,1,0,1,0
629,327083,-15128,0,-475,-15603,-1538,2627,-8094,0,0,1,0,1,0
630,327604,-16541,-2556,-120,-19217,-1809,2439,-2045,0,0,1,0,1,0
631,328125,-17319,-5014,239,-22093,-2010,2157,4082,0,0,1,0,1,0
632,328645,-17431,-7279,590,-24120,-2134,1793,10053,0,0,1,0,1,0
633,329166,-16873,-9264,917,-25220,-2176,1360,15637,0,0,1,0,1,0
634,329687,-15667,-10894,1209,-25351,-2134,874,20620,0,0,1,0,1,0
635,330208,-13858,-12104,1455,-24507,-2010,355,24811,0,0,1,0,1,0
636,330729,-11517,-12850,1645,-22722,-1809,-178,28048,0,0,1,0,1,0
637,331250,-8734,-13102,1772,-20064,-1538,-704,30208,0,0,1,0,1,0
638,331770,-5615,-12850,1830,-16634,-1209,-1203,31207,0,0,1,0,1,0
639,332291,-2280,-12104,1819,-12566,-833,-1655,31006,0,0,1,0,1,0
640,332812,1143,-10894,1737,-8014,-424,-2045,29614,0,0,1,0,1,0
641,333333,4521,-9264,1588,-3154,0,-2355,27084,0,0,1,0,1,0
642,333854,7726,-7279,1379,1827,424,-2575,23513,0,0,1,0,1,0
643,334375,10634,-5014,1117,6737,833,-2696,19038,0,0,1,0,1,0
644,334895,13134,-2556,811,11389,1209,-2714,13832,0,0,1,0,1,0
645,335416,15128,0,475,15603,1538,-2627,8094,0,0,1,0,1,0
646,335937,16542,2556,120,19218,1809,-2439,2045,0,0,1,0,1,0
647,336458,17319,5014,-239,22094,2010,-2157,-4082,0,0,1,0,1,0
648,336979,17431,7279,-590,24120,2134,-1793,-10053,0,0,1,0,1,0
649,337500,16874,9264,-917,25220,2176,-1360,-15637,0,0,1,0,1,0
650,338020,15667,10893,-1209,25351,2134,-874,-20620,0,0,1,0,1,0
651,338541,13859,12104,-1455,24508,2010,-355,-24811,0,0,1,0,1,0
652,339062,11518,12850,-1645,22723,1809,178,-28048,0,0,1,0,1,0
653,339583,8734,13101,-1772,20064,1538,704,-30208,0,0,1,0,1,0
654,340104,5615,12850,-1830,16635,1209,1203,-31207,0,0,1,0,1,0
655,340625,2280,12104,-1819,12566,833,1655,-31006,0,0,1,0,1,0
656,341145,-1142,10893,-1737,8014,424,2045,-29614,0,0,1,0,1,0
657,341666,-4521,9264,-1588,3155,0,2355,-27084,0,0,1,0,1,0
658,342187,-7726,7279,-1379,-1826,-424,2575,-23513,0,0,1,0,1,0
659,342708,-10634,5014,-1117,-6737,-833,2696,-19038,0,0,1,0,1,0
660,343229,-13133,2556,-811,-11389,-1209,2714,-13832,0,0,1,0,1,0
661,343750,-15128,0,-475,-15603,-1538,2627,-8094,0,0,1,0,1,0
662,344270,-16541,-2556,-120,-19217,-1809,2439,-2045,0,0,1,0,1,0
663,344791,-17319,-5014,239,-22093,-2010,2157,4082,0,0,1,0,1,0
664,345312,-17431,-7279,590,-24120,-2134,1793,10053,0,0,1,0,1,0
665,345833,-16873,-9264,917,-25220,-2176,1360,15637,0,0,1,0,1,0
666,346354,-15667,-10893,1209,-25351,-2134,874,20620,0,0,1,0,1,0
667,346875,-13859,-12104,1455,-24508,-2010,355,24811,0,0,1,0,1,0
668,347395,-11518,-12850,1645,-22722,-1809,-178,28048,0,0,1,0,1,0
669,347916,-8734,-13101,1772,-20064,-1538,-704,30208,0,0,1,0,1,0
670,348437,-5615,-12850,1830,-16634,-1209,-1203,31207,0,0,1,0,1,0
671,348958,-2280,-12104,1819,-12566,-833,-1655,31006,0,0,1,0,1,0
672,349479,1143,-10893,1737,-8014,-424,-2045,29614,0,0,1,0,1,0
673,350000,4521,-9264,1588,-3154,0,-2355,27084,0,0,1,0,1,0
674,350520,7726,-7279,1379,1827,424,-2575,23513,0,0,1,0,1,0
675,351041,10634,-5014,1117,6737,833,-2696,19038,0,0,1,0,1,0
676,351562,13134,-2556,811,11389,1209,-2714,13832,0,0,1,0,1,0
677,352083,15128,0,475,15603,1538,-2627,8094,0,0,1,0,1,0
678,352604,16542,2556,120,19217,1809,-2439,2045,0,0,1,0,1,0
679,353125,17319,5014,-239,22093,2010,-2157,-4082,0,0,1,0,1,0
680,353645,17431,7279,-590,24120,2134,-1793,-10053,0,0,1,0,1,0
681,354166,16873,9264,-917,25220,2176,-1360,-15637,0,0,1,0,1,0
682,354687,15667,10893,-1209,25351,2134,-874,-20620,0,0,1,0,1,0
683,355208,13859,12104,-1455,24508,2010,-355,-24811,0,0,1,0,1,0
684,355729,11518,12850,-1645,22722,1809,178,-28048,0,0,1,0,1,0
685,356250,8734,13101,-1772,20064,1538,704,-30208,0,0,1,0,1,0
686,356770,5615,12850,-1830,16634,1209,1203,-31207,0,0,1,0,1,0
687,357291,2280,12104,-1819,12566,833,1655,-31006,0,0,1,0,1,0
688,357812,-1142,10893,-1737,8014,424,2045,-29614,0,0,1,0,1,0
689,358333,-4521,9264,-1588,3154,0,2355,-27084,0,0,1,0,1,0
690,358854,-7726,7279,-1379,-1826,-424,2575,-23513,0,0,1,0,1,0
691,359375,-10634,5014,-1117,-6737,-833,2696,-19038,0,0,1,0,1,0
692,359895,-13133,2556,-811,-11389,-1209,2714,-13832,0,0,1,0,1,0
693,360416,-15128,0,-475,-15603,-1538,2627,-8094,0,0,1,0,1,0
694,360937,-16541,-2556,-120,-19217,-1809,2439,-2045,0,0,1,0,1,0
695,361458,-17319,-5014,239,-22093,-2010,2157,4082,0,0,1,0,1,0
696,361979,-17431,-7279,590,-24120,-2134,1793,10053,0,0,1,0,1,0
697,362500,-16873,-9264,917,-25220,-2176,1360,15637,0,0,1,0,1,0
698,363020,-15667,-10893,1209,-25351,-2134,874,20620,0,0,1,0,1,0
699,363541,-13859,-12104,1455,-24508,-2010,355,24811,0,0,1,0,1,0
700,364062,-11518,-12850,1645,-22722,-1809,-178,28048,0,0,1,0,1,0
701,364583,-8734,-13101,1772,-20064,-1538,-704,30208,0,0,1,0,1,0
702,365104,-5615,-12850,1830,-16634,-1209,-1203,31207,0,0,1,0,1,0
703,365625,-2280,-12104,1819,-12566,-833,-1655,31006,0,0,1,0,1,0
704,366145,1143,-10893,1737,-8014,-424,-2045,29614,0,0,1,0,1,0
705,366666,4521,-9264,1588,-3154,0,-2355,27084,0,0,1,0,1,0
706,367187,7726,-7279,1379,1826,424,-2575,23513,0,0,1,0,1,0
707,367708,10634,-5014,1117,6737,833,-2696,19038,0,0,1,0,1,0
708,368229,13134,-2556,811,11389,1209,-2714,13832,0,0,1,0,1,0
709,368750,15128,0,475,15603,1538,-2627,8094,0,0,1,0,1,0
710,369270,16542,2556,120,19217,1809,-2439,2045,0,0,1,0,1,0
711,369791,17319,5014,-239,22093,2010,-2157,-4082,0,0,1,0,1,0
712,370312,17431,7279,-590,24120,2134,-1793,-10053,0,0,1,0,1,0
713,370833,16873,9264,-917,25220,2176,-1360,-15637,0,0,1,0,1,0
714,371354,15667,10893,-1209,25351,2134,-874,-20620,0,0,1,0,1,0
715,371875,13859,12104,-1455,24508,2010,-355,-24811,0,0,1,0,1,0
716,372395,11518,12850,-1645,22722,1809,178,-28048,0,0,1,0,1,0
717,372916,8734,13101,-1772,20064,1538,704,-30208,0,0,1,0,1,0
718,373437,5615,12850,-1830,16634,1209,1203,-31207,0,0,1,0,1,0
719,373958,2280,12104,-1819,12566,833,1655,-31006,0,0,1,0,1,0
720,374479,-1142,10893,-1737,8014,424,2045,-29614,0,0,1,0,1,0
721,375000,-4521,9264,-1588,3154,0,2355,-27084,0,0,1,0,1,0
722,375520,-7726,7279,-1379,-1826,-424,2575,-23513,0,0,1,0,1,0
723,376041,-10634,5014,-1117,-6737,-833,2696,-19038,0,0,1,0,1,0
724,376562,-13133,2556,-811,-11389,-1209,2714,-13832,0,0,1,0,1,0
725,377083,-15128,0,-475,-15603,-1538,2627,-8094,0,0,1,0,1,0
726,377604,-16541,-2556,-120,-19217,-1809,2439,-2045,0,0,1,0,1,0
727,378125,-17319,-5014,239,-22093,-2010,2157,4082,0,0,1,0,1,0
728,378645,-17431,-7279,590,-24120,-2134,1793,10053,0,0,1,0,1,0
729,379166,-16873,-9264,917,-25220,-2176,1360,15637,0,0,1,0,1,0
730,379687,-15667,-10893,1209,-25351,-2134,874,20620,0,0,1,0,1,0
731,380208,-13859,-12104,1455,-24508,-2010,355,24811,0,0,1,0,1,0
732,380729,-11518,-12850,1645,-22722,-1809,-178,28048,0,0,1,0,1,0
733,381250,-8734,-13101,1772,-20064,-1538,-704,30208,0,0,1,0,1,0
734,381770,-5615,-12850,1830,-16634,-1209,-1203,31207,0,0,1,0,1,0
735,382291,-2280,-12104,1819,-12566,-833,-1655,31006,0,0,1,0,1,0
736,382812,1143,-10893,1737,-8014,-424,-2045,29614,0,0,1,0,1,0
737,383333,4521,-9264,1588,-3154,0,-2355,27084,0,0,1,0,1,0
738,383854,7726,-7279,1379,1826,424,-2575,23513,0,0,1,0,1,0
739,384375,10634,-5014,1117,6737,833,-2696,19038,0,0,1,0,1,0
740,384895,13134,-2556,811,11389,1209,-2714,13832,0,0,1,0,1,0
741,385416,15128,0,475,15603,1538,-2627,8094,0,0,1,0,1,0
742,385937,16542,2556,120,19217,1809,-2439,2045,0,0,1,0,1,0
743,386458,17319,5014,-239,22093,2010,-2157,-4082,0,0,1,0,1,0
744,386979,17431,7279,-590,24120,2134,-1793,-10053,0,0,1,0,1,0
745,387500,16873,9264,-917,25220,2176,-1360,-15637,0,0,1,0,1,0
746,388020,15667,10893,-1209,25351,2134,-874,-20620,0,0,1,0,1,0
747,388541,13859,12104,-1455,24508,2010,-355,-24811,0,0,1,0,1,0
748,389062,11518,12850,-1645,22722,1809,178,-28048,0,0,1,0,1,0
749,389583,8734,13101,-1772,20064,1538,704,-30208,0,0,1,0,1,0
750,390104,5615,12850,-1830,16634,1209,1203,-31207,0,0,1,0,1,0
751,390625,2280,12104,-1819,12566,833,1655,-31006,0,0,1,0,1,0
752,391145,-1142,10893,-1737,8014,424,2045,-29614,0,0,1,0,1,0
753,391666,-4521,9264,-1588,3154,0,2355,-27084,0,0,1,0,1,0
754,392187,-7726,7279,-1379,-1826,-424,2575,-23513,0,0,1,0,1,0
755,392708,-10634,5014,-1117,-6737,-833,2696,-19038,0,0,1,0,1,0
756,393229,-13134,2556,-811,-11389,-1209,2714,-13832,0,0,1,0,1,0
757,393750,-15128,0,-475,-15603,-1538,2627,-8094,0,0,1,0,1,0
758,394270,-16541,-2556,-120,-19217,-1809,2439,-2045,0,0,1,0,1,0
759,394791,-17319,-5014,239,-22093,-2010,2157,4082,0,0,1,0,1,0
760,395312,-17431,-7279,590,-24120,-2134,1793,10053,0,0,1,0,1,0
761,395833,-16873,-9264,917,-25220,-2176,1360,15637,0,0,1,0,1,0
762,396354,-15667,-10893,1209,-25351,-2134,874,20620,0,0,1,0,1,0
763,396875,-13859,-12104,1455,-24508,-2010,355,24811,0,0,1,0,1,0
764,397395,-11518,-12850,1645,-22722,-1809,-178,28048,0,0,1,0,1,0
765,397916,-8734,-13101,1772,-20064,-1538,-704,30208,0,0,1,0,1,0
766,398437,-5615,-12850,1830,-16634,-1209,-1203,31207,0,0,1,0,1,0
767,398958,-2280,-12104,1819,-12566,-833,-1655,31006,0,0,1,0,1,0
768,399479,1143,-10893,1737,-8014,-424,-2045,29614,0,0,1,0,1,0
769,400000,4521,-9264,1588,-3154,0,-2355,27084,0,0,1,0,1,0
770,400520,7726,-7279,1379,1826,424,-2575,23513,0,0,1,0,1,0
771,401041,10634,-5014,1117,6737,833,-2696,19038,0,0,1,0,1,0
772,401562,13134,-2556,811,11389,1209,-2714,13832,0,0,1,0,1,0
773,402083,15128,0,475,15603,1538,-2627,8094,0,0,1,0,1,0
774,402604,16542,2556,120,19217,1809,-2439,2045,0,0,1,0,1,0
775,403125,17319,5014,-239,22093,2010,-2157,-4082,0,0,1,0,1,0
776,403645,17431,7279,-590,24120,2134,-1793,-10053,0,0,1,0,1,0
777,404166,16873,9264,-917,25220,2176,-1360,-15637,0,0,1,0,1,0
778,404687,15667,10893,-1209,25351,2134,-874,-20620,0,0,1,0,1,0
779,405208,13859,12104,-1455,24508,2010,-355,-24811,0,0,1,0,1,0
780,405729,11518,12850,-1645,22722,1809,178,-28048,0,0,1,0,1,0
781,406250,8734,13101,-1772,20064,1538,704,-30208,0,0,1,0,1,0
782,406770,5615,12850,-1830,16634,1209,1203,-31207,0,0,1,0,1,0
783,407291,2280,12104,-1819,12566,833,1655,-31006,0,0,1,0,1,0
784,407812,-1142,10893,-1737,8014,424,2045,-29614,0,0,1,0,1,0
785,408333,-4521,9264,-1588,3154,0,2355,-27084,0,0,1,0,1,0
786,408854,-7726,7279,-1379,-1826,-424,2575,-23513,0,0,1,0,1,0
787,409375,-10634,5014,-1117,-6737,-833,2696,-19038,0,0,1,0,1,0
788,409895,-13134,2556,-811,-11389,-1209,2714,-13832,0,0,1,0,1,0
789,410416,-15128,0,-475,-15603,-1538,2627,-8094,0,0,1,0,1,0
790,410937,-16541,-2556,-120,-19217,-1809,2439,-2045,0,0,1,0,1,0
791,411458,-17319,-5014,239,-22093,-2010,2157,4082,0,0,1,0,1,0
792,411979,-17431,-7279,590,-24120,-2134,1793,10053,0,0,1,0,1,0
793,412500,-16873,-9264,917,-25220,-2176,1360,15637,0,0,1,0,1,0
794,413020,-15667,-10893,1209,-25351,-2134,874,20620,0,0,1,0,1,0
795,413541,-13859,-12104,1455,-24508,-2010,355,24811,0,0,1,0,1,0
796,414062,-11518,-12850,1645,-22722,-1809,-178,28048,0,0,1,0,1,0
797,414583,-8734,-13101,1772,-20064,-1538,-704,30208,0,0,1,0,1,0
798,415104,-5615,-12850,1830,-16634,-1209,-1203,31207,0,0,1,0,1,0
799,415625,-2280,-12104,1819,-12566,-833,-1655,31006,0,0,1,0,1,0
800,416145,1143,-10893,1737,-8014,-424,-2045,29614,0,0,1,0,1,0
801,416666,4521,-9264,1588,-3154,0,-2355,27084,0,0,1,0,1,0
802,417187,7726,-7279,1379,1826,424,-2575,23513,0,0,1,0,1,0
803,417708,10634,-5014,1117,6737,833,-2696,19038,0,0,1,0,1,0
804,418229,13134,-2556,811,11389,1209,-2714,13832,0,0,1,0,1,0
805,418750,15128,0,475,15603,1538,-2627,8094,0,0,1,0,1,0
806,419270,16541,2556,120,19217,1809,-2439,2045,0,0,1,0,1,0
807,419791,17319,5014,-239,22093,2010,-2157,-4082,0,0,1,0,1,0
808,420312,17431,7279,-590,24120,2134,-1793,-10053,0,0,1,0,1,0
809,420833,16873,9264,-917,25220,2176,-1360,-15637,0,0,1,0,1,0
810,421354,15667,10893,-1209,25351,2134,-874,-20620,0,0,1,0,1,0
811,421875,13859,12104,-1455,24508,2010,-355,-24811,0,0,1,0,1,0
812,422395,11518,12850,-1645,22722,1809,178,-28048,0,0,1,0,1,0
813,422916,8734,13101,-1772,20064,1538,704,-30208,0,0,1,0,1,0
814,423437,5615,12850,-1830,16634,1209,1203,-31207,0,0,1,0,1,0
815,423958,2280,12104,-1819,12566,833,1655,-31006,0,0,1,0,1,0
816,424479,-1142,10893,-1737,8014,424,2045,-29614,0,0,1,0,1,0
817,425000,-4521,9264,-1588,3154,0,2355,-27084,0,0,1,0,1,0
818,425520,-7726,7279,-1379,-1826,-424,2575,-23513,0,0,1,0,1,0
819,426041,-10634,5014,-1117,-6737,-833,2696,-19038,0,0,1,0,1,0
820,426562,-13134,2556,-811,-11389,-1209,2714,-13832,0,0,1,0,1,0
821,427083,-15128,0,-475,-15603,-1538,2627,-8094,0,0,1,0,1,0
822,427604,-16541,-2556,-120,-19217,-1809,2439,-2045,0,0,1,0,1,0
823,428125,-17319,-5014,239,-22093,-2010,2157,4082,0,0,1,0,1,0
824,428645,-17431,-7279,590,-24120,-2134,1793,10053,0,0,1,0,1,0
825,429166,-16873,-9264,917,-25220,-2176,1360,15637,0,0,1,0,1,0
826,429687,-15667,-10893,1209,-25351,-2134,874,20620,0,0,1,0,1,0
827,430208,-13859,-12104,1455,-24508,-2010,355,24811,0,0,1,0,1,0
828,430729,-11518,-12850,1645,-22722,-1809,-178,28048,0,0,1,0,1,0
829,431250,-8734,-13101,1772,-20064,-1538,-704,30208,0,0,1,0,1,0
830,431770,-5615,-12850,1830,-16634,-1209,-1203,31207,0,0,1,0,1,0
831,432291,-2280,-12104,1819,-12566,-833,-1655,31006,0,0,1,0,1,0
832,432812,1143,-10893,1737,-8014,-424,-2045,29614,0,0,1,0,1,0
833,433333,4521,-9264,1588,-3154,0,-2355,27084,0,0,1,0,1,0
834,433854,7726,-7279,1379,1826,424,-2575,23513,0,0,1,0,1,0
835,434375,10634,-5014,1117,6737,833,-2696,19038,0,0,1,0,1,0
836,434895,13134,-2556,811,11389,1209,-2714,13832,0,0,1,0,1,0
837,435416,15128,0,475,15603,1538,-2627,8094,0,0,1,0,1,0
838,435937,16541,2556,120,19217,1809,-2439,2045,0,0,1,0,1,0
839,436458,17319,5014,-239,22093,2010,-2157,-4082,0,0,1,0,1,0
840,436979,17431,7279,-590,24120,2134,-1793,-10053,0,0,1,0,1,0
841,437500,16873,9264,-917,25220,2176,-1360,-15637,0,0,1,0,1,0
842,438020,15667,10893,-1209,25351,2134,-874,-20620,0,0,1,0,1,0
843,438541,13859,12104,-1455,24508,2010,-355,-24811,0,0,1,0,1,0
844,439062,11518,12850,-1645,22722,1809,178,-28048,0,0,1,0,1,0
845,439583,8734,13101,-1772,20064,1538,704,-30208,0,0,1,0,1,0
846,440104,5615,12850,-1830,16634,1209,1203,-31207,0,0,1,0,1,0
847,440625,2280,12104,-1819,12566,833,1655,-31006,0,0,1,0,1,0
848,441145,-1142,10893,-1737,8014,424,2045,-29614,0,0,1,0,1,0
849,441666,-4521,9264,-1588,3154,0,2355,-27084,0,0,1,0,1,0
850,442187,-7726,7279,-1379,-1826,-424,2575,-23513,0,0,1,0,1,0
851,442708,-10634,5014,-1117,-6737,-833,2696,-19038,0,0,1,0,1,0
852,443229,-13134,2556,-811,-11389,-1209,2714,-13832,0,0,1,0,1,0
853,443750,-15128,0,-475,-15603,-1538,2627,-8094,0,0,1,0,1,0
854,444270,-16541,-2556,-120,-19217,-1809,2439,-2045,0,0,1,0,1,0
855,444791,-17319,-5014,239,-22093,-2010,2157,4082,0,0,1,0,1,0
856,445312,-17431,-7279,590,-24120,-2134,1793,10053,0,0,1,0,1,0
857,445833,-16873,-9264,917,-25220,-2176,1360,15637,0,0,1,0,1,0
858,446354,-15667,-10893,1209,-25351,-2134,874,20620,0,0,1,0,1,0
859,446875,-13859,-12104,1455,-24508,-2010,355,24811,0,0,1,0,1,0
860,447395,-11518,-12850,1645,-22722,-1809,-178,28048,0,0,1,0,1,0
861,447916,-8734,-13101,1772,-20064,-1538,-704,30208,0,0,1,0,1,0
862,448437,-5615,-12850,1830,-16634,-1209,-1203,31207,0,0,1,0,1,0
863,448958,-2280,-12104,1819,-12566,-833,-1655,31006,0,0,1,0,1,0
864,449479,1143,-10893,1737,-8014,-424,-2045,29614,0,0,1,0,1,0
865,450000,0,0,0,0,0,0,0,1,0,0,0,0,0
866,450520,0,0,0,0,0,0,0,1,0,0,0,0,0
867,451041,0,0,0,0,0,0,0,1,0,0,0,0,0
868,451562,0,0,0,0,0,0,0,1,0,0,0,0,0
869,452083,0,0,0,0,0,0,0,1,0,0,0,0,0
870,452604,0,0,0,0,0,0,0,1,0,0,0,0,0
871,453125,0,0,0,0,0,0,0,1,0,0,0,0,0
872,453645,0,0,0,0,0,0,0,1,0,0,0,0,0
873,454166,0,0,0,0,0,0,0,1,0,0,0,0,0
874,454687,0,0,0,0,0,0,0,1,0,0,0,0,0
875,455208,0,0,0,0,0,0,0,1,0,0,0,0,0
876,455729,0,0,0,0,0,0,0,1,0,0,0,0,0
877,456250,0,0,0,0,0,0,0,1,0,0,0,0,0
878,456770,0,0,0,0,0,0,0,1,0,0,0,0,0
879,457291,0,0,0,0,0,0,0,1,0,0,0,0,0
880,457812,0,0,0,0,0,0,0,1,0,0,0,0,0
881,458333,0,0,0,0,0,0,0,1,0,0,0,0,0
882,458854,0,0,0,0,0,0,0,1,0,0,0,0,0
883,459375,0,0,0,0,0,0,0,1,0,0,0,0,0
884,459895,0,0,0,0,0,0,0,1,0,0,0,0,0
885,460416,0,0,0,0,0,0,0,1,0,0,0,0,0
886,460937,0,0,0,0,0,0,0,1,0,0,0,0,0
887,461458,0,0,0,0,0,0,0,1,0,0,0,0,0
888,461979,0,0,0,0,0,0,0,1,0,0,0,0,0
889,462500,0,0,0,0,0,0,0,1,0,0,0,0,0
890,463020,0,0,0,0,0,0,0,1,0,0,0,0,0
891,463541,0,0,0,0,0,0,0,1,0,0,0,0,0
892,464062,0,0,0,0,0,0,0,1,0,0,0,0,0
893,464583,0,0,0,0,0,0,0,1,0,0,0,0,0
894,465104,0,0,0,0,0,0,0,1,0,0,0,0,0
895,465625,0,0,0,0,0,0,0,1,0,0,0,0,0
896,466145,0,0,0,0,0,0,0,1,0,0,0,0,0
897,466666,0,0,0,0,0,0,0,1,0,0,0,0,0
898,467187,0,0,0,0,0,0,0,1,0,0,0,0,0
899,467708,0,0,0,0,0,0,0,1,0,0,0,0,0
900,468229,0,0,0,0,0,0,0,1,0,0,0,0,0
901,468750,0,0,0,0,0,0,0,1,0,0,0,0,0
902,469270,0,0,0,0,0,0,0,1,0,0,0,0,0
903,469791,0,0,0,0,0,0,0,1,0,0,0,0,0
904,470312,0,0,0,0,0,0,0,1,0,0,0,0,0
905,470833,0,0,0,0,0,0,0,1,0,0,0,0,0
906,471354,0,0,0,0,0,0,0,1,0,0,0,0,0
907,471875,0,0,0,0,0,0,0,1,0,0,0,0,0
908,472395,0,0,0,0,0,0,0,1,0,0,0,0,0
909,472916,0,0,0,0,0,0,0,1,0,0,0,0,0
910,473437,0,0,0,0,0,0,0,1,0,0,0,0,0
911,473958,0,0,0,0,0,0,0,1,0,0,0,0,0
912,474479,0,0,0,0,0,0,0,1,0,0,0,0,0
913,475000,0,0,0,0,0,0,0,1,0,0,0,0,0
914,475520,0,0,0,0,0,0,0,1,0,0,0,0,0
915,476041,0,0,0,0,0,0,0,1,0,0,0,0,0
916,476562,0,0,0,0,0,0,0,1,0,0,0,0,0
917,477083,0,0,0,0,0,0,0,1,0,0,0,0,0
918,477604,0,0,0,0,0,0,0,1,0,0,0,0,0
919,478125,0,0,0,0,0,0,0,1,0,0,0,0,0
920,478645,0,0,0,0,0,0,0,1,0,0,0,0,0
921,479166,0,0,0,0,0,0,0,1,0,0,0,0,0
922,479687,0,0,0,0,0,0,0,1,0,0,0,0,0
923,480208,0,0,0,0,0,0,0,1,0,0,0,0,0
924,480729,0,0,0,0,0,0,0,1,0,0,0,0,0
925,481250,0,0,0,0,0,0,0,1,0,0,0,0,0
926,481770,0,0,0,0,0,0,0,1,0,0,0,0,0
927,482291,0,0,0,0,0,0,0,1,0,0,0,0,0
928,482812,0,0,0,0,0,0,0,1,0,0,0,0,0
929,483333,0,0,0,0,0,0,0,1,0,0,0,0,0
930,483854,0,0,0,0,0,0,0,1,0,0,0,0,0
931,484375,0,0,0,0,0,0,0,1,0,0,0,0,0
932,484895,0,0,0,0,0,0,0,1,0,0,0,0,0
933,485416,0,0,0,0,0,0,0,1,0,0,0,0,0
934,485937,0,0,0,0,0,0,0,1,0,0,0,0,0
935,486458,0,0,0,0,0,0,0,1,0,0,0,0,0
936,486979,0,0,0,0,0,0,0,1,0,0,0,0,0
937,487500,0,0,0,0,0,0,0,1,0,0,0,0,0
938,488020,0,0,0,0,0,0,0,1,0,0,0,0,0
939,488541,0,0,0,0,0,0,0,1,0,0,0,0,0
940,489062,0,0,0,0,0,0,0,1,0,0,0,0,0
941,489583,0,0,0,0,0,0,0,1,0,0,0,0,0
942,490104,0,0,0,0,0,0,0,1,0,0,0,0,0
943,490625,0,0,0,0,0,0,0,1,0,0,0,0,0
944,491145,0,0,0,0,0,0,0,1,0,0,0,0,0
945,491666,0,0,0,0,0,0,0,1,0,0,0,0,0
946,492187,0,0,0,0,0,0,0,1,0,0,0,0,0
947,492708,0,0,0,0,0,0,0,1,0,0,0,0,0
948,493229,0,0,0,0,0,0,0,1,0,0,0,0,0
949,493750,0,0,0,0,0,0,0,1,0,0,0,0,0
950,494270,0,0,0,0,0,0,0,1,0,0,0,0,0
951,494791,0,0,0,0,0,0,0,1,0,0,0,0,0
952,495312,0,0,0,0,0,0,0,1,0,0,0,0,0
953,495833,0,0,0,0,0,0,0,1,0,0,0,0,0
954,496354,0,0,0,0,0,0,0,1,0,0,0,0,0
955,496875,0,0,0,0,0,0,0,1,0,0,0,0,0
956,497395,0,0,0,0,0,0,0,1,0,0,0,0,0
957,497916,0,0,0,0,0,0,0,1,0,0,0,0,0
958,498437,0,0,0,0,0,0,0,1,0,0,0,0,0
959,498958,0,0,0,0,0,0,0,1,0,0,0,0,0
960,499479,0,0,0,0,0,0,0,1,0,0,0,0,0
961,500000,0,0,0,0,0,0,0,1,0,0,0,0,0
962,500520,0,0,0,0,0,0,0,1,0,0,0,0,0
963,501041,0,0,0,0,0,0,0,1,0,0,0,0,0
964,501562,0,0,0,0,0,0,0,1,0,0,0,0,0
965,502083,0,0,0,0,0,0,0,1,0,0,0,0,0
966,502604,0,0,0,0,0,0,0,1,0,0,0,0,0
967,503125,0,0,0,0,0,0,0,1,0,0,0,0,0
968,503645,0,0,0,0,0,0,0,1,0,0,0,0,0
969,504166,0,0,0,0,0,0,0,1,0,0,0,0,0
970,504687,0,0,0,0,0,0,0,1,0,0,0,0,0
971,505208,0,0,0,0,0,0,0,1,0,0,0,0,0
972,505729,0,0,0,0,0,0,0,1,0,0,0,0,0
973,506250,0,0,0,0,0,0,0,1,0,0,0,0,0
974,506770,0,0,0,0,0,0,0,1,0,0,0,0,0
975,507291,0,0,0,0,0,0,0,1,0,0,0,0,0
976,507812,0,0,0,0,0,0,0,1,0,0,0,0,0
977,508333,0,0,0,0,0,0,0,1,0,0,0,0,0
978,508854,0,0,0,0,0,0,0,1,0,0,0,0,0
979,509375,0,0,0,0,0,0,0,1,0,0,0,0,0
980,509895,0,0,0,0,0,0,0,1,0,0,0,0,0
981,510416,0,0,0,0,0,0,0,1,0,0,0,0,0
982,510937,0,0,0,0,0,0,0,1,0,0,0,0,0
983,511458,0,0,0,0,0,0,0,1,0,0,0,0,0
984,511979,0,0,0,0,0,0,0,1,0,0,0,0,0
985,512499,0,0,0,0,0,0,0,1,0,0,0,0,0
986,513020,0,0,0,0,0,0,0,1,0,0,0,0,0
987,513541,0,0,0,0,0,0,0,1,0,0,0,0,0
988,514062,0,0,0,0,0,0,0,1,0,0,0,0,0
989,514583,0,0,0,0,0,0,0,1,0,0,0,0,0
990,515104,0,0,0,0,0,0,0,1,0,0,0,0,0
991,515625,0,0,0,0,0,0,0,1,0,0,0,0,0
992,516145,0,0,0,0,0,0,0,1,0,0,0,0,0
993,516666,0,0,0,0,0,0,0,1,0,0,0,0,0
994,517187,0,0,0,0,0,0,0,1,0,0,0,0,0
995,517708,0,0,0,0,0,0,0,1,0,0,0,0,0
996,518229,0,0,0,0,0,0,0,1,0,0,0,0,0
997,518750,0,0,0,0,0,0,0,1,0,0,0,0,0
998,519270,0,0,0,0,0,0,0,1,0,0,0,0,0
999,519791,0,0,0,0,0,0,0,1,0,0,0,0,0
1000,520312,0,0,0,0,0,0,0,1,0,0,0,0,0
1001,520833,0,0,0,0,0,0,0,1,0,0,0,0,0
1002,521354,0,0,0,0,0,0,0,1,0,0,0,0,0
1003,521875,0,0,0,0,0,0,0,1,0,0,0,0,0
1004,522395,0,0,0,0,0,0,0,1,0,0,0,0,0
1005,522916,0,0,0,0,0,0,0,1,0,0,0,0,0
1006,523437,0,0,0,0,0,0,0,1,0,0,0,0,0
1007,523958,0,0,0,0,0,0,0,1,0,0,0,0,0
1008,524479,0,0,0,0,0,0,0,1,0,0,0,0,0
1009,525000,0,0,0,0,0,0,0,1,0,0,0,0,0
1010,525520,0,0,0,0,0,0,0,1,0,0,0,0,0
1011,526041,0,0,0,0,0,0,0,1,0,0,0,0,0
1012,526562,0,0,0,0,0,0,0,1,0,0,0,0,0
1013,527083,0,0,0,0,0,0,0,1,0,0,0,0,0
1014,527604,0,0,0,0,0,0,0,1,0,0,0,0,0
1015,528125,0,0,0,0,0,0,0,1,0,0,0,0,0
1016,528645,0,0,0,0,0,0,0,1,0,0,0,0,0
1017,529166,0,0,0,0,0,0,0,1,0,0,0,0,0
1018,529687,0,0,0,0,0,0,0,1,0,0,0,0,0
1019,530208,0,0,0,0,0,0,0,1,0,0,0,0,0
1020,530729,0,0,0,0,0,0,0,1,0,0,0,0,0
1021,531250,0,0,0,0,0,0,0,1,0,0,0,0,0
1022,531770,0,0,0,0,0,0,0,1,0,0,0,0,0
1023,532291,0,0,0,0,0,0,0,1,0,0,0,0,0
1024,532812,0,0,0,0,0,0,0,1,0,0,0,0,0
1025,533333,0,0,0,0,0,0,0,1,0,0,0,0,0
1026,533854,0,0,0,0,0,0,0,1,0,0,0,0,0
1027,534375,0,0,0,0,0,0,0,1,0,0,0,0,0
1028,534895,0,0,0,0,0,0,0,1,0,0,0,0,0
1029,535416,0,0,0,0,0,0,0,1,0,0,0,0,0
1030,535937,0,0,0,0,0,0,0,1,0,0,0,0,0
1031,536458,0,0,0,0,0,0,0,1,0,0,0,0,0
1032,536979,0,0,0,0,0,0,0,1,0,0,0,0,0
1033,537500,0,0,0,0,0,0,0,1,0,0,0,0,0
1034,538020,0,0,0,0,0,0,0,1,0,0,0,0,0
1035,538541,0,0,0,0,0,0,0,1,0,0,0,0,0
1036,539062,0,0,0,0,0,0,0,1,0,0,0,0,0
1037,539583,0,0,0,0,0,0,0,1,0,0,0,0,0
1038,540104,0,0,0,0,0,0,0,1,0,0,0,0,0
1039,540625,0,0,0,0,0,0,0,1,0,0,0,0,0
1040,541145,0,0,0,0,0,0,0,1,0,0,0,0,0
1041,541666,0,0,0,0,0,0,0,1,0,0,0,0,0
1042,542187,0,0,0,0,0,0,0,1,0,0,0,0,0
1043,542708,0,0,0,0,0,0,0,1,0,0,0,0,0
1044,543229,0,0,0,0,0,0,0,1,0,0,0,0,0
1045,543750,0,0,0,0,0,0,0,1,0,0,0,0,0
1046,544270,0,0,0,0,0,0,0,1,0,0,0,0,0
1047,544791,0,0,0,0,0,0,0,1,0,0,0,0,0
1048,545312,0,0,0,0,0,0,0,1,0,0,0,0,0
1049,545833,0,0,0,0,0,0,0,1,0,0,0,0,0
1050,546354,0,0,0,0,0,0,0,1,0,0,0,0,0
1051,546875,0,0,0,0,0,0,0,1,0,0,0,0,0
1052,547395,0,0,0,0,0,0,0,1,0,0,0,0,0
1053,547916,0,0,0,0,0,0,0,1,0,0,0,0,0
1054,548437,0,0,0,0,0,0,0,1,0,0,0,0,0
1055,548958,0,0,0,0,0,0,0,1,0,0,0,0,0
1056,549479,0,0,0,0,0,0,0,1,0,0,0,0,0
1057,550000,0,0,0,0,0,0,0,1,0,0,0,0,0
1058,550520,0,0,0,0,0,0,0,1,0,0,0,0,0
1059,551041,0,0,0,0,0,0,0,1,0,0,0,0,0
1060,551562,0,0,0,0,0,0,0,1,0,0,0,0,0
1061,552083,0,0,0,0,0,0,0,1,0,0,0,0,0
1062,552604,0,0,0,0,0,0,0,1,0,0,0,0,0
1063,553125,0,0,0,0,0,0,0,1,0,0,0,0,0
1064,553645,0,0,0,0,0,0,0,1,0,0,0,0,0
1065,554166,0,0,0,0,0,0,0,1,0,0,0,0,0
1066,554687,0,0,0,0,0,0,0,1,0,0,0,0,0
1067,555208,0,0,0,0,0,0,0,1,0,0,0,0,0
1068,555729,0,0,0,0,0,0,0,1,0,0,0,0,0
1069,556250,0,0,0,0,0,0,0,1,0,0,0,0,0
1070,556770,0,0,0,0,0,0,0,1,0,0,0,0,0
1071,557291,0,0,0,0,0,0,0,1,0,0,0,0,0
1072,557812,0,0,0,0,0,0,0,1,0,0,0,0,0
1073,558333,0,0,0,0,0,0,0,1,0,0,0,0,0
1074,558854,0,0,0,0,0,0,0,1,0,0,0,0,0
1075,559375,0,0,0,0,0,0,0,1,0,0,0,0,0
1076,559895,0,0,0,0,0,0,0,1,0,0,0,0,0
1077,560416,0,0,0,0,0,0,0,1,0,0,0,0,0
1078,560937,0,0,0,0,0,0,0,1,0,0,0,0,0
1079,561458,0,0,0,0,0,0,0,1,0,0,0,0,0
1080,561979,0,0,0,0,0,0,0,1,0,0,0,0,0
1081,562500,0,0,0,0,0,0,0,1,0,0,0,0,0
1082,563020,0,0,0,0,0,0,0,1,0,0,0,0,0
1083,563541,0,0,0,0,0,0,0,1,0,0,0,0,0
1084,564062,0,0,0,0,0,0,0,1,0,0,0,0,0
1085,564583,0,0,0,0,0,0,0,1,0,0,0,0,0
1086,565104,0,0,0,0,0,0,0,1,0,0,0,0,0
1087,565625,0,0,0,0,0,0,0,1,0,0,0,0,0
1088,566145,0,0,0,0,0,0,0,1,0,0,0,0,0
1089,566666,0,0,0,0,0,0,0,1,0,0,0,0,0
1090,567187,0,0,0,0,0,0,0,1,0,0,0,0,0
1091,567708,0,0,0,0,0,0,0,1,0,0,0,0,0
1092,568229,0,0,0,0,0,0,0,1,0,0,0,0,0
1093,568750,0,0,0,0,0,0,0,1,0,0,0,0,0
1094,569270,0,0,0,0,0,0,0,1,0,0,0,0,0
1095,569791,0,0,0,0,0,0,0,1,0,0,0,0,0
1096,570312,0,0,0,0,0,0,0,1,0,0,0,0,0
1097,570833,0,0,0,0,0,0,0,1,0,0,0,0,0
1098,571354,0,0,0,0,0,0,0,1,0,0,0,0,0
1099,571875,0,0,0,0,0,0,0,1,0,0,0,0,0
1100,572395,0,0,0,0,0,0,0,1,0,0,0,0,0
1101,572916,0,0,0,0,0,0,0,1,0,0,0,0,0
1102,573437,0,0,0,0,0,0,0,1,0,0,0,0,0
1103,573958,0,0,0,0,0,0,0,1,0,0,0,0,0
1104,574479,0,0,0,0,0,0,0,1,0,0,0,0,0
1105,575000,0,0,0,0,0,0,0,1,0,0,0,0,0
1106,575520,0,0,0,0,0,0,0,1,0,0,0,0,0
1107,576041,0,0,0,0,0,0,0,1,0,0,0,0,0
1108,576562,0,0,0,0,0,0,0,1,0,0,0,0,0
1109,577083,0,0,0,0,0,0,0,1,0,0,0,0,0
1110,577604,0,0,0,0,0,0,0,1,0,0,0,0,0
1111,578125,0,0,0,0,0,0,0,1,0,0,0,0,0
1112,578645,0,0,0,0,0,0,0,1,0,0,0,0,0
1113,579166,0,0,0,0,0,0,0,1,0,0,0,0,0
1114,579687,0,0,0,0,0,0,0,1,0,0,0,0,0
1115,580208,0,0,0,0,0,0,0,1,0,0,0,0,0
1116,580729,0,0,0,0,0,0,0,1,0,0,0,0,0
1117,581250,0,0,0,0,0,0,0,1,0,0,0,0,0
1118,581770,0,0,0,0,0,0,0,1,0,0,0,0,0
1119,582291,0,0,0,0,0,0,0,1,0,0,0,0,0
1120,582812,0,0,0,0,0,0,0,1,0,0,0,0,0
1121,583333,0,0,0,0,0,0,0,1,0,0,0,0,0
1122,583854,0,0,0,0,0,0,0,1,0,0,0,0,0
1123,584375,0,0,0,0,0,0,0,1,0,0,0,0,0
1124,584895,0,0,0,0,0,0,0,1,0,0,0,0,0
1125,585416,0,0,0,0,0,0,0,1,0,0,0,0,0
1126,585937,0,0,0,0,0,0,0,1,0,0,0,0,0
1127,586458,0,0,0,0,0,0,0,1,0,0,0,0,0
1128,586979,0,0,0,0,0,0,0,1,0,0,0,0,0
1129,587500,0,0,0,0,0,0,0,1,0,0,0,0,0
1130,588020,0,0,0,0,0,0,0,1,0,0,0,0,0
1131,588541,0,0,0,0,0,0,0,1,0,0,0,0,0
1132,589062,0,0,0,0,0,0,0,1,0,0,0,0,0
1133,589583,0,0,0,0,0,0,0,1,0,0,0,0,0
1134,590104,0,0,0,0,0,0,0,1,0,0,0,0,0
1135,590625,0,0,0,0,0,0,0,1,0,0,0,0,0
1136,591145,0,0,0,0,0,0,0,1,0,0,0,0,0
1137,591666,0,0,0,0,0,0,0,1,0,0,0,0,0
1138,592187,0,0,0,0,0,0,0,1,0,0,0,0,0
1139,592708,0,0,0,0,0,0,0,1,0,0,0,0,0
1140,593229,0,0,0,0,0,0,0,1,0,0,0,0,0
1141,593750,0,0,0,0,0,0,0,1,0,0,0,0,0
1142,594270,0,0,0,0,0,0,0,1,0,0,0,0,0
1143,594791,0,0,0,0,0,0,0,1,0,0,0,0,0
1144,595312,0,0,0,0,0,0,0,1,0,0,0,0,0
1145,595833,0,0,0,0,0,0,0,1,0,0,0,0,0
1146,596354,0,0,0,0,0,0,0,1,0,0,0,0,0
1147,596875,0,0,0,0,0,0,0,1,0,0,0,0,0
1148,597395,0,0,0,0,0,0,0,1,0,0,0,0,0
1149,597916,0,0,0,0,0,0,0,1,0,0,0,0,0
1150,598437,0,0,0,0,0,0,0,1,0,0,0,0,0
1151,598958,0,0,0,0,0,0,0,1,0,0,0,0,0
1152,599479,0,0,0,0,0,0,0,1,0,0,0,0,0
1153,600000,0,0,0,0,0,0,0,1,0,0,0,0,0
1154,600520,0,0,0,0,0,0,0,1,0,0,0,0,0
1155,601041,0,0,0,0,0,0,0,1,0,0,0,0,0
1156,601562,0,0,0,0,0,0,0,1,0,0,0,0,0
1157,602083,0,0,0,0,0,0,0,1,0,0,0,0,0
1158,602604,0,0,0,0,0,0,0,1,0,0,0,0,0
1159,603125,0,0,0,0,0,0,0,1,0,0,0,0,0
1160,603645,0,0,0,0,0,0,0,1,0,0,0,0,0
1161,604166,0,0,0,0,0,0,0,1,0,0,0,0,0
1162,604687,0,0,0,0,0,0,0,1,0,0,0,0,0
1163,605208,0,0,0,0,0,0,0,1,0,0,0,0,0
1164,605729,0,0,0,0,0,0,0,1,0,0,0,0,0
1165,606250,0,0,0,0,0,0,0,1,0,0,0,0,0
1166,606770,0,0,0,0,0,0,0,1,0,0,0,0,0
1167,607291,0,0,0,0,0,0,0,1,0,0,0,0,0
1168,607812,0,0,0,0,0,0,0,1,0,0,0,0,0
1169,608333,0,0,0,0,0,0,0,1,0,0,0,0,0
1170,608854,0,0,0,0,0,0,0,1,0,0,0,0,0
1171,609375,0,0,0,0,0,0,0,1,0,0,0,0,0
1172,609895,0,0,0,0,0,0,0,1,0,0,0,0,0
1173,610416,0,0,0,0,0,0,0,1,0,0,0,0,0
1174,610937,0,0,0,0,0,0,0,1,0,0,0,0,0
1175,611458,0,0,0,0,0,0,0,1,0,0,0,0,0
1176,611979,0,0,0,0,0,0,0,1,0,0,0,0,0
1177,612500,0,0,0,0,0,0,0,1,0,0,0,0,0
1178,613020,0,0,0,0,0,0,0,1,0,0,0,0,0
1179,613541,0,0,0,0,0,0,0,1,0,0,0,0,0
