1,0,0,-1774,1774,0,0,-25024,25024,0,0,0,0,1,0
2,520,400,-1940,1541,0,5637,-27362,21724,0,0,0,0,1,0
3,1041,784,-2031,1247,0,11058,-28648,17590,0,0,0,0,1,0
4,1562,1138,-2045,906,0,16053,-28833,12780,0,0,0,0,1,0
5,2083,1449,-1979,530,0,20432,-27910,7479,0,0,0,0,1,0
6,2604,1704,-1838,134,0,24025,-25915,1890,0,0,0,0,1,0
7,3125,1893,-1626,-267,0,26696,-22924,-3772,0,0,0,0,1,0
8,3645,2010,-1351,-659,0,28340,-19052,-9288,0,0,0,0,1,0
9,4166,2049,-1024,-1024,0,28895,-14448,-14448,0,0,0,0,1,0
10,4687,2010,-659,-1351,0,28340,-9288,-19052,0,0,0,0,1,0
11,5208,1893,-267,-1626,0,26696,-3772,-22924,0,0,0,0,1,0
12,5729,1704,134,-1838,0,24025,1890,-25915,0,0,0,0,1,0
13,6250,1449,530,-1979,0,20432,7479,-27910,0,0,0,0,1,0
14,6770,1138,906,-2045,0,16053,12780,-28833,0,0,0,0,1,0
15,7291,784,1247,-2031,0,11058,17590,-28648,0,0,0,0,1,0
16,7812,400,1541,-1940,0,5637,21724,-27362,0,0,0,0,1,0
17,8333,0,1774,-1774,0,0,25024,-25024,0,0,0,0,1,0
18,8854,-400,1940,-1541,0,-5637,27362,-21724,0,0,0,0,1,0
19,9375,-784,2031,-1247,0,-11058,28648,-17590,0,0,0,0,1,0
20,9895,-1138,2045,-906,0,-16053,28833,-12780,0,0,0,0,1,0
21,10416,-1449,1979,-530,0,-20432,27910,-7479,0,0,0,0,1,0
22,10937,-1704,1838,-134,0,-24025,25915,-1890,0,0,0,0,1,0
23,11458,-1893,1626,267,0,-26696,22924,3772,0,0,0,0,1,0
24,11979,-2010,1351,659,0,-28340,19052,9288,0,0,0,0,1,0
25,12500,-2049,1024,1024,0,-28895,14448,14448,0,0,0,0,1,0
26,13020,-2010,659,1351,0,-28340,9288,19052,0,0,0,0,1,0
27,13541,-1893,267,1626,0,-26696,3772,22924,0,0,0,0,1,0
28,14062,-1704,-134,1838,0,-24025,-1890,25915,0,0,0,0,1,0
29,14583,-1449,-530,1979,0,-20432,-7479,27910,0,0,0,0,1,0
30,15104,-1138,-906,2045,0,-16053,-12780,28833,0,0,0,0,1,0
31,15625,-784,-1247,2031,0,-11058,-17590,28648,0,0,0,0,1,0
32,16145,-400,-1541,1940,0,-5637,-21724,27362,0,0,0,0,1,0
33,16666,0,-1774,1774,0,0,-25024,25024,0,0,0,0,1,0
34,17187,400,-1940,1541,0,5637,-27362,21724,0,0,0,0,1,0
35,17708,784,-2031,1247,0,11058,-28648,17590,0,0,0,0,1,0
36,18229,1138,-2045,906,0,16053,-28833,12780,0,0,0,0,1,0
37,18750,1449,-1979,530,0,20432,-27910,7479,0,0,0,0,1,0
38,19270,1704,-1838,134,0,24025,-25915,1890,0,0,0,0,1,0
39,19791,1893,-1626,-267,0,26696,-22924,-3772,0,0,0,0,1,0
40,20312,2010,-1351,-659,0,28340,-19052,-9288,0,0,0,0,1,0
41,20833,2049,-1024,-1024,0,28895,-14448,-14448,0,0,0,0,1,0
42,21354,2010,-659,-1351,0,28340,-9288,-19052,0,0,0,0,1,0
43,21875,1893,-267,-1626,0,26696,-3772,-22924,0,0,0,0,1,0
44,22395,1704,134,-1838,0,24025,1890,-25915,0,0,0,0,1,0
45,22916,1449,530,-1979,0,20432,7479,-27910,0,0,0,0,1,0
46,23437,1138,906,-2045,0,16053,12780,-28833,0,0,0,0,1,0
47,23958,784,1247,-2031,0,11058,17590,-28648,0,0,0,0,1,0
48,24479,400,1541,-1940,0,5637,21724,-27362,0,0,0,0,1,0
49,25000,0,1774,-1774,0,0,25024,-25024,0,0,0,0,1,0
50,25520,-400,1940,-1541,0,-5637,27362,-21724,0,0,0,0,1,0
51,26041,-784,2031,-1247,0,-11058,28648,-17590,0,0,0,0,1,0
52,26562,-1138,2045,-906,0,-16053,28833,-12780,0,0,0,0,1,0
53,27083,-1449,1979,-530,0,-20432,27910,-7479,0,0,0,0,1,0
54,27604,-1704,1838,-134,0,-24025,25915,-1890,0,0,0,0,1,0
55,28125,-1893,1626,267,0,-26696,22924,3772,0,0,0,0,1,0
56,28645,-2010,1351,659,0,-28340,19052,9288,0,0,0,0,1,0
57,29166,-2049,1024,1024,0,-28895,14448,14448,0,0,0,0,1,0
58,29687,-2010,659,1351,0,-28340,9288,19052,0,0,0,0,1,0
59,30208,-1893,267,1626,0,-26696,3772,22924,0,0,0,0,1,0
60,30729,-1704,-134,1838,0,-24025,-1890,25915,0,0,0,0,1,0
61,31250,-1449,-530,1979,0,-20432,-7479,27910,0,0,0,0,1,0
62,31770,-1138,-906,2045,0,-16053,-12780,28833,0,0,0,0,1,0
63,32291,-784,-1247,2031,0,-11058,-17590,28648,0,0,0,0,1,0
64,32812,-400,-1541,1940,0,-5637,-21724,27362,0,0,0,0,1,0
65,33333,0,-1774,1774,0,0,-25024,25024,0,0,0,0,1,0
66,33854,400,-1940,1541,0,5637,-27362,21724,0,0,0,0,1,0
67,34375,784,-2031,1247,0,11058,-28648,17590,0,0,0,0,1,0
68,34895,1138,-2045,906,0,16053,-28833,12780,0,0,0,0,1,0
69,35416,1449,-1979,530,0,20432,-27910,7479,0,0,0,0,1,0
70,35937,1704,-1838,134,0,24025,-25915,1890,0,0,0,0,1,0
71,36458,1893,-1626,-267,0,26696,-22924,-3772,0,0,0,0,1,0
72,36979,2010,-1351,-659,0,28340,-19052,-9288,0,0,0,0,1,0
73,37500,2049,-1024,-1024,0,28895,-14448,-14448,0,0,0,0,1,0
74,38020,2010,-659,-1351,0,28340,-9288,-19052,0,0,0,0,1,0
75,38541,1893,-267,-1626,0,26696,-3772,-22924,0,0,0,0,1,0
76,39062,1704,134,-1838,0,24025,1890,-25915,0,0,0,0,1,0
77,39583,1449,530,-1979,0,20432,7479,-27910,0,0,0,0,1,0
78,40104,1138,906,-2045,0,16053,12780,-28833,0,0,0,0,1,0
79,40625,784,1247,-2031,0,11058,17590,-28648,0,0,0,0,1,0
80,41145,400,1541,-1940,0,5637,21724,-27362,0,0,0,0,1,0
81,41666,0,1774,-1774,0,0,25024,-25024,0,0,0,0,1,0
82,42187,-400,1940,-1541,0,-5637,27362,-21724,0,0,0,0,1,0
83,42708,-784,2031,-1247,0,-11058,28648,-17590,0,0,0,0,1,0
84,43229,-1138,2045,-906,0,-16053,28833,-12780,0,0,0,0,1,0
85,43750,-1449,1979,-530,0,-20432,27910,-7479,0,0,0,0,1,0
86,44270,-1704,1838,-134,0,-24025,25915,-1890,0,0,0,0,1,0
87,44791,-1893,1626,267,0,-26696,22924,3772,0,0,0,0,1,0
88,45312,-2010,1351,659,0,-28340,19052,9288,0,0,0,0,1,0
89,45833,-2049,1024,1024,0,-28895,14448,14448,0,0,0,0,1,0
90,46354,-2010,659,1351,0,-28340,9288,19052,0,0,0,0,1,0
91,46875,-1893,267,1626,0,-26696,3772,22924,0,0,0,0,1,0
92,47395,-1704,-134,1838,0,-24025,-1890,25915,0,0,0,0,1,0
93,47916,-1449,-530,1979,0,-20432,-7479,27910,0,0,0,0,1,0
94,48437,-1138,-906,2045,0,-16053,-12780,28833,0,0,0,0,1,0
95,48958,-784,-1247,2031,0,-11058,-17590,28648,0,0,0,0,1,0
96,49479,-400,-1541,1940,0,-5637,-21724,27362,0,0,0,0,1,0
97,50000,0,-1774,31207,29432,0,-27026,2502,0,0,0,0,1,0
98,50520,400,-1940,27781,26240,6088,-29551,2172,0,0,0,0,1,0
99,51041,784,-2031,23863,22616,11942,-30940,1759,0,0,0,0,1,0
100,51562,1138,-2045,19594,18688,17337,-31140,1278,0,0,0,0,1,0
101,52083,1449,-1979,15125,14595,22066,-30143,748,0,0,0,0,1,0
102,52604,1704,-1838,10619,10485,25947,-27988,189,0,0,0,0,1,0
103,53125,1893,-1626,6236,6504,28831,-24758,-377,0,0,0,0,1,0
104,53645,2010,-1351,2137,2795,30607,-20576,-929,0,0,0,0,1,0
105,54166,2049,-1024,-1533,-508,31207,-15603,-1445,0,0,0,0,1,0
106,54687,2010,-659,-4641,-3290,30607,-10031,-1905,0,0,0,0,1,0
107,55208,1893,-267,-7079,-5454,28831,-4073,-2292,0,0,0,0,1,0
108,55729,1704,134,-8762,-6925,25947,2041,-2592,0,0,0,0,1,0
109,56250,1449,530,-9635,-7656,22066,8077,-2791,0,0,0,0,1,0
110,56770,1138,906,-9673,-7629,17337,13802,-2883,0,0,0,0,1,0
111,57291,784,1247,-8885,-6853,11942,18997,-2865,0,0,0,0,1,0
112,57812,400,1541,-7309,-5368,6088,23462,-2736,0,0,0,0,1,0
113,58333,0,1774,-5014,-3239,0,27026,-2502,0,0,0,0,1,0
114,58854,-400,1940,-2097,-557,-6088,29551,-2172,0,0,0,0,1,0
115,59375,-784,2031,1321,2568,-11942,30940,-1759,0,0,0,0,1,0
116,59895,-1138,2045,5101,6007,-17337,31140,-1278,0,0,0,0,1,0
117,60416,-1449,1979,9089,9619,-22066,30143,-748,0,0,0,0,1,0
118,60937,-1704,1838,13125,13259,-25947,27988,-189,0,0,0,0,1,0
119,61458,-1893,1626,17046,16778,-28831,24758,377,0,0,0,0,1,0
120,61979,-2010,1351,20692,20034,-30607,20576,929,0,0,0,0,1,0
121,62500,-2049,1024,23918,22894,-31207,15603,1445,0,0,0,0,1,0
122,63020,-2010,659,26592,25241,-30607,10031,1905,0,0,0,0,1,0
123,63541,-1893,267,28603,26977,-28831,4073,2292,0,0,0,0,1,0
124,64062,-1704,-134,29867,28029,-25947,-2041,2592,0,0,0,0,1,0
125,64583,-1449,-530,30330,28350,-22066,-8077,2791,0,0,0,0,1,0
126,65104,-1138,-906,29966,27921,-17337,-13802,2883,0,0,0,0,1,0
127,65625,-784,-1247,28783,26751,-11942,-18997,2865,0,0,0,0,1,0
128,66145,-400,-1541,26819,24879,-6088,-23462,2736,0,0,0,0,1,0
129,66666,0,-1774,24145,22371,0,-27026,2502,0,0,0,0,1,0
130,67187,400,-1940,20857,19316,6088,-29551,2172,0,0,0,0,1,0
131,67708,784,-2031,17074,15826,11942,-30940,1759,0,0,0,0,1,0
132,68229,1138,-2045,12936,12030,17337,-31140,1278,0,0,0,0,1,0
133,68750,1449,-1979,8597,8067,22066,-30143,748,0,0,0,0,1,0
134,69270,1704,-1838,4217,4083,25947,-27988,189,0,0,0,0,1,0
135,69791,1893,-1626,-40,227,28831,-24758,-377,0,0,0,0,1,0
136,70312,2010,-1351,-4018,-3359,30607,-20576,-929,0,0,0,0,1,0
137,70833,2049,-1024,-7568,-6543,31207,-15603,-1445,0,0,0,0,1,0
138,71354,2010,-659,-10559,-9208,30607,-10031,-1905,0,0,0,0,1,0
139,71875,1893,-267,-12882,-11256,28831,-4073,-2292,0,0,0,0,1,0
140,72395,1704,134,-14452,-12614,25947,2041,-2592,0,0,0,0,1,0
141,72916,1449,530,-15214,-13235,22066,8077,-2791,0,0,0,0,1,0
142,73437,1138,906,-15144,-13100,17337,13802,-2883,0,0,0,0,1,0
143,73958,784,1247,-14249,-12218,11942,18997,-2865,0,0,0,0,1,0
144,74479,400,1541,-12569,-10628,6088,23462,-2736,0,0,0,0,1,0
145,75000,0,1774,-10172,-8397,0,27026,-2502,0,0,0,0,1,0
146,75520,-400,1940,-7155,-5614,-6088,29551,-2172,0,0,0,0,1,0
147,76041,-784,2031,-3638,-2391,-11942,30940,-1759,0,0,0,0,1,0
148,76562,-1138,2045,238,1144,-17337,31140,-1278,0,0,0,0,1,0
149,77083,-1449,1979,4321,4851,-22066,30143,-748,0,0,0,0,1,0
150,77604,-1704,1838,8450,8584,-25947,27988,-189,0,0,0,0,1,0
151,78125,-1893,1626,12461,12194,-28831,24758,377,0,0,0,0,1,0
152,78645,-2010,1351,16197,15538,-30607,20576,929,0,0,0,0,1,0
153,79166,-2049,1024,19510,18486,-31207,15603,1445,0,0,0,0,1,0
154,79687,-2010,659,22269,20918,-30607,10031,1905,0,0,0,0,1,0
155,80208,-1893,267,24364,22739,-28831,4073,2292,0,0,0,0,1,0
156,80729,-1704,-134,25711,23874,-25947,-2041,2592,0,0,0,0,1,0
157,81250,-1449,-530,26255,24275,-22066,-8077,2791,0,0,0,0,1,0
158,81770,-1138,-906,25970,23925,-17337,-13802,2883,0,0,0,0,1,0
159,82291,-784,-1247,24864,22833,-11942,-18997,2865,0,0,0,0,1,0
160,82812,-400,-1541,22977,21037,-6088,-23462,2736,0,0,0,0,1,0
161,83333,0,-1774,20378,18603,0,-27026,2502,0,0,0,0,1,0
162,83854,400,-1940,17163,15622,6088,-29551,2172,0,0,0,0,1,0
163,84375,784,-2031,13452,12204,11942,-30940,1759,0,0,0,0,1,0
164,84895,1138,-2045,9384,8478,17337,-31140,1278,0,0,0,0,1,0
165,85416,1449,-1979,5114,4584,22066,-30143,748,0,0,0,0,1,0
166,85937,1704,-1838,802,668,25947,-27988,189,0,0,0,0,1,0
167,86458,1893,-1626,-3389,-3122,28831,-24758,-377,0,0,0,0,1,0
168,86979,2010,-1351,-7301,-6643,30607,-20576,-929,0,0,0,0,1,0
169,87500,2049,-1024,-10787,-9763,31207,-15603,-1445,0,0,0,0,1,0
170,88020,2010,-659,-13716,-12365,30607,-10031,-1905,0,0,0,0,1,0
171,88541,1893,-267,-15978,-14352,28831,-4073,-2292,0,0,0,0,1,0
172,89062,1704,134,-17487,-15650,25947,2041,-2592,0,0,0,0,1,0
173,89583,1449,530,-18191,-16212,22066,8077,-2791,0,0,0,0,1,0
174,90104,1138,906,-18063,-16018,17337,13802,-2883,0,0,0,0,1,0
175,90625,784,1247,-17111,-15080,11942,18997,-2865,0,0,0,0,1,0
176,91145,400,1541,-15375,-13435,6088,23462,-2736,0,0,0,0,1,0
177,91666,0,1774,-12923,-11149,0,27026,-2502,0,0,0,0,1,0
178,92187,-400,1940,-9853,-8312,-6088,29551,-2172,0,0,0,0,1,0
179,92708,-784,2031,-6284,-5037,-11942,30940,-1759,0,0,0,0,1,0
180,93229,-1138,2045,-2356,-1450,-17337,31140,-1278,0,0,0,0,1,0
181,93750,-1449,1979,1777,2308,-22066,30143,-748,0,0,0,0,1,0
182,94270,-1704,1838,5955,6089,-25947,27988,-189,0,0,0,0,1,0
183,94791,-1893,1626,10015,9748,-28831,24758,377,0,0,0,0,1,0
184,95312,-2010,1351,13799,13140,-30607,20576,929,0,0,0,0,1,0
185,95833,-2049,1024,17159,16134,-31207,15603,1445,0,0,0,0,1,0
186,96354,-2010,659,19963,18612,-30607,10031,1905,0,0,0,0,1,0
187,96875,-1893,267,22103,20478,-28831,4073,2292,0,0,0,0,1,0
188,97395,-1704,-134,23494,21656,-25947,-2041,2592,0,0,0,0,1,0
189,97916,-1449,-530,24081,22101,-22066,-8077,2791,0,0,0,0,1,0
190,98437,-1138,-906,23838,21793,-17337,-13802,2883,0,0,0,0,1,0
191,98958,-784,-1247,22774,20743,-11942,-18997,2865,0,0,0,0,1,0
192,99479,-400,-1541,20928,18988,-6088,-23462,2736,0,0,0,0,1,0
193,100000,0,-1774,18368,16594,0,-27026,2502,0,0,0,0,1,0
194,100520,400,-1940,15192,13651,6088,-29551,2172,0,0,0,0,1,0
195,101041,784,-2031,11519,10272,11942,-30940,1759,0,0,0,0,1,0
196,101562,1138,-2045,7490,6583,17337,-31140,1278,0,0,0,0,1,0
197,102083,1449,-1979,3256,2726,22066,-30143,748,0,0,0,0,1,0
198,102604,1704,-1838,-1019,-1154,25947,-27988,189,0,0,0,0,1,0
199,103125,1893,-1626,-5175,-4908,28831,-24758,-377,0,0,0,0,1,0
200,103645,2010,-1351,-9053,-8394,30607,-20576,-929,0,0,0,0,1,0
201,104166,2049,-1024,-12505,-11481,31207,-15603,-1445,0,0,0,0,1,0
202,104687,2010,-659,-15400,-14049,30607,-10031,-1905,0,0,0,0,1,0
203,105208,1893,-267,-17629,-16003,28831,-4073,-2292,0,0,0,0,1,0
204,105729,1704,134,-19107,-17269,25947,2041,-2592,0,0,0,0,1,0
205,106250,1449,530,-19779,-17799,22066,8077,-2791,0,0,0,0,1,0
206,106770,1138,906,-19620,-17575,17337,13802,-2883,0,0,0,0,1,0
207,107291,784,1247,-18638,-16606,11942,18997,-2865,0,0,0,0,1,0
208,107812,400,1541,-16872,-14932,6088,23462,-2736,0,0,0,0,1,0
209,108333,0,1774,-14391,-12617,0,27026,-2502,0,0,0,0,1,0
210,108854,-400,1940,-11292,-9752,-6088,29551,-2172,0,0,0,0,1,0
211,109375,-784,2031,-7695,-6448,-11942,30940,-1759,0,0,0,0,1,0
212,109895,-1138,2045,-3740,-2834,-17337,31140,-1278,0,0,0,0,1,0
213,110416,-1449,1979,420,950,-22066,30143,-748,0,0,0,0,1,0
214,110937,-1704,1838,4625,4759,-25947,27988,-189,0,0,0,0,1,0
215,111458,-1893,1626,8710,8443,-28831,24758,377,0,0,0,0,1,0
216,111979,-2010,1351,12519,11861,-30607,20576,929,0,0,0,0,1,0
217,112500,-2049,1024,15904,14880,-31207,15603,1445,0,0,0,0,1,0
218,113020,-2010,659,18733,17382,-30607,10031,1905,0,0,0,0,1,0
219,113541,-1893,267,20897,19271,-28831,4073,2292,0,0,0,0,1,0
220,114062,-1704,-134,22311,20474,-25947,-2041,2592,0,0,0,0,1,0
221,114583,-1449,-530,22921,20942,-22066,-8077,2791,0,0,0,0,1,0
222,115104,-1138,-906,22701,20656,-17337,-13802,2883,0,0,0,0,1,0
223,115625,-784,-1247,21659,19628,-11942,-18997,2865,0,0,0,0,1,0
224,116145,-400,-1541,19834,17894,-6088,-23462,2736,0,0,0,0,1,0
225,116666,0,-1774,17296,15521,0,-27026,2502,0,0,0,0,1,0
226,117187,400,-1940,14140,12600,6088,-29551,2172,0,0,0,0,1,0
227,117708,784,-2031,10488,9241,11942,-30940,1759,0,0,0,0,1,0
228,118229,1138,-2045,6479,5573,17337,-31140,1278,0,0,0,0,1,0
229,118750,1449,-1979,2265,1735,22066,-30143,748,0,0,0,0,1,0
230,119270,1704,-1838,-1991,-2125,25947,-27988,189,0,0,0,0,1,0
231,119791,1893,-1626,-6128,-5861,28831,-24758,-377,0,0,0,0,1,0
232,120312,2010,-1351,-9988,-9329,30607,-20576,-929,0,0,0,0,1,0
233,120833,2049,-1024,-13421,-12397,31207,-15603,-1445,0,0,0,0,1,0
234,121354,2010,-659,-16299,-14948,30607,-10031,-1905,0,0,0,0,1,0
235,121875,1893,-267,-18510,-16884,28831,-4073,-2292,0,0,0,0,1,0
236,122395,1704,134,-19971,-18133,25947,2041,-2592,0,0,0,0,1,0
237,122916,1449,530,-20626,-18647,22066,8077,-2791,0,0,0,0,1,0
238,123437,1138,906,-20450,-18406,17337,13802,-2883,0,0,0,0,1,0
239,123958,784,1247,-19452,-17421,11942,18997,-2865,0,0,0,0,1,0
240,124479,400,1541,-17671,-15730,6088,23462,-2736,0,0,0,0,1,0
241,125000,0,1774,-15174,-13400,0,27026,-2502,0,0,0,0,1,0
242,125520,-400,1940,-12060,-10520,-6088,29551,-2172,0,0,0,0,1,0
243,126041,-784,2031,-8448,-7201,-11942,30940,-1759,0,0,0,0,1,0
244,126562,-1138,2045,-4479,-3572,-17337,31140,-1278,0,0,0,0,1,0
245,127083,-1449,1979,-304,227,-22066,30143,-748,0,0,0,0,1,0
246,127604,-1704,1838,3915,4049,-25947,27988,-189,0,0,0,0,1,0
247,128124,-1893,1626,8014,7747,-28831,24758,377,0,0,0,0,1,0
248,128645,-2010,1351,11837,11178,-30607,20576,929,0,0,0,0,1,0
249,129166,-2049,1024,15235,14210,-31207,15603,1445,0,0,0,0,1,0
250,129687,-2010,659,18077,16726,-30607,10031,1905,0,0,0,0,1,0
251,130208,-1893,267,20253,18628,-28831,4073,2292,0,0,0,0,1,0
252,130729,-1704,-134,21680,19843,-25947,-2041,2592,0,0,0,0,1,0
253,131250,-1449,-530,22302,20323,-22066,-8077,2791,0,0,0,0,1,0
254,131770,-1138,-906,22094,20049,-17337,-13802,2883,0,0,0,0,1,0
255,132291,-784,-1247,21064,19033,-11942,-18997,2865,0,0,0,0,1,0
256,132812,-400,-1541,19251,17311,-6088,-23462,2736,0,0,0,0,1,0
257,133333,0,-1774,16724,14949,0,-27026,2502,0,0,0,0,1,0
258,133854,400,-1940,13580,12039,6088,-29551,2172,0,0,0,0,1,0
259,134375,784,-2031,9938,8691,11942,-30940,1759,0,0,0,0,1,0
260,134895,1138,-2045,5940,5033,17337,-31140,1278,0,0,0,0,1,0
261,135416,1449,-1979,1736,1206,22066,-30143,748,0,0,0,0,1,0
262,135937,1704,-1838,-2510,-2644,25947,-27988,189,0,0,0,0,1,0
263,136458,1893,-1626,-6637,-6369,28831,-24758,-377,0,0,0,0,1,0
264,136979,2010,-1351,-10486,-9827,30607,-20576,-929,0,0,0,0,1,0
265,137500,2049,-1024,-13910,-12886,31207,-15603,-1445,0,0,0,0,1,0
266,138020,2010,-659,-16778,-15427,30607,-10031,-1905,0,0,0,0,1,0
267,138541,1893,-267,-18980,-17354,28831,-4073,-2292,0,0,0,0,1,0
268,139062,1704,134,-20432,-18594,25947,2041,-2592,0,0,0,0,1,0
269,139583,1449,530,-21078,-19098,22066,8077,-2791,0,0,0,0,1,0
270,140104,1138,906,-20894,-18849,17337,13802,-2883,0,0,0,0,1,0
271,140625,784,1247,-19887,-17855,11942,18997,-2865,0,0,0,0,1,0
272,141145,400,1541,-18097,-16156,6088,23462,-2736,0,0,0,0,1,0
273,141666,0,1774,-15592,-13818,0,27026,-2502,0,0,0,0,1,0
274,142187,-400,1940,-12470,-10929,-6088,29551,-2172,0,0,0,0,1,0
275,142708,-784,2031,-8850,-7603,-11942,30940,-1759,0,0,0,0,1,0
276,143229,-1138,2045,-4872,-3966,-17337,31140,-1278,0,0,0,0,1,0
277,143750,-1449,1979,-690,-160,-22066,30143,-748,0,0,0,0,1,0
278,144270,-1704,1838,3536,3670,-25947,27988,-189,0,0,0,0,1,0
279,144791,-1893,1626,7643,7375,-28831,24758,377,0,0,0,0,1,0
280,145312,-2010,1351,11473,10814,-30607,20576,929,0,0,0,0,1,0
281,145833,-2049,1024,14878,13853,-31207,15603,1445,0,0,0,0,1,0
282,146354,-2010,659,17727,16376,-30607,10031,1905,0,0,0,0,1,0
283,146875,-1893,267,19910,18285,-28831,4073,2292,0,0,0,0,1,0
284,147395,-1704,-134,21344,19506,-25947,-2041,2592,0,0,0,0,1,0
285,147916,-1449,-530,21972,19993,-22066,-8077,2791,0,0,0,0,1,0
286,148437,-1138,-906,21770,19726,-17337,-13802,2883,0,0,0,0,1,0
287,148958,-784,-1247,20747,18715,-11942,-18997,2865,0,0,0,0,1,0
288,149479,-400,-1541,18940,17000,-6088,-23462,2736,0,0,0,0,1,0
289,150000,0,-1774,16419,14644,0,-27026,2502,0,0,0,0,1,0
290,150520,400,-1940,13280,11740,6088,-29551,2172,0,0,0,0,1,0
291,151041,784,-2031,9645,8398,11942,-30940,1759,0,0,0,0,1,0
292,151562,1138,-2045,5652,4746,17337,-31140,1278,0,0,0,0,1,0
293,152083,1449,-1979,1454,924,22066,-30143,748,0,0,0,0,1,0
294,152604,1704,-1838,-2787,-2921,25947,-27988,189,0,0,0,0,1,0
295,153125,1893,-1626,-6908,-6641,28831,-24758,-377,0,0,0,0,1,0
296,153645,2010,-1351,-10752,-10093,30607,-20576,-929,0,0,0,0,1,0
297,154166,2049,-1024,-14171,-13147,31207,-15603,-1445,0,0,0,0,1,0
298,154687,2010,-659,-17034,-15683,30607,-10031,-1905,0,0,0,0,1,0
299,155208,1893,-267,-19231,-17605,28831,-4073,-2292,0,0,0,0,1,0
300,155729,1704,134,-20678,-18840,25947,2041,-2592,0,0,0,0,1,0
301,156250,1449,530,-21319,-19340,22066,8077,-2791,0,0,0,0,1,0
302,156770,1138,906,-21130,-19085,17337,13802,-2883,0,0,0,0,1,0
303,157291,784,1247,-20119,-18087,11942,18997,-2865,0,0,0,0,1,0
304,157812,400,1541,-18324,-16384,6088,23462,-2736,0,0,0,0,1,0
305,158333,0,1774,-15815,-14040,0,27026,-2502,0,0,0,0,1,0
306,158854,-400,1940,-12688,-11148,-6088,29551,-2172,0,0,0,0,1,0
307,159375,-784,2031,-9064,-7817,-11942,30940,-1759,0,0,0,0,1,0
308,159895,-1138,2045,-5083,-4176,-17337,31140,-1278,0,0,0,0,1,0
309,160416,-1449,1979,-896,-366,-22066,30143,-748,0,0,0,0,1,0
310,160937,-1704,1838,3334,3468,-25947,27988,-189,0,0,0,0,1,0
311,161458,-1893,1626,7445,7177,-28831,24758,377,0,0,0,0,1,0
312,161979,-2010,1351,11278,10620,-30607,20576,929,0,0,0,0,1,0
313,162500,-2049,1024,14687,13663,-31207,15603,1445,0,0,0,0,1,0
314,163020,-2010,659,17540,16189,-30607,10031,1905,0,0,0,0,1,0
315,163541,-1893,267,19727,18101,-28831,4073,2292,0,0,0,0,1,0
316,164062,-1704,-134,21164,19326,-25947,-2041,2592,0,0,0,0,1,0
317,164583,-1449,-530,21796,19817,-22066,-8077,2791,0,0,0,0,1,0
318,165104,-1138,-906,21598,19553,-17337,-13802,2883,0,0,0,0,1,0
319,165625,-784,-1247,20577,18546,-11942,-18997,2865,0,0,0,0,1,0
320,166145,-400,-1541,18774,16833,-6088,-23462,2736,0,0,0,0,1,0
321,166666,0,-1774,16256,14482,0,-27026,2502,0,0,0,0,1,0
322,167187,400,-1940,13121,11580,6088,-29551,2172,0,0,0,0,1,0
323,167708,784,-2031,9488,8241,11942,-30940,1759,0,0,0,0,1,0
324,168229,1138,-2045,5498,4592,17337,-31140,1278,0,0,0,0,1,0
325,168750,1449,-1979,1304,774,22066,-30143,748,0,0,0,0,1,0
326,169270,1704,-1838,-2934,-3068,25947,-27988,189,0,0,0,0,1,0
327,169791,1893,-1626,-7053,-6785,28831,-24758,-377,0,0,0,0,1,0
328,170312,2010,-1351,-10894,-10235,30607,-20576,-929,0,0,0,0,1,0
329,170833,2049,-1024,-14310,-13286,31207,-15603,-1445,0,0,0,0,1,0
330,171354,2010,-659,-17170,-15819,30607,-10031,-1905,0,0,0,0,1,0
331,171875,1893,-267,-19365,-17739,28831,-4073,-2292,0,0,0,0,1,0
332,172395,1704,134,-20809,-18971,25947,2041,-2592,0,0,0,0,1,0
333,172916,1449,530,-21447,-19468,22066,8077,-2791,0,0,0,0,1,0
334,173437,1138,906,-21256,-19211,17337,13802,-2883,0,0,0,0,1,0
335,173958,784,1247,-20242,-18211,11942,18997,-2865,0,0,0,0,1,0
336,174479,400,1541,-18445,-16505,6088,23462,-2736,0,0,0,0,1,0
337,175000,0,1774,-15934,-14159,0,27026,-2502,0,0,0,0,1,0
338,175520,-400,1940,-12805,-11264,-6088,29551,-2172,0,0,0,0,1,0
339,176041,-784,2031,-9179,-7931,-11942,30940,-1759,0,0,0,0,1,0
340,176562,-1138,2045,-5195,-4288,-17337,31140,-1278,0,0,0,0,1,0
341,177083,-1449,1979,-1006,-476,-22066,30143,-748,0,0,0,0,1,0
342,177604,-1704,1838,3226,3360,-25947,27988,-189,0,0,0,0,1,0
343,178125,-1893,1626,7339,7072,-28831,24758,377,0,0,0,0,1,0
344,178645,-2010,1351,11175,10516,-30607,20576,929,0,0,0,0,1,0
345,179166,-2049,1024,14586,13561,-31207,15603,1445,0,0,0,0,1,0
346,179687,-2010,659,17440,16089,-30607,10031,1905,0,0,0,0,1,0
347,180208,-1893,267,19629,18004,-28831,4073,2292,0,0,0,0,1,0
348,180729,-1704,-134,21068,19231,-25947,-2041,2592,0,0,0,0,1,0
349,181250,-1449,-530,21702,19723,-22066,-8077,2791,0,0,0,0,1,0
350,181770,-1138,-906,21506,19461,-17337,-13802,2883,0,0,0,0,1,0
351,182291,-784,-1247,20487,18456,-11942,-18997,2865,0,0,0,0,1,0
352,182812,-400,-1541,18685,16745,-6088,-23462,2736,0,0,0,0,1,0
353,183333,0,-1774,16169,14395,0,-27026,2502,0,0,0,0,1,0
354,183854,400,-1940,13036,11495,6088,-29551,2172,0,0,0,0,1,0
355,184375,784,-2031,9405,8158,11942,-30940,1759,0,0,0,0,1,0
356,184895,1138,-2045,5416,4510,17337,-31140,1278,0,0,0,0,1,0
357,185416,1449,-1979,1224,693,22066,-30143,748,0,0,0,0,1,0
358,185937,1704,-1838,-3013,-3147,25947,-27988,189,0,0,0,0,1,0
359,186458,1893,-1626,-7130,-6863,28831,-24758,-377,0,0,0,0,1,0
360,186979,2010,-1351,-10970,-10311,30607,-20576,-929,0,0,0,0,1,0
361,187500,2049,-1024,-14384,-13360,31207,-15603,-1445,0,0,0,0,1,0
362,188020,2010,-659,-17243,-15892,30607,-10031,-1905,0,0,0,0,1,0
363,188541,1893,-267,-19436,-17810,28831,-4073,-2292,0,0,0,0,1,0
364,189062,1704,134,-20879,-19041,25947,2041,-2592,0,0,0,0,1,0
365,189583,1449,530,-21516,-19537,22066,8077,-2791,0,0,0,0,1,0
366,190104,1138,906,-21323,-19279,17337,13802,-2883,0,0,0,0,1,0
367,190625,784,1247,-20308,-18277,11942,18997,-2865,0,0,0,0,1,0
368,191145,400,1541,-18510,-16570,6088,23462,-2736,0,0,0,0,1,0
369,191666,0,1774,-15997,-14223,0,27026,-2502,0,0,0,0,1,0
370,192187,-400,1940,-12867,-11327,-6088,29551,-2172,0,0,0,0,1,0
371,192708,-784,2031,-9240,-7992,-11942,30940,-1759,0,0,0,0,1,0
372,193229,-1138,2045,-5254,-4348,-17337,31140,-1278,0,0,0,0,1,0
373,193750,-1449,1979,-1065,-534,-22066,30143,-748,0,0,0,0,1,0
374,194270,-1704,1838,3169,3303,-25947,27988,-189,0,0,0,0,1,0
375,194791,-1893,1626,7283,7015,-28831,24758,377,0,0,0,0,1,0
376,195312,-2010,1351,11119,10461,-30607,20576,929,0,0,0,0,1,0
377,195833,-2049,1024,14531,13507,-31207,15603,1445,0,0,0,0,1,0
378,196354,-2010,659,17387,16036,-30607,10031,1905,0,0,0,0,1,0
379,196875,-1893,267,19577,17952,-28831,4073,2292,0,0,0,0,1,0
380,197395,-1704,-134,21017,19179,-25947,-2041,2592,0,0,0,0,1,0
381,197916,-1449,-530,21652,19673,-22066,-8077,2791,0,0,0,0,1,0
382,198437,-1138,-906,21456,19412,-17337,-13802,2883,0,0,0,0,1,0
383,198958,-784,-1247,20439,18407,-11942,-18997,2865,0,0,0,0,1,0
384,199479,-400,-1541,18638,16698,-6088,-23462,2736,0,0,0,0,1,0
385,200000,0,-1774,16123,14348,0,-27026,2502,0,0,0,0,1,0
386,200520,400,-1940,12990,11450,6088,-29551,2172,0,0,0,0,1,0
387,201041,784,-2031,9360,8113,11942,-30940,1759,0,0,0,0,1,0
388,201562,1138,-2045,5373,4467,17337,-31140,1278,0,0,0,0,1,0
389,202083,1449,-1979,1181,650,22066,-30143,748,0,0,0,0,1,0
390,202604,1704,-1838,-3055,-3189,25947,-27988,189,0,0,0,0,1,0
391,203125,1893,-1626,-7171,-6904,28831,-24758,-377,0,0,0,0,1,0
392,203645,2010,-1351,-11010,-10351,30607,-20576,-929,0,0,0,0,1,0
393,204166,2049,-1024,-14424,-13400,31207,-15603,-1445,0,0,0,0,1,0
394,204687,2010,-659,-17282,-15931,30607,-10031,-1905,0,0,0,0,1,0
395,205208,1893,-267,-19474,-17848,28831,-4073,-2292,0,0,0,0,1,0
396,205729,1704,134,-20916,-19078,25947,2041,-2592,0,0,0,0,1,0
397,206250,1449,530,-21553,-19573,22066,8077,-2791,0,0,0,0,1,0
398,206770,1138,906,-21359,-19315,17337,13802,-2883,0,0,0,0,1,0
399,207291,784,1247,-20343,-18312,11942,18997,-2865,0,0,0,0,1,0
400,207812,400,1541,-18544,-16604,6088,23462,-2736,0,0,0,0,1,0
401,208333,0,1774,-16031,-14257,0,27026,-2502,0,0,0,0,1,0
402,208854,-400,1940,-12900,-11360,-6088,29551,-2172,0,0,0,0,1,0
403,209375,-784,2031,-9272,-8025,-11942,30940,-1759,0,0,0,0,1,0
404,209895,-1138,2045,-5286,-4380,-17337,31140,-1278,0,0,0,0,1,0
405,210416,-1449,1979,-1096,-566,-22066,30143,-748,0,0,0,0,1,0
406,210937,-1704,1838,3138,3272,-25947,27988,-189,0,0,0,0,1,0
407,211458,-1893,1626,7253,6985,-28831,24758,377,0,0,0,0,1,0
408,211979,-2010,1351,11090,10431,-30607,20576,929,0,0,0,0,1,0
409,212500,-2049,1024,14502,13478,-31207,15603,1445,0,0,0,0,1,0
410,213020,-2010,659,17359,16008,-30607,10031,1905,0,0,0,0,1,0
411,213541,-1893,267,19549,17924,-28831,4073,2292,0,0,0,0,1,0
412,214062,-1704,-134,20990,19152,-25947,-2041,2592,0,0,0,0,1,0
413,214583,-1449,-530,21625,19646,-22066,-8077,2791,0,0,0,0,1,0
414,215104,-1138,-906,21430,19386,-17337,-13802,2883,0,0,0,0,1,0
415,215625,-784,-1247,20413,18382,-11942,-18997,2865,0,0,0,0,1,0
416,216145,-400,-1541,18613,16672,-6088,-23462,2736,0,0,0,0,1,0
417,216666,0,-1774,16098,14324,0,-27026,2502,0,0,0,0,1,0
418,217187,400,-1940,12966,11425,6088,-29551,2172,0,0,0,0,1,0
419,217708,784,-2031,9337,8089,11942,-30940,1759,0,0,0,0,1,0
420,218229,1138,-2045,5349,4443,17337,-31140,1278,0,0,0,0,1,0
421,218750,1449,-1979,1158,628,22066,-30143,748,0,0,0,0,1,0
422,219270,1704,-1838,-3077,-3211,25947,-27988,189,0,0,0,0,1,0
423,219791,1893,-1626,-7193,-6926,28831,-24758,-377,0,0,0,0,1,0
424,220312,2010,-1351,-11032,-10373,30607,-20576,-929,0,0,0,0,1,0
425,220833,2049,-1024,-14445,-13421,31207,-15603,-1445,0,0,0,0,1,0
426,221354,2010,-659,-17303,-15952,30607,-10031,-1905,0,0,0,0,1,0
427,221875,1893,-267,-19494,-17869,28831,-4073,-2292,0,0,0,0,1,0
428,222395,1704,134,-20936,-19098,25947,2041,-2592,0,0,0,0,1,0
429,222916,1449,530,-21572,-19593,22066,8077,-2791,0,0,0,0,1,0
430,223437,1138,906,-21378,-19334,17337,13802,-2883,0,0,0,0,1,0
431,223958,784,1247,-20362,-18331,11942,18997,-2865,0,0,0,0,1,0
432,224479,400,1541,-18563,-16623,6088,23462,-2736,0,0,0,0,1,0
433,225000,0,1774,-16049,-14275,0,27026,-2502,0,0,0,0,1,0
434,225520,-400,1940,-12918,-11377,-6088,29551,-2172,0,0,0,0,1,0
435,226041,-784,2031,-9290,-8042,-11942,30940,-1759,0,0,0,0,1,0
436,226562,-1138,2045,-5303,-4397,-17337,31140,-1278,0,0,0,0,1,0
437,227083,-1449,1979,-1113,-582,-22066,30143,-748,0,0,0,0,1,0
438,227604,-1704,1838,3122,3256,-25947,27988,-189,0,0,0,0,1,0
439,228125,-1893,1626,7237,6969,-28831,24758,377,0,0,0,0,1,0
440,228645,-2010,1351,11074,10416,-30607,20576,929,0,0,0,0,1,0
441,229166,-2049,1024,14487,13462,-31207,15603,1445,0,0,0,0,1,0
442,229687,-2010,659,17344,15993,-30607,10031,1905,0,0,0,0,1,0
443,230208,-1893,267,19535,17909,-28831,4073,2292,0,0,0,0,1,0
444,230729,-1704,-134,20975,19138,-25947,-2041,2592,0,0,0,0,1,0
445,231250,-1449,-530,21611,19632,-22066,-8077,2791,0,0,0,0,1,0
446,231770,-1138,-906,21416,19372,-17337,-13802,2883,0,0,0,0,1,0
447,232291,-784,-1247,20399,18368,-11942,-18997,2865,0,0,0,0,1,0
448,232812,-400,-1541,18599,16659,-6088,-23462,2736,0,0,0,0,1,0
449,233333,0,-1774,16085,14310,0,-27026,2502,0,0,0,0,1,0
450,233854,400,-1940,12953,11412,6088,-29551,2172,0,0,0,0,1,0
451,234375,784,-2031,9324,8077,11942,-30940,1759,0,0,0,0,1,0
452,234895,1138,-2045,5337,4431,17337,-31140,1278,0,0,0,0,1,0
453,235416,1449,-1979,1146,615,22066,-30143,748,0,0,0,0,1,0
454,235937,1704,-1838,-3089,-3223,25947,-27988,189,0,0,0,0,1,0
455,236458,1893,-1626,-7205,-6937,28831,-24758,-377,0,0,0,0,1,0
456,236979,2010,-1351,-11043,-10384,30607,-20576,-929,0,0,0,0,1,0
457,237500,2049,-1024,-14456,-13432,31207,-15603,-1445,0,0,0,0,1,0
458,238020,2010,-659,-17314,-15963,30607,-10031,-1905,0,0,0,0,1,0
459,238541,1893,-267,-19505,-17880,28831,-4073,-2292,0,0,0,0,1,0
460,239062,1704,134,-20947,-19109,25947,2041,-2592,0,0,0,0,1,0
461,239583,1449,530,-21583,-19603,22066,8077,-2791,0,0,0,0,1,0
462,240104,1138,906,-21389,-19344,17337,13802,-2883,0,0,0,0,1,0
463,240625,784,1247,-20372,-18341,11942,18997,-2865,0,0,0,0,1,0
464,241145,400,1541,-18573,-16632,6088,23462,-2736,0,0,0,0,1,0
465,241666,0,1774,-16059,-14284,0,27026,-2502,0,0,0,0,1,0
466,242187,-400,1940,-12927,-11387,-6088,29551,-2172,0,0,0,0,1,0
467,242708,-784,2031,-9299,-8051,-11942,30940,-1759,0,0,0,0,1,0
468,243229,-1138,2045,-5312,-4406,-17337,31140,-1278,0,0,0,0,1,0
469,243750,-1449,1979,-1122,-591,-22066,30143,-748,0,0,0,0,1,0
470,244270,-1704,1838,3113,3247,-25947,27988,-189,0,0,0,0,1,0
471,244791,-1893,1626,7228,6961,-28831,24758,377,0,0,0,0,1,0
472,245312,-2010,1351,11066,10407,-30607,20576,929,0,0,0,0,1,0
473,245833,-2049,1024,14479,13454,-31207,15603,1445,0,0,0,0,1,0
474,246354,-2010,659,17336,15985,-30607,10031,1905,0,0,0,0,1,0
475,246875,-1893,267,19527,17901,-28831,4073,2292,0,0,0,0,1,0
476,247395,-1704,-134,20968,19130,-25947,-2041,2592,0,0,0,0,1,0
477,247916,-1449,-530,21603,19624,-22066,-8077,2791,0,0,0,0,1,0
478,248437,-1138,-906,21409,19364,-17337,-13802,2883,0,0,0,0,1,0
479,248958,-784,-1247,20392,18361,-11942,-18997,2865,0,0,0,0,1,0
480,249479,-400,-1541,18592,16652,-6088,-23462,2736,0,0,0,0,1,0
481,250000,0,-1774,16078,14303,0,-27026,2502,0,0,0,0,1,0
482,250520,400,-1940,12946,11406,6088,-29551,2172,0,0,0,0,1,0
483,251041,784,-2031,9317,8070,11942,-30940,1759,0,0,0,0,1,0
484,251562,1138,-2045,5330,4424,17337,-31140,1278,0,0,0,0,1,0
485,252083,1449,-1979,1139,609,22066,-30143,748,0,0,0,0,1,0
486,252604,1704,-1838,-3096,-3230,25947,-27988,189,0,0,0,0,1,0
487,253125,1893,-1626,-7211,-6944,28831,-24758,-377,0,0,0,0,1,0
488,253645,2010,-1351,-11049,-10391,30607,-20576,-929,0,0,0,0,1,0
489,254166,2049,-1024,-14462,-13438,31207,-15603,-1445,0,0,0,0,1,0
490,254687,2010,-659,-17320,-15969,30607,-10031,-1905,0,0,0,0,1,0
491,255208,1893,-267,-19511,-17885,28831,-4073,-2292,0,0,0,0,1,0
492,255729,1704,134,-20952,-19115,25947,2041,-2592,0,0,0,0,1,0
493,256249,1449,530,-21588,-19609,22066,8077,-2791,0,0,0,0,1,0
494,256770,1138,906,-21394,-19349,17337,13802,-2883,0,0,0,0,1,0
495,257291,784,1247,-20378,-18346,11942,18997,-2865,0,0,0,0,1,0
496,257812,400,1541,-18578,-16638,6088,23462,-2736,0,0,0,0,1,0
497,258333,0,1774,-16064,-14289,0,27026,-2502,0,0,0,0,1,0
498,258854,-400,1940,-12932,-11392,-6088,29551,-2172,0,0,0,0,1,0
499,259375,-784,2031,-9304,-8056,-11942,30940,-1759,0,0,0,0,1,0
500,259895,-1138,2045,-5317,-4411,-17337,31140,-1278,0,0,0,0,1,0
501,260416,-1449,1979,-1126,-596,-22066,30143,-748,0,0,0,0,1,0
502,260937,-1704,1838,3108,3242,-25947,27988,-189,0,0,0,0,1,0
503,261458,-1893,1626,7223,6956,-28831,24758,377,0,0,0,0,1,0
504,261979,-2010,1351,11061,10403,-30607,20576,929,0,0,0,0,1,0
505,262500,-2049,1024,14474,13450,-31207,15603,1445,0,0,0,0,1,0
506,263020,-2010,659,17331,15980,-30607,10031,1905,0,0,0,0,1,0
507,263541,-1893,267,19522,17897,-28831,4073,2292,0,0,0,0,1,0
508,264062,-1704,-134,20963,19126,-25947,-2041,2592,0,0,0,0,1,0
509,264583,-1449,-530,21599,19620,-22066,-8077,2791,0,0,0,0,1,0
510,265104,-1138,-906,21405,19360,-17337,-13802,2883,0,0,0,0,1,0
511,265625,-784,-1247,20388,18357,-11942,-18997,2865,0,0,0,0,1,0
512,266145,-400,-1541,18588,16648,-6088,-23462,2736,0,0,0,0,1,0
513,266666,0,-1774,16074,14300,0,-27026,2502,0,0,0,0,1,0
514,267187,400,-1940,12942,11402,6088,-29551,2172,0,0,0,0,1,0
515,267708,784,-2031,9314,8066,11942,-30940,1759,0,0,0,0,1,0
516,268229,1138,-2045,5327,4421,17337,-31140,1278,0,0,0,0,1,0
517,268750,1449,-1979,1136,605,22066,-30143,748,0,0,0,0,1,0
518,269270,1704,-1838,-3099,-3233,25947,-27988,189,0,0,0,0,1,0
519,269791,1893,-1626,-7214,-6947,28831,-24758,-377,0,0,0,0,1,0
520,270312,2010,-1351,-11052,-10394,30607,-20576,-929,0,0,0,0,1,0
521,270833,2049,-1024,-14466,-13441,31207,-15603,-1445,0,0,0,0,1,0
522,271354,2010,-659,-17323,-15972,30607,-10031,-1905,0,0,0,0,1,0
523,271875,1893,-267,-19514,-17888,28831,-4073,-2292,0,0,0,0,1,0
524,272395,1704,134,-20955,-19118,25947,2041,-2592,0,0,0,0,1,0
525,272916,1449,530,-21591,-19612,22066,8077,-2791,0,0,0,0,1,0
526,273437,1138,906,-21397,-19352,17337,13802,-2883,0,0,0,0,1,0
527,273958,784,1247,-20380,-18349,11942,18997,-2865,0,0,0,0,1,0
528,274479,400,1541,-18581,-16640,6088,23462,-2736,0,0,0,0,1,0
529,275000,0,1774,-16067,-14292,0,27026,-2502,0,0,0,0,1,0
530,275520,-400,1940,-12935,-11395,-6088,29551,-2172,0,0,0,0,1,0
531,276041,-784,2031,-9306,-8059,-11942,30940,-1759,0,0,0,0,1,0
532,276562,-1138,2045,-5320,-4414,-17337,31140,-1278,0,0,0,0,1,0
533,277083,-1449,1979,-1129,-599,-22066,30143,-748,0,0,0,0,1,0
534,277604,-1704,1838,3106,3240,-25947,27988,-189,0,0,0,0,1,0
535,278125,-1893,1626,7221,6954,-28831,24758,377,0,0,0,0,1,0
536,278645,-2010,1351,11059,10400,-30607,20576,929,0,0,0,0,1,0
537,279166,-2049,1024,14472,13448,-31207,15603,1445,0,0,0,0,1,0
538,279687,-2010,659,17329,15978,-30607,10031,1905,0,0,0,0,1,0
539,280208,-1893,267,19520,17895,-28831,4073,2292,0,0,0,0,1,0
540,280729,-1704,-134,20961,19124,-25947,-2041,2592,0,0,0,0,1,0
541,281250,-1449,-530,21597,19618,-22066,-8077,2791,0,0,0,0,1,0
542,281770,-1138,-906,21403,19358,-17337,-13802,2883,0,0,0,0,1,0
543,282291,-784,-1247,20386,18355,-11942,-18997,2865,0,0,0,0,1,0
544,282812,-400,-1541,18586,16646,-6088,-23462,2736,0,0,0,0,1,0
545,283333,0,-1774,16072,14298,0,-27026,2502,0,0,0,0,1,0
546,283854,400,-1940,12940,11400,6088,-29551,2172,0,0,0,0,1,0
547,284375,784,-2031,9312,8064,11942,-30940,1759,0,0,0,0,1,0
548,284895,1138,-2045,5325,4419,17337,-31140,1278,0,0,0,0,1,0
549,285416,1449,-1979,1134,604,22066,-30143,748,0,0,0,0,1,0
550,285937,1704,-1838,-3101,-3235,25947,-27988,189,0,0,0,0,1,0
551,286458,1893,-1626,-7216,-6949,28831,-24758,-377,0,0,0,0,1,0
552,286979,2010,-1351,-11054,-10396,30607,-20576,-929,0,0,0,0,1,0
553,287500,2049,-1024,-14467,-13443,31207,-15603,-1445,0,0,0,0,1,0
554,288020,2010,-659,-17324,-15973,30607,-10031,-1905,0,0,0,0,1,0
555,288541,1893,-267,-19516,-17890,28831,-4073,-2292,0,0,0,0,1,0
556,289062,1704,134,-20957,-19119,25947,2041,-2592,0,0,0,0,1,0
557,289583,1449,530,-21593,-19613,22066,8077,-2791,0,0,0,0,1,0
558,290104,1138,906,-21399,-19354,17337,13802,-2883,0,0,0,0,1,0
559,290625,784,1247,-20382,-18351,11942,18997,-2865,0,0,0,0,1,0
560,291145,400,1541,-18582,-16642,6088,23462,-2736,0,0,0,0,1,0
561,291666,0,1774,-16068,-14294,0,27026,-2502,0,0,0,0,1,0
562,292187,-400,1940,-12937,-11396,-6088,29551,-2172,0,0,0,0,1,0
563,292708,-784,2031,-9308,-8060,-11942,30940,-1759,0,0,0,0,1,0
564,293229,-1138,2045,-5321,-4415,-17337,31140,-1278,0,0,0,0,1,0
565,293750,-1449,1979,-1130,-600,-22066,30143,-748,0,0,0,0,1,0
566,294270,-1704,1838,3104,3238,-25947,27988,-189,0,0,0,0,1,0
567,294791,-1893,1626,7220,6952,-28831,24758,377,0,0,0,0,1,0
568,295312,-2010,1351,11058,10399,-30607,20576,929,0,0,0,0,1,0
569,295833,-2049,1024,14471,13446,-31207,15603,1445,0,0,0,0,1,0
570,296354,-2010,659,17328,15977,-30607,10031,1905,0,0,0,0,1,0
571,296875,-1893,267,19519,17893,-28831,4073,2292,0,0,0,0,1,0
572,297395,-1704,-134,20960,19122,-25947,-2041,2592,0,0,0,0,1,0
573,297916,-1449,-530,21596,19617,-22066,-8077,2791,0,0,0,0,1,0
574,298437,-1138,-906,21402,19357,-17337,-13802,2883,0,0,0,0,1,0
575,298958,-784,-1247,20385,18354,-11942,-18997,2865,0,0,0,0,1,0
576,299479,-400,-1541,18585,16645,-6088,-23462,2736,0,0,0,0,1,0
577,300000,0,-1774,16071,14297,0,-27026,2502,0,0,0,0,1,0
578,300520,400,-1940,12939,11399,6088,-29551,2172,0,0,0,0,1,0
579,301041,784,-2031,9311,8063,11942,-30940,1759,0,0,0,0,1,0
580,301562,1138,-2045,5324,4418,17337,-31140,1278,0,0,0,0,1,0
581,302083,1449,-1979,1133,603,22066,-30143,748,0,0,0,0,1,0
582,302604,1704,-1838,-3102,-3236,25947,-27988,189,0,0,0,0,1,0
583,303125,1893,-1626,-7217,-6950,28831,-24758,-377,0,0,0,0,1,0
584,303645,2010,-1351,-11055,-10397,30607,-20576,-929,0,0,0,0,1,0
585,304166,2049,-1024,-14468,-13444,31207,-15603,-1445,0,0,0,0,1,0
586,304687,2010,-659,-17325,-15974,30607,-10031,-1905,0,0,0,0,1,0
587,305208,1893,-267,-19517,-17891,28831,-4073,-2292,0,0,0,0,1,0
588,305729,1704,134,-20958,-19120,25947,2041,-2592,0,0,0,0,1,0
589,306250,1449,530,-21593,-19614,22066,8077,-2791,0,0,0,0,1,0
590,306770,1138,906,-21399,-19355,17337,13802,-2883,0,0,0,0,1,0
591,307291,784,1247,-20383,-18351,11942,18997,-2865,0,0,0,0,1,0
592,307812,400,1541,-18583,-16643,6088,23462,-2736,0,0,0,0,1,0
593,308333,0,1774,-16069,-14294,0,27026,-2502,0,0,0,0,1,0
594,308854,-400,1940,-12937,-11397,-6088,29551,-2172,0,0,0,0,1,0
595,309375,-784,2031,-9309,-8061,-11942,30940,-1759,0,0,0,0,1,0
596,309895,-1138,2045,-5322,-4416,-17337,31140,-1278,0,0,0,0,1,0
597,310416,-1449,1979,-1131,-601,-22066,30143,-748,0,0,0,0,1,0
598,310937,-1704,1838,3104,3238,-25947,27988,-189,0,0,0,0,1,0
599,311458,-1893,1626,7219,6952,-28831,24758,377,0,0,0,0,1,0
600,311979,-2010,1351,11057,10398,-30607,20576,929,0,0,0,0,1,0
601,312500,-2049,1024,14470,13446,-31207,15603,1445,0,0,0,0,1,0
602,313020,-2010,659,17327,15976,-30607,10031,1905,0,0,0,0,1,0
603,313541,-1893,267,19518,17893,-28831,4073,2292,0,0,0,0,1,0
604,314062,-1704,-134,20959,19122,-25947,-2041,2592,0,0,0,0,1,0
605,314583,-1449,-530,21595,19616,-22066,-8077,2791,0,0,0,0,1,0
606,315104,-1138,-906,21401,19356,-17337,-13802,2883,0,0,0,0,1,0
607,315625,-784,-1247,20384,18353,-11942,-18997,2865,0,0,0,0,1,0
608,316145,-400,-1541,18585,16644,-6088,-23462,2736,0,0,0,0,1,0
609,316666,0,-1774,16070,14296,0,-27026,2502,0,0,0,0,1,0
610,317187,400,-1940,12939,11398,6088,-29551,2172,0,0,0,0,1,0
611,317708,784,-2031,9310,8063,11942,-30940,1759,0,0,0,0,1,0
612,318229,1138,-2045,5323,4417,17337,-31140,1278,0,0,0,0,1,0
613,318750,1449,-1979,1132,602,22066,-30143,748,0,0,0,0,1,0
614,319270,1704,-1838,-3102,-3236,25947,-27988,189,0,0,0,0,1,0
615,319791,1893,-1626,-7218,-6950,28831,-24758,-377,0,0,0,0,1,0
616,320312,2010,-1351,-11056,-10397,30607,-20576,-929,0,0,0,0,1,0
617,320833,2049,-1024,-14469,-13444,31207,-15603,-1445,0,0,0,0,1,0
618,321354,2010,-659,-17326,-15975,30607,-10031,-1905,0,0,0,0,1,0
619,321875,1893,-267,-19517,-17891,28831,-4073,-2292,0,0,0,0,1,0
620,322395,1704,134,-20958,-19121,25947,2041,-2592,0,0,0,0,1,0
621,322916,1449,530,-21594,-19615,22066,8077,-2791,0,0,0,0,1,0
622,323437,1138,906,-21400,-19355,17337,13802,-2883,0,0,0,0,1,0
623,323958,784,1247,-20383,-18352,11942,18997,-2865,0,0,0,0,1,0
624,324479,400,1541,-18583,-16643,6088,23462,-2736,0,0,0,0,1,0
625,325000,0,1774,-16069,-14295,0,27026,-2502,0,0,0,0,1,0
626,325520,-400,1940,-12938,-11397,-6088,29551,-2172,0,0,0,0,1,0
627,326041,-784,2031,-9309,-8062,-11942,30940,-1759,0,0,0,0,1,0
628,326562,-1138,2045,-5322,-4416,-17337,31140,-1278,0,0,0,0,1,0
629,327083,-1449,1979,-1131,-601,-22066,30143,-748,0,0,0,0,1,0
630,327604,-1704,1838,3103,3237,-25947,27988,-189,0,0,0,0,1,0
631,328125,-1893,1626,7219,6951,-28831,24758,377,0,0,0,0,1,0
632,328645,-2010,1351,11057,10398,-30607,20576,929,0,0,0,0,1,0
633,329166,-2049,1024,14470,13445,-31207,15603,1445,0,0,0,0,1,0
634,329687,-2010,659,17327,15976,-30607,10031,1905,0,0,0,0,1,0
635,330208,-1893,267,19518,17892,-28831,4073,2292,0,0,0,0,1,0
636,330729,-1704,-134,20959,19121,-25947,-2041,2592,0,0,0,0,1,0
637,331250,-1449,-530,21595,19616,-22066,-8077,2791,0,0,0,0,1,0
638,331770,-1138,-906,21401,19356,-17337,-13802,2883,0,0,0,0,1,0
639,332291,-784,-1247,20384,18353,-11942,-18997,2865,0,0,0,0,1,0
640,332812,-400,-1541,18584,16644,-6088,-23462,2736,0,0,0,0,1,0
641,333333,0,-1774,16070,14296,0,-27026,2502,0,0,0,0,1,0
642,333854,400,-1940,12939,11398,6088,-29551,2172,0,0,0,0,1,0
643,334375,784,-2031,9310,8062,11942,-30940,1759,0,0,0,0,1,0
644,334895,1138,-2045,5323,4417,17337,-31140,1278,0,0,0,0,1,0
645,335416,1449,-1979,1132,602,22066,-30143,748,0,0,0,0,1,0
646,335937,1704,-1838,-3103,-3237,25947,-27988,189,0,0,0,0,1,0
647,336458,1893,-1626,-7218,-6951,28831,-24758,-377,0,0,0,0,1,0
648,336979,2010,-1351,-11056,-10397,30607,-20576,-929,0,0,0,0,1,0
649,337500,2049,-1024,-14469,-13445,31207,-15603,-1445,0,0,0,0,1,0
650,338020,2010,-659,-17326,-15975,30607,-10031,-1905,0,0,0,0,1,0
651,338541,1893,-267,-19517,-17892,28831,-4073,-2292,0,0,0,0,1,0
652,339062,1704,134,-20958,-19121,25947,2041,-2592,0,0,0,0,1,0
653,339583,1449,530,-21594,-19615,22066,8077,-2791,0,0,0,0,1,0
654,340104,1138,906,-21400,-19355,17337,13802,-2883,0,0,0,0,1,0
655,340625,784,1247,-20383,-18352,11942,18997,-2865,0,0,0,0,1,0
656,341145,400,1541,-18584,-16643,6088,23462,-2736,0,0,0,0,1,0
657,341666,0,1774,-16070,-14295,0,27026,-2502,0,0,0,0,1,0
658,342187,-400,1940,-12938,-11397,-6088,29551,-2172,0,0,0,0,1,0
659,342708,-784,2031,-9309,-8062,-11942,30940,-1759,0,0,0,0,1,0
660,343229,-1138,2045,-5323,-4416,-17337,31140,-1278,0,0,0,0,1,0
661,343750,-1449,1979,-1131,-601,-22066,30143,-748,0,0,0,0,1,0
662,344270,-1704,1838,3103,3237,-25947,27988,-189,0,0,0,0,1,0
663,344791,-1893,1626,7218,6951,-28831,24758,377,0,0,0,0,1,0
664,345312,-2010,1351,11056,10398,-30607,20576,929,0,0,0,0,1,0
665,345833,-2049,1024,14470,13445,-31207,15603,1445,0,0,0,0,1,0
666,346354,-2010,659,17327,15976,-30607,10031,1905,0,0,0,0,1,0
667,346875,-1893,267,19518,17892,-28831,4073,2292,0,0,0,0,1,0
668,347395,-1704,-134,20959,19121,-25947,-2041,2592,0,0,0,0,1,0
669,347916,-1449,-530,21595,19615,-22066,-8077,2791,0,0,0,0,1,0
670,348437,-1138,-906,21400,19356,-17337,-13802,2883,0,0,0,0,1,0
671,348958,-784,-1247,20384,18352,-11942,-18997,2865,0,0,0,0,1,0
672,349479,-400,-1541,18584,16644,-6088,-23462,2736,0,0,0,0,1,0
673,350000,0,-1774,16070,14296,0,-27026,2502,0,0,0,0,1,0
674,350520,400,-1940,12938,11398,6088,-29551,2172,0,0,0,0,1,0
675,351041,784,-2031,9310,8062,11942,-30940,1759,0,0,0,0,1,0
676,351562,1138,-2045,5323,4417,17337,-31140,1278,0,0,0,0,1,0
677,352083,1449,-1979,1132,602,22066,-30143,748,0,0,0,0,1,0
678,352604,1704,-1838,-3103,-3237,25947,-27988,189,0,0,0,0,1,0
679,353125,1893,-1626,-7218,-6951,28831,-24758,-377,0,0,0,0,1,0
680,353645,2010,-1351,-11056,-10397,30607,-20576,-929,0,0,0,0,1,0
681,354166,2049,-1024,-14469,-13445,31207,-15603,-1445,0,0,0,0,1,0
682,354687,2010,-659,-17326,-15975,30607,-10031,-1905,0,0,0,0,1,0
683,355208,1893,-267,-19517,-17892,28831,-4073,-2292,0,0,0,0,1,0
684,355729,1704,134,-20959,-19121,25947,2041,-2592,0,0,0,0,1,0
685,356250,1449,530,-21594,-19615,22066,8077,-2791,0,0,0,0,1,0
686,356770,1138,906,-21400,-19356,17337,13802,-2883,0,0,0,0,1,0
687,357291,784,1247,-20384,-18352,11942,18997,-2865,0,0,0,0,1,0
688,357812,400,1541,-18584,-16643,6088,23462,-2736,0,0,0,0,1,0
689,358333,0,1774,-16070,-14295,0,27026,-2502,0,0,0,0,1,0
690,358854,-400,1940,-12938,-11398,-6088,29551,-2172,0,0,0,0,1,0
691,359375,-784,2031,-9309,-8062,-11942,30940,-1759,0,0,0,0,1,0
692,359895,-1138,2045,-5323,-4416,-17337,31140,-1278,0,0,0,0,1,0
693,360416,-1449,1979,-1132,-601,-22066,30143,-748,0,0,0,0,1,0
694,360937,-1704,1838,3103,3237,-25947,27988,-189,0,0,0,0,1,0
695,361458,-1893,1626,7218,6951,-28831,24758,377,0,0,0,0,1,0
696,361979,-2010,1351,11056,10398,-30607,20576,929,0,0,0,0,1,0
697,362500,-2049,1024,14469,13445,-31207,15603,1445,0,0,0,0,1,0
698,363020,-2010,659,17326,15975,-30607,10031,1905,0,0,0,0,1,0
699,363541,-1893,267,19518,17892,-28831,4073,2292,0,0,0,0,1,0
700,364062,-1704,-134,20959,19121,-25947,-2041,2592,0,0,0,0,1,0
701,364583,-1449,-530,21595,19615,-22066,-8077,2791,0,0,0,0,1,0
702,365104,-1138,-906,21400,19356,-17337,-13802,2883,0,0,0,0,1,0
703,365625,-784,-1247,20384,18352,-11942,-18997,2865,0,0,0,0,1,0
704,366145,-400,-1541,18584,16644,-6088,-23462,2736,0,0,0,0,1,0
705,366666,0,-1774,16070,14295,0,-27026,2502,0,0,0,0,1,0
706,367187,400,-1940,12938,11398,6088,-29551,2172,0,0,0,0,1,0
707,367708,784,-2031,9309,8062,11942,-30940,1759,0,0,0,0,1,0
708,368229,1138,-2045,5323,4417,17337,-31140,1278,0,0,0,0,1,0
709,368750,1449,-1979,1132,601,22066,-30143,748,0,0,0,0,1,0
710,369270,1704,-1838,-3103,-3237,25947,-27988,189,0,0,0,0,1,0
711,369791,1893,-1626,-7218,-6951,28831,-24758,-377,0,0,0,0,1,0
712,370312,2010,-1351,-11056,-10398,30607,-20576,-929,0,0,0,0,1,0
713,370833,2049,-1024,-14469,-13445,31207,-15603,-1445,0,0,0,0,1,0
714,371354,2010,-659,-17326,-15975,30607,-10031,-1905,0,0,0,0,1,0
715,371875,1893,-267,-19517,-17892,28831,-4073,-2292,0,0,0,0,1,0
716,372395,1704,134,-20959,-19121,25947,2041,-2592,0,0,0,0,1,0
717,372916,1449,530,-21594,-19615,22066,8077,-2791,0,0,0,0,1,0
718,373437,1138,906,-21400,-19356,17337,13802,-2883,0,0,0,0,1,0
719,373958,784,1247,-20384,-18352,11942,18997,-2865,0,0,0,0,1,0
720,374479,400,1541,-18584,-16644,6088,23462,-2736,0,0,0,0,1,0
721,375000,0,1774,-16070,-14295,0,27026,-2502,0,0,0,0,1,0
722,375520,-400,1940,-12938,-11398,-6088,29551,-2172,0,0,0,0,1,0
723,376041,-784,2031,-9309,-8062,-11942,30940,-1759,0,0,0,0,1,0
724,376562,-1138,2045,-5323,-4417,-17337,31140,-1278,0,0,0,0,1,0
725,377083,-1449,1979,-1132,-601,-22066,30143,-748,0,0,0,0,1,0
726,377604,-1704,1838,3103,3237,-25947,27988,-189,0,0,0,0,1,0
727,378125,-1893,1626,7218,6951,-28831,24758,377,0,0,0,0,1,0
728,378645,-2010,1351,11056,10398,-30607,20576,929,0,0,0,0,1,0
729,379166,-2049,1024,14469,13445,-31207,15603,1445,0,0,0,0,1,0
730,379687,-2010,659,17326,15975,-30607,10031,1905,0,0,0,0,1,0
731,380208,-1893,267,19518,17892,-28831,4073,2292,0,0,0,0,1,0
732,380729,-1704,-134,20959,19121,-25947,-2041,2592,0,0,0,0,1,0
733,381250,-1449,-530,21594,19615,-22066,-8077,2791,0,0,0,0,1,0
734,381770,-1138,-906,21400,19356,-17337,-13802,2883,0,0,0,0,1,0
735,382291,-784,-1247,20384,18352,-11942,-18997,2865,0,0,0,0,1,0
736,382812,-400,-1541,18584,16644,-6088,-23462,2736,0,0,0,0,1,0
737,383333,0,-1774,16070,14295,0,-27026,2502,0,0,0,0,1,0
738,383854,400,-1940,12938,11398,6088,-29551,2172,0,0,0,0,1,0
739,384375,784,-2031,9309,8062,11942,-30940,1759,0,0,0,0,1,0
740,384895,1138,-2045,5323,4417,17337,-31140,1278,0,0,0,0,1,0
741,385416,1449,-1979,1132,601,22066,-30143,748,0,0,0,0,1,0
742,385937,1704,-1838,-3103,-3237,25947,-27988,189,0,0,0,0,1,0
743,386458,1893,-1626,-7218,-6951,28831,-24758,-377,0,0,0,0,1,0
744,386979,2010,-1351,-11056,-10398,30607,-20576,-929,0,0,0,0,1,0
745,387500,2049,-1024,-14469,-13445,31207,-15603,-1445,0,0,0,0,1,0
746,388020,2010,-659,-17326,-15975,30607,-10031,-1905,0,0,0,0,1,0
747,388541,1893,-267,-19518,-17892,28831,-4073,-2292,0,0,0,0,1,0
748,389062,1704,134,-20959,-19121,25947,2041,-2592,0,0,0,0,1,0
749,389583,1449,530,-21594,-19615,22066,8077,-2791,0,0,0,0,1,0
750,390104,1138,906,-21400,-19356,17337,13802,-2883,0,0,0,0,1,0
751,390625,784,1247,-20384,-18352,11942,18997,-2865,0,0,0,0,1,0
752,391145,400,1541,-18584,-16644,6088,23462,-2736,0,0,0,0,1,0
753,391666,0,1774,-16070,-14295,0,27026,-2502,0,0,0,0,1,0
754,392187,-300,1455,-1155,0,-5637,27362,-21724,0,0,0,0,1,0
755,392708,-588,1524,-936,0,-11058,28648,-17590,0,0,0,0,1,0
756,393229,-854,1533,-680,0,-16053,28833,-12780,0,0,0,0,1,0
757,393750,-1087,1484,-398,0,-20432,27910,-7479,0,0,0,0,1,0
758,394270,-1278,1378,-101,0,-24025,25915,-1890,0,0,0,0,1,0
759,394791,-1420,1219,201,0,-26696,22924,3772,0,0,0,0,1,0
760,395312,-1507,1013,494,0,-28340,19052,9288,0,0,0,0,1,0
761,395833,-1537,768,768,0,-28895,14448,14448,0,0,0,0,1,0
762,396354,-1507,494,1013,0,-28340,9288,19052,0,0,0,0,1,0
763,396875,-1420,201,1219,0,-26696,3772,22924,0,0,0,0,1,0
764,397395,-1278,-101,1378,0,-24025,-1890,25915,0,0,0,0,1,0
765,397916,-1087,-398,1484,0,-20432,-7479,27910,0,0,0,0,1,0
766,398437,-854,-680,1533,0,-16053,-12780,28833,0,0,0,0,1,0
767,398958,-588,-936,1524,0,-11058,-17590,28648,0,0,0,0,1,0
768,399479,-300,-1155,1455,0,-5637,-21724,27362,0,0,0,0,1,0
769,400000,0,-1331,1331,0,0,-25024,25024,0,0,0,0,1,0
770,400520,300,-1455,1155,0,5637,-27362,21724,0,0,0,0,1,0
771,401041,588,-1524,936,0,11058,-28648,17590,0,0,0,0,1,0
772,401562,854,-1533,680,0,16053,-28833,12780,0,0,0,0,1,0
773,402083,1087,-1484,398,0,20432,-27910,7479,0,0,0,0,1,0
774,402604,1278,-1378,101,0,24025,-25915,1890,0,0,0,0,1,0
775,403125,1420,-1219,-201,0,26696,-22924,-3772,0,0,0,0,1,0
776,403645,1507,-1013,-494,0,28340,-19052,-9288,0,0,0,0,1,0
777,404166,1537,-768,-768,0,28895,-14448,-14448,0,0,0,0,1,0
778,404687,1507,-494,-1013,0,28340,-9288,-19052,0,0,0,0,1,0
779,405208,1420,-201,-1219,0,26696,-3772,-22924,0,0,0,0,1,0
780,405729,1278,101,-1378,0,24025,1890,-25915,0,0,0,0,1,0
781,406250,1087,398,-1484,0,20432,7479,-27910,0,0,0,0,1,0
782,406770,854,680,-1533,0,16053,12780,-28833,0,0,0,0,1,0
783,407291,588,936,-1524,0,11058,17590,-28648,0,0,0,0,1,0
784,407812,300,1155,-1455,0,5637,21724,-27362,0,0,0,0,1,0
785,408333,0,1331,-1331,0,0,25024,-25024,0,0,0,0,1,0
786,408854,-300,1455,-1155,0,-5637,27362,-21724,0,0,0,0,1,0
787,409375,-588,1524,-936,0,-11058,28648,-17590,0,0,0,0,1,0
788,409895,-854,1533,-680,0,-16053,28833,-12780,0,0,0,0,1,0
789,410416,-1087,1484,-398,0,-20432,27910,-7479,0,0,0,0,1,0
790,410937,-1278,1378,-101,0,-24025,25915,-1890,0,0,0,0,1,0
791,411458,-1420,1219,201,0,-26696,22924,3772,0,0,0,0,1,0
792,411979,-1507,1013,494,0,-28340,19052,9288,0,0,0,0,1,0
793,412500,-1537,768,768,0,-28895,14448,14448,0,0,0,0,1,0
794,413020,-1507,494,1013,0,-28340,9288,19052,0,0,0,0,1,0
795,413541,-1420,201,1219,0,-26696,3772,22924,0,0,0,0,1,0
796,414062,-1278,-101,1378,0,-24025,-1890,25915,0,0,0,0,1,0
797,414583,-1087,-398,1484,0,-20432,-7479,27910,0,0,0,0,1,0
798,415104,-854,-680,1533,0,-16053,-12780,28833,0,0,0,0,1,0
799,415625,-588,-936,1524,0,-11058,-17590,28648,0,0,0,0,1,0
800,416145,-300,-1155,1455,0,-5637,-21724,27362,0,0,0,0,1,0
801,416666,0,-1331,1331,0,0,-25024,25024,0,0,0,0,1,0
802,417187,300,-1455,1155,0,5637,-27362,21724,0,0,0,0,1,0
803,417708,588,-1524,936,0,11058,-28648,17590,0,0,0,0,1,0
804,418229,854,-1533,680,0,16053,-28833,12780,0,0,0,0,1,0
805,418750,1087,-1484,398,0,20432,-27910,7479,0,0,0,0,1,0
806,419270,1278,-1378,101,0,24025,-25915,1890,0,0,0,0,1,0
807,419791,1420,-1219,-201,0,26696,-22924,-3772,0,0,0,0,1,0
808,420312,1507,-1013,-494,0,28340,-19052,-9288,0,0,0,0,1,0
809,420833,1537,-768,-768,0,28895,-14448,-14448,0,0,0,0,1,0
810,421354,1507,-494,-1013,0,28340,-9288,-19052,0,0,0,0,1,0
811,421875,1420,-201,-1219,0,26696,-3772,-22924,0,0,0,0,1,0
812,422395,1278,101,-1378,0,24025,1890,-25915,0,0,0,0,1,0
813,422916,1087,398,-1484,0,20432,7479,-27910,0,0,0,0,1,0
814,423437,854,680,-1533,0,16053,12780,-28833,0,0,0,0,1,0
815,423958,588,936,-1524,0,11058,17590,-28648,0,0,0,0,1,0
816,424479,300,1155,-1455,0,5637,21724,-27362,0,0,0,0,1,0
817,425000,0,1331,-1331,0,0,25024,-25024,0,0,0,0,1,0
818,425520,-300,1455,-1155,0,-5637,27362,-21724,0,0,0,0,1,0
819,426041,-588,1524,-936,0,-11058,28648,-17590,0,0,0,0,1,0
820,426562,-854,1533,-680,0,-16053,28833,-12780,0,0,0,0,1,0
821,427083,-1087,1484,-398,0,-20432,27910,-7479,0,0,0,0,1,0
822,427604,-1278,1378,-101,0,-24025,25915,-1890,0,0,0,0,1,0
823,428125,-1420,1219,201,0,-26696,22924,3772,0,0,0,0,1,0
824,428645,-1507,1013,494,0,-28340,19052,9288,0,0,0,0,1,0
825,429166,-1537,768,768,0,-28895,14448,14448,0,0,0,0,1,0
826,429687,-1507,494,1013,0,-28340,9288,19052,0,0,0,0,1,0
827,430208,-1420,201,1219,0,-26696,3772,22924,0,0,0,0,1,0
828,430729,-1278,-101,1378,0,-24025,-1890,25915,0,0,0,0,1,0
829,431250,-1087,-398,1484,0,-20432,-7479,27910,0,0,0,0,1,0
830,431770,-854,-680,1533,0,-16053,-12780,28833,0,0,0,0,1,0
831,432291,-588,-936,1524,0,-11058,-17590,28648,0,0,0,0,1,0
832,432812,-300,-1155,1455,0,-5637,-21724,27362,0,0,0,0,1,0
833,433333,0,-1331,1331,0,0,-25024,25024,0,0,0,0,1,0
834,433854,300,-1455,1155,0,5637,-27362,21724,0,0,0,0,1,0
835,434375,588,-1524,936,0,11058,-28648,17590,0,0,0,0,1,0
836,434895,854,-1533,680,0,16053,-28833,12780,0,0,0,0,1,0
837,435416,1087,-1484,398,0,20432,-27910,7479,0,0,0,0,1,0
838,435937,1278,-1378,101,0,24025,-25915,1890,0,0,0,0,1,0
839,436458,1420,-1219,-201,0,26696,-22924,-3772,0,0,0,0,1,0
840,436979,1507,-1013,-494,0,28340,-19052,-9288,0,0,0,0,1,0
841,437500,1537,-768,-768,0,28895,-14448,-14448,0,0,0,0,1,0
842,438020,1507,-494,-1013,0,28340,-9288,-19052,0,0,0,0,1,0
843,438541,1420,-201,-1219,0,26696,-3772,-22924,0,0,0,0,1,0
844,439062,1278,101,-1378,0,24025,1890,-25915,0,0,0,0,1,0
845,439583,1087,398,-1484,0,20432,7479,-27910,0,0,0,0,1,0
846,440104,854,680,-1533,0,16053,12780,-28833,0,0,0,0,1,0
847,440625,588,936,-1524,0,11058,17590,-28648,0,0,0,0,1,0
848,441145,300,1155,-1455,0,5637,21724,-27362,0,0,0,0,1,0
849,441666,0,1331,-1331,0,0,25024,-25024,0,0,0,0,1,0
850,442187,-300,1455,-1155,0,-5637,27362,-21724,0,0,0,0,1,0
851,442708,-588,1524,-936,0,-11058,28648,-17590,0,0,0,0,1,0
852,443229,-854,1533,-680,0,-16053,28833,-12780,0,0,0,0,1,0
853,443750,-1087,1484,-398,0,-20432,27910,-7479,0,0,0,0,1,0
854,444270,-1278,1378,-101,0,-24025,25915,-1890,0,0,0,0,1,0
855,444791,-1420,1219,201,0,-26696,22924,3772,0,0,0,0,1,0
856,445312,-1507,1013,494,0,-28340,19052,9288,0,0,0,0,1,0
857,445833,-1537,768,768,0,-28895,14448,14448,0,0,0,0,1,0
858,446354,-1507,494,1013,0,-28340,9288,19052,0,0,0,0,1,0
859,446875,-1420,201,1219,0,-26696,3772,22924,0,0,0,0,1,0
860,447395,-1278,-101,1378,0,-24025,-1890,25915,0,0,0,0,1,0
861,447916,-1087,-398,1484,0,-20432,-7479,27910,0,0,0,0,1,0
862,448437,-854,-680,1533,0,-16053,-12780,28833,0,0,0,0,1,0
863,448958,-588,-936,1524,0,-11058,-17590,28648,0,0,0,0,1,0
864,449479,-300,-1155,1455,0,-5637,-21724,27362,0,0,0,0,1,0
865,450000,0,-1331,1331,0,0,-25024,25024,0,0,0,0,1,0
866,450520,300,-1455,1155,0,5637,-27362,21724,0,0,0,0,1,0
867,451041,588,-1524,936,0,11058,-28648,17590,0,0,0,0,1,0
868,451562,854,-1533,680,0,16053,-28833,12780,0,0,0,0,1,0
869,452083,1087,-1484,398,0,20432,-27910,7479,0,0,0,0,1,0
870,452604,1278,-1378,101,0,24025,-25915,1890,0,0,0,0,1,0
871,453125,1420,-1219,-201,0,26696,-22924,-3772,0,0,0,0,1,0
872,453645,1507,-1013,-494,0,28340,-19052,-9288,0,0,0,0,1,0
873,454166,1537,-768,-768,0,28895,-14448,-14448,0,0,0,0,1,0
874,454687,1507,-494,-1013,0,28340,-9288,-19052,0,0,0,0,1,0
875,455208,1420,-201,-1219,0,26696,-3772,-22924,0,0,0,0,1,0
876,455729,1278,101,-1378,0,24025,1890,-25915,0,0,0,0,1,0
877,456250,1087,398,-1484,0,20432,7479,-27910,0,0,0,0,1,0
878,456770,854,680,-1533,0,16053,12780,-28833,0,0,0,0,1,0
879,457291,588,936,-1524,0,11058,17590,-28648,0,0,0,0,1,0
880,457812,300,1155,-1455,0,5637,21724,-27362,0,0,0,0,1,0
881,458333,0,1331,-1331,0,0,25024,-25024,0,0,0,0,1,0
882,458854,-300,1455,-1155,0,-5637,27362,-21724,0,0,0,0,1,0
883,459375,-588,1524,-936,0,-11058,28648,-17590,0,0,0,0,1,0
884,459895,-854,1533,-680,0,-16053,28833,-12780,0,0,0,0,1,0
885,460416,-1087,1484,-398,0,-20432,27910,-7479,0,0,0,0,1,0
886,460937,-1278,1378,-101,0,-24025,25915,-1890,0,0,0,0,1,0
887,461458,-1420,1219,201,0,-26696,22924,3772,0,0,0,0,1,0
888,461979,-1507,1013,494,0,-28340,19052,9288,0,0,0,0,1,0
889,462500,-1537,768,768,0,-28895,14448,14448,0,0,0,0,1,0
890,463020,-1507,494,1013,0,-28340,9288,19052,0,0,0,0,1,0
891,463541,-1420,201,1219,0,-26696,3772,22924,0,0,0,0,1,0
892,464062,-1278,-101,1378,0,-24025,-1890,25915,0,0,0,0,1,0
893,464583,-1087,-398,1484,0,-20432,-7479,27910,0,0,0,0,1,0
894,465104,-854,-680,1533,0,-16053,-12780,28833,0,0,0,0,1,0
895,465625,-588,-936,1524,0,-11058,-17590,28648,0,0,0,0,1,0
896,466145,-300,-1155,1455,0,-5637,-21724,27362,0,0,0,0,1,0
897,466666,0,-1331,1331,0,0,-25024,25024,0,0,0,0,1,0
898,467187,300,-1455,1155,0,5637,-27362,21724,0,0,0,0,1,0
899,467708,588,-1524,936,0,11058,-28648,17590,0,0,0,0,1,0
900,468229,854,-1533,680,0,16053,-28833,12780,0,0,0,0,1,0
901,468750,1087,-1484,398,0,20432,-27910,7479,0,0,0,0,1,0
902,469270,1278,-1378,101,0,24025,-25915,1890,0,0,0,0,1,0
903,469791,1420,-1219,-201,0,26696,-22924,-3772,0,0,0,0,1,0
904,470312,1507,-1013,-494,0,28340,-19052,-9288,0,0,0,0,1,0
905,470833,1537,-768,-768,0,28895,-14448,-14448,0,0,0,0,1,0
906,471354,1507,-494,-1013,0,28340,-9288,-19052,0,0,0,0,1,0
907,471875,1420,-201,-1219,0,26696,-3772,-22924,0,0,0,0,1,0
908,472395,1278,101,-1378,0,24025,1890,-25915,0,0,0,0,1,0
909,472916,1087,398,-1484,0,20432,7479,-27910,0,0,0,0,1,0
910,473437,854,680,-1533,0,16053,12780,-28833,0,0,0,0,1,0
911,473958,588,936,-1524,0,11058,17590,-28648,0,0,0,0,1,0
912,474479,300,1155,-1455,0,5637,21724,-27362,0,0,0,0,1,0
913,475000,0,1331,-1331,0,0,25024,-25024,0,0,0,0,1,0
914,475520,-300,1455,-1155,0,-5637,27362,-21724,0,0,0,0,1,0
915,476041,-588,1524,-936,0,-11058,28648,-17590,0,0,0,0,1,0
916,476562,-854,1533,-680,0,-16053,28833,-12780,0,0,0,0,1,0
917,477083,-1087,1484,-398,0,-20432,27910,-7479,0,0,0,0,1,0
918,477604,-1278,1378,-101,0,-24025,25915,-1890,0,0,0,0,1,0
919,478125,-1420,1219,201,0,-26696,22924,3772,0,0,0,0,1,0
920,478645,-1507,1013,494,0,-28340,19052,9288,0,0,0,0,1,0
921,479166,-1537,768,768,0,-28895,14448,14448,0,0,0,0,1,0
922,479687,-1507,494,1013,0,-28340,9288,19052,0,0,0,0,1,0
923,480208,-1420,201,1219,0,-26696,3772,22924,0,0,0,0,1,0
924,480729,-1278,-101,1378,0,-24025,-1890,25915,0,0,0,0,1,0
925,481250,-1087,-398,1484,0,-20432,-7479,27910,0,0,0,0,1,0
926,481770,-854,-680,1533,0,-16053,-12780,28833,0,0,0,0,1,0
927,482291,-588,-936,1524,0,-11058,-17590,28648,0,0,0,0,1,0
928,482812,-300,-1155,1455,0,-5637,-21724,27362,0,0,0,0,1,0
929,483333,0,-1331,1331,0,0,-25024,25024,0,0,0,0,1,0
930,483854,300,-1455,1155,0,5637,-27362,21724,0,0,0,0,1,0
931,484375,588,-1524,936,0,11058,-28648,17590,0,0,0,0,1,0
932,484895,854,-1533,680,0,16053,-28833,12780,0,0,0,0,1,0
933,485416,1087,-1484,398,0,20432,-27910,7479,0,0,0,0,1,0
934,485937,1278,-1378,101,0,24025,-25915,1890,0,0,0,0,1,0
935,486458,1420,-1219,-201,0,26696,-22924,-3772,0,0,0,0,1,0
936,486979,1507,-1013,-494,0,28340,-19052,-9288,0,0,0,0,1,0
937,487500,1537,-768,-768,0,28895,-14448,-14448,0,0,0,0,1,0
938,488020,1507,-494,-1013,0,28340,-9288,-19052,0,0,0,0,1,0
939,488541,1420,-201,-1219,0,26696,-3772,-22924,0,0,0,0,1,0
940,489062,1278,101,-1378,0,24025,1890,-25915,0,0,0,0,1,0
941,489583,1087,398,-1484,0,20432,7479,-27910,0,0,0,0,1,0
942,490104,854,680,-1533,0,16053,12780,-28833,0,0,0,0,1,0
943,490625,588,936,-1524,0,11058,17590,-28648,0,0,0,0,1,0
944,491145,300,1155,-1455,0,5637,21724,-27362,0,0,0,0,1,0
945,491666,0,1331,-1331,0,0,25024,-25024,0,0,0,0,1,0
946,492187,-300,1455,-1155,0,-5637,27362,-21724,0,0,0,0,1,0
947,492708,-588,1524,-936,0,-11058,28648,-17590,0,0,0,0,1,0
948,493229,-854,1533,-680,0,-16053,28833,-12780,0,0,0,0,1,0
949,493750,-1087,1484,-398,0,-20432,27910,-7479,0,0,0,0,1,0
950,494270,-1278,1378,-101,0,-24025,25915,-1890,0,0,0,0,1,0
951,494791,-1420,1219,201,0,-26696,22924,3772,0,0,0,0,1,0
952,495312,-1507,1013,494,0,-28340,19052,9288,0,0,0,0,1,0
953,495833,-1537,768,768,0,-28895,14448,14448,0,0,0,0,1,0
954,496354,-1507,494,1013,0,-28340,9288,19052,0,0,0,0,1,0
955,496875,-1420,201,1219,0,-26696,3772,22924,0,0,0,0,1,0
956,497395,-1278,-101,1378,0,-24025,-1890,25915,0,0,0,0,1,0
957,497916,-1087,-398,1484,0,-20432,-7479,27910,0,0,0,0,1,0
958,498437,-854,-680,1533,0,-16053,-12780,28833,0,0,0,0,1,0
959,498958,-588,-936,1524,0,-11058,-17590,28648,0,0,0,0,1,0
960,499479,-300,-1155,1455,0,-5637,-21724,27362,0,0,0,0,1,0
961,500000,0,-1331,1331,0,0,-25024,25024,0,0,0,0,1,0
962,500520,300,-1455,1155,0,5637,-27362,21724,0,0,0,0,1,0
963,501041,588,-1524,936,0,11058,-28648,17590,0,0,0,0,1,0
964,501562,854,-1533,680,0,16053,-28833,12780,0,0,0,0,1,0
965,502083,1087,-1484,398,0,20432,-27910,7479,0,0,0,0,1,0
966,502604,1278,-1378,101,0,24025,-25915,1890,0,0,0,0,1,0
967,503125,1420,-1219,-201,0,26696,-22924,-3772,0,0,0,0,1,0
968,503645,1507,-1013,-494,0,28340,-19052,-9288,0,0,0,0,1,0
969,504166,1537,-768,-768,0,28895,-14448,-14448,0,0,0,0,1,0
970,504687,1507,-494,-1013,0,28340,-9288,-19052,0,0,0,0,1,0
971,505208,1420,-201,-1219,0,26696,-3772,-22924,0,0,0,0,1,0
972,505729,1278,101,-1378,0,24025,1890,-25915,0,0,0,0,1,0
973,506250,1087,398,-1484,0,20432,7479,-27910,0,0,0,0,1,0
974,506770,854,680,-1533,0,16053,12780,-28833,0,0,0,0,1,0
975,507291,588,936,-1524,0,11058,17590,-28648,0,0,0,0,1,0
976,507812,300,1155,-1455,0,5637,21724,-27362,0,0,0,0,1,0
977,508333,0,1331,-1331,0,0,25024,-25024,0,0,0,0,1,0
978,508854,-300,1455,-1155,0,-5637,27362,-21724,0,0,0,0,1,0
979,509375,-588,1524,-936,0,-11058,28648,-17590,0,0,0,0,1,0
980,509895,-854,1533,-680,0,-16053,28833,-12780,0,0,0,0,1,0
981,510416,-1087,1484,-398,0,-20432,27910,-7479,0,0,0,0,1,0
982,510937,-1278,1378,-101,0,-24025,25915,-1890,0,0,0,0,1,0
983,511458,-1420,1219,201,0,-26696,22924,3772,0,0,0,0,1,0
984,511979,-1507,1013,494,0,-28340,19052,9288,0,0,0,0,1,0
985,512499,-1537,768,768,0,-28895,14448,14448,0,0,0,0,1,0
986,513020,-1507,494,1013,0,-28340,9288,19052,0,0,0,0,1,0
987,513541,-1420,201,1219,0,-26696,3772,22924,0,0,0,0,1,0
988,514062,-1278,-101,1378,0,-24025,-1890,25915,0,0,0,0,1,0
989,514583,-1087,-398,1484,0,-20432,-7479,27910,0,0,0,0,1,0
990,515104,-854,-680,1533,0,-16053,-12780,28833,0,0,0,0,1,0
991,515625,-588,-936,1524,0,-11058,-17590,28648,0,0,0,0,1,0
992,516145,-300,-1155,1455,0,-5637,-21724,27362,0,0,0,0,1,0
993,516666,0,-1331,1331,0,0,-25024,25024,0,0,0,0,1,0
994,517187,300,-1455,1155,0,5637,-27362,21724,0,0,0,0,1,0
995,517708,588,-1524,936,0,11058,-28648,17590,0,0,0,0,1,0
996,518229,854,-1533,680,0,16053,-28833,12780,0,0,0,0,1,0
997,518750,1087,-1484,398,0,20432,-27910,7479,0,0,0,0,1,0
998,519270,1278,-1378,101,0,24025,-25915,1890,0,0,0,0,1,0
999,519791,1420,-1219,-201,0,26696,-22924,-3772,0,0,0,0,1,0
1000,520312,1507,-1013,-494,0,28340,-19052,-9288,0,0,0,0,1,0
1001,520833,1537,-768,-768,0,28895,-14448,-14448,0,0,0,0,1,0
1002,521354,1507,-494,-1013,0,28340,-9288,-19052,0,0,0,0,1,0
1003,521875,1420,-201,-1219,0,26696,-3772,-22924,0,0,0,0,1,0
1004,522395,1278,101,-1378,0,24025,1890,-25915,0,0,0,0,1,0
1005,522916,1087,398,-1484,0,20432,7479,-27910,0,0,0,0,1,0
1006,523437,854,680,-1533,0,16053,12780,-28833,0,0,0,0,1,0
1007,523958,588,936,-1524,0,11058,17590,-28648,0,0,0,0,1,0
1008,524479,300,1155,-1455,0,5637,21724,-27362,0,0,0,0,1,0
1009,525000,0,1331,-1331,0,0,25024,-25024,0,0,0,0,1,0
1010,525520,-300,1455,-1155,0,-5637,27362,-21724,0,0,0,0,1,0
1011,526041,-588,1524,-936,0,-11058,28648,-17590,0,0,0,0,1,0
1012,526562,-854,1533,-680,0,-16053,28833,-12780,0,0,0,0,1,0
1013,527083,-1087,1484,-398,0,-20432,27910,-7479,0,0,0,0,1,0
1014,527604,-1278,1378,-101,0,-24025,25915,-1890,0,0,0,0,1,0
1015,528125,-1420,1219,201,0,-26696,22924,3772,0,0,0,0,1,0
1016,528645,-1507,1013,494,0,-28340,19052,9288,0,0,0,0,1,0
1017,529166,-1537,768,768,0,-28895,14448,14448,0,0,0,0,1,0
1018,529687,-1507,494,1013,0,-28340,9288,19052,0,0,0,0,1,0
1019,530208,-1420,201,1219,0,-26696,3772,22924,0,0,0,0,1,0
1020,530729,-1278,-101,1378,0,-24025,-1890,25915,0,0,0,0,1,0
1021,531250,-1087,-398,1484,0,-20432,-7479,27910,0,0,0,0,1,0
1022,531770,-854,-680,1533,0,-16053,-12780,28833,0,0,0,0,1,0
1023,532291,-588,-936,1524,0,-11058,-17590,28648,0,0,0,0,1,0
1024,532812,-300,-1155,1455,0,-5637,-21724,27362,0,0,0,0,1,0
1025,533333,0,-1331,1331,0,0,-25024,25024,0,0,0,0,1,0
1026,533854,300,-1455,1155,0,5637,-27362,21724,0,0,0,0,1,0
1027,534375,588,-1524,936,0,11058,-28648,17590,0,0,0,0,1,0
1028,534895,854,-1533,680,0,16053,-28833,12780,0,0,0,0,1,0
1029,535416,1087,-1484,398,0,20432,-27910,7479,0,0,0,0,1,0
1030,535937,1278,-1378,101,0,24025,-25915,1890,0,0,0,0,1,0
1031,536458,1420,-1219,-201,0,26696,-22924,-3772,0,0,0,0,1,0
1032,536979,1507,-1013,-494,0,28340,-19052,-9288,0,0,0,0,1,0
1033,537500,1537,-768,-768,0,28895,-14448,-14448,0,0,0,0,1,0
1034,538020,1507,-494,-1013,0,28340,-9288,-19052,0,0,0,0,1,0
1035,538541,1420,-201,-1219,0,26696,-3772,-22924,0,0,0,0,1,0
1036,539062,1278,101,-1378,0,24025,1890,-25915,0,0,0,0,1,0
1037,539583,1087,398,-1484,0,20432,7479,-27910,0,0,0,0,1,0
1038,540104,854,680,-1533,0,16053,12780,-28833,0,0,0,0,1,0
1039,540625,588,936,-1524,0,11058,17590,-28648,0,0,0,0,1,0
1040,541145,300,1155,-1455,0,5637,21724,-27362,0,0,0,0,1,0
1041,541666,0,1331,-1331,0,0,25024,-25024,0,0,0,0,1,0
1042,542187,-300,1455,-1155,0,-5637,27362,-21724,0,0,0,0,1,0
1043,542708,-588,1524,-936,0,-11058,28648,-17590,0,0,0,0,1,0
1044,543229,-854,1533,-680,0,-16053,28833,-12780,0,0,0,0,1,0
1045,543750,-1087,1484,-398,0,-20432,27910,-7479,0,0,0,0,1,0
1046,544270,-1278,1378,-101,0,-24025,25915,-1890,0,0,0,0,1,0
1047,544791,-1420,1219,201,0,-26696,22924,3772,0,0,0,0,1,0
1048,545312,-1507,1013,494,0,-28340,19052,9288,0,0,0,0,1,0
1049,545833,-1537,768,768,0,-28895,14448,14448,0,0,0,0,1,0
1050,546354,-1507,494,1013,0,-28340,9288,19052,0,0,0,0,1,0
1051,546875,-1420,201,1219,0,-26696,3772,22924,0,0,0,0,1,0
1052,547395,-1278,-101,1378,0,-24025,-1890,25915,0,0,0,0,1,0
1053,547916,-1087,-398,1484,0,-20432,-7479,27910,0,0,0,0,1,0
1054,548437,-854,-680,1533,0,-16053,-12780,28833,0,0,0,0,1,0
1055,548958,-588,-936,1524,0,-11058,-17590,28648,0,0,0,0,1,0
1056,549479,-300,-1155,1455,0,-5637,-21724,27362,0,0,0,0,1,0
1057,550000,0,-1331,1331,0,0,-25024,25024,0,0,0,0,1,0
1058,550520,300,-1455,1155,0,5637,-27362,21724,0,0,0,0,1,0
1059,551041,588,-1524,936,0,11058,-28648,17590,0,0,0,0,1,0
1060,551562,854,-1533,680,0,16053,-28833,12780,0,0,0,0,1,0
1061,552083,1087,-1484,398,0,20432,-27910,7479,0,0,0,0,1,0
1062,552604,1278,-1378,101,0,24025,-25915,1890,0,0,0,0,1,0
1063,553125,1420,-1219,-201,0,26696,-22924,-3772,0,0,0,0,1,0
1064,553645,1507,-1013,-494,0,28340,-19052,-9288,0,0,0,0,1,0
1065,554166,1537,-768,-768,0,28895,-14448,-14448,0,0,0,0,1,0
1066,554687,1507,-494,-1013,0,28340,-9288,-19052,0,0,0,0,1,0
1067,555208,1420,-201,-1219,0,26696,-3772,-22924,0,0,0,0,1,0
1068,555729,1278,101,-1378,0,24025,1890,-25915,0,0,0,0,1,0
1069,556250,1087,398,-1484,0,20432,7479,-27910,0,0,0,0,1,0
1070,556770,854,680,-1533,0,16053,12780,-28833,0,0,0,0,1,0
1071,557291,588,936,-1524,0,11058,17590,-28648,0,0,0,0,1,0
1072,557812,300,1155,-1455,0,5637,21724,-27362,0,0,0,0,1,0
1073,558333,0,1331,-1331,0,0,25024,-25024,0,0,0,0,1,0
1074,558854,-300,1455,-1155,0,-5637,27362,-21724,0,0,0,0,1,0
1075,559375,-588,1524,-936,0,-11058,28648,-17590,0,0,0,0,1,0
1076,559895,-854,1533,-680,0,-16053,28833,-12780,0,0,0,0,1,0
1077,560416,-1087,1484,-398,0,-20432,27910,-7479,0,0,0,0,1,0
1078,560937,-1278,1378,-101,0,-24025,25915,-1890,0,0,0,0,1,0
1079,561458,-1420,1219,201,0,-26696,22924,3772,0,0,0,0,1,0
1080,561979,-1507,1013,494,0,-28340,19052,9288,0,0,0,0,1,0
1081,562500,-1537,768,768,0,-28895,14448,14448,0,0,0,0,1,0
1082,563020,-1507,494,1013,0,-28340,9288,19052,0,0,0,0,1,0
1083,563541,-1420,201,1219,0,-26696,3772,22924,0,0,0,0,1,0
1084,564062,-1278,-101,1378,0,-24025,-1890,25915,0,0,0,0,1,0
1085,564583,-1087,-398,1484,0,-20432,-7479,27910,0,0,0,0,1,0
1086,565104,-854,-680,1533,0,-16053,-12780,28833,0,0,0,0,1,0
1087,565625,-588,-936,1524,0,-11058,-17590,28648,0,0,0,0,1,0
1088,566145,-300,-1155,1455,0,-5637,-21724,27362,0,0,0,0,1,0
1089,566666,0,-1331,1331,0,0,-25024,25024,0,0,0,0,1,0
1090,567187,300,-1455,1155,0,5637,-27362,21724,0,0,0,0,1,0
1091,567708,588,-1524,936,0,11058,-28648,17590,0,0,0,0,1,0
1092,568229,854,-1533,680,0,16053,-28833,12780,0,0,0,0,1,0
1093,568750,1087,-1484,398,0,20432,-27910,7479,0,0,0,0,1,0
1094,569270,1278,-1378,101,0,24025,-25915,1890,0,0,0,0,1,0
1095,569791,1420,-1219,-201,0,26696,-22924,-3772,0,0,0,0,1,0
1096,570312,1507,-1013,-494,0,28340,-19052,-9288,0,0,0,0,1,0
1097,570833,1537,-768,-768,0,28895,-14448,-14448,0,0,0,0,1,0
1098,571354,1507,-494,-1013,0,28340,-9288,-19052,0,0,0,0,1,0
1099,571875,1420,-201,-1219,0,26696,-3772,-22924,0,0,0,0,1,0
1100,572395,1278,101,-1378,0,24025,1890,-25915,0,0,0,0,1,0
1101,572916,1087,398,-1484,0,20432,7479,-27910,0,0,0,0,1,0
1102,573437,854,680,-1533,0,16053,12780,-28833,0,0,0,0,1,0
1103,573958,588,936,-1524,0,11058,17590,-28648,0,0,0,0,1,0
1104,574479,300,1155,-1455,0,5637,21724,-27362,0,0,0,0,1,0
1105,575000,0,1331,-1331,0,0,25024,-25024,0,0,0,0,1,0
1106,575520,-300,1455,-1155,0,-5637,27362,-21724,0,0,0,0,1,0
1107,576041,-588,1524,-936,0,-11058,28648,-17590,0,0,0,0,1,0
1108,576562,-854,1533,-680,0,-16053,28833,-12780,0,0,0,0,1,0
1109,577083,-1087,1484,-398,0,-20432,27910,-7479,0,0,0,0,1,0
1110,577604,-1278,1378,-101,0,-24025,25915,-1890,0,0,0,0,1,0
1111,578125,-1420,1219,201,0,-26696,22924,3772,0,0,0,0,1,0
1112,578645,-1507,1013,494,0,-28340,19052,9288,0,0,0,0,1,0
1113,579166,-1537,768,768,0,-28895,14448,14448,0,0,0,0,1,0
1114,579687,-1507,494,1013,0,-28340,9288,19052,0,0,0,0,1,0
1115,580208,-1420,201,1219,0,-26696,3772,22924,0,0,0,0,1,0
1116,580729,-1278,-101,1378,0,-24025,-1890,25915,0,0,0,0,1,0
1117,581250,-1087,-398,1484,0,-20432,-7479,27910,0,0,0,0,1,0
1118,581770,-854,-680,1533,0,-16053,-12780,28833,0,0,0,0,1,0
1119,582291,-588,-936,1524,0,-11058,-17590,28648,0,0,0,0,1,0
1120,582812,-300,-1155,1455,0,-5637,-21724,27362,0,0,0,0,1,0
1121,583333,0,-1331,1331,0,0,-25024,25024,0,0,0,0,1,0
1122,583854,300,-1455,1155,0,5637,-27362,21724,0,0,0,0,1,0
1123,584375,588,-1524,936,0,11058,-28648,17590,0,0,0,0,1,0
1124,584895,854,-1533,680,0,16053,-28833,12780,0,0,0,0,1,0
1125,585416,1087,-1484,398,0,20432,-27910,7479,0,0,0,0,1,0
1126,585937,1278,-1378,101,0,24025,-25915,1890,0,0,0,0,1,0
1127,586458,1420,-1219,-201,0,26696,-22924,-3772,0,0,0,0,1,0
1128,586979,1507,-1013,-494,0,28340,-19052,-9288,0,0,0,0,1,0
1129,587500,1537,-768,-768,0,28895,-14448,-14448,0,0,0,0,1,0
1130,588020,1507,-494,-1013,0,28340,-9288,-19052,0,0,0,0,1,0
1131,588541,1420,-201,-1219,0,26696,-3772,-22924,0,0,0,0,1,0
1132,589062,1278,101,-1378,0,24025,1890,-25915,0,0,0,0,1,0
1133,589583,1087,398,-1484,0,20432,7479,-27910,0,0,0,0,1,0
1134,590104,854,680,-1533,0,16053,12780,-28833,0,0,0,0,1,0
1135,590625,588,936,-1524,0,11058,17590,-28648,0,0,0,0,1,0
1136,591145,300,1155,-1455,0,5637,21724,-27362,0,0,0,0,1,0
1137,591666,0,1331,-1331,0,0,25024,-25024,0,0,0,0,1,0
1138,592187,-300,1455,-1155,0,-5637,27362,-21724,0,0,0,0,1,0
1139,592708,-588,1524,-936,0,-11058,28648,-17590,0,0,0,0,1,0
1140,593229,-854,1533,-680,0,-16053,28833,-12780,0,0,0,0,1,0
1141,593750,-1087,1484,-398,0,-20432,27910,-7479,0,0,0,0,1,0
1142,594270,-1278,1378,-101,0,-24025,25915,-1890,0,0,0,0,1,0
1143,594791,-1420,1219,201,0,-26696,22924,3772,0,0,0,0,1,0
1144,595312,-1507,1013,494,0,-28340,19052,9288,0,0,0,0,1,0
1145,595833,-1537,768,768,0,-28895,14448,14448,0,0,0,0,1,0
1146,596354,-1507,494,1013,0,-28340,9288,19052,0,0,0,0,1,0
1147,596875,-1420,201,1219,0,-26696,3772,22924,0,0,0,0,1,0
1148,597395,-1278,-101,1378,0,-24025,-1890,25915,0,0,0,0,1,0
1149,597916,-1087,-398,1484,0,-20432,-7479,27910,0,0,0,0,1,0
1150,598437,-854,-680,1533,0,-16053,-12780,28833,0,0,0,0,1,0
1151,598958,-588,-936,1524,0,-11058,-17590,28648,0,0,0,0,1,0
1152,599479,-300,-1155,1455,0,-5637,-21724,27362,0,0,0,0,1,0
1153,600000,0,-1331,1331,0,0,-25024,25024,0,0,0,0,1,0
1154,600520,300,-1455,1155,0,5637,-27362,21724,0,0,0,0,1,0
1155,601041,588,-1524,936,0,11058,-28648,17590,0,0,0,0,1,0
1156,601562,854,-1533,680,0,16053,-28833,12780,0,0,0,0,1,0
1157,602083,1087,-1484,398,0,20432,-27910,7479,0,0,0,0,1,0
1158,602604,1278,-1378,101,0,24025,-25915,1890,0,0,0,0,1,0
1159,603125,1420,-1219,-201,0,26696,-22924,-3772,0,0,0,0,1,0
1160,603645,1507,-1013,-494,0,28340,-19052,-9288,0,0,0,0,1,0
1161,604166,1537,-768,-768,0,28895,-14448,-14448,0,0,0,0,1,0
1162,604687,1507,-494,-1013,0,28340,-9288,-19052,0,0,0,0,1,0
1163,605208,1420,-201,-1219,0,26696,-3772,-22924,0,0,0,0,1,0
1164,605729,1278,101,-1378,0,24025,1890,-25915,0,0,0,0,1,0
1165,606250,1087,398,-1484,0,20432,7479,-27910,0,0,0,0,1,0
1166,606770,854,680,-1533,0,16053,12780,-28833,0,0,0,0,1,0
1167,607291,588,936,-1524,0,11058,17590,-28648,0,0,0,0,1,0
1168,607812,300,1155,-1455,0,5637,21724,-27362,0,0,0,0,1,0
1169,608333,0,1331,-1331,0,0,25024,-25024,0,0,0,0,1,0
1170,608854,-300,1455,-1155,0,-5637,27362,-21724,0,0,0,0,1,0
1171,609375,-588,1524,-936,0,-11058,28648,-17590,0,0,0,0,1,0
1172,609895,-854,1533,-680,0,-16053,28833,-12780,0,0,0,0,1,0
1173,610416,-1087,1484,-398,0,-20432,27910,-7479,0,0,0,0,1,0
1174,610937,-1278,1378,-101,0,-24025,25915,-1890,0,0,0,0,1,0
1175,611458,-1420,1219,201,0,-26696,22924,3772,0,0,0,0,1,0
1176,611979,-1507,1013,494,0,-28340,19052,9288,0,0,0,0,1,0
1177,612500,-1537,768,768,0,-28895,14448,14448,0,0,0,0,1,0
1178,613020,-1507,494,1013,0,-28340,9288,19052,0,0,0,0,1,0
1179,613541,-1420,201,1219,0,-26696,3772,22924,0,0,0,0,1,0
1180,614062,-1278,-101,1378,0,-24025,-1890,25915,0,0,0,0,1,0
1181,614583,-1087,-398,1484,0,-20432,-7479,27910,0,0,0,0,1,0
1182,615104,-854,-680,1533,0,-16053,-12780,28833,0,0,0,0,1,0
1183,615625,-588,-936,1524,0,-11058,-17590,28648,0,0,0,0,1,0
1184,616145,-300,-1155,1455,0,-5637,-21724,27362,0,0,0,0,1,0
1185,616666,0,-1331,1331,0,0,-25024,25024,0,0,0,0,1,0
1186,617187,300,-1455,1155,0,5637,-27362,21724,0,0,0,0,1,0
1187,617708,588,-1524,936,0,11058,-28648,17590,0,0,0,0,1,0
1188,618229,854,-1533,680,0,16053,-28833,12780,0,0,0,0,1,0
1189,618750,1087,-1484,398,0,20432,-27910,7479,0,0,0,0,1,0
1190,619270,1278,-1378,101,0,24025,-25915,1890,0,0,0,0,1,0
1191,619791,1420,-1219,-201,0,26696,-22924,-3772,0,0,0,0,1,0
1192,620312,1507,-1013,-494,0,28340,-19052,-9288,0,0,0,0,1,0
1193,620833,1537,-768,-768,0,28895,-14448,-14448,0,0,0,0,1,0
1194,621354,1507,-494,-1013,0,28340,-9288,-19052,0,0,0,0,1,0
1195,621875,1420,-201,-1219,0,26696,-3772,-22924,0,0,0,0,1,0
1196,622395,1278,101,-1378,0,24025,1890,-25915,0,0,0,0,1,0
1197,622916,1087,398,-1484,0,20432,7479,-27910,0,0,0,0,1,0
1198,623437,854,680,-1533,0,16053,12780,-28833,0,0,0,0,1,0
1199,623958,588,936,-1524,0,11058,17590,-28648,0,0,0,0,1,0
1200,624479,300,1155,-1455,0,5637,21724,-27362,0,0,0,0,1,0
1201,625000,0,1331,-1331,0,0,25024,-25024,0,0,0,0,1,0
1202,625520,-300,1455,-1155,0,-5637,27362,-21724,0,0,0,0,1,0
1203,626041,-588,1524,-936,0,-11058,28648,-17590,0,0,0,0,1,0
1204,626562,-854,1533,-680,0,-16053,28833,-12780,0,0,0,0,1,0
1205,627083,-1087,1484,-398,0,-20432,27910,-7479,0,0,0,0,1,0
1206,627604,-1278,1378,-101,0,-24025,25915,-1890,0,0,0,0,1,0
1207,628125,-1420,1219,201,0,-26696,22924,3772,0,0,0,0,1,0
1208,628645,-1507,1013,494,0,-28340,19052,9288,0,0,0,0,1,0
1209,629166,-1537,768,768,0,-28895,14448,14448,0,0,0,0,1,0
1210,629687,-1507,494,1013,0,-28340,9288,19052,0,0,0,0,1,0
1211,630208,-1420,201,1219,0,-26696,3772,22924,0,0,0,0,1,0
1212,630729,-1278,-101,1378,0,-24025,-1890,25915,0,0,0,0,1,0
1213,631250,-1087,-398,1484,0,-20432,-7479,27910,0,0,0,0,1,0
1214,631770,-854,-680,1533,0,-16053,-12780,28833,0,0,0,0,1,0
1215,632291,-588,-936,1524,0,-11058,-17590,28648,0,0,0,0,1,0
1216,632812,-300,-1155,1455,0,-5637,-21724,27362,0,0,0,0,1,0
1217,633333,0,-1331,1331,0,0,-25024,25024,0,0,0,0,1,0
1218,633854,300,-1455,1155,0,5637,-27362,21724,0,0,0,0,1,0
1219,634375,588,-1524,936,0,11058,-28648,17590,0,0,0,0,1,0
1220,634895,854,-1533,680,0,16053,-28833,12780,0,0,0,0,1,0
1221,635416,1087,-1484,398,0,20432,-27910,7479,0,0,0,0,1,0
1222,635937,1278,-1378,101,0,24025,-25915,1890,0,0,0,0,1,0
1223,636458,1420,-1219,-201,0,26696,-22924,-3772,0,0,0,0,1,0
1224,636979,1507,-1013,-494,0,28340,-19052,-9288,0,0,0,0,1,0
1225,637500,1537,-768,-768,0,28895,-14448,-14448,0,0,0,0,1,0
1226,638020,1507,-494,-1013,0,28340,-9288,-19052,0,0,0,0,1,0
1227,638541,1420,-201,-1219,0,26696,-3772,-22924,0,0,0,0,1,0
1228,639062,1278,101,-1378,0,24025,1890,-25915,0,0,0,0,1,0
1229,639583,1087,398,-1484,0,20432,7479,-27910,0,0,0,0,1,0
1230,640104,854,680,-1533,0,16053,12780,-28833,0,0,0,0,1,0
1231,640625,588,936,-1524,0,11058,17590,-28648,0,0,0,0,1,0
1232,641145,300,1155,-1455,0,5637,21724,-27362,0,0,0,0,1,0
1233,641666,0,1331,-1331,0,0,25024,-25024,0,0,0,0,1,0
1234,642187,-300,1455,-1155,0,-5637,27362,-21724,0,0,0,0,1,0
1235,642708,-588,1524,-936,0,-11058,28648,-17590,0,0,0,0,1,0
1236,643229,-854,1533,-680,0,-16053,28833,-12780,0,0,0,0,1,0
1237,643750,-1087,1484,-398,0,-20432,27910,-7479,0,0,0,0,1,0
1238,644270,-1278,1378,-101,0,-24025,25915,-1890,0,0,0,0,1,0
1239,644791,-1420,1219,201,0,-26696,22924,3772,0,0,0,0,1,0
1240,645312,-1507,1013,494,0,-28340,19052,9288,0,0,0,0,1,0
1241,645833,-1537,768,768,0,-28895,14448,14448,0,0,0,0,1,0
1242,646354,-1507,494,1013,0,-28340,9288,19052,0,0,0,0,1,0
1243,646875,-1420,201,1219,0,-26696,3772,22924,0,0,0,0,1,0
1244,647395,-1278,-101,1378,0,-24025,-1890,25915,0,0,0,0,1,0
1245,647916,-1087,-398,1484,0,-20432,-7479,27910,0,0,0,0,1,0
1246,648437,-854,-680,1533,0,-16053,-12780,28833,0,0,0,0,1,0
1247,648958,-588,-936,1524,0,-11058,-17590,28648,0,0,0,0,1,0
1248,649479,-300,-1155,1455,0,-5637,-21724,27362,0,0,0,0,1,0
1249,650000,0,-1331,1331,0,0,-25024,25024,0,0,0,0,1,0
1250,650520,300,-1455,1155,0,5637,-27362,21724,0,0,0,0,1,0
1251,651041,588,-1524,936,0,11058,-28648,17590,0,0,0,0,1,0
1252,651562,854,-1533,680,0,16053,-28833,12780,0,0,0,0,1,0
1253,652083,1087,-1484,398,0,20432,-27910,7479,0,0,0,0,1,0
1254,652604,1278,-1378,101,0,24025,-25915,1890,0,0,0,0,1,0
1255,653125,1420,-1219,-201,0,26696,-22924,-3772,0,0,0,0,1,0
1256,653645,1507,-1013,-494,0,28340,-19052,-9288,0,0,0,0,1,0
1257,654166,1537,-768,-768,0,28895,-14448,-14448,0,0,0,0,1,0
1258,654687,1507,-494,-1013,0,28340,-9288,-19052,0,0,0,0,1,0
1259,655208,1420,-201,-1219,0,26696,-3772,-22924,0,0,0,0,1,0
1260,655729,1278,101,-1378,0,24025,1890,-25915,0,0,0,0,1,0
1261,656250,1087,398,-1484,0,20432,7479,-27910,0,0,0,0,1,0
1262,656770,854,680,-1533,0,16053,12780,-28833,0,0,0,0,1,0
1263,657291,588,936,-1524,0,11058,17590,-28648,0,0,0,0,1,0
1264,657812,300,1155,-1455,0,5637,21724,-27362,0,0,0,0,1,0
1265,658333,0,1331,-1331,0,0,25024,-25024,0,0,0,0,1,0
1266,658854,-300,1455,-1155,0,-5637,27362,-21724,0,0,0,0,1,0
1267,659375,-588,1524,-936,0,-11058,28648,-17590,0,0,0,0,1,0
1268,659895,-854,1533,-680,0,-16053,28833,-12780,0,0,0,0,1,0
1269,660416,-1087,1484,-398,0,-20432,27910,-7479,0,0,0,0,1,0
1270,660937,-1278,1378,-101,0,-24025,25915,-1890,0,0,0,0,1,0
1271,661458,-1420,1219,201,0,-26696,22924,3772,0,0,0,0,1,0
1272,661979,-1507,1013,494,0,-28340,19052,9288,0,0,0,0,1,0
1273,662500,-1537,768,768,0,-28895,14448,14448,0,0,0,0,1,0
1274,663020,-1507,494,1013,0,-28340,9288,19052,0,0,0,0,1,0
1275,663541,-1420,201,1219,0,-26696,3772,22924,0,0,0,0,1,0
1276,664062,-1278,-101,1378,0,-24025,-1890,25915,0,0,0,0,1,0
1277,664583,-1087,-398,1484,0,-20432,-7479,27910,0,0,0,0,1,0
1278,665104,-854,-680,1533,0,-16053,-12780,28833,0,0,0,0,1,0
1279,665625,-588,-936,1524,0,-11058,-17590,28648,0,0,0,0,1,0
1280,666145,-300,-1155,1455,0,-5637,-21724,27362,0,0,0,0,1,0
1281,666666,0,-1331,1331,0,0,-25024,25024,0,0,0,0,1,0
1282,667187,300,-1455,1155,0,5637,-27362,21724,0,0,0,0,1,0
1283,667708,588,-1524,936,0,11058,-28648,17590,0,0,0,0,1,0
1284,668229,854,-1533,680,0,16053,-28833,12780,0,0,0,0,1,0
1285,668750,1087,-1484,398,0,20432,-27910,7479,0,0,0,0,1,0
1286,669270,1278,-1378,101,0,24025,-25915,1890,0,0,0,0,1,0
1287,669791,1420,-1219,-201,0,26696,-22924,-3772,0,0,0,0,1,0
1288,670312,1507,-1013,-494,0,28340,-19052,-9288,0,0,0,0,1,0
1289,670833,1537,-768,-768,0,28895,-14448,-14448,0,0,0,0,1,0
1290,671354,1507,-494,-1013,0,28340,-9288,-19052,0,0,0,0,1,0
1291,671875,1420,-201,-1219,0,26696,-3772,-22924,0,0,0,0,1,0
1292,672395,1278,101,-1378,0,24025,1890,-25915,0,0,0,0,1,0
1293,672916,1087,398,-1484,0,20432,7479,-27910,0,0,0,0,1,0
1294,673437,854,680,-1533,0,16053,12780,-28833,0,0,0,0,1,0
1295,673958,588,936,-1524,0,11058,17590,-28648,0,0,0,0,1,0
1296,674479,300,1155,-1455,0,5637,21724,-27362,0,0,0,0,1,0
1297,675000,0,1331,-1331,0,0,25024,-25024,0,0,0,0,1,0
1298,675520,-300,1455,-1155,0,-5637,27362,-21724,0,0,0,0,1,0
1299,676041,-588,1524,-936,0,-11058,28648,-17590,0,0,0,0,1,0
1300,676562,-854,1533,-680,0,-16053,28833,-12780,0,0,0,0,1,0
1301,677083,-1087,1484,-398,0,-20432,27910,-7479,0,0,0,0,1,0
1302,677604,-1278,1378,-101,0,-24025,25915,-1890,0,0,0,0,1,0
1303,678125,-1420,1219,201,0,-26696,22924,3772,0,0,0,0,1,0
1304,678645,-1507,1013,494,0,-28340,19052,9288,0,0,0,0,1,0
1305,679166,-1537,768,768,0,-28895,14448,14448,0,0,0,0,1,0
1306,679687,-1507,494,1013,0,-28340,9288,19052,0,0,0,0,1,0
1307,680208,-1420,201,1219,0,-26696,3772,22924,0,0,0,0,1,0
1308,680729,-1278,-101,1378,0,-24025,-1890,25915,0,0,0,0,1,0
1309,681250,-1087,-398,1484,0,-20432,-7479,27910,0,0,0,0,1,0
1310,681770,-854,-680,1533,0,-16053,-12780,28833,0,0,0,0,1,0
1311,682291,-588,-936,1524,0,-11058,-17590,28648,0,0,0,0,1,0
1312,682812,-300,-1155,1455,0,-5637,-21724,27362,0,0,0,0,1,0
1313,683333,0,-1331,1331,0,0,-25024,25024,0,0,0,0,1,0
1314,683854,300,-1455,1155,0,5637,-27362,21724,0,0,0,0,1,0
1315,684375,588,-1524,936,0,11058,-28648,17590,0,0,0,0,1,0
1316,684895,854,-1533,680,0,16053,-28833,12780,0,0,0,0,1,0
1317,685416,1087,-1484,398,0,20432,-27910,7479,0,0,0,0,1,0
1318,685937,1278,-1378,101,0,24025,-25915,1890,0,0,0,0,1,0
1319,686458,1420,-1219,-201,0,26696,-22924,-3772,0,0,0,0,1,0
1320,686979,1507,-1013,-494,0,28340,-19052,-9288,0,0,0,0,1,0
1321,687500,1537,-768,-768,0,28895,-14448,-14448,0,0,0,0,1,0
1322,688020,1507,-494,-1013,0,28340,-9288,-19052,0,0,0,0,1,0
1323,688541,1420,-201,-1219,0,26696,-3772,-22924,0,0,0,0,1,0
1324,689062,1278,101,-1378,0,24025,1890,-25915,0,0,0,0,1,0
1325,689583,1087,398,-1484,0,20432,7479,-27910,0,0,0,0,1,0
1326,690104,854,680,-1533,0,16053,12780,-28833,0,0,0,0,1,0
1327,690625,588,936,-1524,0,11058,17590,-28648,0,0,0,0,1,0
1328,691145,300,1155,-1455,0,5637,21724,-27362,0,0,0,0,1,0
1329,691666,0,1331,-1331,0,0,25024,-25024,0,0,0,0,1,0
1330,692187,-300,1455,-1155,0,-5637,27362,-21724,0,0,0,0,1,0
1331,692708,-588,1524,-936,0,-11058,28648,-17590,0,0,0,0,1,0
1332,693229,-854,1533,-680,0,-16053,28833,-12780,0,0,0,0,1,0
1333,693750,-1087,1484,-398,0,-20432,27910,-7479,0,0,0,0,1,0
1334,694270,-1278,1378,-101,0,-24025,25915,-1890,0,0,0,0,1,0
1335,694791,-1420,1219,201,0,-26696,22924,3772,0,0,0,0,1,0
1336,695312,-1507,1013,494,0,-28340,19052,9288,0,0,0,0,1,0
1337,695833,-1537,768,768,0,-28895,14448,14448,0,0,0,0,1,0
1338,696354,-1507,494,1013,0,-28340,9288,19052,0,0,0,0,1,0
1339,696875,-1420,201,1219,0,-26696,3772,22924,0,0,0,0,1,0
1340,697395,-1278,-101,1378,0,-24025,-1890,25915,0,0,0,0,1,0
1341,697916,-1087,-398,1484,0,-20432,-7479,27910,0,0,0,0,1,0
1342,698437,-854,-680,1533,0,-16053,-12780,28833,0,0,0,0,1,0
1343,698958,-588,-936,1524,0,-11058,-17590,28648,0,0,0,0,1,0
1344,699479,-300,-1155,1455,0,-5637,-21724,27362,0,0,0,0,1,0
1345,700000,0,-1331,1331,0,0,-25024,25024,0,0,0,0,1,0
1346,700520,300,-1455,1155,0,5637,-27362,21724,0,0,0,0,1,0
1347,701041,588,-1524,936,0,11058,-28648,17590,0,0,0,0,1,0
1348,701562,854,-1533,680,0,16053,-28833,12780,0,0,0,0,1,0
1349,702083,1087,-1484,398,0,20432,-27910,7479,0,0,0,0,1,0
1350,702604,1278,-1378,101,0,24025,-25915,1890,0,0,0,0,1,0
1351,703125,1420,-1219,-201,0,26696,-22924,-3772,0,0,0,0,1,0
1352,703645,1507,-1013,-494,0,28340,-19052,-9288,0,0,0,0,1,0
1353,704166,1537,-768,-768,0,28895,-14448,-14448,0,0,0,0,1,0
1354,704687,1507,-494,-1013,0,28340,-9288,-19052,0,0,0,0,1,0
1355,705208,1420,-201,-1219,0,26696,-3772,-22924,0,0,0,0,1,0
1356,705729,1278,101,-1378,0,24025,1890,-25915,0,0,0,0,1,0
1357,706250,1087,398,-1484,0,20432,7479,-27910,0,0,0,0,1,0
1358,706770,854,680,-1533,0,16053,12780,-28833,0,0,0,0,1,0
1359,707291,588,936,-1524,0,11058,17590,-28648,0,0,0,0,1,0
1360,707812,300,1155,-1455,0,5637,21724,-27362,0,0,0,0,1,0
1361,708333,0,1331,-1331,0,0,25024,-25024,0,0,0,0,1,0
1362,708854,-300,1455,-1155,0,-5637,27362,-21724,0,0,0,0,1,0
1363,709375,-588,1524,-936,0,-11058,28648,-17590,0,0,0,0,1,0
1364,709895,-854,1533,-680,0,-16053,28833,-12780,0,0,0,0,1,0
1365,710416,-1087,1484,-398,0,-20432,27910,-7479,0,0,0,0,1,0
1366,710937,-1278,1378,-101,0,-24025,25915,-1890,0,0,0,0,1,0
1367,711458,-1420,1219,201,0,-26696,22924,3772,0,0,0,0,1,0
1368,711979,-1507,1013,494,0,-28340,19052,9288,0,0,0,0,1,0
