1,0,0,-1038,1038,0,0,-25024,25024,0,0,0,0,1,0
2,260,117,-1092,974,0,2832,-26319,23487,0,0,0,0,1,0
3,520,234,-1135,901,0,5637,-27362,21724,0,0,0,0,1,0
4,781,348,-1167,819,0,8388,-28140,19752,0,0,0,0,1,0
5,1041,459,-1188,730,0,11058,-28648,17590,0,0,0,0,1,0
6,1302,565,-1198,633,0,13621,-28880,15259,0,0,0,0,1,0
7,1562,666,-1196,530,0,16053,-28833,12780,0,0,0,0,1,0
8,1822,760,-1183,422,0,18331,-28509,10178,0,0,0,0,1,0
9,2083,848,-1158,310,0,20432,-27910,7479,0,0,0,0,1,0
10,2343,927,-1122,195,0,22336,-27043,4707,0,0,0,0,1,0
11,2604,997,-1075,78,0,24025,-25915,1890,0,0,0,0,1,0
12,2864,1057,-1018,-39,0,25483,-24538,-945,0,0,0,0,1,0
13,3125,1107,-951,-156,0,26696,-22924,-3772,0,0,0,0,1,0
14,3385,1147,-875,-272,0,27651,-21089,-6561,0,0,0,0,1,0
15,3645,1176,-790,-385,0,28340,-19052,-9288,0,0,0,0,1,0
16,3906,1193,-698,-495,0,28756,-16831,-11925,0,0,0,0,1,0
17,4166,1199,-599,-599,0,28895,-14448,-14448,0,0,0,0,1,0
18,4427,1193,-495,-698,0,28756,-11925,-16831,0,0,0,0,1,0
19,4687,1176,-385,-790,0,28340,-9288,-19052,0,0,0,0,1,0
20,4947,1147,-272,-875,0,27651,-6561,-21089,0,0,0,0,1,0
21,5208,1107,-156,-951,0,26696,-3772,-22924,0,0,0,0,1,0
22,5468,1057,-39,-1018,0,25483,-945,-24538,0,0,0,0,1,0
23,5729,997,78,-1075,0,24025,1890,-25915,0,0,0,0,1,0
24,5989,927,195,-1122,0,22336,4707,-27043,0,0,0,0,1,0
25,6250,848,310,-1158,0,20432,7479,-27910,0,0,0,0,1,0
26,6510,760,422,-1183,0,18331,10178,-28509,0,0,0,0,1,0
27,6770,666,530,-1196,0,16053,12780,-28833,0,0,0,0,1,0
28,7031,565,633,-1198,0,13621,15259,-28880,0,0,0,0,1,0
29,7291,459,730,-1188,0,11058,17590,-28648,0,0,0,0,1,0
30,7552,348,819,-1167,0,8388,19752,-28140,0,0,0,0,1,0
31,7812,234,901,-1135,0,5637,21724,-27362,0,0,0,0,1,0
32,8072,117,974,-1092,0,2832,23487,-26319,0,0,0,0,1,0
33,8333,0,1038,-1038,0,0,25024,-25024,0,0,0,0,1,0
34,8593,-117,1092,-974,0,-2832,26319,-23487,0,0,0,0,1,0
35,8854,-234,1135,-901,0,-5637,27362,-21724,0,0,0,0,1,0
36,9114,-348,1167,-819,0,-8388,28140,-19752,0,0,0,0,1,0
37,9375,-459,1188,-730,0,-11058,28648,-17590,0,0,0,0,1,0
38,9635,-565,1198,-633,0,-13621,28880,-15259,0,0,0,0,1,0
39,9895,-666,1196,-530,0,-16053,28833,-12780,0,0,0,0,1,0
40,10156,-760,1183,-422,0,-18331,28509,-10178,0,0,0,0,1,0
41,10416,-848,1158,-310,0,-20432,27910,-7479,0,0,0,0,1,0
42,10677,-927,1122,-195,0,-22336,27043,-4707,0,0,0,0,1,0
43,10937,-997,1075,-78,0,-24025,25915,-1890,0,0,0,0,1,0
44,11197,-1057,1018,39,0,-25483,24538,945,0,0,0,0,1,0
45,11458,-1107,951,156,0,-26696,22924,3772,0,0,0,0,1,0
46,11718,-1147,875,272,0,-27651,21089,6561,0,0,0,0,1,0
47,11979,-1176,790,385,0,-28340,19052,9288,0,0,0,0,1,0
48,12239,-1193,698,495,0,-28756,16831,11925,0,0,0,0,1,0
49,12500,-1199,599,599,0,-28895,14448,14448,0,0,0,0,1,0
50,12760,-1193,495,698,0,-28756,11925,16831,0,0,0,0,1,0
51,13020,-1176,385,790,0,-28340,9288,19052,0,0,0,0,1,0
52,13281,-1147,272,875,0,-27651,6561,21089,0,0,0,0,1,0
53,13541,-1107,156,951,0,-26696,3772,22924,0,0,0,0,1,0
54,13802,-1057,39,1018,0,-25483,945,24538,0,0,0,0,1,0
55,14062,-997,-78,1075,0,-24025,-1890,25915,0,0,0,0,1,0
56,14322,-927,-195,1122,0,-22336,-4707,27043,0,0,0,0,1,0
57,14583,-848,-310,1158,0,-20432,-7479,27910,0,0,0,0,1,0
58,14843,-760,-422,1183,0,-18331,-10178,28509,0,0,0,0,1,0
59,15104,-666,-530,1196,0,-16053,-12780,28833,0,0,0,0,1,0
60,15364,-565,-633,1198,0,-13621,-15259,28880,0,0,0,0,1,0
61,15625,-459,-730,1188,0,-11058,-17590,28648,0,0,0,0,1,0
62,15885,-348,-819,1167,0,-8388,-19752,28140,0,0,0,0,1,0
63,16145,-234,-901,1135,0,-5637,-21724,27362,0,0,0,0,1,0
64,16406,-117,-974,1092,0,-2832,-23487,26319,0,0,0,0,1,0
65,16666,0,-1038,1038,0,0,-25024,25024,0,0,0,0,1,0
66,16927,117,-1092,974,0,2832,-26319,23487,0,0,0,0,1,0
67,17187,234,-1135,901,0,5637,-27362,21724,0,0,0,0,1,0
68,17447,348,-1167,819,0,8388,-28140,19752,0,0,0,0,1,0
69,17708,459,-1188,730,0,11058,-28648,17590,0,0,0,0,1,0
70,17968,565,-1198,633,0,13621,-28880,15259,0,0,0,0,1,0
71,18229,666,-1196,530,0,16053,-28833,12780,0,0,0,0,1,0
72,18489,760,-1183,422,0,18331,-28509,10178,0,0,0,0,1,0
73,18750,848,-1158,310,0,20432,-27910,7479,0,0,0,0,1,0
74,19010,927,-1122,195,0,22336,-27043,4707,0,0,0,0,1,0
75,19270,997,-1075,78,0,24025,-25915,1890,0,0,0,0,1,0
76,19531,1057,-1018,-39,0,25483,-24538,-945,0,0,0,0,1,0
77,19791,1107,-951,-156,0,26696,-22924,-3772,0,0,0,0,1,0
78,20052,1147,-875,-272,0,27651,-21089,-6561,0,0,0,0,1,0
79,20312,1176,-790,-385,0,28340,-19052,-9288,0,0,0,0,1,0
80,20572,1193,-698,-495,0,28756,-16831,-11925,0,0,0,0,1,0
81,20833,1199,-599,-599,0,28895,-14448,-14448,0,0,0,0,1,0
82,21093,1193,-495,-698,0,28756,-11925,-16831,0,0,0,0,1,0
83,21354,1176,-385,-790,0,28340,-9288,-19052,0,0,0,0,1,0
84,21614,1147,-272,-875,0,27651,-6561,-21089,0,0,0,0,1,0
85,21875,1107,-156,-951,0,26696,-3772,-22924,0,0,0,0,1,0
86,22135,1057,-39,-1018,0,25483,-945,-24538,0,0,0,0,1,0
87,22395,997,78,-1075,0,24025,1890,-25915,0,0,0,0,1,0
88,22656,927,195,-1122,0,22336,4707,-27043,0,0,0,0,1,0
89,22916,848,310,-1158,0,20432,7479,-27910,0,0,0,0,1,0
90,23177,760,422,-1183,0,18331,10178,-28509,0,0,0,0,1,0
91,23437,666,530,-1196,0,16053,12780,-28833,0,0,0,0,1,0
92,23697,565,633,-1198,0,13621,15259,-28880,0,0,0,0,1,0
93,23958,459,730,-1188,0,11058,17590,-28648,0,0,0,0,1,0
94,24218,348,819,-1167,0,8388,19752,-28140,0,0,0,0,1,0
95,24479,234,901,-1135,0,5637,21724,-27362,0,0,0,0,1,0
96,24739,117,974,-1092,0,2832,23487,-26319,0,0,0,0,1,0
97,25000,0,1038,-1038,0,0,25024,-25024,0,0,0,0,1,0
98,25260,-117,1092,-974,0,-2832,26319,-23487,0,0,0,0,1,0
99,25520,-234,1135,-901,0,-5637,27362,-21724,0,0,0,0,1,0
100,25781,-348,1167,-819,0,-8388,28140,-19752,0,0,0,0,1,0
101,26041,-459,1188,-730,0,-11058,28648,-17590,0,0,0,0,1,0
102,26302,-565,1198,-633,0,-13621,28880,-15259,0,0,0,0,1,0
103,26562,-666,1196,-530,0,-16053,28833,-12780,0,0,0,0,1,0
104,26822,-760,1183,-422,0,-18331,28509,-10178,0,0,0,0,1,0
105,27083,-848,1158,-310,0,-20432,27910,-7479,0,0,0,0,1,0
106,27343,-927,1122,-195,0,-22336,27043,-4707,0,0,0,0,1,0
107,27604,-997,1075,-78,0,-24025,25915,-1890,0,0,0,0,1,0
108,27864,-1057,1018,39,0,-25483,24538,945,0,0,0,0,1,0
109,28125,-1107,951,156,0,-26696,22924,3772,0,0,0,0,1,0
110,28385,-1147,875,272,0,-27651,21089,6561,0,0,0,0,1,0
111,28645,-1176,790,385,0,-28340,19052,9288,0,0,0,0,1,0
112,28906,-1193,698,495,0,-28756,16831,11925,0,0,0,0,1,0
113,29166,-1199,599,599,0,-28895,14448,14448,0,0,0,0,1,0
114,29427,-1193,495,698,0,-28756,11925,16831,0,0,0,0,1,0
115,29687,-1176,385,790,0,-28340,9288,19052,0,0,0,0,1,0
116,29947,-1147,272,875,0,-27651,6561,21089,0,0,0,0,1,0
117,30208,-1107,156,951,0,-26696,3772,22924,0,0,0,0,1,0
118,30468,-1057,39,1018,0,-25483,945,24538,0,0,0,0,1,0
119,30729,-997,-78,1075,0,-24025,-1890,25915,0,0,0,0,1,0
120,30989,-927,-195,1122,0,-22336,-4707,27043,0,0,0,0,1,0
121,31250,-848,-310,1158,0,-20432,-7479,27910,0,0,0,0,1,0
122,31510,-760,-422,1183,0,-18331,-10178,28509,0,0,0,0,1,0
123,31770,-666,-530,1196,0,-16053,-12780,28833,0,0,0,0,1,0
124,32031,-565,-633,1198,0,-13621,-15259,28880,0,0,0,0,1,0
125,32291,-459,-730,1188,0,-11058,-17590,28648,0,0,0,0,1,0
126,32552,-348,-819,1167,0,-8388,-19752,28140,0,0,0,0,1,0
127,32812,-234,-901,1135,0,-5637,-21724,27362,0,0,0,0,1,0
128,33072,-117,-974,1092,0,-2832,-23487,26319,0,0,0,0,1,0
129,33333,0,-1038,1038,0,0,-25024,25024,0,0,0,0,1,0
130,33593,117,-1092,974,0,2832,-26319,23487,0,0,0,0,1,0
131,33854,234,-1135,901,0,5637,-27362,21724,0,0,0,0,1,0
132,34114,348,-1167,819,0,8388,-28140,19752,0,0,0,0,1,0
133,34375,459,-1188,730,0,11058,-28648,17590,0,0,0,0,1,0
134,34635,565,-1198,633,0,13621,-28880,15259,0,0,0,0,1,0
135,34895,666,-1196,530,0,16053,-28833,12780,0,0,0,0,1,0
136,35156,760,-1183,422,0,18331,-28509,10178,0,0,0,0,1,0
137,35416,848,-1158,310,0,20432,-27910,7479,0,0,0,0,1,0
138,35677,927,-1122,195,0,22336,-27043,4707,0,0,0,0,1,0
139,35937,997,-1075,78,0,24025,-25915,1890,0,0,0,0,1,0
140,36197,1057,-1018,-39,0,25483,-24538,-945,0,0,0,0,1,0
141,36458,1107,-951,-156,0,26696,-22924,-3772,0,0,0,0,1,0
142,36718,1147,-875,-272,0,27651,-21089,-6561,0,0,0,0,1,0
143,36979,1176,-790,-385,0,28340,-19052,-9288,0,0,0,0,1,0
144,37239,1193,-698,-495,0,28756,-16831,-11925,0,0,0,0,1,0
145,37500,1199,-599,-599,0,28895,-14448,-14448,0,0,0,0,1,0
146,37760,1193,-495,-698,0,28756,-11925,-16831,0,0,0,0,1,0
147,38020,1176,-385,-790,0,28340,-9288,-19052,0,0,0,0,1,0
148,38281,1147,-272,-875,0,27651,-6561,-21089,0,0,0,0,1,0
149,38541,1107,-156,-951,0,26696,-3772,-22924,0,0,0,0,1,0
150,38802,1057,-39,-1018,0,25483,-945,-24538,0,0,0,0,1,0
151,39062,997,78,-1075,0,24025,1890,-25915,0,0,0,0,1,0
152,39322,927,195,-1122,0,22336,4707,-27043,0,0,0,0,1,0
153,39583,848,310,-1158,0,20432,7479,-27910,0,0,0,0,1,0
154,39843,760,422,-1183,0,18331,10178,-28509,0,0,0,0,1,0
155,40104,666,530,-1196,0,16053,12780,-28833,0,0,0,0,1,0
156,40364,565,633,-1198,0,13621,15259,-28880,0,0,0,0,1,0
157,40625,459,730,-1188,0,11058,17590,-28648,0,0,0,0,1,0
158,40885,348,819,-1167,0,8388,19752,-28140,0,0,0,0,1,0
159,41145,234,901,-1135,0,5637,21724,-27362,0,0,0,0,1,0
160,41406,117,974,-1092,0,2832,23487,-26319,0,0,0,0,1,0
161,41666,0,1038,-1038,0,0,25024,-25024,0,0,0,0,1,0
162,41927,-117,1092,-974,0,-2832,26319,-23487,0,0,0,0,1,0
163,42187,-234,1135,-901,0,-5637,27362,-21724,0,0,0,0,1,0
164,42447,-348,1167,-819,0,-8388,28140,-19752,0,0,0,0,1,0
165,42708,-459,1188,-730,0,-11058,28648,-17590,0,0,0,0,1,0
166,42968,-565,1198,-633,0,-13621,28880,-15259,0,0,0,0,1,0
167,43229,-666,1196,-530,0,-16053,28833,-12780,0,0,0,0,1,0
168,43489,-760,1183,-422,0,-18331,28509,-10178,0,0,0,0,1,0
169,43750,-848,1158,-310,0,-20432,27910,-7479,0,0,0,0,1,0
170,44010,-927,1122,-195,0,-22336,27043,-4707,0,0,0,0,1,0
171,44270,-997,1075,-78,0,-24025,25915,-1890,0,0,0,0,1,0
172,44531,-1057,1018,39,0,-25483,24538,945,0,0,0,0,1,0
173,44791,-1107,951,156,0,-26696,22924,3772,0,0,0,0,1,0
174,45052,-1147,875,272,0,-27651,21089,6561,0,0,0,0,1,0
175,45312,-1176,790,385,0,-28340,19052,9288,0,0,0,0,1,0
176,45572,-1193,698,495,0,-28756,16831,11925,0,0,0,0,1,0
177,45833,-1199,599,599,0,-28895,14448,14448,0,0,0,0,1,0
178,46093,-1193,495,698,0,-28756,11925,16831,0,0,0,0,1,0
179,46354,-1176,385,790,0,-28340,9288,19052,0,0,0,0,1,0
180,46614,-1147,272,875,0,-27651,6561,21089,0,0,0,0,1,0
181,46875,-1107,156,951,0,-26696,3772,22924,0,0,0,0,1,0
182,47135,-1057,39,1018,0,-25483,945,24538,0,0,0,0,1,0
183,47395,-997,-78,1075,0,-24025,-1890,25915,0,0,0,0,1,0
184,47656,-927,-195,1122,0,-22336,-4707,27043,0,0,0,0,1,0
185,47916,-848,-310,1158,0,-20432,-7479,27910,0,0,0,0,1,0
186,48177,-760,-422,1183,0,-18331,-10178,28509,0,0,0,0,1,0
187,48437,-666,-530,1196,0,-16053,-12780,28833,0,0,0,0,1,0
188,48697,-565,-633,1198,0,-13621,-15259,28880,0,0,0,0,1,0
189,48958,-459,-730,1188,0,-11058,-17590,28648,0,0,0,0,1,0
190,49218,-348,-819,1167,0,-8388,-19752,28140,0,0,0,0,1,0
191,49479,-234,-901,1135,0,-5637,-21724,27362,0,0,0,0,1,0
192,49739,-117,-974,1092,0,-2832,-23487,26319,0,0,0,0,1,0
193,50000,0,-1038,31207,30169,0,-27026,2502,0,0,0,0,1,0
194,50260,117,-1092,29563,28589,3059,-28425,2349,0,0,0,0,1,0
195,50520,234,-1135,27781,26880,6088,-29551,2172,0,0,0,0,1,0
196,50781,348,-1167,25875,25056,9059,-30391,1975,0,0,0,0,1,0
197,51041,459,-1188,23863,23134,11942,-30940,1759,0,0,0,0,1,0
198,51302,565,-1198,21763,21130,14711,-31190,1526,0,0,0,0,1,0
199,51562,666,-1196,19594,19064,17337,-31140,1278,0,0,0,0,1,0
200,51822,760,-1183,17374,16952,19797,-30790,1018,0,0,0,0,1,0
201,52083,848,-1158,15125,14815,22066,-30143,748,0,0,0,0,1,0
202,52343,927,-1122,12866,12671,24123,-29207,471,0,0,0,0,1,0
203,52604,997,-1075,10619,10540,25947,-27988,189,0,0,0,0,1,0
204,52864,1057,-1018,8402,8441,27522,-26501,-95,0,0,0,0,1,0
205,53125,1107,-951,6236,6393,28831,-24758,-377,0,0,0,0,1,0
206,53385,1147,-875,4142,4414,29863,-22777,-656,0,0,0,0,1,0
207,53645,1176,-790,2137,2522,30607,-20576,-929,0,0,0,0,1,0
208,53906,1193,-698,240,734,31056,-18177,-1193,0,0,0,0,1,0
209,54166,1199,-599,-1533,-934,31207,-15603,-1445,0,0,0,0,1,0
210,54427,1193,-495,-3165,-2467,31056,-12879,-1683,0,0,0,0,1,0
211,54687,1176,-385,-4641,-3851,30607,-10031,-1905,0,0,0,0,1,0
212,54947,1147,-272,-5950,-5075,29863,-7086,-2109,0,0,0,0,1,0
213,55208,1107,-156,-7079,-6128,28831,-4073,-2292,0,0,0,0,1,0
214,55468,1057,-39,-8019,-7001,27522,-1021,-2454,0,0,0,0,1,0
215,55729,997,78,-8762,-7687,25947,2041,-2592,0,0,0,0,1,0
216,55989,927,195,-9302,-8180,24123,5083,-2704,0,0,0,0,1,0
217,56250,848,310,-9635,-8477,22066,8077,-2791,0,0,0,0,1,0
218,56510,760,422,-9759,-8576,19797,10993,-2851,0,0,0,0,1,0
219,56770,666,530,-9673,-8477,17337,13802,-2883,0,0,0,0,1,0
220,57031,565,633,-9381,-8183,14711,16479,-2888,0,0,0,0,1,0
221,57291,459,730,-8885,-7697,11942,18997,-2865,0,0,0,0,1,0
222,57552,348,819,-8192,-7024,9059,21333,-2814,0,0,0,0,1,0
223,57812,234,901,-7309,-6174,6088,23462,-2736,0,0,0,0,1,0
224,58072,117,974,-6246,-5154,3059,25366,-2632,0,0,0,0,1,0
225,58333,0,1038,-5014,-3976,0,27026,-2502,0,0,0,0,1,0
226,58593,-117,1092,-3626,-2652,-3059,28425,-2349,0,0,0,0,1,0
227,58854,-234,1135,-2097,-1196,-6088,29551,-2172,0,0,0,0,1,0
228,59114,-348,1167,-443,377,-9059,30391,-1975,0,0,0,0,1,0
229,59375,-459,1188,1321,2050,-11942,30940,-1759,0,0,0,0,1,0
230,59635,-565,1198,3175,3808,-14711,31190,-1526,0,0,0,0,1,0
231,59895,-666,1196,5101,5631,-17337,31140,-1278,0,0,0,0,1,0
232,60156,-760,1183,7079,7501,-19797,30790,-1018,0,0,0,0,1,0
233,60416,-848,1158,9089,9399,-22066,30143,-748,0,0,0,0,1,0
234,60677,-927,1122,11111,11307,-24123,29207,-471,0,0,0,0,1,0
235,60937,-997,1075,13125,13203,-25947,27988,-189,0,0,0,0,1,0
236,61197,-1057,1018,15110,15071,-27522,26501,95,0,0,0,0,1,0
237,61458,-1107,951,17046,16889,-28831,24758,377,0,0,0,0,1,0
238,61718,-1147,875,18913,18641,-29863,22777,656,0,0,0,0,1,0
239,61979,-1176,790,20692,20307,-30607,20576,929,0,0,0,0,1,0
240,62239,-1193,698,22367,21872,-31056,18177,1193,0,0,0,0,1,0
241,62500,-1199,599,23918,23319,-31207,15603,1445,0,0,0,0,1,0
242,62760,-1193,495,25331,24633,-31056,12879,1683,0,0,0,0,1,0
243,63020,-1176,385,26592,25801,-30607,10031,1905,0,0,0,0,1,0
244,63281,-1147,272,27686,26811,-29863,7086,2109,0,0,0,0,1,0
245,63541,-1107,156,28603,27652,-28831,4073,2292,0,0,0,0,1,0
246,63802,-1057,39,29332,28314,-27522,1021,2454,0,0,0,0,1,0
247,64062,-997,-78,29867,28792,-25947,-2041,2592,0,0,0,0,1,0
248,64322,-927,-195,30201,29079,-24123,-5083,2704,0,0,0,0,1,0
249,64583,-848,-310,30330,29172,-22066,-8077,2791,0,0,0,0,1,0
250,64843,-760,-422,30251,29069,-19797,-10993,2851,0,0,0,0,1,0
251,65104,-666,-530,29966,28770,-17337,-13802,2883,0,0,0,0,1,0
252,65364,-565,-633,29475,28277,-14711,-16479,2888,0,0,0,0,1,0
253,65625,-459,-730,28783,27594,-11942,-18997,2865,0,0,0,0,1,0
254,65885,-348,-819,27895,26728,-9059,-21333,2814,0,0,0,0,1,0
255,66145,-234,-901,26819,25684,-6088,-23462,2736,0,0,0,0,1,0
256,66406,-117,-974,25566,24474,-3059,-25366,2632,0,0,0,0,1,0
257,66666,0,-1038,24145,23107,0,-27026,2502,0,0,0,0,1,0
258,66927,117,-1092,22571,21596,3059,-28425,2349,0,0,0,0,1,0
259,67187,234,-1135,20857,19955,6088,-29551,2172,0,0,0,0,1,0
260,67447,348,-1167,19019,18199,9059,-30391,1975,0,0,0,0,1,0
261,67708,459,-1188,17074,16344,11942,-30940,1759,0,0,0,0,1,0
262,67968,565,-1198,15040,14407,14711,-31190,1526,0,0,0,0,1,0
263,68229,666,-1196,12936,12406,17337,-31140,1278,0,0,0,0,1,0
264,68489,760,-1183,10782,10360,19797,-30790,1018,0,0,0,0,1,0
265,68750,848,-1158,8597,8287,22066,-30143,748,0,0,0,0,1,0
266,69010,927,-1122,6402,6207,24123,-29207,471,0,0,0,0,1,0
267,69270,997,-1075,4217,4139,25947,-27988,189,0,0,0,0,1,0
268,69531,1057,-1018,2063,2102,27522,-26501,-95,0,0,0,0,1,0
269,69791,1107,-951,-40,116,28831,-24758,-377,0,0,0,0,1,0
270,70052,1147,-875,-2074,-1802,29863,-22777,-656,0,0,0,0,1,0
271,70312,1176,-790,-4018,-3633,30607,-20576,-929,0,0,0,0,1,0
272,70572,1193,-698,-5855,-5360,31056,-18177,-1193,0,0,0,0,1,0
273,70833,1199,-599,-7568,-6969,31207,-15603,-1445,0,0,0,0,1,0
274,71093,1193,-495,-9141,-8443,31056,-12879,-1683,0,0,0,0,1,0
275,71354,1176,-385,-10559,-9769,30607,-10031,-1905,0,0,0,0,1,0
276,71614,1147,-272,-11810,-10935,29863,-7086,-2109,0,0,0,0,1,0
277,71875,1107,-156,-12882,-11931,28831,-4073,-2292,0,0,0,0,1,0
278,72135,1057,-39,-13765,-12747,27522,-1021,-2454,0,0,0,0,1,0
279,72395,997,78,-14452,-13377,25947,2041,-2592,0,0,0,0,1,0
280,72656,927,195,-14936,-13815,24123,5083,-2704,0,0,0,0,1,0
281,72916,848,310,-15214,-14057,22066,8077,-2791,0,0,0,0,1,0
282,73177,760,422,-15284,-14101,19797,10993,-2851,0,0,0,0,1,0
283,73437,666,530,-15144,-13948,17337,13802,-2883,0,0,0,0,1,0
284,73697,565,633,-14798,-13600,14711,16479,-2888,0,0,0,0,1,0
285,73958,459,730,-14249,-13061,11942,18997,-2865,0,0,0,0,1,0
286,74218,348,819,-13504,-12336,9059,21333,-2814,0,0,0,0,1,0
287,74479,234,901,-12569,-11434,6088,23462,-2736,0,0,0,0,1,0
288,74739,117,974,-11454,-10363,3059,25366,-2632,0,0,0,0,1,0
289,75000,0,1038,-10172,-9134,0,27026,-2502,0,0,0,0,1,0
290,75260,-117,1092,-8734,-7759,-3059,28425,-2349,0,0,0,0,1,0
291,75520,-234,1135,-7155,-6254,-6088,29551,-2172,0,0,0,0,1,0
292,75781,-348,1167,-5451,-4631,-9059,30391,-1975,0,0,0,0,1,0
293,76041,-459,1188,-3638,-2909,-11942,30940,-1759,0,0,0,0,1,0
294,76302,-565,1198,-1736,-1103,-14711,31190,-1526,0,0,0,0,1,0
295,76562,-666,1196,238,768,-17337,31140,-1278,0,0,0,0,1,0
296,76822,-760,1183,2264,2686,-19797,30790,-1018,0,0,0,0,1,0
297,77083,-848,1158,4321,4631,-22066,30143,-748,0,0,0,0,1,0
298,77343,-927,1122,6390,6585,-24123,29207,-471,0,0,0,0,1,0
299,77604,-997,1075,8450,8528,-25947,27988,-189,0,0,0,0,1,0
300,77864,-1057,1018,10480,10441,-27522,26501,95,0,0,0,0,1,0
301,78125,-1107,951,12461,12305,-28831,24758,377,0,0,0,0,1,0
302,78385,-1147,875,14373,14101,-29863,22777,656,0,0,0,0,1,0
303,78645,-1176,790,16197,15812,-30607,20576,929,0,0,0,0,1,0
304,78906,-1193,698,17915,17420,-31056,18177,1193,0,0,0,0,1,0
305,79166,-1199,599,19510,18911,-31207,15603,1445,0,0,0,0,1,0
306,79427,-1193,495,20966,20268,-31056,12879,1683,0,0,0,0,1,0
307,79687,-1176,385,22269,21479,-30607,10031,1905,0,0,0,0,1,0
308,79947,-1147,272,23406,22531,-29863,7086,2109,0,0,0,0,1,0
309,80208,-1107,156,24364,23413,-28831,4073,2292,0,0,0,0,1,0
310,80468,-1057,39,25135,24118,-27522,1021,2454,0,0,0,0,1,0
311,80729,-997,-78,25711,24636,-25947,-2041,2592,0,0,0,0,1,0
312,80989,-927,-195,26086,24964,-24123,-5083,2704,0,0,0,0,1,0
313,81250,-848,-310,26255,25097,-22066,-8077,2791,0,0,0,0,1,0
314,81510,-760,-422,26216,25033,-19797,-10993,2851,0,0,0,0,1,0
315,81770,-666,-530,25970,24774,-17337,-13802,2883,0,0,0,0,1,0
316,82031,-565,-633,25518,24320,-14711,-16479,2888,0,0,0,0,1,0
317,82291,-459,-730,24864,23676,-11942,-18997,2865,0,0,0,0,1,0
318,82552,-348,-819,24015,22848,-9059,-21333,2814,0,0,0,0,1,0
319,82812,-234,-901,22977,21842,-6088,-23462,2736,0,0,0,0,1,0
320,83072,-117,-974,21761,20670,-3059,-25366,2632,0,0,0,0,1,0
321,83333,0,-1038,20378,19340,0,-27026,2502,0,0,0,0,1,0
322,83593,117,-1092,18840,17866,3059,-28425,2349,0,0,0,0,1,0
323,83854,234,-1135,17163,16261,6088,-29551,2172,0,0,0,0,1,0
324,84114,348,-1167,15361,14541,9059,-30391,1975,0,0,0,0,1,0
325,84375,459,-1188,13452,12722,11942,-30940,1759,0,0,0,0,1,0
326,84635,565,-1198,11453,10820,14711,-31190,1526,0,0,0,0,1,0
327,84895,666,-1196,9384,8854,17337,-31140,1278,0,0,0,0,1,0
328,85156,760,-1183,7265,6843,19797,-30790,1018,0,0,0,0,1,0
329,85416,848,-1158,5114,4804,22066,-30143,748,0,0,0,0,1,0
330,85677,927,-1122,2953,2758,24123,-29207,471,0,0,0,0,1,0
331,85937,997,-1075,802,724,25947,-27988,189,0,0,0,0,1,0
332,86197,1057,-1018,-1318,-1279,27522,-26501,-95,0,0,0,0,1,0
333,86458,1107,-951,-3389,-3233,28831,-24758,-377,0,0,0,0,1,0
334,86718,1147,-875,-5390,-5117,29863,-22777,-656,0,0,0,0,1,0
335,86979,1176,-790,-7301,-6916,30607,-20576,-929,0,0,0,0,1,0
336,87239,1193,-698,-9106,-8612,31056,-18177,-1193,0,0,0,0,1,0
337,87500,1199,-599,-10787,-10188,31207,-15603,-1445,0,0,0,0,1,0
338,87760,1193,-495,-12329,-11631,31056,-12879,-1683,0,0,0,0,1,0
339,88020,1176,-385,-13716,-12926,30607,-10031,-1905,0,0,0,0,1,0
340,88281,1147,-272,-14936,-14061,29863,-7086,-2109,0,0,0,0,1,0
341,88541,1107,-156,-15978,-15027,28831,-4073,-2292,0,0,0,0,1,0
342,88802,1057,-39,-16831,-15813,27522,-1021,-2454,0,0,0,0,1,0
343,89062,997,78,-17487,-16413,25947,2041,-2592,0,0,0,0,1,0
344,89322,927,195,-17942,-16820,24123,5083,-2704,0,0,0,0,1,0
345,89583,848,310,-18191,-17033,22066,8077,-2791,0,0,0,0,1,0
346,89843,760,422,-18231,-17048,19797,10993,-2851,0,0,0,0,1,0
347,90104,666,530,-18063,-16867,17337,13802,-2883,0,0,0,0,1,0
348,90364,565,633,-17688,-16490,14711,16479,-2888,0,0,0,0,1,0
349,90625,459,730,-17111,-15923,11942,18997,-2865,0,0,0,0,1,0
350,90885,348,819,-16337,-15170,9059,21333,-2814,0,0,0,0,1,0
351,91145,234,901,-15375,-14240,6088,23462,-2736,0,0,0,0,1,0
352,91406,117,974,-14233,-13141,3059,25366,-2632,0,0,0,0,1,0
353,91666,0,1038,-12923,-11885,0,27026,-2502,0,0,0,0,1,0
354,91927,-117,1092,-11458,-10484,-3059,28425,-2349,0,0,0,0,1,0
355,92187,-234,1135,-9853,-8952,-6088,29551,-2172,0,0,0,0,1,0
356,92447,-348,1167,-8122,-7303,-9059,30391,-1975,0,0,0,0,1,0
357,92708,-459,1188,-6284,-5554,-11942,30940,-1759,0,0,0,0,1,0
358,92968,-565,1198,-4356,-3723,-14711,31190,-1526,0,0,0,0,1,0
359,93229,-666,1196,-2356,-1826,-17337,31140,-1278,0,0,0,0,1,0
360,93489,-760,1183,-305,117,-19797,30790,-1018,0,0,0,0,1,0
361,93750,-848,1158,1777,2087,-22066,30143,-748,0,0,0,0,1,0
362,94010,-927,1122,3871,4066,-24123,29207,-471,0,0,0,0,1,0
363,94270,-997,1075,5955,6034,-25947,27988,-189,0,0,0,0,1,0
364,94531,-1057,1018,8010,7971,-27522,26501,95,0,0,0,0,1,0
365,94791,-1107,951,10015,9859,-28831,24758,377,0,0,0,0,1,0
366,95052,-1147,875,11951,11679,-29863,22777,656,0,0,0,0,1,0
367,95312,-1176,790,13799,13414,-30607,20576,929,0,0,0,0,1,0
368,95572,-1193,698,15540,15046,-31056,18177,1193,0,0,0,0,1,0
369,95833,-1199,599,17159,16559,-31207,15603,1445,0,0,0,0,1,0
370,96093,-1193,495,18638,17940,-31056,12879,1683,0,0,0,0,1,0
371,96354,-1176,385,19963,19173,-30607,10031,1905,0,0,0,0,1,0
372,96614,-1147,272,21122,20247,-29863,7086,2109,0,0,0,0,1,0
373,96875,-1107,156,22103,21152,-28831,4073,2292,0,0,0,0,1,0
374,97135,-1057,39,22896,21879,-27522,1021,2454,0,0,0,0,1,0
375,97395,-997,-78,23494,22419,-25947,-2041,2592,0,0,0,0,1,0
376,97656,-927,-195,23890,22768,-24123,-5083,2704,0,0,0,0,1,0
377,97916,-848,-310,24081,22923,-22066,-8077,2791,0,0,0,0,1,0
378,98177,-760,-422,24063,22881,-19797,-10993,2851,0,0,0,0,1,0
379,98437,-666,-530,23838,22642,-17337,-13802,2883,0,0,0,0,1,0
380,98697,-565,-633,23407,22209,-14711,-16479,2888,0,0,0,0,1,0
381,98958,-459,-730,22774,21586,-11942,-18997,2865,0,0,0,0,1,0
382,99218,-348,-819,21945,20778,-9059,-21333,2814,0,0,0,0,1,0
383,99479,-234,-901,20928,19793,-6088,-23462,2736,0,0,0,0,1,0
384,99739,-117,-974,19732,18640,-3059,-25366,2632,0,0,0,0,1,0
385,100000,0,-1038,18368,17330,0,-27026,2502,0,0,0,0,1,0
386,100260,117,-1092,16850,15876,3059,-28425,2349,0,0,0,0,1,0
387,100520,234,-1135,15192,14291,6088,-29551,2172,0,0,0,0,1,0
388,100781,348,-1167,13409,12590,9059,-30391,1975,0,0,0,0,1,0
389,101041,459,-1188,11519,10790,11942,-30940,1759,0,0,0,0,1,0
390,101302,565,-1198,9540,8907,14711,-31190,1526,0,0,0,0,1,0
391,101562,666,-1196,7490,6960,17337,-31140,1278,0,0,0,0,1,0
392,101822,760,-1183,5389,4966,19797,-30790,1018,0,0,0,0,1,0
393,102083,848,-1158,3256,2946,22066,-30143,748,0,0,0,0,1,0
394,102343,927,-1122,1114,918,24123,-29207,471,0,0,0,0,1,0
395,102604,997,-1075,-1019,-1098,25947,-27988,189,0,0,0,0,1,0
396,102864,1057,-1018,-3123,-3083,27522,-26501,-95,0,0,0,0,1,0
397,103125,1107,-951,-5175,-5019,28831,-24758,-377,0,0,0,0,1,0
398,103385,1147,-875,-7159,-6886,29863,-22777,-656,0,0,0,0,1,0
399,103645,1176,-790,-9053,-8668,30607,-20576,-929,0,0,0,0,1,0
400,103906,1193,-698,-10841,-10346,31056,-18177,-1193,0,0,0,0,1,0
401,104166,1199,-599,-12505,-11906,31207,-15603,-1445,0,0,0,0,1,0
402,104427,1193,-495,-14030,-13332,31056,-12879,-1683,0,0,0,0,1,0
403,104687,1176,-385,-15400,-14610,30607,-10031,-1905,0,0,0,0,1,0
404,104947,1147,-272,-16604,-15729,29863,-7086,-2109,0,0,0,0,1,0
405,105208,1107,-156,-17629,-16678,28831,-4073,-2292,0,0,0,0,1,0
406,105468,1057,-39,-18466,-17448,27522,-1021,-2454,0,0,0,0,1,0
407,105729,997,78,-19107,-18032,25947,2041,-2592,0,0,0,0,1,0
408,105989,927,195,-19546,-18424,24123,5083,-2704,0,0,0,0,1,0
409,106250,848,310,-19779,-18621,22066,8077,-2791,0,0,0,0,1,0
410,106510,760,422,-19803,-18621,19797,10993,-2851,0,0,0,0,1,0
411,106770,666,530,-19620,-18424,17337,13802,-2883,0,0,0,0,1,0
412,107031,565,633,-19230,-18032,14711,16479,-2888,0,0,0,0,1,0
413,107291,459,730,-18638,-17449,11942,18997,-2865,0,0,0,0,1,0
414,107552,348,819,-17849,-16682,9059,21333,-2814,0,0,0,0,1,0
415,107812,234,901,-16872,-15737,6088,23462,-2736,0,0,0,0,1,0
416,108072,117,974,-15715,-14624,3059,25366,-2632,0,0,0,0,1,0
417,108333,0,1038,-14391,-13353,0,27026,-2502,0,0,0,0,1,0
418,108593,-117,1092,-12912,-11938,-3059,28425,-2349,0,0,0,0,1,0
419,108854,-234,1135,-11292,-10391,-6088,29551,-2172,0,0,0,0,1,0
420,109114,-348,1167,-9548,-8728,-9059,30391,-1975,0,0,0,0,1,0
421,109375,-459,1188,-7695,-6966,-11942,30940,-1759,0,0,0,0,1,0
422,109635,-565,1198,-5753,-5120,-14711,31190,-1526,0,0,0,0,1,0
423,109895,-666,1196,-3740,-3210,-17337,31140,-1278,0,0,0,0,1,0
424,110156,-760,1183,-1676,-1253,-19797,30790,-1018,0,0,0,0,1,0
425,110416,-848,1158,420,730,-22066,30143,-748,0,0,0,0,1,0
426,110677,-927,1122,2527,2722,-24123,29207,-471,0,0,0,0,1,0
427,110937,-997,1075,4625,4703,-25947,27988,-189,0,0,0,0,1,0
428,111197,-1057,1018,6692,6653,-27522,26501,95,0,0,0,0,1,0
429,111458,-1107,951,8710,8554,-28831,24758,377,0,0,0,0,1,0
430,111718,-1147,875,10659,10387,-29863,22777,656,0,0,0,0,1,0
431,111979,-1176,790,12519,12134,-30607,20576,929,0,0,0,0,1,0
432,112239,-1193,698,14273,13779,-31056,18177,1193,0,0,0,0,1,0
433,112500,-1199,599,15904,15305,-31207,15603,1445,0,0,0,0,1,0
434,112760,-1193,495,17395,16697,-31056,12879,1683,0,0,0,0,1,0
435,113020,-1176,385,18733,17943,-30607,10031,1905,0,0,0,0,1,0
436,113281,-1147,272,19904,19029,-29863,7086,2109,0,0,0,0,1,0
437,113541,-1107,156,20897,19946,-28831,4073,2292,0,0,0,0,1,0
438,113802,-1057,39,21702,20684,-27522,1021,2454,0,0,0,0,1,0
439,114062,-997,-78,22311,21236,-25947,-2041,2592,0,0,0,0,1,0
440,114322,-927,-195,22719,21597,-24123,-5083,2704,0,0,0,0,1,0
441,114583,-848,-310,22921,21763,-22066,-8077,2791,0,0,0,0,1,0
442,114843,-760,-422,22915,21732,-19797,-10993,2851,0,0,0,0,1,0
443,115104,-666,-530,22701,21505,-17337,-13802,2883,0,0,0,0,1,0
444,115364,-565,-633,22281,21083,-14711,-16479,2888,0,0,0,0,1,0
445,115625,-459,-730,21659,20471,-11942,-18997,2865,0,0,0,0,1,0
446,115885,-348,-819,20841,19674,-9059,-21333,2814,0,0,0,0,1,0
447,116145,-234,-901,19834,18699,-6088,-23462,2736,0,0,0,0,1,0
448,116406,-117,-974,18649,17557,-3059,-25366,2632,0,0,0,0,1,0
449,116666,0,-1038,17296,16258,0,-27026,2502,0,0,0,0,1,0
450,116927,117,-1092,15788,14814,3059,-28425,2349,0,0,0,0,1,0
451,117187,234,-1135,14140,13239,6088,-29551,2172,0,0,0,0,1,0
452,117447,348,-1167,12368,11549,9059,-30391,1975,0,0,0,0,1,0
453,117708,459,-1188,10488,9759,11942,-30940,1759,0,0,0,0,1,0
454,117968,565,-1198,8519,7886,14711,-31190,1526,0,0,0,0,1,0
455,118229,666,-1196,6479,5949,17337,-31140,1278,0,0,0,0,1,0
456,118489,760,-1183,4388,3965,19797,-30790,1018,0,0,0,0,1,0
457,118750,848,-1158,2265,1955,22066,-30143,748,0,0,0,0,1,0
458,119010,927,-1122,132,-63,24123,-29207,471,0,0,0,0,1,0
459,119270,997,-1075,-1991,-2070,25947,-27988,189,0,0,0,0,1,0
460,119531,1057,-1018,-4085,-4046,27522,-26501,-95,0,0,0,0,1,0
461,119791,1107,-951,-6128,-5972,28831,-24758,-377,0,0,0,0,1,0
462,120052,1147,-875,-8102,-7830,29863,-22777,-656,0,0,0,0,1,0
463,120312,1176,-790,-9988,-9602,30607,-20576,-929,0,0,0,0,1,0
464,120572,1193,-698,-11766,-11272,31056,-18177,-1193,0,0,0,0,1,0
465,120833,1199,-599,-13421,-12822,31207,-15603,-1445,0,0,0,0,1,0
466,121093,1193,-495,-14937,-14239,31056,-12879,-1683,0,0,0,0,1,0
467,121354,1176,-385,-16299,-15509,30607,-10031,-1905,0,0,0,0,1,0
468,121614,1147,-272,-17494,-16619,29863,-7086,-2109,0,0,0,0,1,0
469,121875,1107,-156,-18510,-17559,28831,-4073,-2292,0,0,0,0,1,0
470,122135,1057,-39,-19338,-18321,27522,-1021,-2454,0,0,0,0,1,0
471,122395,997,78,-19971,-18896,25947,2041,-2592,0,0,0,0,1,0
472,122656,927,195,-20401,-19279,24123,5083,-2704,0,0,0,0,1,0
473,122916,848,310,-20626,-19468,22066,8077,-2791,0,0,0,0,1,0
474,123177,760,422,-20642,-19460,19797,10993,-2851,0,0,0,0,1,0
475,123437,666,530,-20450,-19254,17337,13802,-2883,0,0,0,0,1,0
476,123697,565,633,-20052,-18855,14711,16479,-2888,0,0,0,0,1,0
477,123958,459,730,-19452,-18264,11942,18997,-2865,0,0,0,0,1,0
478,124218,348,819,-18656,-17488,9059,21333,-2814,0,0,0,0,1,0
479,124479,234,901,-17671,-16536,6088,23462,-2736,0,0,0,0,1,0
480,124739,117,974,-16506,-15415,3059,25366,-2632,0,0,0,0,1,0
481,125000,0,1038,-15174,-14136,0,27026,-2502,0,0,0,0,1,0
482,125260,-117,1092,-13687,-12713,-3059,28425,-2349,0,0,0,0,1,0
483,125520,-234,1135,-12060,-11159,-6088,29551,-2172,0,0,0,0,1,0
484,125781,-348,1167,-10308,-9489,-9059,30391,-1975,0,0,0,0,1,0
485,126041,-459,1188,-8448,-7719,-11942,30940,-1759,0,0,0,0,1,0
486,126302,-565,1198,-6499,-5866,-14711,31190,-1526,0,0,0,0,1,0
487,126562,-666,1196,-4479,-3948,-17337,31140,-1278,0,0,0,0,1,0
488,126822,-760,1183,-2407,-1985,-19797,30790,-1018,0,0,0,0,1,0
489,127083,-848,1158,-304,6,-22066,30143,-748,0,0,0,0,1,0
490,127343,-927,1122,1810,2005,-24123,29207,-471,0,0,0,0,1,0
491,127604,-997,1075,3915,3993,-25947,27988,-189,0,0,0,0,1,0
492,127864,-1057,1018,5989,5950,-27522,26501,95,0,0,0,0,1,0
493,128124,-1107,951,8014,7858,-28831,24758,377,0,0,0,0,1,0
494,128385,-1147,875,9970,9698,-29863,22777,656,0,0,0,0,1,0
495,128645,-1176,790,11837,11452,-30607,20576,929,0,0,0,0,1,0
496,128906,-1193,698,13597,13103,-31056,18177,1193,0,0,0,0,1,0
497,129166,-1199,599,15235,14635,-31207,15603,1445,0,0,0,0,1,0
498,129427,-1193,495,16733,16035,-31056,12879,1683,0,0,0,0,1,0
499,129687,-1176,385,18077,17287,-30607,10031,1905,0,0,0,0,1,0
500,129947,-1147,272,19254,18379,-29863,7086,2109,0,0,0,0,1,0
501,130208,-1107,156,20253,19303,-28831,4073,2292,0,0,0,0,1,0
502,130468,-1057,39,21065,20047,-27522,1021,2454,0,0,0,0,1,0
503,130729,-997,-78,21680,20605,-25947,-2041,2592,0,0,0,0,1,0
504,130989,-927,-195,22094,20972,-24123,-5083,2704,0,0,0,0,1,0
505,131250,-848,-310,22302,21144,-22066,-8077,2791,0,0,0,0,1,0
506,131510,-760,-422,22302,21119,-19797,-10993,2851,0,0,0,0,1,0
507,131770,-666,-530,22094,20898,-17337,-13802,2883,0,0,0,0,1,0
508,132031,-565,-633,21680,20482,-14711,-16479,2888,0,0,0,0,1,0
509,132291,-459,-730,21064,19876,-11942,-18997,2865,0,0,0,0,1,0
510,132552,-348,-819,20252,19084,-9059,-21333,2814,0,0,0,0,1,0
511,132812,-234,-901,19251,18116,-6088,-23462,2736,0,0,0,0,1,0
512,133072,-117,-974,18071,16980,-3059,-25366,2632,0,0,0,0,1,0
513,133333,0,-1038,16724,15686,0,-27026,2502,0,0,0,0,1,0
514,133593,117,-1092,15222,14248,3059,-28425,2349,0,0,0,0,1,0
515,133854,234,-1135,13580,12678,6088,-29551,2172,0,0,0,0,1,0
516,134114,348,-1167,11813,10993,9059,-30391,1975,0,0,0,0,1,0
517,134375,459,-1188,9938,9209,11942,-30940,1759,0,0,0,0,1,0
518,134635,565,-1198,7974,7341,14711,-31190,1526,0,0,0,0,1,0
519,134895,666,-1196,5940,5409,17337,-31140,1278,0,0,0,0,1,0
520,135156,760,-1183,3854,3431,19797,-30790,1018,0,0,0,0,1,0
521,135416,848,-1158,1736,1426,22066,-30143,748,0,0,0,0,1,0
522,135677,927,-1122,-392,-587,24123,-29207,471,0,0,0,0,1,0
523,135937,997,-1075,-2510,-2588,25947,-27988,189,0,0,0,0,1,0
524,136197,1057,-1018,-4598,-4559,27522,-26501,-95,0,0,0,0,1,0
525,136458,1107,-951,-6637,-6480,28831,-24758,-377,0,0,0,0,1,0
526,136718,1147,-875,-8606,-8334,29863,-22777,-656,0,0,0,0,1,0
527,136979,1176,-790,-10486,-10101,30607,-20576,-929,0,0,0,0,1,0
528,137239,1193,-698,-12260,-11765,31056,-18177,-1193,0,0,0,0,1,0
529,137500,1199,-599,-13910,-13311,31207,-15603,-1445,0,0,0,0,1,0
530,137760,1193,-495,-15421,-14723,31056,-12879,-1683,0,0,0,0,1,0
531,138020,1176,-385,-16778,-15988,30607,-10031,-1905,0,0,0,0,1,0
532,138281,1147,-272,-17968,-17093,29863,-7086,-2109,0,0,0,0,1,0
533,138541,1107,-156,-18980,-18029,28831,-4073,-2292,0,0,0,0,1,0
534,138802,1057,-39,-19804,-18786,27522,-1021,-2454,0,0,0,0,1,0
535,139062,997,78,-20432,-19357,25947,2041,-2592,0,0,0,0,1,0
536,139322,927,195,-20858,-19736,24123,5083,-2704,0,0,0,0,1,0
537,139583,848,310,-21078,-19920,22066,8077,-2791,0,0,0,0,1,0
538,139843,760,422,-21090,-19907,19797,10993,-2851,0,0,0,0,1,0
539,140104,666,530,-20894,-19698,17337,13802,-2883,0,0,0,0,1,0
540,140364,565,633,-20491,-19293,14711,16479,-2888,0,0,0,0,1,0
541,140625,459,730,-19887,-18699,11942,18997,-2865,0,0,0,0,1,0
542,140885,348,819,-19086,-17919,9059,21333,-2814,0,0,0,0,1,0
543,141145,234,901,-18097,-16962,6088,23462,-2736,0,0,0,0,1,0
544,141406,117,974,-16928,-15836,3059,25366,-2632,0,0,0,0,1,0
545,141666,0,1038,-15592,-14554,0,27026,-2502,0,0,0,0,1,0
546,141927,-117,1092,-14101,-13127,-3059,28425,-2349,0,0,0,0,1,0
547,142187,-234,1135,-12470,-11569,-6088,29551,-2172,0,0,0,0,1,0
548,142447,-348,1167,-10714,-9894,-9059,30391,-1975,0,0,0,0,1,0
549,142708,-459,1188,-8850,-8120,-11942,30940,-1759,0,0,0,0,1,0
550,142968,-565,1198,-6897,-6264,-14711,31190,-1526,0,0,0,0,1,0
551,143229,-666,1196,-4872,-4342,-17337,31140,-1278,0,0,0,0,1,0
552,143489,-760,1183,-2797,-2375,-19797,30790,-1018,0,0,0,0,1,0
553,143750,-848,1158,-690,-380,-22066,30143,-748,0,0,0,0,1,0
554,144010,-927,1122,1428,1623,-24123,29207,-471,0,0,0,0,1,0
555,144270,-997,1075,3536,3614,-25947,27988,-189,0,0,0,0,1,0
556,144531,-1057,1018,5614,5575,-27522,26501,95,0,0,0,0,1,0
557,144791,-1107,951,7643,7486,-28831,24758,377,0,0,0,0,1,0
558,145052,-1147,875,9602,9330,-29863,22777,656,0,0,0,0,1,0
559,145312,-1176,790,11473,11087,-30607,20576,929,0,0,0,0,1,0
560,145572,-1193,698,13237,12742,-31056,18177,1193,0,0,0,0,1,0
561,145833,-1199,599,14878,14278,-31207,15603,1445,0,0,0,0,1,0
562,146093,-1193,495,16379,15681,-31056,12879,1683,0,0,0,0,1,0
563,146354,-1176,385,17727,16936,-30607,10031,1905,0,0,0,0,1,0
564,146614,-1147,272,18908,18033,-29863,7086,2109,0,0,0,0,1,0
565,146875,-1107,156,19910,18959,-28831,4073,2292,0,0,0,0,1,0
566,147135,-1057,39,20725,19707,-27522,1021,2454,0,0,0,0,1,0
567,147395,-997,-78,21344,20269,-25947,-2041,2592,0,0,0,0,1,0
568,147656,-927,-195,21761,20639,-24123,-5083,2704,0,0,0,0,1,0
569,147916,-848,-310,21972,20814,-22066,-8077,2791,0,0,0,0,1,0
570,148177,-760,-422,21975,20793,-19797,-10993,2851,0,0,0,0,1,0
571,148437,-666,-530,21770,20574,-17337,-13802,2883,0,0,0,0,1,0
572,148697,-565,-633,21360,20162,-14711,-16479,2888,0,0,0,0,1,0
573,148958,-459,-730,20747,19558,-11942,-18997,2865,0,0,0,0,1,0
574,149218,-348,-819,19937,18770,-9059,-21333,2814,0,0,0,0,1,0
575,149479,-234,-901,18940,17805,-6088,-23462,2736,0,0,0,0,1,0
576,149739,-117,-974,17763,16671,-3059,-25366,2632,0,0,0,0,1,0
577,150000,0,-1038,16419,15381,0,-27026,2502,0,0,0,0,1,0
578,150260,117,-1092,14920,13945,3059,-28425,2349,0,0,0,0,1,0
579,150520,234,-1135,13280,12379,6088,-29551,2172,0,0,0,0,1,0
580,150781,348,-1167,11516,10697,9059,-30391,1975,0,0,0,0,1,0
581,151041,459,-1188,9645,8915,11942,-30940,1759,0,0,0,0,1,0
582,151302,565,-1198,7684,7051,14711,-31190,1526,0,0,0,0,1,0
583,151562,666,-1196,5652,5122,17337,-31140,1278,0,0,0,0,1,0
584,151822,760,-1183,3569,3146,19797,-30790,1018,0,0,0,0,1,0
585,152083,848,-1158,1454,1144,22066,-30143,748,0,0,0,0,1,0
586,152343,927,-1122,-671,-866,24123,-29207,471,0,0,0,0,1,0
587,152604,997,-1075,-2787,-2865,25947,-27988,189,0,0,0,0,1,0
588,152864,1057,-1018,-4872,-4833,27522,-26501,-95,0,0,0,0,1,0
589,153125,1107,-951,-6908,-6752,28831,-24758,-377,0,0,0,0,1,0
590,153385,1147,-875,-8874,-8602,29863,-22777,-656,0,0,0,0,1,0
591,153645,1176,-790,-10752,-10367,30607,-20576,-929,0,0,0,0,1,0
592,153906,1193,-698,-12523,-12029,31056,-18177,-1193,0,0,0,0,1,0
593,154166,1199,-599,-14171,-13572,31207,-15603,-1445,0,0,0,0,1,0
594,154427,1193,-495,-15679,-14981,31056,-12879,-1683,0,0,0,0,1,0
595,154687,1176,-385,-17034,-16244,30607,-10031,-1905,0,0,0,0,1,0
596,154947,1147,-272,-18222,-17347,29863,-7086,-2109,0,0,0,0,1,0
597,155208,1107,-156,-19231,-18280,28831,-4073,-2292,0,0,0,0,1,0
598,155468,1057,-39,-20052,-19034,27522,-1021,-2454,0,0,0,0,1,0
599,155729,997,78,-20678,-19603,25947,2041,-2592,0,0,0,0,1,0
600,155989,927,195,-21101,-19979,24123,5083,-2704,0,0,0,0,1,0
601,156250,848,310,-21319,-20161,22066,8077,-2791,0,0,0,0,1,0
602,156510,760,422,-21328,-20146,19797,10993,-2851,0,0,0,0,1,0
603,156770,666,530,-21130,-19934,17337,13802,-2883,0,0,0,0,1,0
604,157031,565,633,-20725,-19527,14711,16479,-2888,0,0,0,0,1,0
605,157291,459,730,-20119,-18930,11942,18997,-2865,0,0,0,0,1,0
606,157552,348,819,-19316,-18148,9059,21333,-2814,0,0,0,0,1,0
607,157812,234,901,-18324,-17189,6088,23462,-2736,0,0,0,0,1,0
608,158072,117,974,-17153,-16062,3059,25366,-2632,0,0,0,0,1,0
609,158333,0,1038,-15815,-14777,0,27026,-2502,0,0,0,0,1,0
610,158593,-117,1092,-14322,-13348,-3059,28425,-2349,0,0,0,0,1,0
611,158854,-234,1135,-12688,-11787,-6088,29551,-2172,0,0,0,0,1,0
612,159114,-348,1167,-10930,-10111,-9059,30391,-1975,0,0,0,0,1,0
613,159375,-459,1188,-9064,-8335,-11942,30940,-1759,0,0,0,0,1,0
614,159635,-565,1198,-7109,-6476,-14711,31190,-1526,0,0,0,0,1,0
615,159895,-666,1196,-5083,-4552,-17337,31140,-1278,0,0,0,0,1,0
616,160156,-760,1183,-3005,-2583,-19797,30790,-1018,0,0,0,0,1,0
617,160416,-848,1158,-896,-586,-22066,30143,-748,0,0,0,0,1,0
618,160677,-927,1122,1224,1419,-24123,29207,-471,0,0,0,0,1,0
619,160937,-997,1075,3334,3412,-25947,27988,-189,0,0,0,0,1,0
620,161197,-1057,1018,39,0,-25483,24538,945,0,0,0,0,1,0
621,161458,-1107,951,156,0,-26696,22924,3772,0,0,0,0,1,0
622,161718,-1147,875,272,0,-27651,21089,6561,0,0,0,0,1,0
623,161979,-1176,790,385,0,-28340,19052,9288,0,0,0,0,1,0
624,162239,-1193,698,495,0,-28756,16831,11925,0,0,0,0,1,0
625,162500,-1199,599,599,0,-28895,14448,14448,0,0,0,0,1,0
626,162760,-1193,495,698,0,-28756,11925,16831,0,0,0,0,1,0
627,163020,-1176,385,790,0,-28340,9288,19052,0,0,0,0,1,0
628,163281,-1147,272,875,0,-27651,6561,21089,0,0,0,0,1,0
629,163541,-1107,156,951,0,-26696,3772,22924,0,0,0,0,1,0
630,163802,-1057,39,1018,0,-25483,945,24538,0,0,0,0,1,0
631,164062,-997,-78,1075,0,-24025,-1890,25915,0,0,0,0,1,0
632,164322,-927,-195,1122,0,-22336,-4707,27043,0,0,0,0,1,0
633,164583,-848,-310,1158,0,-20432,-7479,27910,0,0,0,0,1,0
634,164843,-760,-422,1183,0,-18331,-10178,28509,0,0,0,0,1,0
635,165104,-666,-530,1196,0,-16053,-12780,28833,0,0,0,0,1,0
636,165364,-565,-633,1198,0,-13621,-15259,28880,0,0,0,0,1,0
637,165625,-459,-730,1188,0,-11058,-17590,28648,0,0,0,0,1,0
638,165885,-348,-819,1167,0,-8388,-19752,28140,0,0,0,0,1,0
639,166145,-234,-901,1135,0,-5637,-21724,27362,0,0,0,0,1,0
640,166406,-117,-974,1092,0,-2832,-23487,26319,0,0,0,0,1,0
641,166666,0,-1038,1038,0,0,-25024,25024,0,0,0,0,1,0
642,166927,117,-1092,974,0,2832,-26319,23487,0,0,0,0,1,0
643,167187,234,-1135,901,0,5637,-27362,21724,0,0,0,0,1,0
644,167447,348,-1167,819,0,8388,-28140,19752,0,0,0,0,1,0
645,167708,459,-1188,730,0,11058,-28648,17590,0,0,0,0,1,0
646,167968,565,-1198,633,0,13621,-28880,15259,0,0,0,0,1,0
647,168229,666,-1196,530,0,16053,-28833,12780,0,0,0,0,1,0
648,168489,760,-1183,422,0,18331,-28509,10178,0,0,0,0,1,0
649,168750,848,-1158,310,0,20432,-27910,7479,0,0,0,0,1,0
650,169010,927,-1122,195,0,22336,-27043,4707,0,0,0,0,1,0
651,169270,997,-1075,78,0,24025,-25915,1890,0,0,0,0,1,0
652,169531,1057,-1018,-39,0,25483,-24538,-945,0,0,0,0,1,0
653,169791,1107,-951,-156,0,26696,-22924,-3772,0,0,0,0,1,0
654,170052,1147,-875,-272,0,27651,-21089,-6561,0,0,0,0,1,0
655,170312,1176,-790,-385,0,28340,-19052,-9288,0,0,0,0,1,0
656,170572,1193,-698,-495,0,28756,-16831,-11925,0,0,0,0,1,0
657,170833,1199,-599,-599,0,28895,-14448,-14448,0,0,0,0,1,0
658,171093,1193,-495,-698,0,28756,-11925,-16831,0,0,0,0,1,0
659,171354,1176,-385,-790,0,28340,-9288,-19052,0,0,0,0,1,0
660,171614,1147,-272,-875,0,27651,-6561,-21089,0,0,0,0,1,0
661,171875,1107,-156,-951,0,26696,-3772,-22924,0,0,0,0,1,0
662,172135,1057,-39,-1018,0,25483,-945,-24538,0,0,0,0,1,0
663,172395,997,78,-1075,0,24025,1890,-25915,0,0,0,0,1,0
664,172656,927,195,-1122,0,22336,4707,-27043,0,0,0,0,1,0
665,172916,848,310,-1158,0,20432,7479,-27910,0,0,0,0,1,0
666,173177,760,422,-1183,0,18331,10178,-28509,0,0,0,0,1,0
667,173437,666,530,-1196,0,16053,12780,-28833,0,0,0,0,1,0
668,173697,565,633,-1198,0,13621,15259,-28880,0,0,0,0,1,0
669,173958,459,730,-1188,0,11058,17590,-28648,0,0,0,0,1,0
670,174218,348,819,-1167,0,8388,19752,-28140,0,0,0,0,1,0
671,174479,234,901,-1135,0,5637,21724,-27362,0,0,0,0,1,0
672,174739,117,974,-1092,0,2832,23487,-26319,0,0,0,0,1,0
673,175000,0,1038,-1038,0,0,25024,-25024,0,0,0,0,1,0
674,175260,-117,1092,-974,0,-2832,26319,-23487,0,0,0,0,1,0
675,175520,-234,1135,-901,0,-5637,27362,-21724,0,0,0,0,1,0
676,175781,-348,1167,-819,0,-8388,28140,-19752,0,0,0,0,1,0
677,176041,-459,1188,-730,0,-11058,28648,-17590,0,0,0,0,1,0
678,176302,-565,1198,-633,0,-13621,28880,-15259,0,0,0,0,1,0
679,176562,-666,1196,-530,0,-16053,28833,-12780,0,0,0,0,1,0
680,176822,-760,1183,-422,0,-18331,28509,-10178,0,0,0,0,1,0
681,177083,-848,1158,-310,0,-20432,27910,-7479,0,0,0,0,1,0
682,177343,-927,1122,-195,0,-22336,27043,-4707,0,0,0,0,1,0
683,177604,-997,1075,-78,0,-24025,25915,-1890,0,0,0,0,1,0
684,177864,-1057,1018,39,0,-25483,24538,945,0,0,0,0,1,0
685,178125,-1107,951,156,0,-26696,22924,3772,0,0,0,0,1,0
686,178385,-1147,875,272,0,-27651,21089,6561,0,0,0,0,1,0
687,178645,-1176,790,385,0,-28340,19052,9288,0,0,0,0,1,0
688,178906,-1193,698,495,0,-28756,16831,11925,0,0,0,0,1,0
689,179166,-1199,599,599,0,-28895,14448,14448,0,0,0,0,1,0
690,179427,-1193,495,698,0,-28756,11925,16831,0,0,0,0,1,0
691,179687,-1176,385,790,0,-28340,9288,19052,0,0,0,0,1,0
692,179947,-1147,272,875,0,-27651,6561,21089,0,0,0,0,1,0
693,180208,-1107,156,951,0,-26696,3772,22924,0,0,0,0,1,0
694,180468,-1057,39,1018,0,-25483,945,24538,0,0,0,0,1,0
695,180729,-997,-78,1075,0,-24025,-1890,25915,0,0,0,0,1,0
696,180989,-927,-195,1122,0,-22336,-4707,27043,0,0,0,0,1,0
697,181250,-848,-310,1158,0,-20432,-7479,27910,0,0,0,0,1,0
698,181510,-760,-422,1183,0,-18331,-10178,28509,0,0,0,0,1,0
699,181770,-666,-530,1196,0,-16053,-12780,28833,0,0,0,0,1,0
700,182031,-565,-633,1198,0,-13621,-15259,28880,0,0,0,0,1,0
701,182291,-459,-730,1188,0,-11058,-17590,28648,0,0,0,0,1,0
702,182552,-348,-819,1167,0,-8388,-19752,28140,0,0,0,0,1,0
703,182812,-234,-901,1135,0,-5637,-21724,27362,0,0,0,0,1,0
704,183072,-117,-974,1092,0,-2832,-23487,26319,0,0,0,0,1,0
705,183333,0,-1038,1038,0,0,-25024,25024,0,0,0,0,1,0
706,183593,117,-1092,974,0,2832,-26319,23487,0,0,0,0,1,0
707,183854,234,-1135,901,0,5637,-27362,21724,0,0,0,0,1,0
708,184114,348,-1167,819,0,8388,-28140,19752,0,0,0,0,1,0
709,184375,459,-1188,730,0,11058,-28648,17590,0,0,0,0,1,0
710,184635,565,-1198,633,0,13621,-28880,15259,0,0,0,0,1,0
711,184895,666,-1196,530,0,16053,-28833,12780,0,0,0,0,1,0
712,185156,760,-1183,422,0,18331,-28509,10178,0,0,0,0,1,0
713,185416,848,-1158,310,0,20432,-27910,7479,0,0,0,0,1,0
714,185677,927,-1122,195,0,22336,-27043,4707,0,0,0,0,1,0
715,185937,997,-1075,78,0,24025,-25915,1890,0,0,0,0,1,0
716,186197,1057,-1018,-39,0,25483,-24538,-945,0,0,0,0,1,0
717,186458,1107,-951,-156,0,26696,-22924,-3772,0,0,0,0,1,0
718,186718,1147,-875,-272,0,27651,-21089,-6561,0,0,0,0,1,0
719,186979,1176,-790,-385,0,28340,-19052,-9288,0,0,0,0,1,0
720,187239,1193,-698,-495,0,28756,-16831,-11925,0,0,0,0,1,0
721,187500,1199,-599,-599,0,28895,-14448,-14448,0,0,0,0,1,0
722,187760,1193,-495,-698,0,28756,-11925,-16831,0,0,0,0,1,0
723,188020,1176,-385,-790,0,28340,-9288,-19052,0,0,0,0,1,0
724,188281,1147,-272,-875,0,27651,-6561,-21089,0,0,0,0,1,0
725,188541,1107,-156,-951,0,26696,-3772,-22924,0,0,0,0,1,0
726,188802,1057,-39,-1018,0,25483,-945,-24538,0,0,0,0,1,0
727,189062,997,78,-1075,0,24025,1890,-25915,0,0,0,0,1,0
728,189322,927,195,-1122,0,22336,4707,-27043,0,0,0,0,1,0
729,189583,848,310,-1158,0,20432,7479,-27910,0,0,0,0,1,0
730,189843,760,422,-1183,0,18331,10178,-28509,0,0,0,0,1,0
731,190104,666,530,-1196,0,16053,12780,-28833,0,0,0,0,1,0
732,190364,565,633,-1198,0,13621,15259,-28880,0,0,0,0,1,0
733,190625,459,730,-1188,0,11058,17590,-28648,0,0,0,0,1,0
734,190885,348,819,-1167,0,8388,19752,-28140,0,0,0,0,1,0
735,191145,234,901,-1135,0,5637,21724,-27362,0,0,0,0,1,0
736,191406,117,974,-1092,0,2832,23487,-26319,0,0,0,0,1,0
737,191666,0,1038,-1038,0,0,25024,-25024,0,0,0,0,1,0
738,191927,-117,1092,-974,0,-2832,26319,-23487,0,0,0,0,1,0
739,192187,-234,1135,-901,0,-5637,27362,-21724,0,0,0,0,1,0
740,192447,-348,1167,-819,0,-8388,28140,-19752,0,0,0,0,1,0
741,192708,-459,1188,-730,0,-11058,28648,-17590,0,0,0,0,1,0
742,192968,-565,1198,-633,0,-13621,28880,-15259,0,0,0,0,1,0
743,193229,-666,1196,-530,0,-16053,28833,-12780,0,0,0,0,1,0
744,193489,-760,1183,-422,0,-18331,28509,-10178,0,0,0,0,1,0
745,193750,-848,1158,-310,0,-20432,27910,-7479,0,0,0,0,1,0
746,194010,-927,1122,-195,0,-22336,27043,-4707,0,0,0,0,1,0
747,194270,-997,1075,-78,0,-24025,25915,-1890,0,0,0,0,1,0
748,194531,-1057,1018,39,0,-25483,24538,945,0,0,0,0,1,0
749,194791,-1107,951,156,0,-26696,22924,3772,0,0,0,0,1,0
750,195052,-1147,875,272,0,-27651,21089,6561,0,0,0,0,1,0
751,195312,-1176,790,385,0,-28340,19052,9288,0,0,0,0,1,0
752,195572,-1193,698,495,0,-28756,16831,11925,0,0,0,0,1,0
753,195833,-1199,599,599,0,-28895,14448,14448,0,0,0,0,1,0
754,196093,-1193,495,698,0,-28756,11925,16831,0,0,0,0,1,0
755,196354,-1176,385,790,0,-28340,9288,19052,0,0,0,0,1,0
756,196614,-1147,272,875,0,-27651,6561,21089,0,0,0,0,1,0
757,196875,-1107,156,951,0,-26696,3772,22924,0,0,0,0,1,0
758,197135,-1057,39,1018,0,-25483,945,24538,0,0,0,0,1,0
759,197395,-997,-78,1075,0,-24025,-1890,25915,0,0,0,0,1,0
760,197656,-927,-195,1122,0,-22336,-4707,27043,0,0,0,0,1,0
761,197916,-848,-310,1158,0,-20432,-7479,27910,0,0,0,0,1,0
762,198177,-760,-422,1183,0,-18331,-10178,28509,0,0,0,0,1,0
763,198437,-666,-530,1196,0,-16053,-12780,28833,0,0,0,0,1,0
764,198697,-565,-633,1198,0,-13621,-15259,28880,0,0,0,0,1,0
765,198958,-459,-730,1188,0,-11058,-17590,28648,0,0,0,0,1,0
766,199218,-348,-819,1167,0,-8388,-19752,28140,0,0,0,0,1,0
767,199479,-234,-901,1135,0,-5637,-21724,27362,0,0,0,0,1,0
768,199739,-117,-974,1092,0,-2832,-23487,26319,0,0,0,0,1,0
769,200000,0,-1038,1038,0,0,-25024,25024,0,0,0,0,1,0
770,200260,117,-1092,974,0,2832,-26319,23487,0,0,0,0,1,0
771,200520,234,-1135,901,0,5637,-27362,21724,0,0,0,0,1,0
772,200781,348,-1167,819,0,8388,-28140,19752,0,0,0,0,1,0
773,201041,459,-1188,730,0,11058,-28648,17590,0,0,0,0,1,0
774,201302,565,-1198,633,0,13621,-28880,15259,0,0,0,0,1,0
775,201562,666,-1196,530,0,16053,-28833,12780,0,0,0,0,1,0
776,201822,760,-1183,422,0,18331,-28509,10178,0,0,0,0,1,0
777,202083,848,-1158,310,0,20432,-27910,7479,0,0,0,0,1,0
778,202343,927,-1122,195,0,22336,-27043,4707,0,0,0,0,1,0
779,202604,997,-1075,78,0,24025,-25915,1890,0,0,0,0,1,0
780,202864,1057,-1018,-39,0,25483,-24538,-945,0,0,0,0,1,0
781,203125,1107,-951,-156,0,26696,-22924,-3772,0,0,0,0,1,0
782,203385,1147,-875,-272,0,27651,-21089,-6561,0,0,0,0,1,0
783,203645,1176,-790,-385,0,28340,-19052,-9288,0,0,0,0,1,0
784,203906,1193,-698,-495,0,28756,-16831,-11925,0,0,0,0,1,0
785,204166,1199,-599,-599,0,28895,-14448,-14448,0,0,0,0,1,0
786,204427,1193,-495,-698,0,28756,-11925,-16831,0,0,0,0,1,0
787,204687,1176,-385,-790,0,28340,-9288,-19052,0,0,0,0,1,0
788,204947,1147,-272,-875,0,27651,-6561,-21089,0,0,0,0,1,0
789,205208,1107,-156,-951,0,26696,-3772,-22924,0,0,0,0,1,0
790,205468,1057,-39,-1018,0,25483,-945,-24538,0,0,0,0,1,0
791,205729,997,78,-1075,0,24025,1890,-25915,0,0,0,0,1,0
792,205989,927,195,-1122,0,22336,4707,-27043,0,0,0,0,1,0
793,206250,848,310,-1158,0,20432,7479,-27910,0,0,0,0,1,0
794,206510,760,422,-1183,0,18331,10178,-28509,0,0,0,0,1,0
795,206770,666,530,-1196,0,16053,12780,-28833,0,0,0,0,1,0
796,207031,565,633,-1198,0,13621,15259,-28880,0,0,0,0,1,0
797,207291,459,730,-1188,0,11058,17590,-28648,0,0,0,0,1,0
798,207552,348,819,-1167,0,8388,19752,-28140,0,0,0,0,1,0
799,207812,234,901,-1135,0,5637,21724,-27362,0,0,0,0,1,0
800,208072,117,974,-1092,0,2832,23487,-26319,0,0,0,0,1,0
801,208333,0,1038,-1038,0,0,25024,-25024,0,0,0,0,1,0
802,208593,-117,1092,-974,0,-2832,26319,-23487,0,0,0,0,1,0
803,208854,-234,1135,-901,0,-5637,27362,-21724,0,0,0,0,1,0
804,209114,-348,1167,-819,0,-8388,28140,-19752,0,0,0,0,1,0
805,209375,-459,1188,-730,0,-11058,28648,-17590,0,0,0,0,1,0
806,209635,-565,1198,-633,0,-13621,28880,-15259,0,0,0,0,1,0
807,209895,-666,1196,-530,0,-16053,28833,-12780,0,0,0,0,1,0
808,210156,-760,1183,-422,0,-18331,28509,-10178,0,0,0,0,1,0
809,210416,-848,1158,-310,0,-20432,27910,-7479,0,0,0,0,1,0
810,210677,-927,1122,-195,0,-22336,27043,-4707,0,0,0,0,1,0
811,210937,-997,1075,-78,0,-24025,25915,-1890,0,0,0,0,1,0
812,211197,-1057,1018,39,0,-25483,24538,945,0,0,0,0,1,0
813,211458,-1107,951,156,0,-26696,22924,3772,0,0,0,0,1,0
814,211718,-1147,875,272,0,-27651,21089,6561,0,0,0,0,1,0
815,211979,-1176,790,385,0,-28340,19052,9288,0,0,0,0,1,0
816,212239,-1193,698,495,0,-28756,16831,11925,0,0,0,0,1,0
817,212500,-1199,599,599,0,-28895,14448,14448,0,0,0,0,1,0
818,212760,-1193,495,698,0,-28756,11925,16831,0,0,0,0,1,0
819,213020,-1176,385,790,0,-28340,9288,19052,0,0,0,0,1,0
820,213281,-1147,272,875,0,-27651,6561,21089,0,0,0,0,1,0
821,213541,-1107,156,951,0,-26696,3772,22924,0,0,0,0,1,0
822,213802,-1057,39,1018,0,-25483,945,24538,0,0,0,0,1,0
823,214062,-997,-78,1075,0,-24025,-1890,25915,0,0,0,0,1,0
824,214322,-927,-195,1122,0,-22336,-4707,27043,0,0,0,0,1,0
825,214583,-848,-310,1158,0,-20432,-7479,27910,0,0,0,0,1,0
826,214843,-760,-422,1183,0,-18331,-10178,28509,0,0,0,0,1,0
827,215104,-666,-530,1196,0,-16053,-12780,28833,0,0,0,0,1,0
828,215364,-565,-633,1198,0,-13621,-15259,28880,0,0,0,0,1,0
829,215625,-459,-730,1188,0,-11058,-17590,28648,0,0,0,0,1,0
830,215885,-348,-819,1167,0,-8388,-19752,28140,0,0,0,0,1,0
831,216145,-234,-901,1135,0,-5637,-21724,27362,0,0,0,0,1,0
832,216406,-117,-974,1092,0,-2832,-23487,26319,0,0,0,0,1,0
833,216666,0,-1038,1038,0,0,-25024,25024,0,0,0,0,1,0
834,216927,117,-1092,974,0,2832,-26319,23487,0,0,0,0,1,0
835,217187,234,-1135,901,0,5637,-27362,21724,0,0,0,0,1,0
836,217447,348,-1167,819,0,8388,-28140,19752,0,0,0,0,1,0
837,217708,459,-1188,730,0,11058,-28648,17590,0,0,0,0,1,0
838,217968,565,-1198,633,0,13621,-28880,15259,0,0,0,0,1,0
839,218229,666,-1196,530,0,16053,-28833,12780,0,0,0,0,1,0
840,218489,760,-1183,422,0,18331,-28509,10178,0,0,0,0,1,0
841,218750,848,-1158,310,0,20432,-27910,7479,0,0,0,0,1,0
842,219010,927,-1122,195,0,22336,-27043,4707,0,0,0,0,1,0
843,219270,997,-1075,78,0,24025,-25915,1890,0,0,0,0,1,0
844,219531,1057,-1018,-39,0,25483,-24538,-945,0,0,0,0,1,0
845,219791,1107,-951,-156,0,26696,-22924,-3772,0,0,0,0,1,0
846,220052,1147,-875,-272,0,27651,-21089,-6561,0,0,0,0,1,0
847,220312,1176,-790,-385,0,28340,-19052,-9288,0,0,0,0,1,0
848,220572,1193,-698,-495,0,28756,-16831,-11925,0,0,0,0,1,0
849,220833,1199,-599,-599,0,28895,-14448,-14448,0,0,0,0,1,0
850,221093,1193,-495,-698,0,28756,-11925,-16831,0,0,0,0,1,0
851,221354,1176,-385,-790,0,28340,-9288,-19052,0,0,0,0,1,0
852,221614,1147,-272,-875,0,27651,-6561,-21089,0,0,0,0,1,0
853,221875,1107,-156,-951,0,26696,-3772,-22924,0,0,0,0,1,0
854,222135,1057,-39,-1018,0,25483,-945,-24538,0,0,0,0,1,0
855,222395,997,78,-1075,0,24025,1890,-25915,0,0,0,0,1,0
856,222656,927,195,-1122,0,22336,4707,-27043,0,0,0,0,1,0
857,222916,848,310,-1158,0,20432,7479,-27910,0,0,0,0,1,0
858,223177,760,422,-1183,0,18331,10178,-28509,0,0,0,0,1,0
859,223437,666,530,-1196,0,16053,12780,-28833,0,0,0,0,1,0
860,223697,565,633,-1198,0,13621,15259,-28880,0,0,0,0,1,0
861,223958,459,730,-1188,0,11058,17590,-28648,0,0,0,0,1,0
862,224218,348,819,-1167,0,8388,19752,-28140,0,0,0,0,1,0
863,224479,234,901,-1135,0,5637,21724,-27362,0,0,0,0,1,0
864,224739,117,974,-1092,0,2832,23487,-26319,0,0,0,0,1,0
865,225000,0,1038,-1038,0,0,25024,-25024,0,0,0,0,1,0
866,225260,-117,1092,-974,0,-2832,26319,-23487,0,0,0,0,1,0
867,225520,-234,1135,-901,0,-5637,27362,-21724,0,0,0,0,1,0
868,225781,-348,1167,-819,0,-8388,28140,-19752,0,0,0,0,1,0
869,226041,-459,1188,-730,0,-11058,28648,-17590,0,0,0,0,1,0
870,226302,-565,1198,-633,0,-13621,28880,-15259,0,0,0,0,1,0
871,226562,-666,1196,-530,0,-16053,28833,-12780,0,0,0,0,1,0
872,226822,-760,1183,-422,0,-18331,28509,-10178,0,0,0,0,1,0
873,227083,-848,1158,-310,0,-20432,27910,-7479,0,0,0,0,1,0
874,227343,-927,1122,-195,0,-22336,27043,-4707,0,0,0,0,1,0
875,227604,-997,1075,-78,0,-24025,25915,-1890,0,0,0,0,1,0
876,227864,-1057,1018,39,0,-25483,24538,945,0,0,0,0,1,0
877,228125,-1107,951,156,0,-26696,22924,3772,0,0,0,0,1,0
878,228385,-1147,875,272,0,-27651,21089,6561,0,0,0,0,1,0
879,228645,-1176,790,385,0,-28340,19052,9288,0,0,0,0,1,0
880,228906,-1193,698,495,0,-28756,16831,11925,0,0,0,0,1,0
881,229166,-1199,599,599,0,-28895,14448,14448,0,0,0,0,1,0
882,229427,-1193,495,698,0,-28756,11925,16831,0,0,0,0,1,0
883,229687,-1176,385,790,0,-28340,9288,19052,0,0,0,0,1,0
884,229947,-1147,272,875,0,-27651,6561,21089,0,0,0,0,1,0
885,230208,-1107,156,951,0,-26696,3772,22924,0,0,0,0,1,0
886,230468,-1057,39,1018,0,-25483,945,24538,0,0,0,0,1,0
887,230729,-997,-78,1075,0,-24025,-1890,25915,0,0,0,0,1,0
888,230989,-927,-195,1122,0,-22336,-4707,27043,0,0,0,0,1,0
889,231250,-848,-310,1158,0,-20432,-7479,27910,0,0,0,0,1,0
890,231510,-760,-422,1183,0,-18331,-10178,28509,0,0,0,0,1,0
891,231770,-666,-530,1196,0,-16053,-12780,28833,0,0,0,0,1,0
892,232031,-565,-633,1198,0,-13621,-15259,28880,0,0,0,0,1,0
893,232291,-459,-730,1188,0,-11058,-17590,28648,0,0,0,0,1,0
894,232552,-348,-819,1167,0,-8388,-19752,28140,0,0,0,0,1,0
895,232812,-234,-901,1135,0,-5637,-21724,27362,0,0,0,0,1,0
896,233072,-117,-974,1092,0,-2832,-23487,26319,0,0,0,0,1,0
897,233333,0,-1038,1038,0,0,-25024,25024,0,0,0,0,1,0
898,233593,117,-1092,974,0,2832,-26319,23487,0,0,0,0,1,0
899,233854,234,-1135,901,0,5637,-27362,21724,0,0,0,0,1,0
900,234114,348,-1167,819,0,8388,-28140,19752,0,0,0,0,1,0
901,234375,459,-1188,730,0,11058,-28648,17590,0,0,0,0,1,0
902,234635,565,-1198,633,0,13621,-28880,15259,0,0,0,0,1,0
903,234895,666,-1196,530,0,16053,-28833,12780,0,0,0,0,1,0
904,235156,760,-1183,422,0,18331,-28509,10178,0,0,0,0,1,0
905,235416,848,-1158,310,0,20432,-27910,7479,0,0,0,0,1,0
906,235677,927,-1122,195,0,22336,-27043,4707,0,0,0,0,1,0
907,235937,997,-1075,78,0,24025,-25915,1890,0,0,0,0,1,0
908,236197,1057,-1018,-39,0,25483,-24538,-945,0,0,0,0,1,0
909,236458,1107,-951,-156,0,26696,-22924,-3772,0,0,0,0,1,0
910,236718,1147,-875,-272,0,27651,-21089,-6561,0,0,0,0,1,0
911,236979,1176,-790,-385,0,28340,-19052,-9288,0,0,0,0,1,0
912,237239,1193,-698,-495,0,28756,-16831,-11925,0,0,0,0,1,0
913,237500,1199,-599,-599,0,28895,-14448,-14448,0,0,0,0,1,0
914,237760,1193,-495,-698,0,28756,-11925,-16831,0,0,0,0,1,0
915,238020,1176,-385,-790,0,28340,-9288,-19052,0,0,0,0,1,0
916,238281,1147,-272,-875,0,27651,-6561,-21089,0,0,0,0,1,0
917,238541,1107,-156,-951,0,26696,-3772,-22924,0,0,0,0,1,0
918,238802,1057,-39,-1018,0,25483,-945,-24538,0,0,0,0,1,0
919,239062,997,78,-1075,0,24025,1890,-25915,0,0,0,0,1,0
920,239322,927,195,-1122,0,22336,4707,-27043,0,0,0,0,1,0
921,239583,848,310,-1158,0,20432,7479,-27910,0,0,0,0,1,0
922,239843,760,422,-1183,0,18331,10178,-28509,0,0,0,0,1,0
923,240104,666,530,-1196,0,16053,12780,-28833,0,0,0,0,1,0
924,240364,565,633,-1198,0,13621,15259,-28880,0,0,0,0,1,0
925,240625,459,730,-1188,0,11058,17590,-28648,0,0,0,0,1,0
926,240885,348,819,-1167,0,8388,19752,-28140,0,0,0,0,1,0
927,241145,234,901,-1135,0,5637,21724,-27362,0,0,0,0,1,0
928,241406,117,974,-1092,0,2832,23487,-26319,0,0,0,0,1,0
929,241666,0,1038,-1038,0,0,25024,-25024,0,0,0,0,1,0
930,241927,-117,1092,-974,0,-2832,26319,-23487,0,0,0,0,1,0
931,242187,-234,1135,-901,0,-5637,27362,-21724,0,0,0,0,1,0
932,242447,-348,1167,-819,0,-8388,28140,-19752,0,0,0,0,1,0
933,242708,-459,1188,-730,0,-11058,28648,-17590,0,0,0,0,1,0
934,242968,-565,1198,-633,0,-13621,28880,-15259,0,0,0,0,1,0
935,243229,-666,1196,-530,0,-16053,28833,-12780,0,0,0,0,1,0
936,243489,-760,1183,-422,0,-18331,28509,-10178,0,0,0,0,1,0
937,243750,-848,1158,-310,0,-20432,27910,-7479,0,0,0,0,1,0
938,244010,-927,1122,-195,0,-22336,27043,-4707,0,0,0,0,1,0
939,244270,-997,1075,-78,0,-24025,25915,-1890,0,0,0,0,1,0
940,244531,-1057,1018,39,0,-25483,24538,945,0,0,0,0,1,0
941,244791,-1107,951,156,0,-26696,22924,3772,0,0,0,0,1,0
942,245052,-1147,875,272,0,-27651,21089,6561,0,0,0,0,1,0
943,245312,-1176,790,385,0,-28340,19052,9288,0,0,0,0,1,0
944,245572,-1193,698,495,0,-28756,16831,11925,0,0,0,0,1,0
945,245833,-1199,599,599,0,-28895,14448,14448,0,0,0,0,1,0
946,246093,-1193,495,698,0,-28756,11925,16831,0,0,0,0,1,0
947,246354,-1176,385,790,0,-28340,9288,19052,0,0,0,0,1,0
948,246614,-1147,272,875,0,-27651,6561,21089,0,0,0,0,1,0
949,246875,-1107,156,951,0,-26696,3772,22924,0,0,0,0,1,0
950,247135,-1057,39,1018,0,-25483,945,24538,0,0,0,0,1,0
951,247395,-997,-78,1075,0,-24025,-1890,25915,0,0,0,0,1,0
952,247656,-927,-195,1122,0,-22336,-4707,27043,0,0,0,0,1,0
953,247916,-848,-310,1158,0,-20432,-7479,27910,0,0,0,0,1,0
954,248177,-760,-422,1183,0,-18331,-10178,28509,0,0,0,0,1,0
955,248437,-666,-530,1196,0,-16053,-12780,28833,0,0,0,0,1,0
956,248697,-565,-633,1198,0,-13621,-15259,28880,0,0,0,0,1,0
957,248958,-459,-730,1188,0,-11058,-17590,28648,0,0,0,0,1,0
958,249218,-348,-819,1167,0,-8388,-19752,28140,0,0,0,0,1,0
959,249479,-234,-901,1135,0,-5637,-21724,27362,0,0,0,0,1,0
960,249739,-117,-974,1092,0,-2832,-23487,26319,0,0,0,0,1,0
961,250000,0,-1038,1038,0,0,-25024,25024,0,0,0,0,1,0
962,250260,117,-1092,974,0,2832,-26319,23487,0,0,0,0,1,0
963,250520,234,-1135,901,0,5637,-27362,21724,0,0,0,0,1,0
964,250781,348,-1167,819,0,8388,-28140,19752,0,0,0,0,1,0
965,251041,459,-1188,730,0,11058,-28648,17590,0,0,0,0,1,0
966,251302,565,-1198,633,0,13621,-28880,15259,0,0,0,0,1,0
967,251562,666,-1196,530,0,16053,-28833,12780,0,0,0,0,1,0
968,251822,760,-1183,422,0,18331,-28509,10178,0,0,0,0,1,0
969,252083,848,-1158,310,0,20432,-27910,7479,0,0,0,0,1,0
970,252343,927,-1122,195,0,22336,-27043,4707,0,0,0,0,1,0
971,252604,997,-1075,78,0,24025,-25915,1890,0,0,0,0,1,0
972,252864,1057,-1018,-39,0,25483,-24538,-945,0,0,0,0,1,0
973,253125,1107,-951,-156,0,26696,-22924,-3772,0,0,0,0,1,0
974,253385,1147,-875,-272,0,27651,-21089,-6561,0,0,0,0,1,0
975,253645,1176,-790,-385,0,28340,-19052,-9288,0,0,0,0,1,0
976,253906,1193,-698,-495,0,28756,-16831,-11925,0,0,0,0,1,0
977,254166,1199,-599,-599,0,28895,-14448,-14448,0,0,0,0,1,0
978,254427,1193,-495,-698,0,28756,-11925,-16831,0,0,0,0,1,0
979,254687,1176,-385,-790,0,28340,-9288,-19052,0,0,0,0,1,0
980,254947,1147,-272,-875,0,27651,-6561,-21089,0,0,0,0,1,0
981,255208,1107,-156,-951,0,26696,-3772,-22924,0,0,0,0,1,0
982,255468,1057,-39,-1018,0,25483,-945,-24538,0,0,0,0,1,0
983,255729,997,78,-1075,0,24025,1890,-25915,0,0,0,0,1,0
984,255989,927,195,-1122,0,22336,4707,-27043,0,0,0,0,1,0
985,256249,848,310,-1158,0,20432,7479,-27910,0,0,0,0,1,0
986,256510,760,422,-1183,0,18331,10178,-28509,0,0,0,0,1,0
987,256770,666,530,-1196,0,16053,12780,-28833,0,0,0,0,1,0
988,257031,565,633,-1198,0,13621,15259,-28880,0,0,0,0,1,0
989,257291,459,730,-1188,0,11058,17590,-28648,0,0,0,0,1,0
990,257552,348,819,-1167,0,8388,19752,-28140,0,0,0,0,1,0
991,257812,234,901,-1135,0,5637,21724,-27362,0,0,0,0,1,0
992,258072,117,974,-1092,0,2832,23487,-26319,0,0,0,0,1,0
993,258333,0,1038,-1038,0,0,25024,-25024,0,0,0,0,1,0
994,258593,-117,1092,-974,0,-2832,26319,-23487,0,0,0,0,1,0
995,258854,-234,1135,-901,0,-5637,27362,-21724,0,0,0,0,1,0
996,259114,-348,1167,-819,0,-8388,28140,-19752,0,0,0,0,1,0
997,259375,-459,1188,-730,0,-11058,28648,-17590,0,0,0,0,1,0
998,259635,-565,1198,-633,0,-13621,28880,-15259,0,0,0,0,1,0
999,259895,-666,1196,-530,0,-16053,28833,-12780,0,0,0,0,1,0
1000,260156,-760,1183,-422,0,-18331,28509,-10178,0,0,0,0,1,0
1001,260416,-848,1158,-310,0,-20432,27910,-7479,0,0,0,0,1,0
1002,260677,-927,1122,-195,0,-22336,27043,-4707,0,0,0,0,1,0
1003,260937,-997,1075,-78,0,-24025,25915,-1890,0,0,0,0,1,0
1004,261197,-1057,1018,39,0,-25483,24538,945,0,0,0,0,1,0
1005,261458,-1107,951,156,0,-26696,22924,3772,0,0,0,0,1,0
1006,261718,-1147,875,272,0,-27651,21089,6561,0,0,0,0,1,0
1007,261979,-1176,790,385,0,-28340,19052,9288,0,0,0,0,1,0
1008,262239,-1193,698,495,0,-28756,16831,11925,0,0,0,0,1,0
1009,262500,-1199,599,599,0,-28895,14448,14448,0,0,0,0,1,0
1010,262760,-1193,495,698,0,-28756,11925,16831,0,0,0,0,1,0
1011,263020,-1176,385,790,0,-28340,9288,19052,0,0,0,0,1,0
1012,263281,-1147,272,875,0,-27651,6561,21089,0,0,0,0,1,0
1013,263541,-1107,156,951,0,-26696,3772,22924,0,0,0,0,1,0
1014,263802,-1057,39,1018,0,-25483,945,24538,0,0,0,0,1,0
1015,264062,-997,-78,1075,0,-24025,-1890,25915,0,0,0,0,1,0
1016,264322,-927,-195,1122,0,-22336,-4707,27043,0,0,0,0,1,0
1017,264583,-848,-310,1158,0,-20432,-7479,27910,0,0,0,0,1,0
1018,264843,-760,-422,1183,0,-18331,-10178,28509,0,0,0,0,1,0
1019,265104,-666,-530,1196,0,-16053,-12780,28833,0,0,0,0,1,0
1020,265364,-565,-633,1198,0,-13621,-15259,28880,0,0,0,0,1,0
1021,265625,-459,-730,1188,0,-11058,-17590,28648,0,0,0,0,1,0
1022,265885,-348,-819,1167,0,-8388,-19752,28140,0,0,0,0,1,0
1023,266145,-234,-901,1135,0,-5637,-21724,27362,0,0,0,0,1,0
1024,266406,-117,-974,1092,0,-2832,-23487,26319,0,0,0,0,1,0
1025,266666,0,-1038,1038,0,0,-25024,25024,0,0,0,0,1,0
1026,266927,117,-1092,974,0,2832,-26319,23487,0,0,0,0,1,0
1027,267187,234,-1135,901,0,5637,-27362,21724,0,0,0,0,1,0
1028,267447,348,-1167,819,0,8388,-28140,19752,0,0,0,0,1,0
1029,267708,459,-1188,730,0,11058,-28648,17590,0,0,0,0,1,0
1030,267968,565,-1198,633,0,13621,-28880,15259,0,0,0,0,1,0
1031,268229,666,-1196,530,0,16053,-28833,12780,0,0,0,0,1,0
1032,268489,760,-1183,422,0,18331,-28509,10178,0,0,0,0,1,0
1033,268750,848,-1158,310,0,20432,-27910,7479,0,0,0,0,1,0
1034,269010,927,-1122,195,0,22336,-27043,4707,0,0,0,0,1,0
1035,269270,997,-1075,78,0,24025,-25915,1890,0,0,0,0,1,0
1036,269531,1057,-1018,-39,0,25483,-24538,-945,0,0,0,0,1,0
1037,269791,1107,-951,-156,0,26696,-22924,-3772,0,0,0,0,1,0
1038,270052,1147,-875,-272,0,27651,-21089,-6561,0,0,0,0,1,0
1039,270312,1176,-790,-385,0,28340,-19052,-9288,0,0,0,0,1,0
1040,270572,1193,-698,-495,0,28756,-16831,-11925,0,0,0,0,1,0
1041,270833,1199,-599,-599,0,28895,-14448,-14448,0,0,0,0,1,0
1042,271093,1193,-495,-698,0,28756,-11925,-16831,0,0,0,0,1,0
1043,271354,1176,-385,-790,0,28340,-9288,-19052,0,0,0,0,1,0
1044,271614,1147,-272,-875,0,27651,-6561,-21089,0,0,0,0,1,0
1045,271875,1107,-156,-951,0,26696,-3772,-22924,0,0,0,0,1,0
1046,272135,1057,-39,-1018,0,25483,-945,-24538,0,0,0,0,1,0
1047,272395,997,78,-1075,0,24025,1890,-25915,0,0,0,0,1,0
1048,272656,927,195,-1122,0,22336,4707,-27043,0,0,0,0,1,0
1049,272916,848,310,-1158,0,20432,7479,-27910,0,0,0,0,1,0
1050,273177,760,422,-1183,0,18331,10178,-28509,0,0,0,0,1,0
1051,273437,666,530,-1196,0,16053,12780,-28833,0,0,0,0,1,0
1052,273697,565,633,-1198,0,13621,15259,-28880,0,0,0,0,1,0
1053,273958,459,730,-1188,0,11058,17590,-28648,0,0,0,0,1,0
1054,274218,348,819,-1167,0,8388,19752,-28140,0,0,0,0,1,0
1055,274479,234,901,-1135,0,5637,21724,-27362,0,0,0,0,1,0
1056,274739,117,974,-1092,0,2832,23487,-26319,0,0,0,0,1,0
1057,275000,0,1038,-1038,0,0,25024,-25024,0,0,0,0,1,0
1058,275260,-117,1092,-974,0,-2832,26319,-23487,0,0,0,0,1,0
1059,275520,-234,1135,-901,0,-5637,27362,-21724,0,0,0,0,1,0
1060,275781,-348,1167,-819,0,-8388,28140,-19752,0,0,0,0,1,0
1061,276041,-459,1188,-730,0,-11058,28648,-17590,0,0,0,0,1,0
1062,276302,-565,1198,-633,0,-13621,28880,-15259,0,0,0,0,1,0
1063,276562,-666,1196,-530,0,-16053,28833,-12780,0,0,0,0,1,0
1064,276822,-760,1183,-422,0,-18331,28509,-10178,0,0,0,0,1,0
1065,277083,-848,1158,-310,0,-20432,27910,-7479,0,0,0,0,1,0
1066,277343,-927,1122,-195,0,-22336,27043,-4707,0,0,0,0,1,0
1067,277604,-997,1075,-78,0,-24025,25915,-1890,0,0,0,0,1,0
1068,277864,-1057,1018,39,0,-25483,24538,945,0,0,0,0,1,0
1069,278125,-1107,951,156,0,-26696,22924,3772,0,0,0,0,1,0
1070,278385,-1147,875,272,0,-27651,21089,6561,0,0,0,0,1,0
1071,278645,-1176,790,385,0,-28340,19052,9288,0,0,0,0,1,0
1072,278906,-1193,698,495,0,-28756,16831,11925,0,0,0,0,1,0
1073,279166,-1199,599,599,0,-28895,14448,14448,0,0,0,0,1,0
1074,279427,-1193,495,698,0,-28756,11925,16831,0,0,0,0,1,0
1075,279687,-1176,385,790,0,-28340,9288,19052,0,0,0,0,1,0
1076,279947,-1147,272,875,0,-27651,6561,21089,0,0,0,0,1,0
1077,280208,-1107,156,951,0,-26696,3772,22924,0,0,0,0,1,0
1078,280468,-1057,39,1018,0,-25483,945,24538,0,0,0,0,1,0
1079,280729,-997,-78,1075,0,-24025,-1890,25915,0,0,0,0,1,0
1080,280989,-927,-195,1122,0,-22336,-4707,27043,0,0,0,0,1,0
1081,281250,-848,-310,1158,0,-20432,-7479,27910,0,0,0,0,1,0
1082,281510,-760,-422,1183,0,-18331,-10178,28509,0,0,0,0,1,0
1083,281770,-666,-530,1196,0,-16053,-12780,28833,0,0,0,0,1,0
1084,282031,-565,-633,1198,0,-13621,-15259,28880,0,0,0,0,1,0
1085,282291,-459,-730,1188,0,-11058,-17590,28648,0,0,0,0,1,0
1086,282552,-348,-819,1167,0,-8388,-19752,28140,0,0,0,0,1,0
1087,282812,-234,-901,1135,0,-5637,-21724,27362,0,0,0,0,1,0
1088,283072,-117,-974,1092,0,-2832,-23487,26319,0,0,0,0,1,0
1089,283333,0,-1038,1038,0,0,-25024,25024,0,0,0,0,1,0
1090,283593,117,-1092,974,0,2832,-26319,23487,0,0,0,0,1,0
1091,283854,234,-1135,901,0,5637,-27362,21724,0,0,0,0,1,0
1092,284114,348,-1167,819,0,8388,-28140,19752,0,0,0,0,1,0
1093,284375,459,-1188,730,0,11058,-28648,17590,0,0,0,0,1,0
1094,284635,565,-1198,633,0,13621,-28880,15259,0,0,0,0,1,0
1095,284895,666,-1196,530,0,16053,-28833,12780,0,0,0,0,1,0
1096,285156,760,-1183,422,0,18331,-28509,10178,0,0,0,0,1,0
1097,285416,848,-1158,310,0,20432,-27910,7479,0,0,0,0,1,0
1098,285677,927,-1122,195,0,22336,-27043,4707,0,0,0,0,1,0
1099,285937,997,-1075,78,0,24025,-25915,1890,0,0,0,0,1,0
1100,286197,1057,-1018,-39,0,25483,-24538,-945,0,0,0,0,1,0
1101,286458,1107,-951,-156,0,26696,-22924,-3772,0,0,0,0,1,0
1102,286718,1147,-875,-272,0,27651,-21089,-6561,0,0,0,0,1,0
1103,286979,1176,-790,-385,0,28340,-19052,-9288,0,0,0,0,1,0
1104,287239,1193,-698,-495,0,28756,-16831,-11925,0,0,0,0,1,0
1105,287500,1199,-599,-599,0,28895,-14448,-14448,0,0,0,0,1,0
1106,287760,1193,-495,-698,0,28756,-11925,-16831,0,0,0,0,1,0
1107,288020,1176,-385,-790,0,28340,-9288,-19052,0,0,0,0,1,0
1108,288281,1147,-272,-875,0,27651,-6561,-21089,0,0,0,0,1,0
1109,288541,1107,-156,-951,0,26696,-3772,-22924,0,0,0,0,1,0
1110,288802,1057,-39,-1018,0,25483,-945,-24538,0,0,0,0,1,0
1111,289062,997,78,-1075,0,24025,1890,-25915,0,0,0,0,1,0
1112,289322,927,195,-1122,0,22336,4707,-27043,0,0,0,0,1,0
1113,289583,848,310,-1158,0,20432,7479,-27910,0,0,0,0,1,0
1114,289843,760,422,-1183,0,18331,10178,-28509,0,0,0,0,1,0
1115,290104,666,530,-1196,0,16053,12780,-28833,0,0,0,0,1,0
1116,290364,565,633,-1198,0,13621,15259,-28880,0,0,0,0,1,0
1117,290625,459,730,-1188,0,11058,17590,-28648,0,0,0,0,1,0
1118,290885,348,819,-1167,0,8388,19752,-28140,0,0,0,0,1,0
1119,291145,234,901,-1135,0,5637,21724,-27362,0,0,0,0,1,0
1120,291406,117,974,-1092,0,2832,23487,-26319,0,0,0,0,1,0
1121,291666,0,1038,-1038,0,0,25024,-25024,0,0,0,0,1,0
1122,291927,-117,1092,-974,0,-2832,26319,-23487,0,0,0,0,1,0
1123,292187,-234,1135,-901,0,-5637,27362,-21724,0,0,0,0,1,0
1124,292447,-348,1167,-819,0,-8388,28140,-19752,0,0,0,0,1,0
1125,292708,-459,1188,-730,0,-11058,28648,-17590,0,0,0,0,1,0
1126,292968,-565,1198,-633,0,-13621,28880,-15259,0,0,0,0,1,0
1127,293229,-666,1196,-530,0,-16053,28833,-12780,0,0,0,0,1,0
1128,293489,-760,1183,-422,0,-18331,28509,-10178,0,0,0,0,1,0
1129,293750,-848,1158,-310,0,-20432,27910,-7479,0,0,0,0,1,0
1130,294010,-927,1122,-195,0,-22336,27043,-4707,0,0,0,0,1,0
1131,294270,-997,1075,-78,0,-24025,25915,-1890,0,0,0,0,1,0
1132,294531,-1057,1018,39,0,-25483,24538,945,0,0,0,0,1,0
1133,294791,-1107,951,156,0,-26696,22924,3772,0,0,0,0,1,0
1134,295052,-1147,875,272,0,-27651,21089,6561,0,0,0,0,1,0
1135,295312,-1176,790,385,0,-28340,19052,9288,0,0,0,0,1,0
1136,295572,-1193,698,495,0,-28756,16831,11925,0,0,0,0,1,0
1137,295833,-1199,599,599,0,-28895,14448,14448,0,0,0,0,1,0
1138,296093,-1193,495,698,0,-28756,11925,16831,0,0,0,0,1,0
1139,296354,-1176,385,790,0,-28340,9288,19052,0,0,0,0,1,0
1140,296614,-1147,272,875,0,-27651,6561,21089,0,0,0,0,1,0
1141,296875,-1107,156,951,0,-26696,3772,22924,0,0,0,0,1,0
1142,297135,-1057,39,1018,0,-25483,945,24538,0,0,0,0,1,0
1143,297395,-997,-78,1075,0,-24025,-1890,25915,0,0,0,0,1,0
1144,297656,-927,-195,1122,0,-22336,-4707,27043,0,0,0,0,1,0
1145,297916,-848,-310,1158,0,-20432,-7479,27910,0,0,0,0,1,0
1146,298177,-760,-422,1183,0,-18331,-10178,28509,0,0,0,0,1,0
1147,298437,-666,-530,1196,0,-16053,-12780,28833,0,0,0,0,1,0
1148,298697,-565,-633,1198,0,-13621,-15259,28880,0,0,0,0,1,0
1149,298958,-459,-730,1188,0,-11058,-17590,28648,0,0,0,0,1,0
1150,299218,-348,-819,1167,0,-8388,-19752,28140,0,0,0,0,1,0
1151,299479,-234,-901,1135,0,-5637,-21724,27362,0,0,0,0,1,0
1152,299739,-117,-974,1092,0,-2832,-23487,26319,0,0,0,0,1,0
1153,300000,0,-1038,1038,0,0,-25024,25024,0,0,0,0,1,0
1154,300260,117,-1092,974,0,2832,-26319,23487,0,0,0,0,1,0
1155,300520,234,-1135,901,0,5637,-27362,21724,0,0,0,0,1,0
1156,300781,348,-1167,819,0,8388,-28140,19752,0,0,0,0,1,0
1157,301041,459,-1188,730,0,11058,-28648,17590,0,0,0,0,1,0
1158,301302,565,-1198,633,0,13621,-28880,15259,0,0,0,0,1,0
1159,301562,666,-1196,530,0,16053,-28833,12780,0,0,0,0,1,0
1160,301822,760,-1183,422,0,18331,-28509,10178,0,0,0,0,1,0
1161,302083,848,-1158,310,0,20432,-27910,7479,0,0,0,0,1,0
1162,302343,927,-1122,195,0,22336,-27043,4707,0,0,0,0,1,0
1163,302604,997,-1075,78,0,24025,-25915,1890,0,0,0,0,1,0
1164,302864,1057,-1018,-39,0,25483,-24538,-945,0,0,0,0,1,0
1165,303125,1107,-951,-156,0,26696,-22924,-3772,0,0,0,0,1,0
1166,303385,1147,-875,-272,0,27651,-21089,-6561,0,0,0,0,1,0
1167,303645,1176,-790,-385,0,28340,-19052,-9288,0,0,0,0,1,0
1168,303906,1193,-698,-495,0,28756,-16831,-11925,0,0,0,0,1,0
1169,304166,1199,-599,-599,0,28895,-14448,-14448,0,0,0,0,1,0
1170,304427,1193,-495,-698,0,28756,-11925,-16831,0,0,0,0,1,0
1171,304687,1176,-385,-790,0,28340,-9288,-19052,0,0,0,0,1,0
1172,304947,1147,-272,-875,0,27651,-6561,-21089,0,0,0,0,1,0
1173,305208,1107,-156,-951,0,26696,-3772,-22924,0,0,0,0,1,0
1174,305468,1057,-39,-1018,0,25483,-945,-24538,0,0,0,0,1,0
1175,305729,997,78,-1075,0,24025,1890,-25915,0,0,0,0,1,0
1176,305989,927,195,-1122,0,22336,4707,-27043,0,0,0,0,1,0
1177,306250,848,310,-1158,0,20432,7479,-27910,0,0,0,0,1,0
1178,306510,760,422,-1183,0,18331,10178,-28509,0,0,0,0,1,0
1179,306770,666,530,-1196,0,16053,12780,-28833,0,0,0,0,1,0
1180,307031,565,633,-1198,0,13621,15259,-28880,0,0,0,0,1,0
1181,307291,459,730,-1188,0,11058,17590,-28648,0,0,0,0,1,0
1182,307552,348,819,-1167,0,8388,19752,-28140,0,0,0,0,1,0
1183,307812,234,901,-1135,0,5637,21724,-27362,0,0,0,0,1,0
1184,308072,117,974,-1092,0,2832,23487,-26319,0,0,0,0,1,0
1185,308333,0,1038,-1038,0,0,25024,-25024,0,0,0,0,1,0
1186,308593,-117,1092,-974,0,-2832,26319,-23487,0,0,0,0,1,0
1187,308854,-234,1135,-901,0,-5637,27362,-21724,0,0,0,0,1,0
1188,309114,-348,1167,-819,0,-8388,28140,-19752,0,0,0,0,1,0
1189,309375,-459,1188,-730,0,-11058,28648,-17590,0,0,0,0,1,0
1190,309635,-565,1198,-633,0,-13621,28880,-15259,0,0,0,0,1,0
1191,309895,-666,1196,-530,0,-16053,28833,-12780,0,0,0,0,1,0
1192,310156,-760,1183,-422,0,-18331,28509,-10178,0,0,0,0,1,0
1193,310416,-848,1158,-310,0,-20432,27910,-7479,0,0,0,0,1,0
1194,310677,-927,1122,-195,0,-22336,27043,-4707,0,0,0,0,1,0
1195,310937,-997,1075,-78,0,-24025,25915,-1890,0,0,0,0,1,0
1196,311197,-1057,1018,39,0,-25483,24538,945,0,0,0,0,1,0
1197,311458,-1107,951,156,0,-26696,22924,3772,0,0,0,0,1,0
1198,311718,-1147,875,272,0,-27651,21089,6561,0,0,0,0,1,0
1199,311979,-1176,790,385,0,-28340,19052,9288,0,0,0,0,1,0
1200,312239,-1193,698,495,0,-28756,16831,11925,0,0,0,0,1,0
1201,312500,-1199,599,599,0,-28895,14448,14448,0,0,0,0,1,0
1202,312760,-1193,495,698,0,-28756,11925,16831,0,0,0,0,1,0
1203,313020,-1176,385,790,0,-28340,9288,19052,0,0,0,0,1,0
1204,313281,-1147,272,875,0,-27651,6561,21089,0,0,0,0,1,0
1205,313541,-1107,156,951,0,-26696,3772,22924,0,0,0,0,1,0
1206,313802,-1057,39,1018,0,-25483,945,24538,0,0,0,0,1,0
1207,314062,-997,-78,1075,0,-24025,-1890,25915,0,0,0,0,1,0
1208,314322,-927,-195,1122,0,-22336,-4707,27043,0,0,0,0,1,0
1209,314583,-848,-310,1158,0,-20432,-7479,27910,0,0,0,0,1,0
1210,314843,-760,-422,1183,0,-18331,-10178,28509,0,0,0,0,1,0
1211,315104,-666,-530,1196,0,-16053,-12780,28833,0,0,0,0,1,0
1212,315364,-565,-633,1198,0,-13621,-15259,28880,0,0,0,0,1,0
1213,315625,-459,-730,1188,0,-11058,-17590,28648,0,0,0,0,1,0
1214,315885,-348,-819,1167,0,-8388,-19752,28140,0,0,0,0,1,0
1215,316145,-234,-901,1135,0,-5637,-21724,27362,0,0,0,0,1,0
1216,316406,-117,-974,1092,0,-2832,-23487,26319,0,0,0,0,1,0
1217,316666,0,-1038,1038,0,0,-25024,25024,0,0,0,0,1,0
1218,316927,117,-1092,974,0,2832,-26319,23487,0,0,0,0,1,0
1219,317187,234,-1135,901,0,5637,-27362,21724,0,0,0,0,1,0
1220,317447,348,-1167,819,0,8388,-28140,19752,0,0,0,0,1,0
1221,317708,459,-1188,730,0,11058,-28648,17590,0,0,0,0,1,0
1222,317968,565,-1198,633,0,13621,-28880,15259,0,0,0,0,1,0
1223,318229,666,-1196,530,0,16053,-28833,12780,0,0,0,0,1,0
1224,318489,760,-1183,422,0,18331,-28509,10178,0,0,0,0,1,0
1225,318750,848,-1158,310,0,20432,-27910,7479,0,0,0,0,1,0
1226,319010,927,-1122,195,0,22336,-27043,4707,0,0,0,0,1,0
1227,319270,997,-1075,78,0,24025,-25915,1890,0,0,0,0,1,0
1228,319531,1057,-1018,-39,0,25483,-24538,-945,0,0,0,0,1,0
1229,319791,1107,-951,-156,0,26696,-22924,-3772,0,0,0,0,1,0
1230,320052,1147,-875,-272,0,27651,-21089,-6561,0,0,0,0,1,0
1231,320312,1176,-790,-385,0,28340,-19052,-9288,0,0,0,0,1,0
1232,320572,1193,-698,-495,0,28756,-16831,-11925,0,0,0,0,1,0
1233,320833,1199,-599,-599,0,28895,-14448,-14448,0,0,0,0,1,0
1234,321093,1193,-495,-698,0,28756,-11925,-16831,0,0,0,0,1,0
1235,321354,1176,-385,-790,0,28340,-9288,-19052,0,0,0,0,1,0
1236,321614,1147,-272,-875,0,27651,-6561,-21089,0,0,0,0,1,0
1237,321875,1107,-156,-951,0,26696,-3772,-22924,0,0,0,0,1,0
1238,322135,1057,-39,-1018,0,25483,-945,-24538,0,0,0,0,1,0
1239,322395,997,78,-1075,0,24025,1890,-25915,0,0,0,0,1,0
1240,322656,927,195,-1122,0,22336,4707,-27043,0,0,0,0,1,0
1241,322916,848,310,-1158,0,20432,7479,-27910,0,0,0,0,1,0
1242,323177,760,422,-1183,0,18331,10178,-28509,0,0,0,0,1,0
1243,323437,666,530,-1196,0,16053,12780,-28833,0,0,0,0,1,0
1244,323697,565,633,-1198,0,13621,15259,-28880,0,0,0,0,1,0
1245,323958,459,730,-1188,0,11058,17590,-28648,0,0,0,0,1,0
1246,324218,348,819,-1167,0,8388,19752,-28140,0,0,0,0,1,0
1247,324479,234,901,-1135,0,5637,21724,-27362,0,0,0,0,1,0
1248,324739,117,974,-1092,0,2832,23487,-26319,0,0,0,0,1,0
1249,325000,0,1038,-1038,0,0,25024,-25024,0,0,0,0,1,0
1250,325260,-117,1092,-974,0,-2832,26319,-23487,0,0,0,0,1,0
1251,325520,-234,1135,-901,0,-5637,27362,-21724,0,0,0,0,1,0
1252,325781,-348,1167,-819,0,-8388,28140,-19752,0,0,0,0,1,0
1253,326041,-459,1188,-730,0,-11058,28648,-17590,0,0,0,0,1,0
1254,326302,-565,1198,-633,0,-13621,28880,-15259,0,0,0,0,1,0
1255,326562,-666,1196,-530,0,-16053,28833,-12780,0,0,0,0,1,0
1256,326822,-760,1183,-422,0,-18331,28509,-10178,0,0,0,0,1,0
1257,327083,-848,1158,-310,0,-20432,27910,-7479,0,0,0,0,1,0
1258,327343,-927,1122,-195,0,-22336,27043,-4707,0,0,0,0,1,0
1259,327604,-997,1075,-78,0,-24025,25915,-1890,0,0,0,0,1,0
1260,327864,-1057,1018,39,0,-25483,24538,945,0,0,0,0,1,0
1261,328125,-1107,951,156,0,-26696,22924,3772,0,0,0,0,1,0
1262,328385,-1147,875,272,0,-27651,21089,6561,0,0,0,0,1,0
1263,328645,-1176,790,385,0,-28340,19052,9288,0,0,0,0,1,0
1264,328906,-1193,698,495,0,-28756,16831,11925,0,0,0,0,1,0
1265,329166,-1199,599,599,0,-28895,14448,14448,0,0,0,0,1,0
1266,329427,-1193,495,698,0,-28756,11925,16831,0,0,0,0,1,0
1267,329687,-1176,385,790,0,-28340,9288,19052,0,0,0,0,1,0
1268,329947,-1147,272,875,0,-27651,6561,21089,0,0,0,0,1,0
1269,330208,-1107,156,951,0,-26696,3772,22924,0,0,0,0,1,0
