1,0,0,-2363,2363,0,0,-25024,25024,0,0,0,0,1,0
2,520,532,-2584,2052,0,5637,-27362,21724,0,0,0,0,1,0
3,1041,1044,-2705,1661,0,11058,-28648,17590,0,0,0,0,1,0
4,1562,1516,-2723,1207,0,16053,-28833,12780,0,0,0,0,1,0
5,2083,1929,-2636,706,0,20432,-27910,7479,0,0,0,0,1,0
6,2604,2269,-2447,178,0,24025,-25915,1890,0,0,0,0,1,0
7,3125,2521,-2165,-356,0,26696,-22924,-3772,0,0,0,0,1,0
8,3645,2676,-1799,-877,0,28340,-19052,-9288,0,0,0,0,1,0
9,4166,2729,-1364,-1364,0,28895,-14448,-14448,0,0,0,0,1,0
10,4687,2676,-877,-1799,0,28340,-9288,-19052,0,0,0,0,1,0
11,5208,2521,-356,-2165,0,26696,-3772,-22924,0,0,0,0,1,0
12,5729,2269,178,-2447,0,24025,1890,-25915,0,0,0,0,1,0
13,6250,1929,706,-2636,0,20432,7479,-27910,0,0,0,0,1,0
14,6770,1516,1207,-2723,0,16053,12780,-28833,0,0,0,0,1,0
15,7291,1044,1661,-2705,0,11058,17590,-28648,0,0,0,0,1,0
16,7812,532,2052,-2584,0,5637,21724,-27362,0,0,0,0,1,0
17,8333,0,2363,-2363,0,0,25024,-25024,0,0,0,0,1,0
18,8854,-532,2584,-2052,0,-5637,27362,-21724,0,0,0,0,1,0
19,9375,-1044,2705,-1661,0,-11058,28648,-17590,0,0,0,0,1,0
20,9895,-1516,2723,-1207,0,-16053,28833,-12780,0,0,0,0,1,0
21,10416,-1929,2636,-706,0,-20432,27910,-7479,0,0,0,0,1,0
22,10937,-2269,2447,-178,0,-24025,25915,-1890,0,0,0,0,1,0
23,11458,-2521,2165,356,0,-26696,22924,3772,0,0,0,0,1,0
24,11979,-2676,1799,877,0,-28340,19052,9288,0,0,0,0,1,0
25,12500,-2729,1364,1364,0,-28895,14448,14448,0,0,0,0,1,0
26,13020,-2676,877,1799,0,-28340,9288,19052,0,0,0,0,1,0
27,13541,-2521,356,2165,0,-26696,3772,22924,0,0,0,0,1,0
28,14062,-2269,-178,2447,0,-24025,-1890,25915,0,0,0,0,1,0
29,14583,-1929,-706,2636,0,-20432,-7479,27910,0,0,0,0,1,0
30,15104,-1516,-1207,2723,0,-16053,-12780,28833,0,0,0,0,1,0
31,15625,-1044,-1661,2705,0,-11058,-17590,28648,0,0,0,0,1,0
32,16145,-532,-2052,2584,0,-5637,-21724,27362,0,0,0,0,1,0
33,16666,0,-2363,2363,0,0,-25024,25024,0,0,0,0,1,0
34,17187,532,-2584,2052,0,5637,-27362,21724,0,0,0,0,1,0
35,17708,1044,-2705,1661,0,11058,-28648,17590,0,0,0,0,1,0
36,18229,1516,-2723,1207,0,16053,-28833,12780,0,0,0,0,1,0
37,18750,1929,-2636,706,0,20432,-27910,7479,0,0,0,0,1,0
38,19270,2269,-2447,178,0,24025,-25915,1890,0,0,0,0,1,0
39,19791,2521,-2165,-356,0,26696,-22924,-3772,0,0,0,0,1,0
40,20312,2676,-1799,-877,0,28340,-19052,-9288,0,0,0,0,1,0
41,20833,2729,-1364,-1364,0,28895,-14448,-14448,0,0,0,0,1,0
42,21354,2676,-877,-1799,0,28340,-9288,-19052,0,0,0,0,1,0
43,21875,2521,-356,-2165,0,26696,-3772,-22924,0,0,0,0,1,0
44,22395,2269,178,-2447,0,24025,1890,-25915,0,0,0,0,1,0
45,22916,1929,706,-2636,0,20432,7479,-27910,0,0,0,0,1,0
46,23437,1516,1207,-2723,0,16053,12780,-28833,0,0,0,0,1,0
47,23958,1044,1661,-2705,0,11058,17590,-28648,0,0,0,0,1,0
48,24479,532,2052,-2584,0,5637,21724,-27362,0,0,0,0,1,0
49,25000,0,2363,-2363,0,0,25024,-25024,0,0,0,0,1,0
50,25520,-532,2584,-2052,0,-5637,27362,-21724,0,0,0,0,1,0
51,26041,-1044,2705,-1661,0,-11058,28648,-17590,0,0,0,0,1,0
52,26562,-1516,2723,-1207,0,-16053,28833,-12780,0,0,0,0,1,0
53,27083,-1929,2636,-706,0,-20432,27910,-7479,0,0,0,0,1,0
54,27604,-2269,2447,-178,0,-24025,25915,-1890,0,0,0,0,1,0
55,28125,-2521,2165,356,0,-26696,22924,3772,0,0,0,0,1,0
56,28645,-2676,1799,877,0,-28340,19052,9288,0,0,0,0,1,0
57,29166,-2729,1364,1364,0,-28895,14448,14448,0,0,0,0,1,0
58,29687,-2676,877,1799,0,-28340,9288,19052,0,0,0,0,1,0
59,30208,-2521,356,2165,0,-26696,3772,22924,0,0,0,0,1,0
60,30729,-2269,-178,2447,0,-24025,-1890,25915,0,0,0,0,1,0
61,31250,-1929,-706,2636,0,-20432,-7479,27910,0,0,0,0,1,0
62,31770,-1516,-1207,2723,0,-16053,-12780,28833,0,0,0,0,1,0
63,32291,-1044,-1661,2705,0,-11058,-17590,28648,0,0,0,0,1,0
64,32812,-532,-2052,2584,0,-5637,-21724,27362,0,0,0,0,1,0
65,33333,0,-2363,2363,0,0,-25024,25024,0,0,0,0,1,0
66,33854,532,-2584,2052,0,5637,-27362,21724,0,0,0,0,1,0
67,34375,1044,-2705,1661,0,11058,-28648,17590,0,0,0,0,1,0
68,34895,1516,-2723,1207,0,16053,-28833,12780,0,0,0,0,1,0
69,35416,1929,-2636,706,0,20432,-27910,7479,0,0,0,0,1,0
70,35937,2269,-2447,178,0,24025,-25915,1890,0,0,0,0,1,0
71,36458,2521,-2165,-356,0,26696,-22924,-3772,0,0,0,0,1,0
72,36979,2676,-1799,-877,0,28340,-19052,-9288,0,0,0,0,1,0
73,37500,2729,-1364,-1364,0,28895,-14448,-14448,0,0,0,0,1,0
74,38020,2676,-877,-1799,0,28340,-9288,-19052,0,0,0,0,1,0
75,38541,2521,-356,-2165,0,26696,-3772,-22924,0,0,0,0,1,0
76,39062,2269,178,-2447,0,24025,1890,-25915,0,0,0,0,1,0
77,39583,1929,706,-2636,0,20432,7479,-27910,0,0,0,0,1,0
78,40104,1516,1207,-2723,0,16053,12780,-28833,0,0,0,0,1,0
79,40625,1044,1661,-2705,0,11058,17590,-28648,0,0,0,0,1,0
80,41145,532,2052,-2584,0,5637,21724,-27362,0,0,0,0,1,0
81,41666,0,2363,-2363,0,0,25024,-25024,0,0,0,0,1,0
82,42187,-532,2584,-2052,0,-5637,27362,-21724,0,0,0,0,1,0
83,42708,-1044,2705,-1661,0,-11058,28648,-17590,0,0,0,0,1,0
84,43229,-1516,2723,-1207,0,-16053,28833,-12780,0,0,0,0,1,0
85,43750,-1929,2636,-706,0,-20432,27910,-7479,0,0,0,0,1,0
86,44270,-2269,2447,-178,0,-24025,25915,-1890,0,0,0,0,1,0
87,44791,-2521,2165,356,0,-26696,22924,3772,0,0,0,0,1,0
88,45312,-2676,1799,877,0,-28340,19052,9288,0,0,0,0,1,0
89,45833,-2729,1364,1364,0,-28895,14448,14448,0,0,0,0,1,0
90,46354,-2676,877,1799,0,-28340,9288,19052,0,0,0,0,1,0
91,46875,-2521,356,2165,0,-26696,3772,22924,0,0,0,0,1,0
92,47395,-2269,-178,2447,0,-24025,-1890,25915,0,0,0,0,1,0
93,47916,-1929,-706,2636,0,-20432,-7479,27910,0,0,0,0,1,0
94,48437,-1516,-1207,2723,0,-16053,-12780,28833,0,0,0,0,1,0
95,48958,-1044,-1661,2705,0,-11058,-17590,28648,0,0,0,0,1,0
96,49479,-532,-2052,2584,0,-5637,-21724,27362,0,0,0,0,1,0
97,50000,0,-2363,31207,28844,0,-27026,2502,0,0,1,0,1,0
98,50520,532,-2584,27781,25729,6088,-29551,2172,0,0,1,0,1,0
99,51041,1044,-2705,23863,22202,11942,-30940,1759,0,0,1,0,1,0
100,51562,1516,-2723,19594,18387,17337,-31140,1278,0,0,1,0,1,0
101,52083,1929,-2636,15125,14419,22066,-30143,748,0,0,1,0,1,0
102,52604,2269,-2447,10619,10440,25947,-27988,189,0,0,1,0,1,0
103,53125,2521,-2165,6236,6593,28831,-24758,-377,0,0,1,0,1,0
104,53645,2676,-1799,2137,3014,30607,-20576,-929,0,0,1,0,1,0
105,54166,2729,-1364,-1533,-169,31207,-15603,-1445,0,0,1,0,1,0
106,54687,2676,-877,-4641,-2842,30607,-10031,-1905,0,0,1,0,1,0
107,55208,2521,-356,-7079,-4914,28831,-4073,-2292,0,0,1,0,1,0
108,55729,2269,178,-8762,-6315,25947,2041,-2592,0,0,1,0,1,0
109,56250,1929,706,-9635,-6999,22066,8077,-2791,0,0,1,0,1,0
110,56770,1516,1207,-9673,-6951,17337,13802,-2883,0,0,1,0,1,0
111,57291,1044,1661,-8885,-6180,11942,18997,-2865,0,0,1,0,1,0
112,57812,532,2052,-7309,-4725,6088,23462,-2736,0,0,1,0,1,0
113,58333,0,2363,-5014,-2651,0,27026,-2502,0,0,1,0,1,0
114,58854,-532,2584,-2097,-46,-6088,29551,-2172,0,0,1,0,1,0
115,59375,-1044,2705,1321,2982,-11942,30940,-1759,0,0,1,0,1,0
116,59895,-1516,2723,5101,6308,-17337,31140,-1278,0,0,1,0,1,0
117,60416,-1929,2636,9089,9795,-22066,30143,-748,0,0,1,0,1,0
118,60937,-2269,2447,13125,13304,-25947,27988,-189,0,0,1,0,1,0
119,61458,-2521,2165,17046,16689,-28831,24758,377,0,0,1,0,1,0
120,61979,-2676,1799,20692,19815,-30607,20576,929,0,0,1,0,1,0
121,62500,-2729,1364,23918,22554,-31207,15603,1445,0,0,1,0,1,0
122,63020,-2676,877,26592,24792,-30607,10031,1905,0,0,1,0,1,0
123,63541,-2521,356,28603,26438,-28831,4073,2292,0,0,1,0,1,0
124,64062,-2269,-178,29867,27420,-25947,-2041,2592,0,0,1,0,1,0
125,64583,-1929,-706,30330,27694,-22066,-8077,2791,0,0,1,0,1,0
126,65104,-1516,-1207,29966,27243,-17337,-13802,2883,0,0,1,0,1,0
127,65625,-1044,-1661,28783,26077,-11942,-18997,2865,0,0,1,0,1,0
128,66145,-532,-2052,26819,24235,-6088,-23462,2736,0,0,1,0,1,0
129,66666,0,-2363,24145,21782,0,-27026,2502,0,0,1,0,1,0
130,67187,532,-2584,20857,18805,6088,-29551,2172,0,0,1,0,1,0
131,67708,1044,-2705,17074,15413,11942,-30940,1759,0,0,1,0,1,0
132,68229,1516,-2723,12936,11729,17337,-31140,1278,0,0,1,0,1,0
133,68750,1929,-2636,8597,7891,22066,-30143,748,0,0,1,0,1,0
134,69270,2269,-2447,4217,4039,25947,-27988,189,0,0,1,0,1,0
135,69791,2521,-2165,-40,316,28831,-24758,-377,0,0,1,0,1,0
136,70312,2676,-1799,-4018,-3141,30607,-20576,-929,0,0,1,0,1,0
137,70833,2729,-1364,-7568,-6204,31207,-15603,-1445,0,0,1,0,1,0
138,71354,2676,-877,-10559,-8760,30607,-10031,-1905,0,0,1,0,1,0
139,71875,2521,-356,-12882,-10717,28831,-4073,-2292,0,0,1,0,1,0
140,72395,2269,178,-14452,-12005,25947,2041,-2592,0,0,1,0,1,0
141,72916,1929,706,-15214,-12579,22066,8077,-2791,0,0,1,0,1,0
142,73437,1516,1207,-15144,-12421,17337,13802,-2883,0,0,1,0,1,0
143,73958,1044,1661,-14249,-11544,11942,18997,-2865,0,0,1,0,1,0
144,74479,532,2052,-12569,-9985,6088,23462,-2736,0,0,1,0,1,0
145,75000,0,2363,-10172,-7808,0,27026,-2502,0,0,1,0,1,0
146,75520,-532,2584,-7155,-5103,-6088,29551,-2172,0,0,1,0,1,0
147,76041,-1044,2705,-3638,-1977,-11942,30940,-1759,0,0,1,0,1,0
148,76562,-1516,2723,238,1445,-17337,31140,-1278,0,0,1,0,1,0
149,77083,-1929,2636,4321,5027,-22066,30143,-748,0,0,1,0,1,0
150,77604,-2269,2447,8450,8628,-25947,27988,-189,0,0,1,0,1,0
151,78125,-2521,2165,12461,12105,-28831,24758,377,0,0,1,0,1,0
152,78645,-2676,1799,16197,15320,-30607,20576,929,0,0,1,0,1,0
153,79166,-2729,1364,19510,18146,-31207,15603,1445,0,0,1,0,1,0
154,79687,-2676,877,22269,20470,-30607,10031,1905,0,0,1,0,1,0
155,80208,-2521,356,24364,22200,-28831,4073,2292,0,0,1,0,1,0
156,80729,-2269,-178,25711,23264,-25947,-2041,2592,0,0,1,0,1,0
157,81250,-1929,-706,26255,23619,-22066,-8077,2791,0,0,1,0,1,0
158,81770,-1516,-1207,25970,23247,-17337,-13802,2883,0,0,1,0,1,0
159,82291,-1044,-1661,24864,22159,-11942,-18997,2865,0,0,1,0,1,0
160,82812,-532,-2052,22977,20394,-6088,-23462,2736,0,0,1,0,1,0
161,83333,0,-2363,20378,18015,0,-27026,2502,0,0,1,0,1,0
162,83854,532,-2584,17163,15111,6088,-29551,2172,0,0,1,0,1,0
163,84375,1044,-2705,13452,11790,11942,-30940,1759,0,0,1,0,1,0
164,84895,1516,-2723,9384,8178,17337,-31140,1278,0,0,1,0,1,0
165,85416,1929,-2636,5114,4408,22066,-30143,748,0,0,1,0,1,0
166,85937,2269,-2447,802,624,25947,-27988,189,0,0,1,0,1,0
167,86458,2521,-2165,-3389,-3033,28831,-24758,-377,0,0,1,0,1,0
168,86979,2676,-1799,-7301,-6424,30607,-20576,-929,0,0,1,0,1,0
169,87500,2729,-1364,-10787,-9423,31207,-15603,-1445,0,0,1,0,1,0
170,88020,2676,-877,-13716,-11917,30607,-10031,-1905,0,0,1,0,1,0
171,88541,2521,-356,-15978,-13813,28831,-4073,-2292,0,0,1,0,1,0
172,89062,2269,178,-17487,-15040,25947,2041,-2592,0,0,1,0,1,0
173,89583,1929,706,-18191,-15555,22066,8077,-2791,0,0,1,0,1,0
174,90104,1516,1207,-18063,-15340,17337,13802,-2883,0,0,1,0,1,0
175,90625,1044,1661,-17111,-14406,11942,18997,-2865,0,0,1,0,1,0
176,91145,532,2052,-15375,-12791,6088,23462,-2736,0,0,1,0,1,0
177,91666,0,2363,-12923,-10560,0,27026,-2502,0,0,1,0,1,0
178,92187,-532,2584,-9853,-7801,-6088,29551,-2172,0,0,1,0,1,0
179,92708,-1044,2705,-6284,-4623,-11942,30940,-1759,0,0,1,0,1,0
180,93229,-1516,2723,-2356,-1149,-17337,31140,-1278,0,0,1,0,1,0
181,93750,-1929,2636,1777,2483,-22066,30143,-748,0,0,1,0,1,0
182,94270,-2269,2447,5955,6134,-25947,27988,-189,0,0,1,0,1,0
183,94791,-2521,2165,10015,9659,-28831,24758,377,0,0,1,0,1,0
184,95312,-2676,1799,13799,12922,-30607,20576,929,0,0,1,0,1,0
185,95833,-2729,1364,17159,15794,-31207,15603,1445,0,0,1,0,1,0
186,96354,-2676,877,19963,18164,-30607,10031,1905,0,0,1,0,1,0
187,96875,-2521,356,22103,19938,-28831,4073,2292,0,0,1,0,1,0
188,97395,-2269,-178,23494,21047,-25947,-2041,2592,0,0,1,0,1,0
189,97916,-1929,-706,24081,21445,-22066,-8077,2791,0,0,1,0,1,0
190,98437,-1516,-1207,23838,21115,-17337,-13802,2883,0,0,1,0,1,0
191,98958,-1044,-1661,22774,20069,-11942,-18997,2865,0,0,1,0,1,0
192,99479,-532,-2052,20928,18344,-6088,-23462,2736,0,0,1,0,1,0
193,100000,0,-2363,18368,16005,0,-27026,2502,0,0,1,0,1,0
194,100520,532,-2584,15192,13140,6088,-29551,2172,0,0,1,0,1,0
195,101041,1044,-2705,11519,9858,11942,-30940,1759,0,0,1,0,1,0
196,101562,1516,-2723,7490,6283,17337,-31140,1278,0,0,1,0,1,0
197,102083,1929,-2636,3256,2550,22066,-30143,748,0,0,1,0,1,0
198,102604,2269,-2447,-1019,-1198,25947,-27988,189,0,0,1,0,1,0
199,103125,2521,-2165,-5175,-4819,28831,-24758,-377,0,0,1,0,1,0
200,103645,2676,-1799,-9053,-8176,30607,-20576,-929,0,0,1,0,1,0
201,104166,2729,-1364,-12505,-11141,31207,-15603,-1445,0,0,1,0,1,0
202,104687,2676,-877,-15400,-13601,30607,-10031,-1905,0,0,1,0,1,0
203,105208,2521,-356,-17629,-15464,28831,-4073,-2292,0,0,1,0,1,0
204,105729,2269,178,-19107,-16660,25947,2041,-2592,0,0,1,0,1,0
205,106250,1929,706,-19779,-17143,22066,8077,-2791,0,0,1,0,1,0
206,106770,1516,1207,-19620,-16897,17337,13802,-2883,0,0,1,0,1,0
207,107291,1044,1661,-18638,-15932,11942,18997,-2865,0,0,1,0,1,0
208,107812,532,2052,-16872,-14288,6088,23462,-2736,0,0,1,0,1,0
209,108333,0,2363,-14391,-12028,0,27026,-2502,0,0,1,0,1,0
210,108854,-532,2584,-11292,-9241,-6088,29551,-2172,0,0,1,0,1,0
211,109375,-1044,2705,-7695,-6034,-11942,30940,-1759,0,0,1,0,1,0
212,109895,-1516,2723,-3740,-2533,-17337,31140,-1278,0,0,1,0,1,0
213,110416,-1929,2636,420,1126,-22066,30143,-748,0,0,1,0,1,0
214,110937,-2269,2447,4625,4803,-25947,27988,-189,0,0,1,0,1,0
215,111458,-2521,2165,8710,8354,-28831,24758,377,0,0,1,0,1,0
216,111979,-2676,1799,12519,11642,-30607,20576,929,0,0,1,0,1,0
217,112500,-2729,1364,15904,14540,-31207,15603,1445,0,0,1,0,1,0
218,113020,-2676,877,18733,16934,-30607,10031,1905,0,0,1,0,1,0
219,113541,-2521,356,20897,18732,-28831,4073,2292,0,0,1,0,1,0
220,114062,-2269,-178,22311,19864,-25947,-2041,2592,0,0,1,0,1,0
221,114583,-1929,-706,22921,20285,-22066,-8077,2791,0,0,1,0,1,0
222,115104,-1516,-1207,22701,19978,-17337,-13802,2883,0,0,1,0,1,0
223,115625,-1044,-1661,21659,18954,-11942,-18997,2865,0,0,1,0,1,0
224,116145,-532,-2052,19834,17250,-6088,-23462,2736,0,0,1,0,1,0
225,116666,0,-2363,17296,14933,0,-27026,2502,0,0,1,0,1,0
226,117187,532,-2584,14140,12089,6088,-29551,2172,0,0,1,0,1,0
227,117708,1044,-2705,10488,8827,11942,-30940,1759,0,0,1,0,1,0
228,118229,1516,-2723,6479,5272,17337,-31140,1278,0,0,1,0,1,0
229,118750,1929,-2636,2265,1559,22066,-30143,748,0,0,1,0,1,0
230,119270,2269,-2447,-1991,-2170,25947,-27988,189,0,0,1,0,1,0
231,119791,2521,-2165,-6128,-5772,28831,-24758,-377,0,0,1,0,1,0
232,120312,2676,-1799,-9988,-9110,30607,-20576,-929,0,0,1,0,1,0
233,120833,2729,-1364,-13421,-12057,31207,-15603,-1445,0,0,1,0,1,0
234,121354,2676,-877,-16299,-14500,30607,-10031,-1905,0,0,1,0,1,0
235,121875,2521,-356,-18510,-16345,28831,-4073,-2292,0,0,1,0,1,0
236,122395,2269,178,-19971,-17524,25947,2041,-2592,0,0,1,0,1,0
237,122916,1929,706,-20626,-17990,22066,8077,-2791,0,0,1,0,1,0
238,123437,1516,1207,-20450,-17728,17337,13802,-2883,0,0,1,0,1,0
239,123958,1044,1661,-19452,-16747,11942,18997,-2865,0,0,1,0,1,0
240,124479,532,2052,-17671,-15087,6088,23462,-2736,0,0,1,0,1,0
241,125000,0,2363,-15174,-12811,0,27026,-2502,0,0,1,0,1,0
242,125520,-532,2584,-12060,-10009,-6088,29551,-2172,0,0,1,0,1,0
243,126041,-1044,2705,-8448,-6787,-11942,30940,-1759,0,0,1,0,1,0
244,126562,-1516,2723,-4479,-3272,-17337,31140,-1278,0,0,1,0,1,0
245,127083,-1929,2636,-304,402,-22066,30143,-748,0,0,1,0,1,0
246,127604,-2269,2447,3915,4093,-25947,27988,-189,0,0,1,0,1,0
247,128124,-2521,2165,8014,7658,-28831,24758,377,0,0,1,0,1,0
248,128645,-2676,1799,11837,10960,-30607,20576,929,0,0,1,0,1,0
249,129166,-2729,1364,15235,13870,-31207,15603,1445,0,0,1,0,1,0
250,129687,-2676,877,18077,16278,-30607,10031,1905,0,0,1,0,1,0
251,130208,-2521,356,20253,18089,-28831,4073,2292,0,0,1,0,1,0
252,130729,-2269,-178,21680,19233,-25947,-2041,2592,0,0,1,0,1,0
253,131250,-1929,-706,22302,19666,-22066,-8077,2791,0,0,1,0,1,0
254,131770,-1516,-1207,22094,19371,-17337,-13802,2883,0,0,1,0,1,0
255,132291,-1044,-1661,21064,18359,-11942,-18997,2865,0,0,1,0,1,0
256,132812,-532,-2052,19251,16667,-6088,-23462,2736,0,0,1,0,1,0
257,133333,0,-2363,16724,14361,0,-27026,2502,0,0,1,0,1,0
258,133854,532,-2584,13580,11528,6088,-29551,2172,0,0,1,0,1,0
259,134375,1044,-2705,9938,8277,11942,-30940,1759,0,0,1,0,1,0
260,134895,1516,-2723,5940,4733,17337,-31140,1278,0,0,1,0,1,0
261,135416,1929,-2636,1736,1030,22066,-30143,748,0,0,1,0,1,0
262,135937,2269,-2447,-2510,-2688,25947,-27988,189,0,0,1,0,1,0
263,136458,2521,-2165,-6637,-6281,28831,-24758,-377,0,0,1,0,1,0
264,136979,2676,-1799,-10486,-9609,30607,-20576,-929,0,0,1,0,1,0
265,137500,2729,-1364,-13910,-12546,31207,-15603,-1445,0,0,1,0,1,0
266,138020,2676,-877,-16778,-14979,30607,-10031,-1905,0,0,1,0,1,0
267,138541,2521,-356,-18980,-16815,28831,-4073,-2292,0,0,1,0,1,0
268,139062,2269,178,-20432,-17984,25947,2041,-2592,0,0,1,0,1,0
269,139583,1929,706,-21078,-18442,22066,8077,-2791,0,0,1,0,1,0
270,140104,1516,1207,-20894,-18171,17337,13802,-2883,0,0,1,0,1,0
271,140625,1044,1661,-19887,-17182,11942,18997,-2865,0,0,1,0,1,0
272,141145,532,2052,-18097,-15513,6088,23462,-2736,0,0,1,0,1,0
273,141666,0,2363,-15592,-13229,0,27026,-2502,0,0,1,0,1,0
274,142187,-532,2584,-12470,-10418,-6088,29551,-2172,0,0,1,0,1,0
275,142708,-1044,2705,-8850,-7189,-11942,30940,-1759,0,0,1,0,1,0
276,143229,-1516,2723,-4872,-3666,-17337,31140,-1278,0,0,1,0,1,0
277,143750,-1929,2636,-690,16,-22066,30143,-748,0,0,1,0,1,0
278,144270,-2269,2447,3536,3714,-25947,27988,-189,0,0,1,0,1,0
279,144791,-2521,2165,7643,7287,-28831,24758,377,0,0,1,0,1,0
280,145312,-2676,1799,11473,10596,-30607,20576,929,0,0,1,0,1,0
281,145833,-2729,1364,14878,13513,-31207,15603,1445,0,0,1,0,1,0
282,146354,-2676,877,17727,15928,-30607,10031,1905,0,0,1,0,1,0
283,146875,-2521,356,19910,17745,-28831,4073,2292,0,0,1,0,1,0
284,147395,-2269,-178,21344,18896,-25947,-2041,2592,0,0,1,0,1,0
285,147916,-1929,-706,21972,19336,-22066,-8077,2791,0,0,1,0,1,0
286,148437,-1516,-1207,21770,19048,-17337,-13802,2883,0,0,1,0,1,0
287,148958,-1044,-1661,20747,18041,-11942,-18997,2865,0,0,1,0,1,0
288,149479,-532,-2052,18940,16356,-6088,-23462,2736,0,0,1,0,1,0
289,150000,0,-2363,16419,14056,0,-27026,2502,0,0,1,0,1,0
290,150520,532,-2584,13280,11229,6088,-29551,2172,0,0,1,0,1,0
291,151041,1044,-2705,9645,7984,11942,-30940,1759,0,0,1,0,1,0
292,151562,1516,-2723,5652,4445,17337,-31140,1278,0,0,1,0,1,0
293,152083,1929,-2636,1454,748,22066,-30143,748,0,0,1,0,1,0
294,152604,2269,-2447,-2787,-2965,25947,-27988,189,0,0,1,0,1,0
295,153125,2521,-2165,-6908,-6552,28831,-24758,-377,0,0,1,0,1,0
296,153645,2676,-1799,-10752,-9875,30607,-20576,-929,0,0,1,0,1,0
297,154166,2729,-1364,-14171,-12807,31207,-15603,-1445,0,0,1,0,1,0
298,154687,2676,-877,-17034,-15235,30607,-10031,-1905,0,0,1,0,1,0
299,155208,2521,-356,-19231,-17066,28831,-4073,-2292,0,0,1,0,1,0
300,155729,2269,178,-20678,-18230,25947,2041,-2592,0,0,1,0,1,0
301,156250,1929,706,-21319,-18683,22066,8077,-2791,0,0,1,0,1,0
302,156770,1516,1207,-21130,-18407,17337,13802,-2883,0,0,1,0,1,0
303,157291,1044,1661,-20119,-17413,11942,18997,-2865,0,0,1,0,1,0
304,157812,532,2052,-18324,-15740,6088,23462,-2736,0,0,1,0,1,0
305,158333,0,2363,-15815,-13452,0,27026,-2502,0,0,1,0,1,0
306,158854,-532,2584,-12688,-10637,-6088,29551,-2172,0,0,1,0,1,0
307,159375,-1044,2705,-9064,-7403,-11942,30940,-1759,0,0,1,0,1,0
308,159895,-1516,2723,-5083,-3876,-17337,31140,-1278,0,0,1,0,1,0
309,160416,-1929,2636,-896,-190,-22066,30143,-748,0,0,1,0,1,0
310,160937,-2269,2447,3334,3512,-25947,27988,-189,0,0,1,0,1,0
311,161458,-2521,2165,7445,7089,-28831,24758,377,0,0,1,0,1,0
312,161979,-2676,1799,11278,10401,-30607,20576,929,0,0,1,0,1,0
313,162500,-2729,1364,14687,13323,-31207,15603,1445,0,0,1,0,1,0
314,163020,-2676,877,17540,15741,-30607,10031,1905,0,0,1,0,1,0
315,163541,-2521,356,19727,17562,-28831,4073,2292,0,0,1,0,1,0
316,164062,-2269,-178,21164,18717,-25947,-2041,2592,0,0,1,0,1,0
317,164583,-1929,-706,21796,19160,-22066,-8077,2791,0,0,1,0,1,0
318,165104,-1516,-1207,21598,18875,-17337,-13802,2883,0,0,1,0,1,0
319,165625,-1044,-1661,20577,17872,-11942,-18997,2865,0,0,1,0,1,0
320,166145,-532,-2052,18774,16190,-6088,-23462,2736,0,0,1,0,1,0
321,166666,0,-2363,16256,13893,0,-27026,2502,0,0,1,0,1,0
322,167187,532,-2584,13121,11069,6088,-29551,2172,0,0,1,0,1,0
323,167708,1044,-2705,9488,7827,11942,-30940,1759,0,0,1,0,1,0
324,168229,1516,-2723,5498,4292,17337,-31140,1278,0,0,1,0,1,0
325,168750,1929,-2636,1304,598,22066,-30143,748,0,0,1,0,1,0
326,169270,2269,-2447,-2934,-3113,25947,-27988,189,0,0,1,0,1,0
327,169791,2521,-2165,-7053,-6697,28831,-24758,-377,0,0,1,0,1,0
328,170312,2676,-1799,-10894,-10017,30607,-20576,-929,0,0,1,0,1,0
329,170833,2729,-1364,-14310,-12946,31207,-15603,-1445,0,0,1,0,1,0
330,171354,2676,-877,-17170,-15371,30607,-10031,-1905,0,0,1,0,1,0
331,171875,2521,-356,-19365,-17200,28831,-4073,-2292,0,0,1,0,1,0
332,172395,2269,178,-20809,-18361,25947,2041,-2592,0,0,1,0,1,0
333,172916,1929,706,-21447,-18812,22066,8077,-2791,0,0,1,0,1,0
334,173437,1516,1207,-21256,-18533,17337,13802,-2883,0,0,1,0,1,0
335,173958,1044,1661,-20242,-17537,11942,18997,-2865,0,0,1,0,1,0
336,174479,532,2052,-18445,-15861,6088,23462,-2736,0,0,1,0,1,0
337,175000,0,2363,-15934,-13571,0,27026,-2502,0,0,1,0,1,0
338,175520,-532,2584,-12805,-10753,-6088,29551,-2172,0,0,1,0,1,0
339,176041,-1044,2705,-9179,-7518,-11942,30940,-1759,0,0,1,0,1,0
340,176562,-1516,2723,-5195,-3988,-17337,31140,-1278,0,0,1,0,1,0
341,177083,-1929,2636,-1006,-300,-22066,30143,-748,0,0,1,0,1,0
342,177604,-2269,2447,3226,3405,-25947,27988,-189,0,0,1,0,1,0
343,178125,-2521,2165,7339,6983,-28831,24758,377,0,0,1,0,1,0
344,178645,-2676,1799,11175,10298,-30607,20576,929,0,0,1,0,1,0
345,179166,-2729,1364,14586,13221,-31207,15603,1445,0,0,1,0,1,0
346,179687,-2676,877,17440,15641,-30607,10031,1905,0,0,1,0,1,0
347,180208,-2521,356,19629,17465,-28831,4073,2292,0,0,1,0,1,0
348,180729,-2269,-178,21068,18621,-25947,-2041,2592,0,0,1,0,1,0
349,181250,-1929,-706,21702,19066,-22066,-8077,2791,0,0,1,0,1,0
350,181770,-1516,-1207,21506,18783,-17337,-13802,2883,0,0,1,0,1,0
351,182291,-1044,-1661,20487,17782,-11942,-18997,2865,0,0,1,0,1,0
352,182812,-532,-2052,18685,16101,-6088,-23462,2736,0,0,1,0,1,0
353,183333,0,-2363,16169,13806,0,-27026,2502,0,0,1,0,1,0
354,183854,532,-2584,13036,10984,6088,-29551,2172,0,0,1,0,1,0
355,184375,1044,-2705,9405,7744,11942,-30940,1759,0,0,1,0,1,0
356,184895,1516,-2723,5416,4210,17337,-31140,1278,0,0,1,0,1,0
357,185416,1929,-2636,1224,517,22066,-30143,748,0,0,1,0,1,0
358,185937,2269,-2447,-3013,-3191,25947,-27988,189,0,0,1,0,1,0
359,186458,2521,-2165,-7130,-6774,28831,-24758,-377,0,0,1,0,1,0
360,186979,2676,-1799,-10970,-10093,30607,-20576,-929,0,0,1,0,1,0
361,187500,2729,-1364,-14384,-13020,31207,-15603,-1445,0,0,1,0,1,0
362,188020,2676,-877,-17243,-15444,30607,-10031,-1905,0,0,1,0,1,0
363,188541,2521,-356,-19436,-17271,28831,-4073,-2292,0,0,1,0,1,0
364,189062,2269,178,-20879,-18431,25947,2041,-2592,0,0,1,0,1,0
365,189583,1929,706,-21516,-18880,22066,8077,-2791,0,0,1,0,1,0
366,190104,1516,1207,-21323,-18601,17337,13802,-2883,0,0,1,0,1,0
367,190625,1044,1661,-20308,-17603,11942,18997,-2865,0,0,1,0,1,0
368,191145,532,2052,-18510,-15926,6088,23462,-2736,0,0,1,0,1,0
369,191666,0,2363,-15997,-13634,0,27026,-2502,0,0,1,0,1,0
370,192187,-532,2584,-12867,-10816,-6088,29551,-2172,0,0,1,0,1,0
371,192708,-1044,2705,-9240,-7579,-11942,30940,-1759,0,0,1,0,1,0
372,193229,-1516,2723,-5254,-4048,-17337,31140,-1278,0,0,1,0,1,0
373,193750,-1929,2636,-1065,-358,-22066,30143,-748,0,0,1,0,1,0
374,194270,-2269,2447,3169,3347,-25947,27988,-189,0,0,1,0,1,0
375,194791,-2521,2165,7283,6927,-28831,24758,377,0,0,1,0,1,0
376,195312,-2676,1799,11119,10242,-30607,20576,929,0,0,1,0,1,0
377,195833,-2729,1364,14531,13167,-31207,15603,1445,0,0,1,0,1,0
378,196354,-2676,877,17387,15588,-30607,10031,1905,0,0,1,0,1,0
379,196875,-2521,356,19577,17412,-28831,4073,2292,0,0,1,0,1,0
380,197395,-2269,-178,21017,18570,-25947,-2041,2592,0,0,1,0,1,0
381,197916,-1929,-706,21652,19016,-22066,-8077,2791,0,0,1,0,1,0
382,198437,-1516,-1207,21456,18734,-17337,-13802,2883,0,0,1,0,1,0
383,198958,-1044,-1661,20439,17734,-11942,-18997,2865,0,0,1,0,1,0
384,199479,-532,-2052,18638,16054,-6088,-23462,2736,0,0,1,0,1,0
385,200000,0,-2363,16123,13760,0,-27026,2502,0,0,1,0,1,0
386,200520,532,-2584,12990,10939,6088,-29551,2172,0,0,1,0,1,0
387,201041,1044,-2705,9360,7699,11942,-30940,1759,0,0,1,0,1,0
388,201562,1516,-2723,5373,4166,17337,-31140,1278,0,0,1,0,1,0
389,202083,1929,-2636,1181,474,22066,-30143,748,0,0,1,0,1,0
390,202604,2269,-2447,-3055,-3233,25947,-27988,189,0,0,1,0,1,0
391,203125,2521,-2165,-7171,-6815,28831,-24758,-377,0,0,1,0,1,0
392,203645,2676,-1799,-11010,-10133,30607,-20576,-929,0,0,1,0,1,0
393,204166,2729,-1364,-14424,-13060,31207,-15603,-1445,0,0,1,0,1,0
394,204687,2676,-877,-17282,-15483,30607,-10031,-1905,0,0,1,0,1,0
395,205208,2521,-356,-19474,-17309,28831,-4073,-2292,0,0,1,0,1,0
396,205729,2269,178,-20916,-18469,25947,2041,-2592,0,0,1,0,1,0
397,206250,1929,706,-21553,-18917,22066,8077,-2791,0,0,1,0,1,0
398,206770,1516,1207,-21359,-18636,17337,13802,-2883,0,0,1,0,1,0
399,207291,1044,1661,-20343,-17638,11942,18997,-2865,0,0,1,0,1,0
400,207812,532,2052,-18544,-15961,6088,23462,-2736,0,0,1,0,1,0
401,208333,0,2363,-16031,-13668,0,27026,-2502,0,0,1,0,1,0
402,208854,-532,2584,-12900,-10849,-6088,29551,-2172,0,0,1,0,1,0
403,209375,-1044,2705,-9272,-7611,-11942,30940,-1759,0,0,1,0,1,0
404,209895,-1516,2723,-5286,-4079,-17337,31140,-1278,0,0,1,0,1,0
405,210416,-1929,2636,-1096,-390,-22066,30143,-748,0,0,1,0,1,0
406,210937,-2269,2447,3138,3316,-25947,27988,-189,0,0,1,0,1,0
407,211458,-2521,2165,7253,6897,-28831,24758,377,0,0,1,0,1,0
408,211979,-2676,1799,11090,10213,-30607,20576,929,0,0,1,0,1,0
409,212500,-2729,1364,14502,13138,-31207,15603,1445,0,0,1,0,1,0
410,213020,-2676,877,17359,15560,-30607,10031,1905,0,0,1,0,1,0
411,213541,-2521,356,19549,17385,-28831,4073,2292,0,0,1,0,1,0
412,214062,-2269,-178,20990,18543,-25947,-2041,2592,0,0,1,0,1,0
413,214583,-1929,-706,21625,18989,-22066,-8077,2791,0,0,1,0,1,0
414,215104,-1516,-1207,21430,18707,-17337,-13802,2883,0,0,1,0,1,0
415,215625,-1044,-1661,20413,17708,-11942,-18997,2865,0,0,1,0,1,0
416,216145,-532,-2052,18613,16029,-6088,-23462,2736,0,0,1,0,1,0
417,216666,0,-2363,16098,13735,0,-27026,2502,0,0,1,0,1,0
418,217187,532,-2584,12966,10914,6088,-29551,2172,0,0,1,0,1,0
419,217708,1044,-2705,9337,7675,11942,-30940,1759,0,0,1,0,1,0
420,218229,1516,-2723,5349,4143,17337,-31140,1278,0,0,1,0,1,0
421,218750,1929,-2636,1158,452,22066,-30143,748,0,0,1,0,1,0
422,219270,2269,-2447,-3077,-3256,25947,-27988,189,0,0,1,0,1,0
423,219791,2521,-2165,-7193,-6837,28831,-24758,-377,0,0,1,0,1,0
424,220312,2676,-1799,-11032,-10155,30607,-20576,-929,0,0,1,0,1,0
425,220833,2729,-1364,-14445,-13081,31207,-15603,-1445,0,0,1,0,1,0
426,221354,2676,-877,-17303,-15504,30607,-10031,-1905,0,0,1,0,1,0
427,221875,2521,-356,-19494,-17330,28831,-4073,-2292,0,0,1,0,1,0
428,222395,2269,178,-20936,-18489,25947,2041,-2592,0,0,1,0,1,0
429,222916,1929,706,-21572,-18936,22066,8077,-2791,0,0,1,0,1,0
430,223437,1516,1207,-21378,-18656,17337,13802,-2883,0,0,1,0,1,0
431,223958,1044,1661,-20362,-17657,11942,18997,-2865,0,0,1,0,1,0
432,224479,532,2052,-18563,-15979,6088,23462,-2736,0,0,1,0,1,0
433,225000,0,2363,-16049,-13686,0,27026,-2502,0,0,1,0,1,0
434,225520,-532,2584,-12918,-10866,-6088,29551,-2172,0,0,1,0,1,0
435,226041,-1044,2705,-9290,-7628,-11942,30940,-1759,0,0,1,0,1,0
436,226562,-1516,2723,-5303,-4097,-17337,31140,-1278,0,0,1,0,1,0
437,227083,-1929,2636,-1113,-406,-22066,30143,-748,0,0,1,0,1,0
438,227604,-2269,2447,3122,3300,-25947,27988,-189,0,0,1,0,1,0
439,228125,-2521,2165,7237,6880,-28831,24758,377,0,0,1,0,1,0
440,228645,-2676,1799,11074,10197,-30607,20576,929,0,0,1,0,1,0
441,229166,-2729,1364,14487,13123,-31207,15603,1445,0,0,1,0,1,0
442,229687,-2676,877,17344,15545,-30607,10031,1905,0,0,1,0,1,0
443,230208,-2521,356,19535,17370,-28831,4073,2292,0,0,1,0,1,0
444,230729,-2269,-178,20975,18528,-25947,-2041,2592,0,0,1,0,1,0
445,231250,-1929,-706,21611,18975,-22066,-8077,2791,0,0,1,0,1,0
446,231770,-1516,-1207,21416,18693,-17337,-13802,2883,0,0,1,0,1,0
447,232291,-1044,-1661,20399,17694,-11942,-18997,2865,0,0,1,0,1,0
448,232812,-532,-2052,18599,16015,-6088,-23462,2736,0,0,1,0,1,0
449,233333,0,-2363,16085,13722,0,-27026,2502,0,0,1,0,1,0
450,233854,532,-2584,12953,10901,6088,-29551,2172,0,0,1,0,1,0
451,234375,1044,-2705,9324,7663,11942,-30940,1759,0,0,1,0,1,0
452,234895,1516,-2723,5337,4130,17337,-31140,1278,0,0,1,0,1,0
453,235416,1929,-2636,1146,439,22066,-30143,748,0,0,1,0,1,0
454,235937,2269,-2447,-3089,-3268,25947,-27988,189,0,0,1,0,1,0
455,236458,2521,-2165,-7205,-6849,28831,-24758,-377,0,0,1,0,1,0
456,236979,2676,-1799,-11043,-10166,30607,-20576,-929,0,0,1,0,1,0
457,237500,2729,-1364,-14456,-13092,31207,-15603,-1445,0,0,1,0,1,0
458,238020,2676,-877,-17314,-15515,30607,-10031,-1905,0,0,1,0,1,0
459,238541,2521,-356,-19505,-17340,28831,-4073,-2292,0,0,1,0,1,0
460,239062,2269,178,-20947,-18499,25947,2041,-2592,0,0,1,0,1,0
461,239583,1929,706,-21583,-18947,22066,8077,-2791,0,0,1,0,1,0
462,240104,1516,1207,-21389,-18666,17337,13802,-2883,0,0,1,0,1,0
463,240625,1044,1661,-20372,-17667,11942,18997,-2865,0,0,1,0,1,0
464,241145,532,2052,-18573,-15989,6088,23462,-2736,0,0,1,0,1,0
465,241666,0,2363,-16059,-13696,0,27026,-2502,0,0,1,0,1,0
466,242187,-532,2584,-12927,-10876,-6088,29551,-2172,0,0,1,0,1,0
467,242708,-1044,2705,-9299,-7638,-11942,30940,-1759,0,0,1,0,1,0
468,243229,-1516,2723,-5312,-4106,-17337,31140,-1278,0,0,1,0,1,0
469,243750,-1929,2636,-1122,-415,-22066,30143,-748,0,0,1,0,1,0
470,244270,-2269,2447,3113,3291,-25947,27988,-189,0,0,1,0,1,0
471,244791,-2521,2165,7228,6872,-28831,24758,377,0,0,1,0,1,0
472,245312,-2676,1799,11066,10189,-30607,20576,929,0,0,1,0,1,0
473,245833,-2729,1364,14479,13114,-31207,15603,1445,0,0,1,0,1,0
474,246354,-2676,877,17336,15536,-30607,10031,1905,0,0,1,0,1,0
475,246875,-2521,356,19527,17362,-28831,4073,2292,0,0,1,0,1,0
476,247395,-2269,-178,20968,18520,-25947,-2041,2592,0,0,1,0,1,0
477,247916,-1929,-706,21603,18967,-22066,-8077,2791,0,0,1,0,1,0
478,248437,-1516,-1207,21409,18686,-17337,-13802,2883,0,0,1,0,1,0
479,248958,-1044,-1661,20392,17687,-11942,-18997,2865,0,0,1,0,1,0
480,249479,-532,-2052,18592,16008,-6088,-23462,2736,0,0,1,0,1,0
481,250000,0,-2363,16078,13715,0,-27026,2502,0,0,1,0,1,0
482,250520,532,-2584,12946,10895,6088,-29551,2172,0,0,1,0,1,0
483,251041,1044,-2705,9317,7656,11942,-30940,1759,0,0,1,0,1,0
484,251562,1516,-2723,5330,4124,17337,-31140,1278,0,0,1,0,1,0
485,252083,1929,-2636,1139,433,22066,-30143,748,0,0,1,0,1,0
486,252604,2269,-2447,-3096,-3274,25947,-27988,189,0,0,1,0,1,0
487,253125,2521,-2165,-7211,-6855,28831,-24758,-377,0,0,1,0,1,0
488,253645,2676,-1799,-11049,-10172,30607,-20576,-929,0,0,1,0,1,0
489,254166,2729,-1364,-14462,-13098,31207,-15603,-1445,0,0,1,0,1,0
490,254687,2676,-877,-17320,-15520,30607,-10031,-1905,0,0,1,0,1,0
491,255208,2521,-356,-19511,-17346,28831,-4073,-2292,0,0,1,0,1,0
492,255729,2269,178,-20952,-18505,25947,2041,-2592,0,0,1,0,1,0
493,256249,1929,706,-21588,-18952,22066,8077,-2791,0,0,1,0,1,0
494,256770,1516,1207,-21394,-18671,17337,13802,-2883,0,0,1,0,1,0
495,257291,1044,1661,-20378,-17672,11942,18997,-2865,0,0,1,0,1,0
496,257812,532,2052,-18578,-15994,6088,23462,-2736,0,0,1,0,1,0
497,258333,0,2363,-16064,-13701,0,27026,-2502,0,0,1,0,1,0
498,258854,-532,2584,-12932,-10881,-6088,29551,-2172,0,0,1,0,1,0
499,259375,-1044,2705,-9304,-7643,-11942,30940,-1759,0,0,1,0,1,0
500,259895,-1516,2723,-5317,-4110,-17337,31140,-1278,0,0,1,0,1,0
501,260416,-1929,2636,-1126,-420,-22066,30143,-748,0,0,1,0,1,0
502,260937,-2269,2447,3108,3287,-25947,27988,-189,0,0,1,0,1,0
503,261458,-2521,2165,7223,6867,-28831,24758,377,0,0,1,0,1,0
504,261979,-2676,1799,11061,10184,-30607,20576,929,0,0,1,0,1,0
505,262500,-2729,1364,14474,13110,-31207,15603,1445,0,0,1,0,1,0
506,263020,-2676,877,17331,15532,-30607,10031,1905,0,0,1,0,1,0
507,263541,-2521,356,19522,17358,-28831,4073,2292,0,0,1,0,1,0
508,264062,-2269,-178,20963,18516,-25947,-2041,2592,0,0,1,0,1,0
509,264583,-1929,-706,21599,18963,-22066,-8077,2791,0,0,1,0,1,0
510,265104,-1516,-1207,21405,18682,-17337,-13802,2883,0,0,1,0,1,0
511,265625,-1044,-1661,20388,17683,-11942,-18997,2865,0,0,1,0,1,0
512,266145,-532,-2052,18588,16004,-6088,-23462,2736,0,0,1,0,1,0
513,266666,0,-2363,16074,13711,0,-27026,2502,0,0,1,0,1,0
514,267187,532,-2584,12942,10891,6088,-29551,2172,0,0,1,0,1,0
515,267708,1044,-2705,9314,7652,11942,-30940,1759,0,0,1,0,1,0
516,268229,1516,-2723,5327,4120,17337,-31140,1278,0,0,1,0,1,0
517,268750,1929,-2636,1136,429,22066,-30143,748,0,0,1,0,1,0
518,269270,2269,-2447,-3099,-3277,25947,-27988,189,0,0,1,0,1,0
519,269791,2521,-2165,-7214,-6858,28831,-24758,-377,0,0,1,0,1,0
520,270312,2676,-1799,-11052,-10175,30607,-20576,-929,0,0,1,0,1,0
521,270833,2729,-1364,-14466,-13101,31207,-15603,-1445,0,0,1,0,1,0
522,271354,2676,-877,-17323,-15524,30607,-10031,-1905,0,0,1,0,1,0
523,271875,2521,-356,-19514,-17349,28831,-4073,-2292,0,0,1,0,1,0
524,272395,2269,178,-20955,-18508,25947,2041,-2592,0,0,1,0,1,0
525,272916,1929,706,-21591,-18955,22066,8077,-2791,0,0,1,0,1,0
526,273437,1516,1207,-21397,-18674,17337,13802,-2883,0,0,1,0,1,0
527,273958,1044,1661,-20380,-17675,11942,18997,-2865,0,0,1,0,1,0
528,274479,532,2052,-18581,-15997,6088,23462,-2736,0,0,1,0,1,0
529,275000,0,2363,-16067,-13704,0,27026,-2502,0,0,1,0,1,0
530,275520,-532,2584,-12935,-10884,-6088,29551,-2172,0,0,1,0,1,0
531,276041,-1044,2705,-9306,-7645,-11942,30940,-1759,0,0,1,0,1,0
532,276562,-1516,2723,-5320,-4113,-17337,31140,-1278,0,0,1,0,1,0
533,277083,-1929,2636,-1129,-423,-22066,30143,-748,0,0,1,0,1,0
534,277604,-2269,2447,3106,3284,-25947,27988,-189,0,0,1,0,1,0
535,278125,-2521,2165,7221,6865,-28831,24758,377,0,0,1,0,1,0
536,278645,-2676,1799,11059,10182,-30607,20576,929,0,0,1,0,1,0
537,279166,-2729,1364,14472,13108,-31207,15603,1445,0,0,1,0,1,0
538,279687,-2676,877,17329,15530,-30607,10031,1905,0,0,1,0,1,0
539,280208,-2521,356,19520,17355,-28831,4073,2292,0,0,1,0,1,0
540,280729,-2269,-178,20961,18514,-25947,-2041,2592,0,0,1,0,1,0
541,281250,-1929,-706,21597,18961,-22066,-8077,2791,0,0,1,0,1,0
542,281770,-1516,-1207,21403,18680,-17337,-13802,2883,0,0,1,0,1,0
543,282291,-1044,-1661,20386,17681,-11942,-18997,2865,0,0,1,0,1,0
544,282812,-532,-2052,18586,16002,-6088,-23462,2736,0,0,1,0,1,0
545,283333,0,-2363,16072,13709,0,-27026,2502,0,0,1,0,1,0
546,283854,532,-2584,12940,10889,6088,-29551,2172,0,0,1,0,1,0
547,284375,1044,-2705,9312,7651,11942,-30940,1759,0,0,1,0,1,0
548,284895,1516,-2723,5325,4118,17337,-31140,1278,0,0,1,0,1,0
549,285416,1929,-2636,1134,428,22066,-30143,748,0,0,1,0,1,0
550,285937,2269,-2447,-3101,-3279,25947,-27988,189,0,0,1,0,1,0
551,286458,2521,-2165,-7216,-6860,28831,-24758,-377,0,0,1,0,1,0
552,286979,2676,-1799,-11054,-10177,30607,-20576,-929,0,0,1,0,1,0
553,287500,2729,-1364,-14467,-13103,31207,-15603,-1445,0,0,1,0,1,0
554,288020,2676,-877,-17324,-15525,30607,-10031,-1905,0,0,1,0,1,0
555,288541,2521,-356,-19516,-17351,28831,-4073,-2292,0,0,1,0,1,0
556,289062,2269,178,-20957,-18510,25947,2041,-2592,0,0,1,0,1,0
557,289583,1929,706,-21593,-18957,22066,8077,-2791,0,0,1,0,1,0
558,290104,1516,1207,-21399,-18676,17337,13802,-2883,0,0,1,0,1,0
559,290625,1044,1661,-20382,-17677,11942,18997,-2865,0,0,1,0,1,0
560,291145,532,2052,-18582,-15998,6088,23462,-2736,0,0,1,0,1,0
561,291666,0,2363,-16068,-13705,0,27026,-2502,0,0,1,0,1,0
562,292187,-532,2584,-12937,-10885,-6088,29551,-2172,0,0,1,0,1,0
563,292708,-1044,2705,-9308,-7647,-11942,30940,-1759,0,0,1,0,1,0
564,293229,-1516,2723,-5321,-4114,-17337,31140,-1278,0,0,1,0,1,0
565,293750,-1929,2636,-1130,-424,-22066,30143,-748,0,0,1,0,1,0
566,294270,-2269,2447,3104,3283,-25947,27988,-189,0,0,1,0,1,0
567,294791,-2521,2165,7220,6864,-28831,24758,377,0,0,1,0,1,0
568,295312,-2676,1799,11058,10181,-30607,20576,929,0,0,1,0,1,0
569,295833,-2729,1364,14471,13106,-31207,15603,1445,0,0,1,0,1,0
570,296354,-2676,877,17328,15529,-30607,10031,1905,0,0,1,0,1,0
571,296875,-2521,356,19519,17354,-28831,4073,2292,0,0,1,0,1,0
572,297395,-2269,-178,20960,18513,-25947,-2041,2592,0,0,1,0,1,0
573,297916,-1929,-706,21596,18960,-22066,-8077,2791,0,0,1,0,1,0
574,298437,-1516,-1207,21402,18679,-17337,-13802,2883,0,0,1,0,1,0
575,298958,-1044,-1661,20385,17680,-11942,-18997,2865,0,0,1,0,1,0
576,299479,-532,-2052,18585,16001,-6088,-23462,2736,0,0,1,0,1,0
577,300000,0,-2363,16071,13708,0,-27026,2502,0,0,1,0,1,0
578,300520,532,-2584,12939,10888,6088,-29551,2172,0,0,1,0,1,0
579,301041,1044,-2705,9311,7649,11942,-30940,1759,0,0,1,0,1,0
580,301562,1516,-2723,5324,4117,17337,-31140,1278,0,0,1,0,1,0
581,302083,1929,-2636,1133,427,22066,-30143,748,0,0,1,0,1,0
582,302604,2269,-2447,-3102,-3280,25947,-27988,189,0,0,1,0,1,0
583,303125,2521,-2165,-7217,-6861,28831,-24758,-377,0,0,1,0,1,0
584,303645,2676,-1799,-11055,-10178,30607,-20576,-929,0,0,1,0,1,0
585,304166,2729,-1364,-14468,-13104,31207,-15603,-1445,0,0,1,0,1,0
586,304687,2676,-877,-17325,-15526,30607,-10031,-1905,0,0,1,0,1,0
587,305208,2521,-356,-19517,-17352,28831,-4073,-2292,0,0,1,0,1,0
588,305729,2269,178,-20958,-18510,25947,2041,-2592,0,0,1,0,1,0
589,306250,1929,706,-21593,-18958,22066,8077,-2791,0,0,1,0,1,0
590,306770,1516,1207,-21399,-18677,17337,13802,-2883,0,0,1,0,1,0
591,307291,1044,1661,-20383,-17678,11942,18997,-2865,0,0,1,0,1,0
592,307812,532,2052,-18583,-15999,6088,23462,-2736,0,0,1,0,1,0
593,308333,0,2363,-16069,-13706,0,27026,-2502,0,0,1,0,1,0
594,308854,-532,2584,-12937,-10886,-6088,29551,-2172,0,0,1,0,1,0
595,309375,-1044,2705,-9309,-7647,-11942,30940,-1759,0,0,1,0,1,0
596,309895,-1516,2723,-5322,-4115,-17337,31140,-1278,0,0,1,0,1,0
597,310416,-1929,2636,-1131,-425,-22066,30143,-748,0,0,1,0,1,0
598,310937,-2269,2447,3104,3282,-25947,27988,-189,0,0,1,0,1,0
599,311458,-2521,2165,7219,6863,-28831,24758,377,0,0,1,0,1,0
600,311979,-2676,1799,11057,10180,-30607,20576,929,0,0,1,0,1,0
601,312500,-2729,1364,14470,13106,-31207,15603,1445,0,0,1,0,1,0
602,313020,-2676,877,17327,15528,-30607,10031,1905,0,0,1,0,1,0
603,313541,-2521,356,19518,17354,-28831,4073,2292,0,0,1,0,1,0
604,314062,-2269,-178,20959,18512,-25947,-2041,2592,0,0,1,0,1,0
605,314583,-1929,-706,21595,18959,-22066,-8077,2791,0,0,1,0,1,0
606,315104,-1516,-1207,21401,18678,-17337,-13802,2883,0,0,1,0,1,0
607,315625,-1044,-1661,20384,17679,-11942,-18997,2865,0,0,1,0,1,0
608,316145,-532,-2052,18585,16001,-6088,-23462,2736,0,0,1,0,1,0
609,316666,0,-2363,16070,13707,0,-27026,2502,0,0,1,0,1,0
610,317187,532,-2584,12939,10887,6088,-29551,2172,0,0,1,0,1,0
611,317708,1044,-2705,9310,7649,11942,-30940,1759,0,0,1,0,1,0
612,318229,1516,-2723,5323,4117,17337,-31140,1278,0,0,1,0,1,0
613,318750,1929,-2636,1132,426,22066,-30143,748,0,0,1,0,1,0
614,319270,2269,-2447,-3102,-3281,25947,-27988,189,0,0,1,0,1,0
615,319791,2521,-2165,-7218,-6862,28831,-24758,-377,0,0,1,0,1,0
616,320312,2676,-1799,-11056,-10179,30607,-20576,-929,0,0,1,0,1,0
617,320833,2729,-1364,-14469,-13104,31207,-15603,-1445,0,0,1,0,1,0
618,321354,2676,-877,-17326,-15527,30607,-10031,-1905,0,0,1,0,1,0
619,321875,2521,-356,-19517,-17352,28831,-4073,-2292,0,0,1,0,1,0
620,322395,2269,178,-20958,-18511,25947,2041,-2592,0,0,1,0,1,0
621,322916,1929,706,-21594,-18958,22066,8077,-2791,0,0,1,0,1,0
622,323437,1516,1207,-21400,-18677,17337,13802,-2883,0,0,1,0,1,0
623,323958,1044,1661,-20383,-17678,11942,18997,-2865,0,0,1,0,1,0
624,324479,532,2052,-18583,-16000,6088,23462,-2736,0,0,1,0,1,0
625,325000,0,2363,-16069,-13706,0,27026,-2502,0,0,1,0,1,0
626,325520,-532,2584,-12938,-10886,-6088,29551,-2172,0,0,1,0,1,0
627,326041,-1044,2705,-9309,-7648,-11942,30940,-1759,0,0,1,0,1,0
628,326562,-1516,2723,-5322,-4116,-17337,31140,-1278,0,0,1,0,1,0
629,327083,-1929,2636,-1131,-425,-22066,30143,-748,0,0,1,0,1,0
630,327604,-2269,2447,3103,3282,-25947,27988,-189,0,0,1,0,1,0
631,328125,-2521,2165,7219,6863,-28831,24758,377,0,0,1,0,1,0
632,328645,-2676,1799,11057,10180,-30607,20576,929,0,0,1,0,1,0
633,329166,-2729,1364,14470,13105,-31207,15603,1445,0,0,1,0,1,0
634,329687,-2676,877,17327,15528,-30607,10031,1905,0,0,1,0,1,0
635,330208,-2521,356,19518,17353,-28831,4073,2292,0,0,1,0,1,0
636,330729,-2269,-178,20959,18512,-25947,-2041,2592,0,0,1,0,1,0
637,331250,-1929,-706,21595,18959,-22066,-8077,2791,0,0,1,0,1,0
638,331770,-1516,-1207,21401,18678,-17337,-13802,2883,0,0,1,0,1,0
639,332291,-1044,-1661,20384,17679,-11942,-18997,2865,0,0,1,0,1,0
640,332812,-532,-2052,18584,16000,-6088,-23462,2736,0,0,1,0,1,0
641,333333,0,-2363,16070,13707,0,-27026,2502,0,0,1,0,1,0
642,333854,532,-2584,12939,10887,6088,-29551,2172,0,0,1,0,1,0
643,334375,1044,-2705,9310,7649,11942,-30940,1759,0,0,1,0,1,0
644,334895,1516,-2723,5323,4116,17337,-31140,1278,0,0,1,0,1,0
645,335416,1929,-2636,1132,426,22066,-30143,748,0,0,1,0,1,0
646,335937,2269,-2447,-3103,-3281,25947,-27988,189,0,0,1,0,1,0
647,336458,2521,-2165,-7218,-6862,28831,-24758,-377,0,0,1,0,1,0
648,336979,2676,-1799,-11056,-10179,30607,-20576,-929,0,0,1,0,1,0
649,337500,2729,-1364,-14469,-13105,31207,-15603,-1445,0,0,1,0,1,0
650,338020,2676,-877,-17326,-15527,30607,-10031,-1905,0,0,1,0,1,0
651,338541,2521,-356,-19517,-17352,28831,-4073,-2292,0,0,1,0,1,0
652,339062,2269,178,-20958,-18511,25947,2041,-2592,0,0,1,0,1,0
653,339583,1929,706,-21594,-18958,22066,8077,-2791,0,0,1,0,1,0
654,340104,1516,1207,-21400,-18677,17337,13802,-2883,0,0,1,0,1,0
655,340625,1044,1661,-20383,-17678,11942,18997,-2865,0,0,1,0,1,0
656,341145,532,2052,-18584,-16000,6088,23462,-2736,0,0,1,0,1,0
657,341666,0,2363,-16070,-13706,0,27026,-2502,0,0,1,0,1,0
658,342187,-532,2584,-12938,-10886,-6088,29551,-2172,0,0,1,0,1,0
659,342708,-1044,2705,-9309,-7648,-11942,30940,-1759,0,0,1,0,1,0
660,343229,-1516,2723,-5323,-4116,-17337,31140,-1278,0,0,1,0,1,0
661,343750,-1929,2636,-1131,-425,-22066,30143,-748,0,0,1,0,1,0
662,344270,-2269,2447,3103,3282,-25947,27988,-189,0,0,1,0,1,0
663,344791,-2521,2165,7218,6862,-28831,24758,377,0,0,1,0,1,0
664,345312,-2676,1799,11056,10179,-30607,20576,929,0,0,1,0,1,0
665,345833,-2729,1364,14470,13105,-31207,15603,1445,0,0,1,0,1,0
666,346354,-2676,877,17327,15527,-30607,10031,1905,0,0,1,0,1,0
667,346875,-2521,356,19518,17353,-28831,4073,2292,0,0,1,0,1,0
668,347395,-2269,-178,20959,18512,-25947,-2041,2592,0,0,1,0,1,0
669,347916,-1929,-706,21595,18959,-22066,-8077,2791,0,0,1,0,1,0
670,348437,-1516,-1207,21400,18678,-17337,-13802,2883,0,0,1,0,1,0
671,348958,-1044,-1661,20384,17679,-11942,-18997,2865,0,0,1,0,1,0
672,349479,-532,-2052,18584,16000,-6088,-23462,2736,0,0,1,0,1,0
673,350000,0,-2363,16070,13707,0,-27026,2502,0,0,1,0,1,0
674,350520,532,-2584,12938,10887,6088,-29551,2172,0,0,1,0,1,0
675,351041,1044,-2705,9310,7648,11942,-30940,1759,0,0,1,0,1,0
676,351562,1516,-2723,5323,4116,17337,-31140,1278,0,0,1,0,1,0
677,352083,1929,-2636,1132,426,22066,-30143,748,0,0,1,0,1,0
678,352604,2269,-2447,-3103,-3281,25947,-27988,189,0,0,1,0,1,0
679,353125,2521,-2165,-7218,-6862,28831,-24758,-377,0,0,1,0,1,0
680,353645,2676,-1799,-11056,-10179,30607,-20576,-929,0,0,1,0,1,0
681,354166,2729,-1364,-14469,-13105,31207,-15603,-1445,0,0,1,0,1,0
682,354687,2676,-877,-17326,-15527,30607,-10031,-1905,0,0,1,0,1,0
683,355208,2521,-356,-19517,-17353,28831,-4073,-2292,0,0,1,0,1,0
684,355729,2269,178,-20959,-18511,25947,2041,-2592,0,0,1,0,1,0
685,356250,1929,706,-21594,-18959,22066,8077,-2791,0,0,1,0,1,0
686,356770,1516,1207,-21400,-18677,17337,13802,-2883,0,0,1,0,1,0
687,357291,1044,1661,-20384,-17678,11942,18997,-2865,0,0,1,0,1,0
688,357812,532,2052,-18584,-16000,6088,23462,-2736,0,0,1,0,1,0
689,358333,0,2363,-16070,-13707,0,27026,-2502,0,0,1,0,1,0
690,358854,-532,2584,-12938,-10887,-6088,29551,-2172,0,0,1,0,1,0
691,359375,-1044,2705,-9309,-7648,-11942,30940,-1759,0,0,1,0,1,0
692,359895,-1516,2723,-5323,-4116,-17337,31140,-1278,0,0,1,0,1,0
693,360416,-1929,2636,-1132,-425,-22066,30143,-748,0,0,1,0,1,0
694,360937,-2269,2447,3103,3281,-25947,27988,-189,0,0,1,0,1,0
695,361458,-2521,2165,7218,6862,-28831,24758,377,0,0,1,0,1,0
696,361979,-2676,1799,11056,10179,-30607,20576,929,0,0,1,0,1,0
697,362500,-2729,1364,14469,13105,-31207,15603,1445,0,0,1,0,1,0
698,363020,-2676,877,17326,15527,-30607,10031,1905,0,0,1,0,1,0
699,363541,-2521,356,19518,17353,-28831,4073,2292,0,0,1,0,1,0
700,364062,-2269,-178,20959,18512,-25947,-2041,2592,0,0,1,0,1,0
701,364583,-1929,-706,21595,18959,-22066,-8077,2791,0,0,1,0,1,0
702,365104,-1516,-1207,21400,18678,-17337,-13802,2883,0,0,1,0,1,0
703,365625,-1044,-1661,20384,17679,-11942,-18997,2865,0,0,1,0,1,0
704,366145,-532,-2052,18584,16000,-6088,-23462,2736,0,0,1,0,1,0
705,366666,0,-2363,16070,13707,0,-27026,2502,0,0,1,0,1,0
706,367187,532,-2584,12938,10887,6088,-29551,2172,0,0,1,0,1,0
707,367708,1044,-2705,9309,7648,11942,-30940,1759,0,0,1,0,1,0
708,368229,1516,-2723,5323,4116,17337,-31140,1278,0,0,1,0,1,0
709,368750,1929,-2636,1132,426,22066,-30143,748,0,0,1,0,1,0
710,369270,2269,-2447,-3103,-3281,25947,-27988,189,0,0,1,0,1,0
711,369791,2521,-2165,-7218,-6862,28831,-24758,-377,0,0,1,0,1,0
712,370312,2676,-1799,-11056,-10179,30607,-20576,-929,0,0,1,0,1,0
713,370833,2729,-1364,-14469,-13105,31207,-15603,-1445,0,0,1,0,1,0
714,371354,2676,-877,-17326,-15527,30607,-10031,-1905,0,0,1,0,1,0
715,371875,2521,-356,-19517,-17353,28831,-4073,-2292,0,0,1,0,1,0
716,372395,2269,178,-20959,-18511,25947,2041,-2592,0,0,1,0,1,0
717,372916,1929,706,-21594,-18959,22066,8077,-2791,0,0,1,0,1,0
718,373437,1516,1207,-21400,-18677,17337,13802,-2883,0,0,1,0,1,0
719,373958,1044,1661,-20384,-17678,11942,18997,-2865,0,0,1,0,1,0
720,374479,532,2052,-18584,-16000,6088,23462,-2736,0,0,1,0,1,0
721,375000,0,2363,-16070,-13707,0,27026,-2502,0,0,1,0,1,0
722,375520,-532,2584,-12938,-10887,-6088,29551,-2172,0,0,1,0,1,0
723,376041,-1044,2705,-9309,-7648,-11942,30940,-1759,0,0,1,0,1,0
724,376562,-1516,2723,-5323,-4116,-17337,31140,-1278,0,0,1,0,1,0
725,377083,-1929,2636,-1132,-425,-22066,30143,-748,0,0,1,0,1,0
726,377604,-2269,2447,3103,3281,-25947,27988,-189,0,0,1,0,1,0
727,378125,-2521,2165,7218,6862,-28831,24758,377,0,0,1,0,1,0
728,378645,-2676,1799,11056,10179,-30607,20576,929,0,0,1,0,1,0
729,379166,-2729,1364,14469,13105,-31207,15603,1445,0,0,1,0,1,0
730,379687,-2676,877,17326,15527,-30607,10031,1905,0,0,1,0,1,0
731,380208,-2521,356,19518,17353,-28831,4073,2292,0,0,1,0,1,0
732,380729,-2269,-178,20959,18512,-25947,-2041,2592,0,0,1,0,1,0
733,381250,-1929,-706,21594,18959,-22066,-8077,2791,0,0,1,0,1,0
734,381770,-1516,-1207,21400,18678,-17337,-13802,2883,0,0,1,0,1,0
735,382291,-1044,-1661,20384,17678,-11942,-18997,2865,0,0,1,0,1,0
736,382812,-532,-2052,18584,16000,-6088,-23462,2736,0,0,1,0,1,0
737,383333,0,-2363,16070,13707,0,-27026,2502,0,0,1,0,1,0
738,383854,532,-2584,12938,10887,6088,-29551,2172,0,0,1,0,1,0
739,384375,1044,-2705,9309,7648,11942,-30940,1759,0,0,1,0,1,0
740,384895,1516,-2723,5323,4116,17337,-31140,1278,0,0,1,0,1,0
741,385416,1929,-2636,1132,426,22066,-30143,748,0,0,1,0,1,0
742,385937,2269,-2447,-3103,-3281,25947,-27988,189,0,0,1,0,1,0
743,386458,2521,-2165,-7218,-6862,28831,-24758,-377,0,0,1,0,1,0
744,386979,2676,-1799,-11056,-10179,30607,-20576,-929,0,0,1,0,1,0
745,387500,2729,-1364,-14469,-13105,31207,-15603,-1445,0,0,1,0,1,0
746,388020,2676,-877,-17326,-15527,30607,-10031,-1905,0,0,1,0,1,0
747,388541,2521,-356,-19518,-17353,28831,-4073,-2292,0,0,1,0,1,0
748,389062,2269,178,-20959,-18511,25947,2041,-2592,0,0,1,0,1,0
749,389583,1929,706,-21594,-18959,22066,8077,-2791,0,0,1,0,1,0
750,390104,1516,1207,-21400,-18677,17337,13802,-2883,0,0,1,0,1,0
751,390625,1044,1661,-20384,-17678,11942,18997,-2865,0,0,1,0,1,0
752,391145,532,2052,-18584,-16000,6088,23462,-2736,0,0,1,0,1,0
753,391666,0,2363,-16070,-13707,0,27026,-2502,0,0,1,0,1,0
754,392187,-532,2584,-12938,-10887,-6088,29551,-2172,0,0,1,0,1,0
755,392708,-1044,2705,-9309,-7648,-11942,30940,-1759,0,0,1,0,1,0
756,393229,-1516,2723,-5323,-4116,-17337,31140,-1278,0,0,1,0,1,0
757,393750,-1929,2636,-1132,-425,-22066,30143,-748,0,0,1,0,1,0
758,394270,-2269,2447,3103,3281,-25947,27988,-189,0,0,1,0,1,0
759,394791,-2521,2165,7218,6862,-28831,24758,377,0,0,1,0,1,0
760,395312,-2676,1799,11056,10179,-30607,20576,929,0,0,1,0,1,0
761,395833,-2729,1364,14469,13105,-31207,15603,1445,0,0,1,0,1,0
762,396354,-2676,877,17326,15527,-30607,10031,1905,0,0,1,0,1,0
763,396875,-2521,356,19518,17353,-28831,4073,2292,0,0,1,0,1,0
764,397395,-2269,-178,20959,18511,-25947,-2041,2592,0,0,1,0,1,0
765,397916,-1929,-706,21594,18959,-22066,-8077,2791,0,0,1,0,1,0
766,398437,-1516,-1207,21400,18678,-17337,-13802,2883,0,0,1,0,1,0
767,398958,-1044,-1661,20384,17678,-11942,-18997,2865,0,0,1,0,1,0
768,399479,-532,-2052,18584,16000,-6088,-23462,2736,0,0,1,0,1,0
769,400000,0,-2363,16070,13707,0,-27026,2502,0,0,1,0,1,0
770,400520,532,-2584,12938,10887,6088,-29551,2172,0,0,1,0,1,0
771,401041,1044,-2705,9309,7648,11942,-30940,1759,0,0,1,0,1,0
772,401562,1516,-2723,5323,4116,17337,-31140,1278,0,0,1,0,1,0
773,402083,1929,-2636,1132,426,22066,-30143,748,0,0,1,0,1,0
774,402604,2269,-2447,-3103,-3281,25947,-27988,189,0,0,1,0,1,0
775,403125,2521,-2165,-7218,-6862,28831,-24758,-377,0,0,1,0,1,0
776,403645,2676,-1799,-11056,-10179,30607,-20576,-929,0,0,1,0,1,0
777,404166,2729,-1364,-14469,-13105,31207,-15603,-1445,0,0,1,0,1,0
778,404687,2676,-877,-17326,-15527,30607,-10031,-1905,0,0,1,0,1,0
779,405208,2521,-356,-19518,-17353,28831,-4073,-2292,0,0,1,0,1,0
780,405729,2269,178,-20959,-18511,25947,2041,-2592,0,0,1,0,1,0
781,406250,1929,706,-21594,-18959,22066,8077,-2791,0,0,1,0,1,0
782,406770,1516,1207,-21400,-18677,17337,13802,-2883,0,0,1,0,1,0
783,407291,1044,1661,-20384,-17678,11942,18997,-2865,0,0,1,0,1,0
784,407812,532,2052,-18584,-16000,6088,23462,-2736,0,0,1,0,1,0
785,408333,0,2363,-16070,-13707,0,27026,-2502,0,0,1,0,1,0
786,408854,-532,2584,-12938,-10887,-6088,29551,-2172,0,0,1,0,1,0
787,409375,-1044,2705,-9309,-7648,-11942,30940,-1759,0,0,1,0,1,0
788,409895,-1516,2723,-5323,-4116,-17337,31140,-1278,0,0,1,0,1,0
789,410416,-1929,2636,-1132,-425,-22066,30143,-748,0,0,1,0,1,0
790,410937,-2269,2447,3103,3281,-25947,27988,-189,0,0,1,0,1,0
791,411458,-2521,2165,7218,6862,-28831,24758,377,0,0,1,0,1,0
792,411979,-2676,1799,11056,10179,-30607,20576,929,0,0,1,0,1,0
793,412500,-2729,1364,14469,13105,-31207,15603,1445,0,0,1,0,1,0
794,413020,-2676,877,17326,15527,-30607,10031,1905,0,0,1,0,1,0
795,413541,-2521,356,19518,17353,-28831,4073,2292,0,0,1,0,1,0
796,414062,-2269,-178,20959,18511,-25947,-2041,2592,0,0,1,0,1,0
797,414583,-1929,-706,21594,18959,-22066,-8077,2791,0,0,1,0,1,0
798,415104,-1516,-1207,21400,18677,-17337,-13802,2883,0,0,1,0,1,0
799,415625,-1044,-1661,20384,17678,-11942,-18997,2865,0,0,1,0,1,0
800,416145,-532,-2052,18584,16000,-6088,-23462,2736,0,0,1,0,1,0
801,416666,0,-2363,16070,13707,0,-27026,2502,0,0,1,0,1,0
802,417187,532,-2584,12938,10887,6088,-29551,2172,0,0,1,0,1,0
803,417708,1044,-2705,9309,7648,11942,-30940,1759,0,0,1,0,1,0
804,418229,1516,-2723,5323,4116,17337,-31140,1278,0,0,1,0,1,0
805,418750,1929,-2636,1132,426,22066,-30143,748,0,0,1,0,1,0
806,419270,2269,-2447,-3103,-3281,25947,-27988,189,0,0,1,0,1,0
807,419791,2521,-2165,-7218,-6862,28831,-24758,-377,0,0,1,0,1,0
808,420312,2676,-1799,-11056,-10179,30607,-20576,-929,0,0,1,0,1,0
809,420833,2729,-1364,-14469,-13105,31207,-15603,-1445,0,0,1,0,1,0
810,421354,2676,-877,-17326,-15527,30607,-10031,-1905,0,0,1,0,1,0
811,421875,2521,-356,-19518,-17353,28831,-4073,-2292,0,0,1,0,1,0
812,422395,2269,178,-20959,-18511,25947,2041,-2592,0,0,1,0,1,0
813,422916,1929,706,-21594,-18959,22066,8077,-2791,0,0,1,0,1,0
814,423437,1516,1207,-21400,-18677,17337,13802,-2883,0,0,1,0,1,0
815,423958,1044,1661,-20384,-17678,11942,18997,-2865,0,0,1,0,1,0
816,424479,532,2052,-18584,-16000,6088,23462,-2736,0,0,1,0,1,0
817,425000,0,2363,-16070,-13707,0,27026,-2502,0,0,1,0,1,0
818,425520,-532,2584,-12938,-10887,-6088,29551,-2172,0,0,1,0,1,0
819,426041,-1044,2705,-9309,-7648,-11942,30940,-1759,0,0,1,0,1,0
820,426562,-1516,2723,-5323,-4116,-17337,31140,-1278,0,0,1,0,1,0
821,427083,-1929,2636,-1132,-425,-22066,30143,-748,0,0,1,0,1,0
822,427604,-2269,2447,3103,3281,-25947,27988,-189,0,0,1,0,1,0
823,428125,-2521,2165,7218,6862,-28831,24758,377,0,0,1,0,1,0
824,428645,-2676,1799,11056,10179,-30607,20576,929,0,0,1,0,1,0
825,429166,-2729,1364,14469,13105,-31207,15603,1445,0,0,1,0,1,0
826,429687,-2676,877,17326,15527,-30607,10031,1905,0,0,1,0,1,0
827,430208,-2521,356,19518,17353,-28831,4073,2292,0,0,1,0,1,0
828,430729,-2269,-178,20959,18511,-25947,-2041,2592,0,0,1,0,1,0
829,431250,-1929,-706,21594,18959,-22066,-8077,2791,0,0,1,0,1,0
830,431770,-1516,-1207,21400,18677,-17337,-13802,2883,0,0,1,0,1,0
831,432291,-1044,-1661,20384,17678,-11942,-18997,2865,0,0,1,0,1,0
832,432812,-532,-2052,18584,16000,-6088,-23462,2736,0,0,1,0,1,0
833,433333,0,-2363,16070,13707,0,-27026,2502,0,0,1,0,1,0
834,433854,532,-2584,12938,10887,6088,-29551,2172,0,0,1,0,1,0
835,434375,1044,-2705,9309,7648,11942,-30940,1759,0,0,1,0,1,0
836,434895,1516,-2723,5323,4116,17337,-31140,1278,0,0,1,0,1,0
837,435416,1929,-2636,1132,425,22066,-30143,748,0,0,1,0,1,0
838,435937,0,0,0,0,0,0,0,1,0,0,0,0,0
839,436458,0,0,0,0,0,0,0,1,0,0,0,0,0
840,436979,0,0,0,0,0,0,0,1,0,0,0,0,0
841,437500,0,0,0,0,0,0,0,1,0,0,0,0,0
842,438020,0,0,0,0,0,0,0,1,0,0,0,0,0
843,438541,0,0,0,0,0,0,0,1,0,0,0,0,0
844,439062,0,0,0,0,0,0,0,1,0,0,0,0,0
845,439583,0,0,0,0,0,0,0,1,0,0,0,0,0
846,440104,0,0,0,0,0,0,0,1,0,0,0,0,0
847,440625,0,0,0,0,0,0,0,1,0,0,0,0,0
848,441145,0,0,0,0,0,0,0,1,0,0,0,0,0
849,441666,0,0,0,0,0,0,0,1,0,0,0,0,0
850,442187,0,0,0,0,0,0,0,1,0,0,0,0,0
851,442708,0,0,0,0,0,0,0,1,0,0,0,0,0
852,443229,0,0,0,0,0,0,0,1,0,0,0,0,0
853,443750,0,0,0,0,0,0,0,1,0,0,0,0,0
854,444270,0,0,0,0,0,0,0,1,0,0,0,0,0
855,444791,0,0,0,0,0,0,0,1,0,0,0,0,0
856,445312,0,0,0,0,0,0,0,1,0,0,0,0,0
857,445833,0,0,0,0,0,0,0,1,0,0,0,0,0
858,446354,0,0,0,0,0,0,0,1,0,0,0,0,0
859,446875,0,0,0,0,0,0,0,1,0,0,0,0,0
860,447395,0,0,0,0,0,0,0,1,0,0,0,0,0
861,447916,0,0,0,0,0,0,0,1,0,0,0,0,0
862,448437,0,0,0,0,0,0,0,1,0,0,0,0,0
863,448958,0,0,0,0,0,0,0,1,0,0,0,0,0
864,449479,0,0,0,0,0,0,0,1,0,0,0,0,0
865,450000,0,0,0,0,0,0,0,1,0,0,0,0,0
866,450520,0,0,0,0,0,0,0,1,0,0,0,0,0
867,451041,0,0,0,0,0,0,0,1,0,0,0,0,0
868,451562,0,0,0,0,0,0,0,1,0,0,0,0,0
869,452083,0,0,0,0,0,0,0,1,0,0,0,0,0
870,452604,0,0,0,0,0,0,0,1,0,0,0,0,0
871,453125,0,0,0,0,0,0,0,1,0,0,0,0,0
872,453645,0,0,0,0,0,0,0,1,0,0,0,0,0
873,454166,0,0,0,0,0,0,0,1,0,0,0,0,0
874,454687,0,0,0,0,0,0,0,1,0,0,0,0,0
875,455208,0,0,0,0,0,0,0,1,0,0,0,0,0
876,455729,0,0,0,0,0,0,0,1,0,0,0,0,0
877,456250,0,0,0,0,0,0,0,1,0,0,0,0,0
878,456770,0,0,0,0,0,0,0,1,0,0,0,0,0
879,457291,0,0,0,0,0,0,0,1,0,0,0,0,0
880,457812,0,0,0,0,0,0,0,1,0,0,0,0,0
881,458333,0,0,0,0,0,0,0,1,0,0,0,0,0
882,458854,0,0,0,0,0,0,0,1,0,0,0,0,0
883,459375,0,0,0,0,0,0,0,1,0,0,0,0,0
884,459895,0,0,0,0,0,0,0,1,0,0,0,0,0
885,460416,0,0,0,0,0,0,0,1,0,0,0,0,0
886,460937,0,0,0,0,0,0,0,1,0,0,0,0,0
887,461458,0,0,0,0,0,0,0,1,0,0,0,0,0
888,461979,0,0,0,0,0,0,0,1,0,0,0,0,0
889,462500,0,0,0,0,0,0,0,1,0,0,0,0,0
890,463020,0,0,0,0,0,0,0,1,0,0,0,0,0
891,463541,0,0,0,0,0,0,0,1,0,0,0,0,0
892,464062,0,0,0,0,0,0,0,1,0,0,0,0,0
893,464583,0,0,0,0,0,0,0,1,0,0,0,0,0
894,465104,0,0,0,0,0,0,0,1,0,0,0,0,0
895,465625,0,0,0,0,0,0,0,1,0,0,0,0,0
896,466145,0,0,0,0,0,0,0,1,0,0,0,0,0
897,466666,0,0,0,0,0,0,0,1,0,0,0,0,0
898,467187,0,0,0,0,0,0,0,1,0,0,0,0,0
899,467708,0,0,0,0,0,0,0,1,0,0,0,0,0
900,468229,0,0,0,0,0,0,0,1,0,0,0,0,0
901,468750,0,0,0,0,0,0,0,1,0,0,0,0,0
902,469270,0,0,0,0,0,0,0,1,0,0,0,0,0
903,469791,0,0,0,0,0,0,0,1,0,0,0,0,0
904,470312,0,0,0,0,0,0,0,1,0,0,0,0,0
905,470833,0,0,0,0,0,0,0,1,0,0,0,0,0
906,471354,0,0,0,0,0,0,0,1,0,0,0,0,0
907,471875,0,0,0,0,0,0,0,1,0,0,0,0,0
908,472395,0,0,0,0,0,0,0,1,0,0,0,0,0
909,472916,0,0,0,0,0,0,0,1,0,0,0,0,0
910,473437,0,0,0,0,0,0,0,1,0,0,0,0,0
911,473958,0,0,0,0,0,0,0,1,0,0,0,0,0
912,474479,0,0,0,0,0,0,0,1,0,0,0,0,0
913,475000,0,0,0,0,0,0,0,1,0,0,0,0,0
914,475520,0,0,0,0,0,0,0,1,0,0,0,0,0
915,476041,0,0,0,0,0,0,0,1,0,0,0,0,0
916,476562,0,0,0,0,0,0,0,1,0,0,0,0,0
917,477083,0,0,0,0,0,0,0,1,0,0,0,0,0
918,477604,0,0,0,0,0,0,0,1,0,0,0,0,0
919,478125,0,0,0,0,0,0,0,1,0,0,0,0,0
920,478645,0,0,0,0,0,0,0,1,0,0,0,0,0
921,479166,0,0,0,0,0,0,0,1,0,0,0,0,0
922,479687,0,0,0,0,0,0,0,1,0,0,0,0,0
923,480208,0,0,0,0,0,0,0,1,0,0,0,0,0
924,480729,0,0,0,0,0,0,0,1,0,0,0,0,0
925,481250,0,0,0,0,0,0,0,1,0,0,0,0,0
926,481770,0,0,0,0,0,0,0,1,0,0,0,0,0
927,482291,0,0,0,0,0,0,0,1,0,0,0,0,0
928,482812,0,0,0,0,0,0,0,1,0,0,0,0,0
929,483333,0,0,0,0,0,0,0,1,0,0,0,0,0
930,483854,0,0,0,0,0,0,0,1,0,0,0,0,0
931,484375,0,0,0,0,0,0,0,1,0,0,0,0,0
932,484895,0,0,0,0,0,0,0,1,0,0,0,0,0
933,485416,0,0,0,0,0,0,0,1,0,0,0,0,0
934,485937,0,0,0,0,0,0,0,1,0,0,0,0,0
935,486458,0,0,0,0,0,0,0,1,0,0,0,0,0
936,486979,0,0,0,0,0,0,0,1,0,0,0,0,0
937,487500,0,0,0,0,0,0,0,1,0,0,0,0,0
938,488020,0,0,0,0,0,0,0,1,0,0,0,0,0
939,488541,0,0,0,0,0,0,0,1,0,0,0,0,0
940,489062,0,0,0,0,0,0,0,1,0,0,0,0,0
941,489583,0,0,0,0,0,0,0,1,0,0,0,0,0
942,490104,0,0,0,0,0,0,0,1,0,0,0,0,0
943,490625,0,0,0,0,0,0,0,1,0,0,0,0,0
944,491145,0,0,0,0,0,0,0,1,0,0,0,0,0
945,491666,0,0,0,0,0,0,0,1,0,0,0,0,0
946,492187,0,0,0,0,0,0,0,1,0,0,0,0,0
947,492708,0,0,0,0,0,0,0,1,0,0,0,0,0
948,493229,0,0,0,0,0,0,0,1,0,0,0,0,0
949,493750,0,0,0,0,0,0,0,1,0,0,0,0,0
950,494270,0,0,0,0,0,0,0,1,0,0,0,0,0
951,494791,0,0,0,0,0,0,0,1,0,0,0,0,0
952,495312,0,0,0,0,0,0,0,1,0,0,0,0,0
953,495833,0,0,0,0,0,0,0,1,0,0,0,0,0
954,496354,0,0,0,0,0,0,0,1,0,0,0,0,0
955,496875,0,0,0,0,0,0,0,1,0,0,0,0,0
956,497395,0,0,0,0,0,0,0,1,0,0,0,0,0
957,497916,0,0,0,0,0,0,0,1,0,0,0,0,0
958,498437,0,0,0,0,0,0,0,1,0,0,0,0,0
959,498958,0,0,0,0,0,0,0,1,0,0,0,0,0
960,499479,0,0,0,0,0,0,0,1,0,0,0,0,0
961,500000,0,0,0,0,0,0,0,1,0,0,0,0,0
962,500520,0,0,0,0,0,0,0,1,0,0,0,0,0
963,501041,0,0,0,0,0,0,0,1,0,0,0,0,0
964,501562,0,0,0,0,0,0,0,1,0,0,0,0,0
965,502083,0,0,0,0,0,0,0,1,0,0,0,0,0
966,502604,0,0,0,0,0,0,0,1,0,0,0,0,0
967,503125,0,0,0,0,0,0,0,1,0,0,0,0,0
968,503645,0,0,0,0,0,0,0,1,0,0,0,0,0
969,504166,0,0,0,0,0,0,0,1,0,0,0,0,0
970,504687,0,0,0,0,0,0,0,1,0,0,0,0,0
971,505208,0,0,0,0,0,0,0,1,0,0,0,0,0
972,505729,0,0,0,0,0,0,0,1,0,0,0,0,0
973,506250,0,0,0,0,0,0,0,1,0,0,0,0,0
974,506770,0,0,0,0,0,0,0,1,0,0,0,0,0
975,507291,0,0,0,0,0,0,0,1,0,0,0,0,0
976,507812,0,0,0,0,0,0,0,1,0,0,0,0,0
977,508333,0,0,0,0,0,0,0,1,0,0,0,0,0
978,508854,0,0,0,0,0,0,0,1,0,0,0,0,0
979,509375,0,0,0,0,0,0,0,1,0,0,0,0,0
980,509895,0,0,0,0,0,0,0,1,0,0,0,0,0
981,510416,0,0,0,0,0,0,0,1,0,0,0,0,0
982,510937,0,0,0,0,0,0,0,1,0,0,0,0,0
983,511458,0,0,0,0,0,0,0,1,0,0,0,0,0
984,511979,0,0,0,0,0,0,0,1,0,0,0,0,0
985,512499,0,0,0,0,0,0,0,1,0,0,0,0,0
986,513020,0,0,0,0,0,0,0,1,0,0,0,0,0
987,513541,0,0,0,0,0,0,0,1,0,0,0,0,0
988,514062,0,0,0,0,0,0,0,1,0,0,0,0,0
989,514583,0,0,0,0,0,0,0,1,0,0,0,0,0
990,515104,0,0,0,0,0,0,0,1,0,0,0,0,0
991,515625,0,0,0,0,0,0,0,1,0,0,0,0,0
992,516145,0,0,0,0,0,0,0,1,0,0,0,0,0
993,516666,0,0,0,0,0,0,0,1,0,0,0,0,0
994,517187,0,0,0,0,0,0,0,1,0,0,0,0,0
995,517708,0,0,0,0,0,0,0,1,0,0,0,0,0
996,518229,0,0,0,0,0,0,0,1,0,0,0,0,0
997,518750,0,0,0,0,0,0,0,1,0,0,0,0,0
998,519270,0,0,0,0,0,0,0,1,0,0,0,0,0
999,519791,0,0,0,0,0,0,0,1,0,0,0,0,0
1000,520312,0,0,0,0,0,0,0,1,0,0,0,0,0
1001,520833,0,0,0,0,0,0,0,1,0,0,0,0,0
1002,521354,0,0,0,0,0,0,0,1,0,0,0,0,0
1003,521875,0,0,0,0,0,0,0,1,0,0,0,0,0
1004,522395,0,0,0,0,0,0,0,1,0,0,0,0,0
1005,522916,0,0,0,0,0,0,0,1,0,0,0,0,0
1006,523437,0,0,0,0,0,0,0,1,0,0,0,0,0
1007,523958,0,0,0,0,0,0,0,1,0,0,0,0,0
1008,524479,0,0,0,0,0,0,0,1,0,0,0,0,0
1009,525000,0,0,0,0,0,0,0,1,0,0,0,0,0
1010,525520,0,0,0,0,0,0,0,1,0,0,0,0,0
1011,526041,0,0,0,0,0,0,0,1,0,0,0,0,0
1012,526562,0,0,0,0,0,0,0,1,0,0,0,0,0
1013,527083,0,0,0,0,0,0,0,1,0,0,0,0,0
1014,527604,0,0,0,0,0,0,0,1,0,0,0,0,0
1015,528125,0,0,0,0,0,0,0,1,0,0,0,0,0
1016,528645,0,0,0,0,0,0,0,1,0,0,0,0,0
1017,529166,0,0,0,0,0,0,0,1,0,0,0,0,0
1018,529687,0,0,0,0,0,0,0,1,0,0,0,0,0
1019,530208,0,0,0,0,0,0,0,1,0,0,0,0,0
1020,530729,0,0,0,0,0,0,0,1,0,0,0,0,0
1021,531250,0,0,0,0,0,0,0,1,0,0,0,0,0
1022,531770,0,0,0,0,0,0,0,1,0,0,0,0,0
1023,532291,0,0,0,0,0,0,0,1,0,0,0,0,0
1024,532812,0,0,0,0,0,0,0,1,0,0,0,0,0
1025,533333,0,0,0,0,0,0,0,1,0,0,0,0,0
1026,533854,0,0,0,0,0,0,0,1,0,0,0,0,0
1027,534375,0,0,0,0,0,0,0,1,0,0,0,0,0
1028,534895,0,0,0,0,0,0,0,1,0,0,0,0,0
1029,535416,0,0,0,0,0,0,0,1,0,0,0,0,0
1030,535937,0,0,0,0,0,0,0,1,0,0,0,0,0
1031,536458,0,0,0,0,0,0,0,1,0,0,0,0,0
1032,536979,0,0,0,0,0,0,0,1,0,0,0,0,0
1033,537500,0,0,0,0,0,0,0,1,0,0,0,0,0
1034,538020,0,0,0,0,0,0,0,1,0,0,0,0,0
1035,538541,0,0,0,0,0,0,0,1,0,0,0,0,0
1036,539062,0,0,0,0,0,0,0,1,0,0,0,0,0
1037,539583,0,0,0,0,0,0,0,1,0,0,0,0,0
1038,540104,0,0,0,0,0,0,0,1,0,0,0,0,0
1039,540625,0,0,0,0,0,0,0,1,0,0,0,0,0
1040,541145,0,0,0,0,0,0,0,1,0,0,0,0,0
1041,541666,0,0,0,0,0,0,0,1,0,0,0,0,0
1042,542187,0,0,0,0,0,0,0,1,0,0,0,0,0
1043,542708,0,0,0,0,0,0,0,1,0,0,0,0,0
1044,543229,0,0,0,0,0,0,0,1,0,0,0,0,0
1045,543750,0,0,0,0,0,0,0,1,0,0,0,0,0
1046,544270,0,0,0,0,0,0,0,1,0,0,0,0,0
1047,544791,0,0,0,0,0,0,0,1,0,0,0,0,0
1048,545312,0,0,0,0,0,0,0,1,0,0,0,0,0
1049,545833,0,0,0,0,0,0,0,1,0,0,0,0,0
1050,546354,0,0,0,0,0,0,0,1,0,0,0,0,0
1051,546875,0,0,0,0,0,0,0,1,0,0,0,0,0
1052,547395,0,0,0,0,0,0,0,1,0,0,0,0,0
1053,547916,0,0,0,0,0,0,0,1,0,0,0,0,0
1054,548437,0,0,0,0,0,0,0,1,0,0,0,0,0
1055,548958,0,0,0,0,0,0,0,1,0,0,0,0,0
1056,549479,0,0,0,0,0,0,0,1,0,0,0,0,0
1057,550000,0,0,0,0,0,0,0,1,0,0,0,0,0
1058,550520,0,0,0,0,0,0,0,1,0,0,0,0,0
1059,551041,0,0,0,0,0,0,0,1,0,0,0,0,0
1060,551562,0,0,0,0,0,0,0,1,0,0,0,0,0
1061,552083,0,0,0,0,0,0,0,1,0,0,0,0,0
1062,552604,0,0,0,0,0,0,0,1,0,0,0,0,0
1063,553125,0,0,0,0,0,0,0,1,0,0,0,0,0
1064,553645,0,0,0,0,0,0,0,1,0,0,0,0,0
1065,554166,0,0,0,0,0,0,0,1,0,0,0,0,0
1066,554687,0,0,0,0,0,0,0,1,0,0,0,0,0
1067,555208,0,0,0,0,0,0,0,1,0,0,0,0,0
1068,555729,0,0,0,0,0,0,0,1,0,0,0,0,0
1069,556250,0,0,0,0,0,0,0,1,0,0,0,0,0
1070,556770,0,0,0,0,0,0,0,1,0,0,0,0,0
1071,557291,0,0,0,0,0,0,0,1,0,0,0,0,0
1072,557812,0,0,0,0,0,0,0,1,0,0,0,0,0
1073,558333,0,0,0,0,0,0,0,1,0,0,0,0,0
1074,558854,0,0,0,0,0,0,0,1,0,0,0,0,0
1075,559375,0,0,0,0,0,0,0,1,0,0,0,0,0
1076,559895,0,0,0,0,0,0,0,1,0,0,0,0,0
1077,560416,0,0,0,0,0,0,0,1,0,0,0,0,0
1078,560937,0,0,0,0,0,0,0,1,0,0,0,0,0
1079,561458,0,0,0,0,0,0,0,1,0,0,0,0,0
1080,561979,0,0,0,0,0,0,0,1,0,0,0,0,0
1081,562500,0,0,0,0,0,0,0,1,0,0,0,0,0
1082,563020,0,0,0,0,0,0,0,1,0,0,0,0,0
1083,563541,0,0,0,0,0,0,0,1,0,0,0,0,0
1084,564062,0,0,0,0,0,0,0,1,0,0,0,0,0
1085,564583,0,0,0,0,0,0,0,1,0,0,0,0,0
1086,565104,0,0,0,0,0,0,0,1,0,0,0,0,0
1087,565625,0,0,0,0,0,0,0,1,0,0,0,0,0
1088,566145,0,0,0,0,0,0,0,1,0,0,0,0,0
1089,566666,0,0,0,0,0,0,0,1,0,0,0,0,0
1090,567187,0,0,0,0,0,0,0,1,0,0,0,0,0
1091,567708,0,0,0,0,0,0,0,1,0,0,0,0,0
1092,568229,0,0,0,0,0,0,0,1,0,0,0,0,0
1093,568750,0,0,0,0,0,0,0,1,0,0,0,0,0
1094,569270,0,0,0,0,0,0,0,1,0,0,0,0,0
1095,569791,0,0,0,0,0,0,0,1,0,0,0,0,0
1096,570312,0,0,0,0,0,0,0,1,0,0,0,0,0
1097,570833,0,0,0,0,0,0,0,1,0,0,0,0,0
1098,571354,0,0,0,0,0,0,0,1,0,0,0,0,0
1099,571875,0,0,0,0,0,0,0,1,0,0,0,0,0
1100,572395,0,0,0,0,0,0,0,1,0,0,0,0,0
1101,572916,0,0,0,0,0,0,0,1,0,0,0,0,0
1102,573437,0,0,0,0,0,0,0,1,0,0,0,0,0
1103,573958,0,0,0,0,0,0,0,1,0,0,0,0,0
1104,574479,0,0,0,0,0,0,0,1,0,0,0,0,0
1105,575000,0,0,0,0,0,0,0,1,0,0,0,0,0
1106,575520,0,0,0,0,0,0,0,1,0,0,0,0,0
1107,576041,0,0,0,0,0,0,0,1,0,0,0,0,0
1108,576562,0,0,0,0,0,0,0,1,0,0,0,0,0
1109,577083,0,0,0,0,0,0,0,1,0,0,0,0,0
1110,577604,0,0,0,0,0,0,0,1,0,0,0,0,0
1111,578125,0,0,0,0,0,0,0,1,0,0,0,0,0
1112,578645,0,0,0,0,0,0,0,1,0,0,0,0,0
1113,579166,0,0,0,0,0,0,0,1,0,0,0,0,0
1114,579687,0,0,0,0,0,0,0,1,0,0,0,0,0
1115,580208,0,0,0,0,0,0,0,1,0,0,0,0,0
1116,580729,0,0,0,0,0,0,0,1,0,0,0,0,0
1117,581250,0,0,0,0,0,0,0,1,0,0,0,0,0
1118,581770,0,0,0,0,0,0,0,1,0,0,0,0,0
1119,582291,0,0,0,0,0,0,0,1,0,0,0,0,0
1120,582812,0,0,0,0,0,0,0,1,0,0,0,0,0
1121,583333,0,0,0,0,0,0,0,1,0,0,0,0,0
1122,583854,0,0,0,0,0,0,0,1,0,0,0,0,0
1123,584375,0,0,0,0,0,0,0,1,0,0,0,0,0
1124,584895,0,0,0,0,0,0,0,1,0,0,0,0,0
1125,585416,0,0,0,0,0,0,0,1,0,0,0,0,0
1126,585937,0,0,0,0,0,0,0,1,0,0,0,0,0
1127,586458,0,0,0,0,0,0,0,1,0,0,0,0,0
1128,586979,0,0,0,0,0,0,0,1,0,0,0,0,0
1129,587500,0,0,0,0,0,0,0,1,0,0,0,0,0
1130,588020,0,0,0,0,0,0,0,1,0,0,0,0,0
1131,588541,0,0,0,0,0,0,0,1,0,0,0,0,0
1132,589062,0,0,0,0,0,0,0,1,0,0,0,0,0
1133,589583,0,0,0,0,0,0,0,1,0,0,0,0,0
1134,590104,0,0,0,0,0,0,0,1,0,0,0,0,0
1135,590625,0,0,0,0,0,0,0,1,0,0,0,0,0
1136,591145,0,0,0,0,0,0,0,1,0,0,0,0,0
1137,591666,0,0,0,0,0,0,0,1,0,0,0,0,0
1138,592187,0,0,0,0,0,0,0,1,0,0,0,0,0
1139,592708,0,0,0,0,0,0,0,1,0,0,0,0,0
1140,593229,0,0,0,0,0,0,0,1,0,0,0,0,0
1141,593750,0,0,0,0,0,0,0,1,0,0,0,0,0
1142,594270,0,0,0,0,0,0,0,1,0,0,0,0,0
1143,594791,0,0,0,0,0,0,0,1,0,0,0,0,0
1144,595312,0,0,0,0,0,0,0,1,0,0,0,0,0
1145,595833,0,0,0,0,0,0,0,1,0,0,0,0,0
1146,596354,0,0,0,0,0,0,0,1,0,0,0,0,0
1147,596875,0,0,0,0,0,0,0,1,0,0,0,0,0
1148,597395,0,0,0,0,0,0,0,1,0,0,0,0,0
1149,597916,0,0,0,0,0,0,0,1,0,0,0,0,0
1150,598437,0,0,0,0,0,0,0,1,0,0,0,0,0
1151,598958,0,0,0,0,0,0,0,1,0,0,0,0,0
1152,599479,0,0,0,0,0,0,0,1,0,0,0,0,0
1153,600000,0,0,0,0,0,0,0,1,0,0,0,0,0
1154,600520,0,0,0,0,0,0,0,1,0,0,0,0,0
1155,601041,0,0,0,0,0,0,0,1,0,0,0,0,0
1156,601562,0,0,0,0,0,0,0,1,0,0,0,0,0
1157,602083,0,0,0,0,0,0,0,1,0,0,0,0,0
1158,602604,0,0,0,0,0,0,0,1,0,0,0,0,0
1159,603125,0,0,0,0,0,0,0,1,0,0,0,0,0
1160,603645,0,0,0,0,0,0,0,1,0,0,0,0,0
1161,604166,0,0,0,0,0,0,0,1,0,0,0,0,0
1162,604687,0,0,0,0,0,0,0,1,0,0,0,0,0
1163,605208,0,0,0,0,0,0,0,1,0,0,0,0,0
1164,605729,0,0,0,0,0,0,0,1,0,0,0,0,0
