1,0,0,-782,782,0,0,-27026,27026,0,0,0,0,1,0
2,520,176,-856,679,0,6088,-29551,23462,0,0,0,0,1,0
3,1041,346,-896,550,0,11942,-30940,18997,0,0,0,0,1,0
4,1562,502,-902,400,0,17337,-31140,13802,0,0,0,0,1,0
5,2083,639,-873,234,0,22066,-30143,8077,0,0,0,0,1,0
6,2604,751,-810,59,0,25947,-27988,2041,0,0,0,0,1,0
7,3125,835,-717,-118,0,28831,-24758,-4073,0,0,0,0,1,0
8,3645,886,-596,-290,0,30607,-20576,-10031,0,0,0,0,1,0
9,4166,903,-452,-452,0,31207,-15603,-15603,0,0,0,0,1,0
10,4687,886,-290,-596,0,30607,-10031,-20576,0,0,0,0,1,0
11,5208,835,-118,-717,0,28831,-4073,-24758,0,0,0,0,1,0
12,5729,751,59,-810,0,25947,2041,-27988,0,0,0,0,1,0
13,6250,639,234,-873,0,22066,8077,-30143,0,0,0,0,1,0
14,6770,502,400,-902,0,17337,13802,-31140,0,0,0,0,1,0
15,7291,346,550,-896,0,11942,18997,-30940,0,0,0,0,1,0
16,7812,176,679,-856,0,6088,23462,-29551,0,0,0,0,1,0
17,8333,0,782,-782,0,0,27026,-27026,0,0,0,0,1,0
18,8854,-176,856,-679,0,-6088,29551,-23462,0,0,0,0,1,0
19,9375,-346,896,-550,0,-11942,30940,-18997,0,0,0,0,1,0
20,9895,-502,902,-400,0,-17337,31140,-13802,0,0,0,0,1,0
21,10416,-639,873,-234,0,-22066,30143,-8077,0,0,0,0,1,0
22,10937,-751,810,-59,0,-25947,27988,-2041,0,0,0,0,1,0
23,11458,-835,717,118,0,-28831,24758,4073,0,0,0,0,1,0
24,11979,-886,596,290,0,-30607,20576,10031,0,0,0,0,1,0
25,12500,-903,452,452,0,-31207,15603,15603,0,0,0,0,1,0
26,13020,-886,290,596,0,-30607,10031,20576,0,0,0,0,1,0
27,13541,-835,118,717,0,-28831,4073,24758,0,0,0,0,1,0
28,14062,-751,-59,810,0,-25947,-2041,27988,0,0,0,0,1,0
29,14583,-639,-234,873,0,-22066,-8077,30143,0,0,0,0,1,0
30,15104,-502,-400,902,0,-17337,-13802,31140,0,0,0,0,1,0
31,15625,-346,-550,896,0,-11942,-18997,30940,0,0,0,0,1,0
32,16145,-176,-679,856,0,-6088,-23462,29551,0,0,0,0,1,0
33,16666,0,-782,782,0,0,-27026,27026,0,0,0,0,1,0
34,17187,176,-856,679,0,6088,-29551,23462,0,0,0,0,1,0
35,17708,346,-896,550,0,11942,-30940,18997,0,0,0,0,1,0
36,18229,502,-902,400,0,17337,-31140,13802,0,0,0,0,1,0
37,18750,639,-873,234,0,22066,-30143,8077,0,0,0,0,1,0
38,19270,751,-810,59,0,25947,-27988,2041,0,0,0,0,1,0
39,19791,835,-717,-118,0,28831,-24758,-4073,0,0,0,0,1,0
40,20312,886,-596,-290,0,30607,-20576,-10031,0,0,0,0,1,0
41,20833,903,-452,-452,0,31207,-15603,-15603,0,0,0,0,1,0
42,21354,886,-290,-596,0,30607,-10031,-20576,0,0,0,0,1,0
43,21875,835,-118,-717,0,28831,-4073,-24758,0,0,0,0,1,0
44,22395,751,59,-810,0,25947,2041,-27988,0,0,0,0,1,0
45,22916,639,234,-873,0,22066,8077,-30143,0,0,0,0,1,0
46,23437,502,400,-902,0,17337,13802,-31140,0,0,0,0,1,0
47,23958,346,550,-896,0,11942,18997,-30940,0,0,0,0,1,0
48,24479,176,679,-856,0,6088,23462,-29551,0,0,0,0,1,0
49,25000,0,782,-782,0,0,27026,-27026,0,0,0,0,1,0
50,25520,-176,856,-679,0,-6088,29551,-23462,0,0,0,0,1,0
51,26041,-346,896,-550,0,-11942,30940,-18997,0,0,0,0,1,0
52,26562,-502,902,-400,0,-17337,31140,-13802,0,0,0,0,1,0
53,27083,-639,873,-234,0,-22066,30143,-8077,0,0,0,0,1,0
54,27604,-751,810,-59,0,-25947,27988,-2041,0,0,0,0,1,0
55,28125,-835,717,118,0,-28831,24758,4073,0,0,0,0,1,0
56,28645,-886,596,290,0,-30607,20576,10031,0,0,0,0,1,0
57,29166,-903,452,452,0,-31207,15603,15603,0,0,0,0,1,0
58,29687,-886,290,596,0,-30607,10031,20576,0,0,0,0,1,0
59,30208,-835,118,717,0,-28831,4073,24758,0,0,0,0,1,0
60,30729,-751,-59,810,0,-25947,-2041,27988,0,0,0,0,1,0
61,31250,-639,-234,873,0,-22066,-8077,30143,0,0,0,0,1,0
62,31770,-502,-400,902,0,-17337,-13802,31140,0,0,0,0,1,0
63,32291,-346,-550,896,0,-11942,-18997,30940,0,0,0,0,1,0
64,32812,-176,-679,856,0,-6088,-23462,29551,0,0,0,0,1,0
65,33333,0,-782,782,0,0,-27026,27026,0,0,0,0,1,0
66,33854,176,-856,679,0,6088,-29551,23462,0,0,0,0,1,0
67,34375,346,-896,550,0,11942,-30940,18997,0,0,0,0,1,0
68,34895,502,-902,400,0,17337,-31140,13802,0,0,0,0,1,0
69,35416,639,-873,234,0,22066,-30143,8077,0,0,0,0,1,0
70,35937,751,-810,59,0,25947,-27988,2041,0,0,0,0,1,0
71,36458,835,-717,-118,0,28831,-24758,-4073,0,0,0,0,1,0
72,36979,886,-596,-290,0,30607,-20576,-10031,0,0,0,0,1,0
73,37500,903,-452,-452,0,31207,-15603,-15603,0,0,0,0,1,0
74,38020,886,-290,-596,0,30607,-10031,-20576,0,0,0,0,1,0
75,38541,835,-118,-717,0,28831,-4073,-24758,0,0,0,0,1,0
76,39062,751,59,-810,0,25947,2041,-27988,0,0,0,0,1,0
77,39583,639,234,-873,0,22066,8077,-30143,0,0,0,0,1,0
78,40104,502,400,-902,0,17337,13802,-31140,0,0,0,0,1,0
79,40625,346,550,-896,0,11942,18997,-30940,0,0,0,0,1,0
80,41145,176,679,-856,0,6088,23462,-29551,0,0,0,0,1,0
81,41666,0,782,-782,0,0,27026,-27026,0,0,0,0,1,0
82,42187,-176,856,-679,0,-6088,29551,-23462,0,0,0,0,1,0
83,42708,-346,896,-550,0,-11942,30940,-18997,0,0,0,0,1,0
84,43229,-502,902,-400,0,-17337,31140,-13802,0,0,0,0,1,0
85,43750,-639,873,-234,0,-22066,30143,-8077,0,0,0,0,1,0
86,44270,-751,810,-59,0,-25947,27988,-2041,0,0,0,0,1,0
87,44791,-835,717,118,0,-28831,24758,4073,0,0,0,0,1,0
88,45312,-886,596,290,0,-30607,20576,10031,0,0,0,0,1,0
89,45833,-903,452,452,0,-31207,15603,15603,0,0,0,0,1,0
90,46354,-886,290,596,0,-30607,10031,20576,0,0,0,0,1,0
91,46875,-835,118,717,0,-28831,4073,24758,0,0,0,0,1,0
92,47395,-751,-59,810,0,-25947,-2041,27988,0,0,0,0,1,0
93,47916,-639,-234,873,0,-22066,-8077,30143,0,0,0,0,1,0
94,48437,-502,-400,902,0,-17337,-13802,31140,0,0,0,0,1,0
95,48958,-346,-550,896,0,-11942,-18997,30940,0,0,0,0,1,0
96,49479,-176,-679,856,0,-6088,-23462,29551,0,0,0,0,1,0
97,50000,16935,-25000,8065,0,0,-4054,4054,0,0,0,0,1,0
98,50520,20331,-25812,5481,0,913,-4433,3519,0,0,0,0,1,0
99,51041,23462,-25889,2427,0,1791,-4641,2850,0,0,0,0,1,0
100,51562,26198,-25226,-972,0,2601,-4671,2070,0,0,0,0,1,0
101,52083,28423,-23841,-4583,0,3310,-4521,1212,0,0,0,0,1,0
102,52604,30043,-21783,-8261,0,3892,-4198,306,0,0,0,0,1,0
103,53125,30986,-19127,-11860,0,4325,-3714,-611,0,0,0,0,1,0
104,53645,31207,-15970,-15237,0,4591,-3086,-1505,0,0,0,0,1,0
105,54166,30687,-12428,-18259,0,4681,-2341,-2340,0,0,0,0,1,0
106,54687,29438,-8634,-20803,0,4591,-1505,-3086,0,0,0,0,1,0
107,55208,27499,-4730,-22769,0,4325,-611,-3714,0,0,0,0,1,0
108,55729,24936,-859,-24077,0,3892,306,-4198,0,0,0,0,1,0
109,56250,21839,2832,-24671,0,3310,1212,-4521,0,0,0,0,1,0
110,56770,18319,6206,-24526,0,2601,2070,-4671,0,0,0,0,1,0
111,57291,14504,9138,-23641,0,1791,2850,-4641,0,0,0,0,1,0
112,57812,10530,11518,-22049,0,913,3519,-4433,0,0,0,0,1,0
113,58333,6545,13260,-19805,0,0,4054,-4054,0,0,0,0,1,0
114,58854,2693,14300,-16992,0,-913,4433,-3519,0,0,0,0,1,0
115,59375,-886,14601,-13715,0,-1791,4641,-2850,0,0,0,0,1,0
116,59895,-4061,14157,-10096,0,-2601,4671,-2070,0,0,0,0,1,0
117,60416,-6717,12987,-6271,0,-3310,4521,-1212,0,0,0,0,1,0
118,60937,-8759,11140,-2382,0,-3892,4198,-306,0,0,0,0,1,0
119,61458,-10116,8691,1424,0,-4325,3714,611,0,0,0,0,1,0
120,61979,-10742,5737,5005,0,-4591,3086,1505,0,0,0,0,1,0
121,62500,-10620,2395,8225,0,-4681,2341,2340,0,0,0,0,1,0
122,63020,-9761,-1204,10965,0,-4591,1505,3086,0,0,0,0,1,0
123,63541,-8205,-4918,13122,0,-4325,611,3714,0,0,0,0,1,0
124,64062,-6017,-8600,14617,0,-3892,-306,4198,0,0,0,0,1,0
125,64583,-3288,-12108,15396,0,-3310,-1212,4521,0,0,0,0,1,0
126,65104,-129,-15301,15430,0,-2601,-2070,4671,0,0,0,0,1,0
127,65625,3333,-18056,14723,0,-1791,-2850,4641,0,0,0,0,1,0
128,66145,6960,-20263,13304,0,-913,-3519,4433,0,0,0,0,1,0
129,66666,10605,-21835,11230,0,0,-4054,4054,0,0,0,0,1,0
130,67187,14124,-22708,8584,0,913,-4433,3519,0,0,0,0,1,0
131,67708,17376,-22846,5471,0,1791,-4641,2850,0,0,0,0,1,0
132,68229,20230,-22242,2012,0,2601,-4671,2070,0,0,0,0,1,0
133,68750,22571,-20915,-1657,0,3310,-4521,1212,0,0,0,0,1,0
134,69270,24305,-18914,-5391,0,3892,-4198,306,0,0,0,0,1,0
135,69791,25360,-16313,-9046,0,4325,-3714,-611,0,0,0,0,1,0
136,70312,25689,-13211,-12478,0,4591,-3086,-1505,0,0,0,0,1,0
137,70833,25277,-9723,-15554,0,4681,-2341,-2340,0,0,0,0,1,0
138,71354,24133,-5982,-18151,0,4591,-1505,-3086,0,0,0,0,1,0
139,71875,22297,-2129,-20169,0,4325,-611,-3714,0,0,0,0,1,0
140,72395,376,30,-405,0,25947,2041,-27988,0,0,0,0,1,0
141,72916,319,117,-436,0,22066,8077,-30143,0,0,0,0,1,0
142,73437,251,200,-451,0,17337,13802,-31140,0,0,0,0,1,0
143,73958,173,275,-448,0,11942,18997,-30940,0,0,0,0,1,0
144,74479,88,340,-428,0,6088,23462,-29551,0,0,0,0,1,0
145,75000,0,391,-391,0,0,27026,-27026,0,0,0,0,1,0
146,75520,-88,428,-340,0,-6088,29551,-23462,0,0,0,0,1,0
147,76041,-173,448,-275,0,-11942,30940,-18997,0,0,0,0,1,0
148,76562,-251,451,-200,0,-17337,31140,-13802,0,0,0,0,1,0
149,77083,-319,436,-117,0,-22066,30143,-8077,0,0,0,0,1,0
150,77604,-376,405,-30,0,-25947,27988,-2041,0,0,0,0,1,0
151,78125,-417,358,59,0,-28831,24758,4073,0,0,0,0,1,0
152,78645,-443,298,145,0,-30607,20576,10031,0,0,0,0,1,0
153,79166,-452,226,226,0,-31207,15603,15603,0,0,0,0,1,0
154,79687,-443,145,298,0,-30607,10031,20576,0,0,0,0,1,0
155,80208,-417,59,358,0,-28831,4073,24758,0,0,0,0,1,0
156,80729,-376,-30,405,0,-25947,-2041,27988,0,0,0,0,1,0
157,81250,-319,-117,436,0,-22066,-8077,30143,0,0,0,0,1,0
158,81770,-251,-200,451,0,-17337,-13802,31140,0,0,0,0,1,0
159,82291,-173,-275,448,0,-11942,-18997,30940,0,0,0,0,1,0
160,82812,-88,-340,428,0,-6088,-23462,29551,0,0,0,0,1,0
161,83333,0,-391,391,0,0,-27026,27026,0,0,0,0,1,0
162,83854,88,-428,340,0,6088,-29551,23462,0,0,0,0,1,0
163,84375,173,-448,275,0,11942,-30940,18997,0,0,0,0,1,0
164,84895,251,-451,200,0,17337,-31140,13802,0,0,0,0,1,0
165,85416,319,-436,117,0,22066,-30143,8077,0,0,0,0,1,0
166,85937,376,-405,30,0,25947,-27988,2041,0,0,0,0,1,0
167,86458,417,-358,-59,0,28831,-24758,-4073,0,0,0,0,1,0
168,86979,443,-298,-145,0,30607,-20576,-10031,0,0,0,0,1,0
169,87500,452,-226,-226,0,31207,-15603,-15603,0,0,0,0,1,0
170,88020,443,-145,-298,0,30607,-10031,-20576,0,0,0,0,1,0
171,88541,417,-59,-358,0,28831,-4073,-24758,0,0,0,0,1,0
172,89062,376,30,-405,0,25947,2041,-27988,0,0,0,0,1,0
173,89583,319,117,-436,0,22066,8077,-30143,0,0,0,0,1,0
174,90104,251,200,-451,0,17337,13802,-31140,0,0,0,0,1,0
175,90625,173,275,-448,0,11942,18997,-30940,0,0,0,0,1,0
176,91145,88,340,-428,0,6088,23462,-29551,0,0,0,0,1,0
177,91666,0,391,-391,0,0,27026,-27026,0,0,0,0,1,0
178,92187,-88,428,-340,0,-6088,29551,-23462,0,0,0,0,1,0
179,92708,-173,448,-275,0,-11942,30940,-18997,0,0,0,0,1,0
180,93229,-251,451,-200,0,-17337,31140,-13802,0,0,0,0,1,0
181,93750,-319,436,-117,0,-22066,30143,-8077,0,0,0,0,1,0
182,94270,-376,405,-30,0,-25947,27988,-2041,0,0,0,0,1,0
183,94791,-417,358,59,0,-28831,24758,4073,0,0,0,0,1,0
184,95312,-443,298,145,0,-30607,20576,10031,0,0,0,0,1,0
185,95833,-452,226,226,0,-31207,15603,15603,0,0,0,0,1,0
186,96354,-443,145,298,0,-30607,10031,20576,0,0,0,0,1,0
187,96875,-417,59,358,0,-28831,4073,24758,0,0,0,0,1,0
188,97395,-376,-30,405,0,-25947,-2041,27988,0,0,0,0,1,0
189,97916,-319,-117,436,0,-22066,-8077,30143,0,0,0,0,1,0
190,98437,-251,-200,451,0,-17337,-13802,31140,0,0,0,0,1,0
191,98958,-173,-275,448,0,-11942,-18997,30940,0,0,0,0,1,0
192,99479,-88,-340,428,0,-6088,-23462,29551,0,0,0,0,1,0
193,100000,0,-391,391,0,0,-27026,27026,0,0,0,0,1,0
194,100520,88,-428,340,0,6088,-29551,23462,0,0,0,0,1,0
195,101041,173,-448,275,0,11942,-30940,18997,0,0,0,0,1,0
196,101562,251,-451,200,0,17337,-31140,13802,0,0,0,0,1,0
197,102083,319,-436,117,0,22066,-30143,8077,0,0,0,0,1,0
198,102604,376,-405,30,0,25947,-27988,2041,0,0,0,0,1,0
199,103125,417,-358,-59,0,28831,-24758,-4073,0,0,0,0,1,0
200,103645,443,-298,-145,0,30607,-20576,-10031,0,0,0,0,1,0
201,104166,452,-226,-226,0,31207,-15603,-15603,0,0,0,0,1,0
202,104687,443,-145,-298,0,30607,-10031,-20576,0,0,0,0,1,0
203,105208,417,-59,-358,0,28831,-4073,-24758,0,0,0,0,1,0
204,105729,376,30,-405,0,25947,2041,-27988,0,0,0,0,1,0
205,106250,319,117,-436,0,22066,8077,-30143,0,0,0,0,1,0
206,106770,251,200,-451,0,17337,13802,-31140,0,0,0,0,1,0
207,107291,173,275,-448,0,11942,18997,-30940,0,0,0,0,1,0
208,107812,88,340,-428,0,6088,23462,-29551,0,0,0,0,1,0
209,108333,0,391,-391,0,0,27026,-27026,0,0,0,0,1,0
210,108854,-88,428,-340,0,-6088,29551,-23462,0,0,0,0,1,0
211,109375,-173,448,-275,0,-11942,30940,-18997,0,0,0,0,1,0
212,109895,-251,451,-200,0,-17337,31140,-13802,0,0,0,0,1,0
213,110416,-319,436,-117,0,-22066,30143,-8077,0,0,0,0,1,0
214,110937,-376,405,-30,0,-25947,27988,-2041,0,0,0,0,1,0
215,111458,-417,358,59,0,-28831,24758,4073,0,0,0,0,1,0
216,111979,-443,298,145,0,-30607,20576,10031,0,0,0,0,1,0
217,112500,-452,226,226,0,-31207,15603,15603,0,0,0,0,1,0
218,113020,-443,145,298,0,-30607,10031,20576,0,0,0,0,1,0
219,113541,-417,59,358,0,-28831,4073,24758,0,0,0,0,1,0
220,114062,-376,-30,405,0,-25947,-2041,27988,0,0,0,0,1,0
221,114583,-319,-117,436,0,-22066,-8077,30143,0,0,0,0,1,0
222,115104,-251,-200,451,0,-17337,-13802,31140,0,0,0,0,1,0
223,115625,-173,-275,448,0,-11942,-18997,30940,0,0,0,0,1,0
224,116145,-88,-340,428,0,-6088,-23462,29551,0,0,0,0,1,0
225,116666,0,-391,391,0,0,-27026,27026,0,0,0,0,1,0
226,117187,88,-428,340,0,6088,-29551,23462,0,0,0,0,1,0
227,117708,173,-448,275,0,11942,-30940,18997,0,0,0,0,1,0
228,118229,251,-451,200,0,17337,-31140,13802,0,0,0,0,1,0
229,118750,319,-436,117,0,22066,-30143,8077,0,0,0,0,1,0
230,119270,376,-405,30,0,25947,-27988,2041,0,0,0,0,1,0
231,119791,417,-358,-59,0,28831,-24758,-4073,0,0,0,0,1,0
232,120312,443,-298,-145,0,30607,-20576,-10031,0,0,0,0,1,0
233,120833,452,-226,-226,0,31207,-15603,-15603,0,0,0,0,1,0
234,121354,443,-145,-298,0,30607,-10031,-20576,0,0,0,0,1,0
235,121875,417,-59,-358,0,28831,-4073,-24758,0,0,0,0,1,0
236,122395,376,30,-405,0,25947,2041,-27988,0,0,0,0,1,0
237,122916,319,117,-436,0,22066,8077,-30143,0,0,0,0,1,0
238,123437,251,200,-451,0,17337,13802,-31140,0,0,0,0,1,0
239,123958,173,275,-448,0,11942,18997,-30940,0,0,0,0,1,0
240,124479,88,340,-428,0,6088,23462,-29551,0,0,0,0,1,0
241,125000,0,391,-391,0,0,27026,-27026,0,0,0,0,1,0
242,125520,-88,428,-340,0,-6088,29551,-23462,0,0,0,0,1,0
243,126041,-173,448,-275,0,-11942,30940,-18997,0,0,0,0,1,0
244,126562,-251,451,-200,0,-17337,31140,-13802,0,0,0,0,1,0
245,127083,-319,436,-117,0,-22066,30143,-8077,0,0,0,0,1,0
246,127604,-376,405,-30,0,-25947,27988,-2041,0,0,0,0,1,0
247,128124,-417,358,59,0,-28831,24758,4073,0,0,0,0,1,0
248,128645,-443,298,145,0,-30607,20576,10031,0,0,0,0,1,0
249,129166,-452,226,226,0,-31207,15603,15603,0,0,0,0,1,0
250,129687,-443,145,298,0,-30607,10031,20576,0,0,0,0,1,0
251,130208,-417,59,358,0,-28831,4073,24758,0,0,0,0,1,0
252,130729,-376,-30,405,0,-25947,-2041,27988,0,0,0,0,1,0
253,131250,-319,-117,436,0,-22066,-8077,30143,0,0,0,0,1,0
254,131770,-251,-200,451,0,-17337,-13802,31140,0,0,0,0,1,0
255,132291,-173,-275,448,0,-11942,-18997,30940,0,0,0,0,1,0
256,132812,-88,-340,428,0,-6088,-23462,29551,0,0,0,0,1,0
257,133333,0,-391,391,0,0,-27026,27026,0,0,0,0,1,0
258,133854,88,-428,340,0,6088,-29551,23462,0,0,0,0,1,0
259,134375,173,-448,275,0,11942,-30940,18997,0,0,0,0,1,0
260,134895,251,-451,200,0,17337,-31140,13802,0,0,0,0,1,0
261,135416,319,-436,117,0,22066,-30143,8077,0,0,0,0,1,0
262,135937,376,-405,30,0,25947,-27988,2041,0,0,0,0,1,0
263,136458,417,-358,-59,0,28831,-24758,-4073,0,0,0,0,1,0
264,136979,443,-298,-145,0,30607,-20576,-10031,0,0,0,0,1,0
265,137500,452,-226,-226,0,31207,-15603,-15603,0,0,0,0,1,0
266,138020,443,-145,-298,0,30607,-10031,-20576,0,0,0,0,1,0
267,138541,417,-59,-358,0,28831,-4073,-24758,0,0,0,0,1,0
268,139062,376,30,-405,0,25947,2041,-27988,0,0,0,0,1,0
269,139583,319,117,-436,0,22066,8077,-30143,0,0,0,0,1,0
270,140104,251,200,-451,0,17337,13802,-31140,0,0,0,0,1,0
271,140625,173,275,-448,0,11942,18997,-30940,0,0,0,0,1,0
272,141145,88,340,-428,0,6088,23462,-29551,0,0,0,0,1,0
273,141666,0,391,-391,0,0,27026,-27026,0,0,0,0,1,0
274,142187,-88,428,-340,0,-6088,29551,-23462,0,0,0,0,1,0
275,142708,-173,448,-275,0,-11942,30940,-18997,0,0,0,0,1,0
276,143229,-251,451,-200,0,-17337,31140,-13802,0,0,0,0,1,0
277,143750,-319,436,-117,0,-22066,30143,-8077,0,0,0,0,1,0
278,144270,-376,405,-30,0,-25947,27988,-2041,0,0,0,0,1,0
279,144791,-417,358,59,0,-28831,24758,4073,0,0,0,0,1,0
280,145312,-443,298,145,0,-30607,20576,10031,0,0,0,0,1,0
281,145833,-452,226,226,0,-31207,15603,15603,0,0,0,0,1,0
282,146354,-443,145,298,0,-30607,10031,20576,0,0,0,0,1,0
283,146875,-417,59,358,0,-28831,4073,24758,0,0,0,0,1,0
284,147395,-376,-30,405,0,-25947,-2041,27988,0,0,0,0,1,0
285,147916,-319,-117,436,0,-22066,-8077,30143,0,0,0,0,1,0
286,148437,-251,-200,451,0,-17337,-13802,31140,0,0,0,0,1,0
287,148958,-173,-275,448,0,-11942,-18997,30940,0,0,0,0,1,0
288,149479,-88,-340,428,0,-6088,-23462,29551,0,0,0,0,1,0
289,150000,0,-391,391,0,0,-27026,27026,0,0,0,0,1,0
290,150520,88,-428,340,0,6088,-29551,23462,0,0,0,0,1,0
291,151041,173,-448,275,0,11942,-30940,18997,0,0,0,0,1,0
292,151562,251,-451,200,0,17337,-31140,13802,0,0,0,0,1,0
293,152083,319,-436,117,0,22066,-30143,8077,0,0,0,0,1,0
294,152604,376,-405,30,0,25947,-27988,2041,0,0,0,0,1,0
295,153125,417,-358,-59,0,28831,-24758,-4073,0,0,0,0,1,0
296,153645,443,-298,-145,0,30607,-20576,-10031,0,0,0,0,1,0
297,154166,452,-226,-226,0,31207,-15603,-15603,0,0,0,0,1,0
298,154687,443,-145,-298,0,30607,-10031,-20576,0,0,0,0,1,0
299,155208,417,-59,-358,0,28831,-4073,-24758,0,0,0,0,1,0
300,155729,376,30,-405,0,25947,2041,-27988,0,0,0,0,1,0
301,156250,319,117,-436,0,22066,8077,-30143,0,0,0,0,1,0
302,156770,251,200,-451,0,17337,13802,-31140,0,0,0,0,1,0
303,157291,173,275,-448,0,11942,18997,-30940,0,0,0,0,1,0
304,157812,88,340,-428,0,6088,23462,-29551,0,0,0,0,1,0
305,158333,0,391,-391,0,0,27026,-27026,0,0,0,0,1,0
306,158854,-88,428,-340,0,-6088,29551,-23462,0,0,0,0,1,0
307,159375,-173,448,-275,0,-11942,30940,-18997,0,0,0,0,1,0
308,159895,-251,451,-200,0,-17337,31140,-13802,0,0,0,0,1,0
309,160416,-319,436,-117,0,-22066,30143,-8077,0,0,0,0,1,0
310,160937,-376,405,-30,0,-25947,27988,-2041,0,0,0,0,1,0
311,161458,-417,358,59,0,-28831,24758,4073,0,0,0,0,1,0
312,161979,-443,298,145,0,-30607,20576,10031,0,0,0,0,1,0
313,162500,-452,226,226,0,-31207,15603,15603,0,0,0,0,1,0
314,163020,-443,145,298,0,-30607,10031,20576,0,0,0,0,1,0
315,163541,-417,59,358,0,-28831,4073,24758,0,0,0,0,1,0
316,164062,-376,-30,405,0,-25947,-2041,27988,0,0,0,0,1,0
317,164583,-319,-117,436,0,-22066,-8077,30143,0,0,0,0,1,0
318,165104,-251,-200,451,0,-17337,-13802,31140,0,0,0,0,1,0
319,165625,-173,-275,448,0,-11942,-18997,30940,0,0,0,0,1,0
320,166145,-88,-340,428,0,-6088,-23462,29551,0,0,0,0,1,0
321,166666,0,-391,391,0,0,-27026,27026,0,0,0,0,1,0
322,167187,88,-428,340,0,6088,-29551,23462,0,0,0,0,1,0
323,167708,173,-448,275,0,11942,-30940,18997,0,0,0,0,1,0
324,168229,251,-451,200,0,17337,-31140,13802,0,0,0,0,1,0
325,168750,319,-436,117,0,22066,-30143,8077,0,0,0,0,1,0
326,169270,376,-405,30,0,25947,-27988,2041,0,0,0,0,1,0
327,169791,417,-358,-59,0,28831,-24758,-4073,0,0,0,0,1,0
328,170312,443,-298,-145,0,30607,-20576,-10031,0,0,0,0,1,0
329,170833,452,-226,-226,0,31207,-15603,-15603,0,0,0,0,1,0
330,171354,443,-145,-298,0,30607,-10031,-20576,0,0,0,0,1,0
331,171875,417,-59,-358,0,28831,-4073,-24758,0,0,0,0,1,0
332,172395,376,30,-405,0,25947,2041,-27988,0,0,0,0,1,0
333,172916,319,117,-436,0,22066,8077,-30143,0,0,0,0,1,0
334,173437,251,200,-451,0,17337,13802,-31140,0,0,0,0,1,0
335,173958,173,275,-448,0,11942,18997,-30940,0,0,0,0,1,0
336,174479,88,340,-428,0,6088,23462,-29551,0,0,0,0,1,0
337,175000,0,391,-391,0,0,27026,-27026,0,0,0,0,1,0
338,175520,-88,428,-340,0,-6088,29551,-23462,0,0,0,0,1,0
339,176041,-173,448,-275,0,-11942,30940,-18997,0,0,0,0,1,0
340,176562,-251,451,-200,0,-17337,31140,-13802,0,0,0,0,1,0
341,177083,-319,436,-117,0,-22066,30143,-8077,0,0,0,0,1,0
342,177604,-376,405,-30,0,-25947,27988,-2041,0,0,0,0,1,0
343,178125,-417,358,59,0,-28831,24758,4073,0,0,0,0,1,0
344,178645,-443,298,145,0,-30607,20576,10031,0,0,0,0,1,0
345,179166,-452,226,226,0,-31207,15603,15603,0,0,0,0,1,0
346,179687,-443,145,298,0,-30607,10031,20576,0,0,0,0,1,0
347,180208,-417,59,358,0,-28831,4073,24758,0,0,0,0,1,0
348,180729,-376,-30,405,0,-25947,-2041,27988,0,0,0,0,1,0
349,181250,-319,-117,436,0,-22066,-8077,30143,0,0,0,0,1,0
350,181770,-251,-200,451,0,-17337,-13802,31140,0,0,0,0,1,0
351,182291,-173,-275,448,0,-11942,-18997,30940,0,0,0,0,1,0
352,182812,-88,-340,428,0,-6088,-23462,29551,0,0,0,0,1,0
353,183333,0,-391,391,0,0,-27026,27026,0,0,0,0,1,0
354,183854,88,-428,340,0,6088,-29551,23462,0,0,0,0,1,0
355,184375,173,-448,275,0,11942,-30940,18997,0,0,0,0,1,0
356,184895,251,-451,200,0,17337,-31140,13802,0,0,0,0,1,0
357,185416,319,-436,117,0,22066,-30143,8077,0,0,0,0,1,0
358,185937,376,-405,30,0,25947,-27988,2041,0,0,0,0,1,0
359,186458,417,-358,-59,0,28831,-24758,-4073,0,0,0,0,1,0
360,186979,443,-298,-145,0,30607,-20576,-10031,0,0,0,0,1,0
361,187500,452,-226,-226,0,31207,-15603,-15603,0,0,0,0,1,0
362,188020,443,-145,-298,0,30607,-10031,-20576,0,0,0,0,1,0
363,188541,417,-59,-358,0,28831,-4073,-24758,0,0,0,0,1,0
364,189062,376,30,-405,0,25947,2041,-27988,0,0,0,0,1,0
365,189583,319,117,-436,0,22066,8077,-30143,0,0,0,0,1,0
366,190104,251,200,-451,0,17337,13802,-31140,0,0,0,0,1,0
367,190625,173,275,-448,0,11942,18997,-30940,0,0,0,0,1,0
368,191145,88,340,-428,0,6088,23462,-29551,0,0,0,0,1,0
369,191666,0,391,-391,0,0,27026,-27026,0,0,0,0,1,0
370,192187,-88,428,-340,0,-6088,29551,-23462,0,0,0,0,1,0
371,192708,-173,448,-275,0,-11942,30940,-18997,0,0,0,0,1,0
372,193229,-251,451,-200,0,-17337,31140,-13802,0,0,0,0,1,0
373,193750,-319,436,-117,0,-22066,30143,-8077,0,0,0,0,1,0
374,194270,-376,405,-30,0,-25947,27988,-2041,0,0,0,0,1,0
375,194791,-417,358,59,0,-28831,24758,4073,0,0,0,0,1,0
376,195312,-443,298,145,0,-30607,20576,10031,0,0,0,0,1,0
377,195833,-452,226,226,0,-31207,15603,15603,0,0,0,0,1,0
378,196354,-443,145,298,0,-30607,10031,20576,0,0,0,0,1,0
379,196875,-417,59,358,0,-28831,4073,24758,0,0,0,0,1,0
380,197395,-376,-30,405,0,-25947,-2041,27988,0,0,0,0,1,0
381,197916,-319,-117,436,0,-22066,-8077,30143,0,0,0,0,1,0
382,198437,-251,-200,451,0,-17337,-13802,31140,0,0,0,0,1,0
383,198958,-173,-275,448,0,-11942,-18997,30940,0,0,0,0,1,0
384,199479,-88,-340,428,0,-6088,-23462,29551,0,0,0,0,1,0
385,200000,0,-391,391,0,0,-27026,27026,0,0,0,0,1,0
386,200520,88,-428,340,0,6088,-29551,23462,0,0,0,0,1,0
387,201041,173,-448,275,0,11942,-30940,18997,0,0,0,0,1,0
388,201562,251,-451,200,0,17337,-31140,13802,0,0,0,0,1,0
389,202083,319,-436,117,0,22066,-30143,8077,0,0,0,0,1,0
390,202604,376,-405,30,0,25947,-27988,2041,0,0,0,0,1,0
391,203125,417,-358,-59,0,28831,-24758,-4073,0,0,0,0,1,0
392,203645,443,-298,-145,0,30607,-20576,-10031,0,0,0,0,1,0
393,204166,452,-226,-226,0,31207,-15603,-15603,0,0,0,0,1,0
394,204687,443,-145,-298,0,30607,-10031,-20576,0,0,0,0,1,0
395,205208,417,-59,-358,0,28831,-4073,-24758,0,0,0,0,1,0
396,205729,376,30,-405,0,25947,2041,-27988,0,0,0,0,1,0
397,206250,319,117,-436,0,22066,8077,-30143,0,0,0,0,1,0
398,206770,251,200,-451,0,17337,13802,-31140,0,0,0,0,1,0
399,207291,173,275,-448,0,11942,18997,-30940,0,0,0,0,1,0
400,207812,88,340,-428,0,6088,23462,-29551,0,0,0,0,1,0
401,208333,0,391,-391,0,0,27026,-27026,0,0,0,0,1,0
402,208854,-88,428,-340,0,-6088,29551,-23462,0,0,0,0,1,0
403,209375,-173,448,-275,0,-11942,30940,-18997,0,0,0,0,1,0
404,209895,-251,451,-200,0,-17337,31140,-13802,0,0,0,0,1,0
405,210416,-319,436,-117,0,-22066,30143,-8077,0,0,0,0,1,0
406,210937,-376,405,-30,0,-25947,27988,-2041,0,0,0,0,1,0
407,211458,-417,358,59,0,-28831,24758,4073,0,0,0,0,1,0
408,211979,-443,298,145,0,-30607,20576,10031,0,0,0,0,1,0
409,212500,-452,226,226,0,-31207,15603,15603,0,0,0,0,1,0
410,213020,-443,145,298,0,-30607,10031,20576,0,0,0,0,1,0
411,213541,-417,59,358,0,-28831,4073,24758,0,0,0,0,1,0
412,214062,-376,-30,405,0,-25947,-2041,27988,0,0,0,0,1,0
413,214583,-319,-117,436,0,-22066,-8077,30143,0,0,0,0,1,0
414,215104,-251,-200,451,0,-17337,-13802,31140,0,0,0,0,1,0
415,215625,-173,-275,448,0,-11942,-18997,30940,0,0,0,0,1,0
416,216145,-88,-340,428,0,-6088,-23462,29551,0,0,0,0,1,0
417,216666,0,-391,391,0,0,-27026,27026,0,0,0,0,1,0
418,217187,88,-428,340,0,6088,-29551,23462,0,0,0,0,1,0
419,217708,173,-448,275,0,11942,-30940,18997,0,0,0,0,1,0
420,218229,251,-451,200,0,17337,-31140,13802,0,0,0,0,1,0
421,218750,319,-436,117,0,22066,-30143,8077,0,0,0,0,1,0
422,219270,376,-405,30,0,25947,-27988,2041,0,0,0,0,1,0
423,219791,417,-358,-59,0,28831,-24758,-4073,0,0,0,0,1,0
424,220312,443,-298,-145,0,30607,-20576,-10031,0,0,0,0,1,0
425,220833,452,-226,-226,0,31207,-15603,-15603,0,0,0,0,1,0
426,221354,443,-145,-298,0,30607,-10031,-20576,0,0,0,0,1,0
427,221875,417,-59,-358,0,28831,-4073,-24758,0,0,0,0,1,0
428,222395,376,30,-405,0,25947,2041,-27988,0,0,0,0,1,0
429,222916,319,117,-436,0,22066,8077,-30143,0,0,0,0,1,0
430,223437,251,200,-451,0,17337,13802,-31140,0,0,0,0,1,0
431,223958,173,275,-448,0,11942,18997,-30940,0,0,0,0,1,0
432,224479,88,340,-428,0,6088,23462,-29551,0,0,0,0,1,0
433,225000,0,391,-391,0,0,27026,-27026,0,0,0,0,1,0
434,225520,-88,428,-340,0,-6088,29551,-23462,0,0,0,0,1,0
435,226041,-173,448,-275,0,-11942,30940,-18997,0,0,0,0,1,0
436,226562,-251,451,-200,0,-17337,31140,-13802,0,0,0,0,1,0
437,227083,-319,436,-117,0,-22066,30143,-8077,0,0,0,0,1,0
438,227604,-376,405,-30,0,-25947,27988,-2041,0,0,0,0,1,0
439,228125,-417,358,59,0,-28831,24758,4073,0,0,0,0,1,0
440,228645,-443,298,145,0,-30607,20576,10031,0,0,0,0,1,0
441,229166,-452,226,226,0,-31207,15603,15603,0,0,0,0,1,0
442,229687,-443,145,298,0,-30607,10031,20576,0,0,0,0,1,0
443,230208,-417,59,358,0,-28831,4073,24758,0,0,0,0,1,0
444,230729,-376,-30,405,0,-25947,-2041,27988,0,0,0,0,1,0
445,231250,-319,-117,436,0,-22066,-8077,30143,0,0,0,0,1,0
446,231770,-251,-200,451,0,-17337,-13802,31140,0,0,0,0,1,0
447,232291,-173,-275,448,0,-11942,-18997,30940,0,0,0,0,1,0
448,232812,-88,-340,428,0,-6088,-23462,29551,0,0,0,0,1,0
449,233333,0,-391,391,0,0,-27026,27026,0,0,0,0,1,0
450,233854,88,-428,340,0,6088,-29551,23462,0,0,0,0,1,0
451,234375,173,-448,275,0,11942,-30940,18997,0,0,0,0,1,0
452,234895,251,-451,200,0,17337,-31140,13802,0,0,0,0,1,0
453,235416,319,-436,117,0,22066,-30143,8077,0,0,0,0,1,0
454,235937,376,-405,30,0,25947,-27988,2041,0,0,0,0,1,0
455,236458,417,-358,-59,0,28831,-24758,-4073,0,0,0,0,1,0
456,236979,443,-298,-145,0,30607,-20576,-10031,0,0,0,0,1,0
457,237500,452,-226,-226,0,31207,-15603,-15603,0,0,0,0,1,0
458,238020,443,-145,-298,0,30607,-10031,-20576,0,0,0,0,1,0
459,238541,417,-59,-358,0,28831,-4073,-24758,0,0,0,0,1,0
460,239062,376,30,-405,0,25947,2041,-27988,0,0,0,0,1,0
461,239583,319,117,-436,0,22066,8077,-30143,0,0,0,0,1,0
462,240104,251,200,-451,0,17337,13802,-31140,0,0,0,0,1,0
