1,0,0,-172,172,0,0,-25024,25024,0,0,0,0,1,0
2,520,39,-188,149,0,5637,-27362,21724,0,0,0,0,1,0
3,1041,76,-196,121,0,11058,-28648,17590,0,0,0,0,1,0
4,1562,110,-198,88,0,16053,-28833,12780,0,0,0,0,1,0
5,2083,140,-191,51,0,20432,-27910,7479,0,0,0,0,1,0
6,2604,165,-178,13,0,24025,-25915,1890,0,0,0,0,1,0
7,3125,183,-157,-26,0,26696,-22924,-3772,0,0,0,0,1,0
8,3645,194,-131,-64,0,28340,-19052,-9288,0,0,0,0,1,0
9,4166,198,-99,-99,0,28895,-14448,-14448,0,0,0,0,1,0
10,4687,194,-64,-131,0,28340,-9288,-19052,0,0,0,0,1,0
11,5208,183,-26,-157,0,26696,-3772,-22924,0,0,0,0,1,0
12,5729,165,13,-178,0,24025,1890,-25915,0,0,0,0,1,0
13,6250,140,51,-191,0,20432,7479,-27910,0,0,0,0,1,0
14,6770,110,88,-198,0,16053,12780,-28833,0,0,0,0,1,0
15,7291,76,121,-196,0,11058,17590,-28648,0,0,0,0,1,0
16,7812,39,149,-188,0,5637,21724,-27362,0,0,0,0,1,0
17,8333,0,172,-172,0,0,25024,-25024,0,0,0,0,1,0
18,8854,-39,188,-149,0,-5637,27362,-21724,0,0,0,0,1,0
19,9375,-76,196,-121,0,-11058,28648,-17590,0,0,0,0,1,0
20,9895,-110,198,-88,0,-16053,28833,-12780,0,0,0,0,1,0
21,10416,-140,191,-51,0,-20432,27910,-7479,0,0,0,0,1,0
22,10937,-165,178,-13,0,-24025,25915,-1890,0,0,0,0,1,0
23,11458,-183,157,26,0,-26696,22924,3772,0,0,0,0,1,0
24,11979,-194,131,64,0,-28340,19052,9288,0,0,0,0,1,0
25,12500,-198,99,99,0,-28895,14448,14448,0,0,0,0,1,0
26,13020,-194,64,131,0,-28340,9288,19052,0,0,0,0,1,0
27,13541,-183,26,157,0,-26696,3772,22924,0,0,0,0,1,0
28,14062,-165,-13,178,0,-24025,-1890,25915,0,0,0,0,1,0
29,14583,-140,-51,191,0,-20432,-7479,27910,0,0,0,0,1,0
30,15104,-110,-88,198,0,-16053,-12780,28833,0,0,0,0,1,0
31,15625,-76,-121,196,0,-11058,-17590,28648,0,0,0,0,1,0
32,16145,-39,-149,188,0,-5637,-21724,27362,0,0,0,0,1,0
33,16666,0,-172,172,0,0,-25024,25024,0,0,0,0,1,0
34,17187,39,-188,149,0,5637,-27362,21724,0,0,0,0,1,0
35,17708,76,-196,121,0,11058,-28648,17590,0,0,0,0,1,0
36,18229,110,-198,88,0,16053,-28833,12780,0,0,0,0,1,0
37,18750,140,-191,51,0,20432,-27910,7479,0,0,0,0,1,0
38,19270,165,-178,13,0,24025,-25915,1890,0,0,0,0,1,0
39,19791,183,-157,-26,0,26696,-22924,-3772,0,0,0,0,1,0
40,20312,194,-131,-64,0,28340,-19052,-9288,0,0,0,0,1,0
41,20833,198,-99,-99,0,28895,-14448,-14448,0,0,0,0,1,0
42,21354,194,-64,-131,0,28340,-9288,-19052,0,0,0,0,1,0
43,21875,183,-26,-157,0,26696,-3772,-22924,0,0,0,0,1,0
44,22395,165,13,-178,0,24025,1890,-25915,0,0,0,0,1,0
45,22916,140,51,-191,0,20432,7479,-27910,0,0,0,0,1,0
46,23437,110,88,-198,0,16053,12780,-28833,0,0,0,0,1,0
47,23958,76,121,-196,0,11058,17590,-28648,0,0,0,0,1,0
48,24479,39,149,-188,0,5637,21724,-27362,0,0,0,0,1,0
49,25000,0,172,-172,0,0,25024,-25024,0,0,0,0,1,0
50,25520,-39,188,-149,0,-5637,27362,-21724,0,0,0,0,1,0
51,26041,-76,196,-121,0,-11058,28648,-17590,0,0,0,0,1,0
52,26562,-110,198,-88,0,-16053,28833,-12780,0,0,0,0,1,0
53,27083,-140,191,-51,0,-20432,27910,-7479,0,0,0,0,1,0
54,27604,-165,178,-13,0,-24025,25915,-1890,0,0,0,0,1,0
55,28125,-183,157,26,0,-26696,22924,3772,0,0,0,0,1,0
56,28645,-194,131,64,0,-28340,19052,9288,0,0,0,0,1,0
57,29166,-198,99,99,0,-28895,14448,14448,0,0,0,0,1,0
58,29687,-194,64,131,0,-28340,9288,19052,0,0,0,0,1,0
59,30208,-183,26,157,0,-26696,3772,22924,0,0,0,0,1,0
60,30729,-165,-13,178,0,-24025,-1890,25915,0,0,0,0,1,0
61,31250,-140,-51,191,0,-20432,-7479,27910,0,0,0,0,1,0
62,31770,-110,-88,198,0,-16053,-12780,28833,0,0,0,0,1,0
63,32291,-76,-121,196,0,-11058,-17590,28648,0,0,0,0,1,0
64,32812,-39,-149,188,0,-5637,-21724,27362,0,0,0,0,1,0
65,33333,0,-172,172,0,0,-25024,25024,0,0,0,0,1,0
66,33854,39,-188,149,0,5637,-27362,21724,0,0,0,0,1,0
67,34375,76,-196,121,0,11058,-28648,17590,0,0,0,0,1,0
68,34895,110,-198,88,0,16053,-28833,12780,0,0,0,0,1,0
69,35416,140,-191,51,0,20432,-27910,7479,0,0,0,0,1,0
70,35937,165,-178,13,0,24025,-25915,1890,0,0,0,0,1,0
71,36458,183,-157,-26,0,26696,-22924,-3772,0,0,0,0,1,0
72,36979,194,-131,-64,0,28340,-19052,-9288,0,0,0,0,1,0
73,37500,198,-99,-99,0,28895,-14448,-14448,0,0,0,0,1,0
74,38020,194,-64,-131,0,28340,-9288,-19052,0,0,0,0,1,0
75,38541,183,-26,-157,0,26696,-3772,-22924,0,0,0,0,1,0
76,39062,165,13,-178,0,24025,1890,-25915,0,0,0,0,1,0
77,39583,140,51,-191,0,20432,7479,-27910,0,0,0,0,1,0
78,40104,110,88,-198,0,16053,12780,-28833,0,0,0,0,1,0
79,40625,76,121,-196,0,11058,17590,-28648,0,0,0,0,1,0
80,41145,39,149,-188,0,5637,21724,-27362,0,0,0,0,1,0
81,41666,0,172,-172,0,0,25024,-25024,0,0,0,0,1,0
82,42187,-39,188,-149,0,-5637,27362,-21724,0,0,0,0,1,0
83,42708,-76,196,-121,0,-11058,28648,-17590,0,0,0,0,1,0
84,43229,-110,198,-88,0,-16053,28833,-12780,0,0,0,0,1,0
85,43750,-140,191,-51,0,-20432,27910,-7479,0,0,0,0,1,0
86,44270,-165,178,-13,0,-24025,25915,-1890,0,0,0,0,1,0
87,44791,-183,157,26,0,-26696,22924,3772,0,0,0,0,1,0
88,45312,-194,131,64,0,-28340,19052,9288,0,0,0,0,1,0
89,45833,-198,99,99,0,-28895,14448,14448,0,0,0,0,1,0
90,46354,-194,64,131,0,-28340,9288,19052,0,0,0,0,1,0
91,46875,-183,26,157,0,-26696,3772,22924,0,0,0,0,1,0
92,47395,-165,-13,178,0,-24025,-1890,25915,0,0,0,0,1,0
93,47916,-140,-51,191,0,-20432,-7479,27910,0,0,0,0,1,0
94,48437,-110,-88,198,0,-16053,-12780,28833,0,0,0,0,1,0
95,48958,-76,-121,196,0,-11058,-17590,28648,0,0,0,0,1,0
96,49479,-39,-149,188,0,-5637,-21724,27362,0,0,0,0,1,0
97,50000,0,-172,31207,31035,0,-27026,2502,0,0,1,0,1,0
98,50520,39,-188,27781,27632,6088,-29551,2172,0,0,1,0,1,0
99,51041,76,-196,23863,23743,11942,-30940,1759,0,0,1,0,1,0
100,51562,110,-198,19594,19506,17337,-31140,1278,0,0,1,0,1,0
101,52083,140,-191,15125,15074,22066,-30143,748,0,0,1,0,1,0
102,52604,165,-178,10619,10606,25947,-27988,189,0,0,1,0,1,0
103,53125,183,-157,6236,6262,28831,-24758,-377,0,0,1,0,1,0
104,53645,194,-131,2137,2200,30607,-20576,-929,0,0,1,0,1,0
105,54166,198,-99,-1533,-1434,31207,-15603,-1445,0,0,1,0,1,0
106,54687,194,-64,-4641,-4511,30607,-10031,-1905,0,0,1,0,1,0
107,55208,183,-26,-7079,-6922,28831,-4073,-2292,0,0,1,0,1,0
108,55729,165,13,-8762,-8585,25947,2041,-2592,0,0,1,0,1,0
109,56250,140,51,-9635,-9444,22066,8077,-2791,0,0,1,0,1,0
110,56770,110,88,-9673,-9476,17337,13802,-2883,0,0,1,0,1,0
111,57291,76,121,-8885,-8689,11942,18997,-2865,0,0,1,0,1,0
112,57812,39,149,-7309,-7121,6088,23462,-2736,0,0,1,0,1,0
113,58333,0,172,-5014,-4842,0,27026,-2502,0,0,1,0,1,0
114,58854,-39,188,-2097,-1948,-6088,29551,-2172,0,0,1,0,1,0
115,59375,-76,196,1321,1441,-11942,30940,-1759,0,0,1,0,1,0
116,59895,-110,198,5101,5188,-17337,31140,-1278,0,0,1,0,1,0
117,60416,-140,191,9089,9140,-22066,30143,-748,0,0,1,0,1,0
118,60937,-165,178,13125,13138,-25947,27988,-189,0,0,1,0,1,0
119,61458,-183,157,17046,17020,-28831,24758,377,0,0,1,0,1,0
120,61979,-194,131,20692,20629,-30607,20576,929,0,0,1,0,1,0
121,62500,-198,99,23918,23819,-31207,15603,1445,0,0,1,0,1,0
122,63020,-194,64,26592,26461,-30607,10031,1905,0,0,1,0,1,0
123,63541,-183,26,28603,28445,-28831,4073,2292,0,0,1,0,1,0
124,64062,-165,-13,29867,29689,-25947,-2041,2592,0,0,1,0,1,0
125,64583,-140,-51,30330,30138,-22066,-8077,2791,0,0,1,0,1,0
126,65104,-110,-88,29966,29768,-17337,-13802,2883,0,0,1,0,1,0
127,65625,-76,-121,28783,28586,-11942,-18997,2865,0,0,1,0,1,0
128,66145,-39,-149,26819,26632,-6088,-23462,2736,0,0,1,0,1,0
129,66666,0,-172,24145,23974,0,-27026,2502,0,0,1,0,1,0
130,67187,39,-188,20857,20708,6088,-29551,2172,0,0,1,0,1,0
131,67708,76,-196,17074,16953,11942,-30940,1759,0,0,1,0,1,0
132,68229,110,-198,12936,12849,17337,-31140,1278,0,0,1,0,1,0
133,68750,140,-191,8597,8546,22066,-30143,748,0,0,1,0,1,0
134,69270,165,-178,4217,4204,25947,-27988,189,0,0,1,0,1,0
135,69791,183,-157,-40,-15,28831,-24758,-377,0,0,1,0,1,0
136,70312,194,-131,-4018,-3954,30607,-20576,-929,0,0,1,0,1,0
137,70833,198,-99,-7568,-7469,31207,-15603,-1445,0,0,1,0,1,0
138,71354,194,-64,-10559,-10429,30607,-10031,-1905,0,0,1,0,1,0
139,71875,183,-26,-12882,-12725,28831,-4073,-2292,0,0,1,0,1,0
140,72395,165,13,-14452,-14274,25947,2041,-2592,0,0,1,0,1,0
141,72916,140,51,-15214,-15023,22066,8077,-2791,0,0,1,0,1,0
142,73437,110,88,-15144,-14947,17337,13802,-2883,0,0,1,0,1,0
143,73958,76,121,-14249,-14053,11942,18997,-2865,0,0,1,0,1,0
144,74479,39,149,-12569,-12381,6088,23462,-2736,0,0,1,0,1,0
145,75000,0,172,-10172,-10000,0,27026,-2502,0,0,1,0,1,0
146,75520,-39,188,-7155,-7006,-6088,29551,-2172,0,0,1,0,1,0
147,76041,-76,196,-3638,-3518,-11942,30940,-1759,0,0,1,0,1,0
148,76562,-110,198,238,326,-17337,31140,-1278,0,0,1,0,1,0
149,77083,-140,191,4321,4372,-22066,30143,-748,0,0,1,0,1,0
150,77604,-165,178,8450,8463,-25947,27988,-189,0,0,1,0,1,0
151,78125,-183,157,12461,12435,-28831,24758,377,0,0,1,0,1,0
152,78645,-194,131,16197,16133,-30607,20576,929,0,0,1,0,1,0
153,79166,-198,99,19510,19411,-31207,15603,1445,0,0,1,0,1,0
154,79687,-194,64,22269,22139,-30607,10031,1905,0,0,1,0,1,0
155,80208,-183,26,24364,24207,-28831,4073,2292,0,0,1,0,1,0
156,80729,-165,-13,25711,25534,-25947,-2041,2592,0,0,1,0,1,0
157,81250,-140,-51,26255,26063,-22066,-8077,2791,0,0,1,0,1,0
158,81770,-110,-88,25970,25772,-17337,-13802,2883,0,0,1,0,1,0
159,82291,-76,-121,24864,24668,-11942,-18997,2865,0,0,1,0,1,0
160,82812,-39,-149,22977,22790,-6088,-23462,2736,0,0,1,0,1,0
161,83333,0,-172,20378,20206,0,-27026,2502,0,0,1,0,1,0
162,83854,39,-188,17163,17014,6088,-29551,2172,0,0,1,0,1,0
163,84375,76,-196,13452,13331,11942,-30940,1759,0,0,1,0,1,0
164,84895,110,-198,9384,9297,17337,-31140,1278,0,0,1,0,1,0
165,85416,140,-191,5114,5063,22066,-30143,748,0,0,1,0,1,0
166,85937,165,-178,802,789,25947,-27988,189,0,0,1,0,1,0
167,86458,183,-157,-3389,-3363,28831,-24758,-377,0,0,1,0,1,0
168,86979,194,-131,-7301,-7238,30607,-20576,-929,0,0,1,0,1,0
169,87500,198,-99,-10787,-10688,31207,-15603,-1445,0,0,1,0,1,0
170,88020,194,-64,-13716,-13586,30607,-10031,-1905,0,0,1,0,1,0
171,88541,183,-26,-15978,-15820,28831,-4073,-2292,0,0,1,0,1,0
172,89062,165,13,-17487,-17310,25947,2041,-2592,0,0,1,0,1,0
173,89583,140,51,-18191,-17999,22066,8077,-2791,0,0,1,0,1,0
174,90104,110,88,-18063,-17865,17337,13802,-2883,0,0,1,0,1,0
175,90625,76,121,-17111,-16915,11942,18997,-2865,0,0,1,0,1,0
176,91145,39,149,-15375,-15187,6088,23462,-2736,0,0,1,0,1,0
177,91666,0,172,-12923,-12752,0,27026,-2502,0,0,1,0,1,0
178,92187,-39,188,-9853,-9704,-6088,29551,-2172,0,0,1,0,1,0
179,92708,-76,196,-6284,-6163,-11942,30940,-1759,0,0,1,0,1,0
180,93229,-110,198,-2356,-2269,-17337,31140,-1278,0,0,1,0,1,0
181,93750,-140,191,1777,1829,-22066,30143,-748,0,0,1,0,1,0
182,94270,-165,178,5955,5968,-25947,27988,-189,0,0,1,0,1,0
183,94791,-183,157,10015,9989,-28831,24758,377,0,0,1,0,1,0
184,95312,-194,131,13799,13735,-30607,20576,929,0,0,1,0,1,0
185,95833,-198,99,17159,17060,-31207,15603,1445,0,0,1,0,1,0
186,96354,-194,64,19963,19833,-30607,10031,1905,0,0,1,0,1,0
187,96875,-183,26,22103,21946,-28831,4073,2292,0,0,1,0,1,0
188,97395,-165,-13,23494,23316,-25947,-2041,2592,0,0,1,0,1,0
189,97916,-140,-51,24081,23889,-22066,-8077,2791,0,0,1,0,1,0
190,98437,-110,-88,23838,23640,-17337,-13802,2883,0,0,1,0,1,0
191,98958,-76,-121,22774,22578,-11942,-18997,2865,0,0,1,0,1,0
192,99479,-39,-149,20928,20740,-6088,-23462,2736,0,0,1,0,1,0
193,100000,0,-172,18368,18197,0,-27026,2502,0,0,1,0,1,0
194,100520,39,-188,15192,15043,6088,-29551,2172,0,0,1,0,1,0
195,101041,76,-196,11519,11399,11942,-30940,1759,0,0,1,0,1,0
196,101562,110,-198,7490,7402,17337,-31140,1278,0,0,1,0,1,0
197,102083,140,-191,3256,3205,22066,-30143,748,0,0,1,0,1,0
198,102604,165,-178,-1019,-1032,25947,-27988,189,0,0,1,0,1,0
199,103125,183,-157,-5175,-5150,28831,-24758,-377,0,0,1,0,1,0
200,103645,194,-131,-9053,-8989,30607,-20576,-929,0,0,1,0,1,0
201,104166,198,-99,-12505,-12406,31207,-15603,-1445,0,0,1,0,1,0
202,104687,194,-64,-15400,-15270,30607,-10031,-1905,0,0,1,0,1,0
203,105208,183,-26,-17629,-17472,28831,-4073,-2292,0,0,1,0,1,0
204,105729,165,13,-19107,-18929,25947,2041,-2592,0,0,1,0,1,0
205,106250,140,51,-19779,-19587,22066,8077,-2791,0,0,1,0,1,0
206,106770,110,88,-19620,-19422,17337,13802,-2883,0,0,1,0,1,0
207,107291,76,121,-18638,-18441,11942,18997,-2865,0,0,1,0,1,0
208,107812,39,149,-16872,-16684,6088,23462,-2736,0,0,1,0,1,0
209,108333,0,172,-14391,-14220,0,27026,-2502,0,0,1,0,1,0
210,108854,-39,188,-11292,-11143,-6088,29551,-2172,0,0,1,0,1,0
211,109375,-76,196,-7695,-7575,-11942,30940,-1759,0,0,1,0,1,0
212,109895,-110,198,-3740,-3653,-17337,31140,-1278,0,0,1,0,1,0
213,110416,-140,191,420,471,-22066,30143,-748,0,0,1,0,1,0
214,110937,-165,178,4625,4638,-25947,27988,-189,0,0,1,0,1,0
215,111458,-183,157,8710,8685,-28831,24758,377,0,0,1,0,1,0
216,111979,-194,131,12519,12456,-30607,20576,929,0,0,1,0,1,0
217,112500,-198,99,15904,15805,-31207,15603,1445,0,0,1,0,1,0
218,113020,-194,64,18733,18603,-30607,10031,1905,0,0,1,0,1,0
219,113541,-183,26,20897,20740,-28831,4073,2292,0,0,1,0,1,0
220,114062,-165,-13,22311,22134,-25947,-2041,2592,0,0,1,0,1,0
221,114583,-140,-51,22921,22729,-22066,-8077,2791,0,0,1,0,1,0
222,115104,-110,-88,22701,22503,-17337,-13802,2883,0,0,1,0,1,0
223,115625,-76,-121,21659,21463,-11942,-18997,2865,0,0,1,0,1,0
224,116145,-39,-149,19834,19647,-6088,-23462,2736,0,0,1,0,1,0
225,116666,0,-172,17296,17124,0,-27026,2502,0,0,1,0,1,0
226,117187,39,-188,14140,13992,6088,-29551,2172,0,0,1,0,1,0
227,117708,76,-196,10488,10368,11942,-30940,1759,0,0,1,0,1,0
228,118229,110,-198,6479,6391,17337,-31140,1278,0,0,1,0,1,0
229,118750,140,-191,2265,2214,22066,-30143,748,0,0,1,0,1,0
230,119270,165,-178,-1991,-2004,25947,-27988,189,0,0,1,0,1,0
231,119791,183,-157,-6128,-6103,28831,-24758,-377,0,0,1,0,1,0
232,120312,194,-131,-9988,-9924,30607,-20576,-929,0,0,1,0,1,0
233,120833,198,-99,-13421,-13322,31207,-15603,-1445,0,0,1,0,1,0
234,121354,194,-64,-16299,-16168,30607,-10031,-1905,0,0,1,0,1,0
235,121875,183,-26,-18510,-18353,28831,-4073,-2292,0,0,1,0,1,0
236,122395,165,13,-19971,-19793,25947,2041,-2592,0,0,1,0,1,0
237,122916,140,51,-20626,-20434,22066,8077,-2791,0,0,1,0,1,0
238,123437,110,88,-20450,-20253,17337,13802,-2883,0,0,1,0,1,0
239,123958,76,121,-19452,-19256,11942,18997,-2865,0,0,1,0,1,0
240,124479,39,149,-17671,-17483,6088,23462,-2736,0,0,1,0,1,0
241,125000,0,172,-15174,-15003,0,27026,-2502,0,0,1,0,1,0
242,125520,-39,188,-12060,-11911,-6088,29551,-2172,0,0,1,0,1,0
243,126041,-76,196,-8448,-8328,-11942,30940,-1759,0,0,1,0,1,0
244,126562,-110,198,-4479,-4391,-17337,31140,-1278,0,0,1,0,1,0
245,127083,-140,191,-304,-253,-22066,30143,-748,0,0,1,0,1,0
246,127604,-165,178,3915,3928,-25947,27988,-189,0,0,1,0,1,0
247,128124,-183,157,8014,7988,-28831,24758,377,0,0,1,0,1,0
248,128645,-194,131,11837,11773,-30607,20576,929,0,0,1,0,1,0
249,129166,-198,99,15235,15136,-31207,15603,1445,0,0,1,0,1,0
250,129687,-194,64,18077,17946,-30607,10031,1905,0,0,1,0,1,0
251,130208,-183,26,20253,20096,-28831,4073,2292,0,0,1,0,1,0
252,130729,-165,-13,21680,21503,-25947,-2041,2592,0,0,1,0,1,0
253,131250,-140,-51,22302,22111,-22066,-8077,2791,0,0,1,0,1,0
254,131770,-110,-88,22094,21896,-17337,-13802,2883,0,0,1,0,1,0
255,132291,-76,-121,21064,20868,-11942,-18997,2865,0,0,1,0,1,0
256,132812,-39,-149,19251,19063,-6088,-23462,2736,0,0,1,0,1,0
257,133333,0,-172,16724,16552,0,-27026,2502,0,0,1,0,1,0
258,133854,39,-188,13580,13431,6088,-29551,2172,0,0,1,0,1,0
259,134375,76,-196,9938,9818,11942,-30940,1759,0,0,1,0,1,0
260,134895,110,-198,5940,5852,17337,-31140,1278,0,0,1,0,1,0
261,135416,140,-191,1736,1685,22066,-30143,748,0,0,1,0,1,0
262,135937,165,-178,-2510,-2523,25947,-27988,189,0,0,1,0,1,0
263,136458,183,-157,-6637,-6611,28831,-24758,-377,0,0,1,0,1,0
264,136979,194,-131,-10486,-10422,30607,-20576,-929,0,0,1,0,1,0
265,137500,198,-99,-13910,-13811,31207,-15603,-1445,0,0,1,0,1,0
266,138020,194,-64,-16778,-16648,30607,-10031,-1905,0,0,1,0,1,0
267,138541,183,-26,-18980,-18823,28831,-4073,-2292,0,0,1,0,1,0
268,139062,165,13,-20432,-20254,25947,2041,-2592,0,0,1,0,1,0
269,139583,140,51,-21078,-20886,22066,8077,-2791,0,0,1,0,1,0
270,140104,110,88,-20894,-20696,17337,13802,-2883,0,0,1,0,1,0
271,140625,76,121,-19887,-19690,11942,18997,-2865,0,0,1,0,1,0
272,141145,39,149,-18097,-17909,6088,23462,-2736,0,0,1,0,1,0
273,141666,0,172,-15592,-15421,0,27026,-2502,0,0,1,0,1,0
274,142187,-39,188,-12470,-12321,-6088,29551,-2172,0,0,1,0,1,0
275,142708,-76,196,-8850,-8729,-11942,30940,-1759,0,0,1,0,1,0
276,143229,-110,198,-4872,-4785,-17337,31140,-1278,0,0,1,0,1,0
277,143750,-140,191,-690,-639,-22066,30143,-748,0,0,1,0,1,0
278,144270,-165,178,3536,3549,-25947,27988,-189,0,0,1,0,1,0
279,144791,-183,157,7643,7617,-28831,24758,377,0,0,1,0,1,0
280,145312,-194,131,11473,11409,-30607,20576,929,0,0,1,0,1,0
281,145833,-198,99,14878,14779,-31207,15603,1445,0,0,1,0,1,0
282,146354,-194,64,17727,17596,-30607,10031,1905,0,0,1,0,1,0
283,146875,-183,26,19910,19753,-28831,4073,2292,0,0,1,0,1,0
284,147395,-165,-13,21344,21166,-25947,-2041,2592,0,0,1,0,1,0
285,147916,-140,-51,21972,21781,-22066,-8077,2791,0,0,1,0,1,0
286,148437,-110,-88,21770,21573,-17337,-13802,2883,0,0,1,0,1,0
287,148958,-76,-121,20747,20550,-11942,-18997,2865,0,0,1,0,1,0
288,149479,-39,-149,18940,18752,-6088,-23462,2736,0,0,1,0,1,0
289,150000,0,-172,16419,16247,0,-27026,2502,0,0,1,0,1,0
290,150520,39,-188,13280,13131,6088,-29551,2172,0,0,1,0,1,0
291,151041,76,-196,9645,9524,11942,-30940,1759,0,0,1,0,1,0
292,151562,110,-198,5652,5564,17337,-31140,1278,0,0,1,0,1,0
293,152083,140,-191,1454,1403,22066,-30143,748,0,0,1,0,1,0
294,152604,165,-178,-2787,-2800,25947,-27988,189,0,0,1,0,1,0
295,153125,183,-157,-6908,-6882,28831,-24758,-377,0,0,1,0,1,0
296,153645,194,-131,-10752,-10688,30607,-20576,-929,0,0,1,0,1,0
297,154166,198,-99,-14171,-14072,31207,-15603,-1445,0,0,1,0,1,0
298,154687,194,-64,-17034,-16903,30607,-10031,-1905,0,0,1,0,1,0
299,155208,183,-26,-19231,-19074,28831,-4073,-2292,0,0,1,0,1,0
300,155729,165,13,-20678,-20500,25947,2041,-2592,0,0,1,0,1,0
301,156250,140,51,-21319,-21127,22066,8077,-2791,0,0,1,0,1,0
302,156770,110,88,-21130,-20932,17337,13802,-2883,0,0,1,0,1,0
303,157291,76,121,-20119,-19922,11942,18997,-2865,0,0,1,0,1,0
304,157812,39,149,-18324,-18136,6088,23462,-2736,0,0,1,0,1,0
305,158333,0,172,-15815,-15643,0,27026,-2502,0,0,1,0,1,0
306,158854,-39,188,-12688,-12539,-6088,29551,-2172,0,0,1,0,1,0
307,159375,-76,196,-9064,-8944,-11942,30940,-1759,0,0,1,0,1,0
308,159895,-110,198,-5083,-4995,-17337,31140,-1278,0,0,1,0,1,0
309,160416,-140,191,-896,-845,-22066,30143,-748,0,0,1,0,1,0
310,160937,-165,178,3334,3347,-25947,27988,-189,0,0,1,0,1,0
311,161458,-183,157,7445,7419,-28831,24758,377,0,0,1,0,1,0
312,161979,-194,131,11278,11215,-30607,20576,929,0,0,1,0,1,0
313,162500,-198,99,14687,14588,-31207,15603,1445,0,0,1,0,1,0
314,163020,-194,64,17540,17409,-30607,10031,1905,0,0,1,0,1,0
315,163541,-183,26,19727,19570,-28831,4073,2292,0,0,1,0,1,0
316,164062,-165,-13,21164,20986,-25947,-2041,2592,0,0,1,0,1,0
317,164583,-140,-51,21796,21605,-22066,-8077,2791,0,0,1,0,1,0
318,165104,-110,-88,21598,21400,-17337,-13802,2883,0,0,1,0,1,0
319,165625,-76,-121,20577,20381,-11942,-18997,2865,0,0,1,0,1,0
320,166145,-39,-149,18774,18586,-6088,-23462,2736,0,0,1,0,1,0
321,166666,0,-172,16256,16084,0,-27026,2502,0,0,1,0,1,0
322,167187,39,-188,13121,12972,6088,-29551,2172,0,0,1,0,1,0
323,167708,76,-196,9488,9368,11942,-30940,1759,0,0,1,0,1,0
324,168229,110,-198,5498,5411,17337,-31140,1278,0,0,1,0,1,0
325,168750,140,-191,1304,1253,22066,-30143,748,0,0,1,0,1,0
326,169270,165,-178,-2934,-2947,25947,-27988,189,0,0,1,0,1,0
327,169791,183,-157,-7053,-7027,28831,-24758,-377,0,0,1,0,1,0
328,170312,194,-131,-10894,-10830,30607,-20576,-929,0,0,1,0,1,0
329,170833,198,-99,-14310,-14211,31207,-15603,-1445,0,0,1,0,1,0
330,171354,194,-64,-17170,-17040,30607,-10031,-1905,0,0,1,0,1,0
331,171875,183,-26,-19365,-19207,28831,-4073,-2292,0,0,1,0,1,0
332,172395,165,13,-20809,-20631,25947,2041,-2592,0,0,1,0,1,0
333,172916,140,51,-21447,-21256,22066,8077,-2791,0,0,1,0,1,0
334,173437,110,88,-21256,-21058,17337,13802,-2883,0,0,1,0,1,0
335,173958,76,121,-20242,-20046,11942,18997,-2865,0,0,1,0,1,0
336,174479,39,149,-18445,-18258,6088,23462,-2736,0,0,1,0,1,0
337,175000,0,172,-15934,-15762,0,27026,-2502,0,0,1,0,1,0
338,175520,-39,188,-12805,-12656,-6088,29551,-2172,0,0,1,0,1,0
339,176041,-76,196,-9179,-9058,-11942,30940,-1759,0,0,1,0,1,0
340,176562,-110,198,-5195,-5107,-17337,31140,-1278,0,0,1,0,1,0
341,177083,-140,191,-1006,-955,-22066,30143,-748,0,0,1,0,1,0
342,177604,-165,178,3226,3239,-25947,27988,-189,0,0,1,0,1,0
343,178125,-183,157,7339,7313,-28831,24758,377,0,0,1,0,1,0
344,178645,-194,131,11175,11111,-30607,20576,929,0,0,1,0,1,0
345,179166,-198,99,14586,14487,-31207,15603,1445,0,0,1,0,1,0
346,179687,-194,64,17440,17310,-30607,10031,1905,0,0,1,0,1,0
347,180208,-183,26,19629,19472,-28831,4073,2292,0,0,1,0,1,0
348,180729,-165,-13,21068,20891,-25947,-2041,2592,0,0,1,0,1,0
349,181250,-140,-51,21702,21511,-22066,-8077,2791,0,0,1,0,1,0
350,181770,-110,-88,21506,21308,-17337,-13802,2883,0,0,1,0,1,0
351,182291,-76,-121,20487,20291,-11942,-18997,2865,0,0,1,0,1,0
352,182812,-39,-149,18685,18498,-6088,-23462,2736,0,0,1,0,1,0
353,183333,0,-172,16169,15998,0,-27026,2502,0,0,1,0,1,0
354,183854,39,-188,13036,12887,6088,-29551,2172,0,0,1,0,1,0
355,184375,76,-196,9405,9284,11942,-30940,1759,0,0,1,0,1,0
356,184895,110,-198,5416,5329,17337,-31140,1278,0,0,1,0,1,0
357,185416,140,-191,1224,1172,22066,-30143,748,0,0,1,0,1,0
358,185937,165,-178,-3013,-3026,25947,-27988,189,0,0,1,0,1,0
359,186458,183,-157,-7130,-7104,28831,-24758,-377,0,0,1,0,1,0
360,186979,194,-131,-10970,-10906,30607,-20576,-929,0,0,1,0,1,0
361,187500,198,-99,-14384,-14285,31207,-15603,-1445,0,0,1,0,1,0
362,188020,194,-64,-17243,-17113,30607,-10031,-1905,0,0,1,0,1,0
363,188541,183,-26,-19436,-19279,28831,-4073,-2292,0,0,1,0,1,0
364,189062,165,13,-20879,-20701,25947,2041,-2592,0,0,1,0,1,0
365,189583,140,51,-21516,-21325,22066,8077,-2791,0,0,1,0,1,0
366,190104,110,88,-21323,-21126,17337,13802,-2883,0,0,1,0,1,0
367,190625,76,121,-20308,-20112,11942,18997,-2865,0,0,1,0,1,0
368,191145,39,149,-18510,-18322,6088,23462,-2736,0,0,1,0,1,0
369,191666,0,172,-15997,-15826,0,27026,-2502,0,0,1,0,1,0
370,192187,-39,188,-12867,-12718,-6088,29551,-2172,0,0,1,0,1,0
371,192708,-76,196,-9240,-9119,-11942,30940,-1759,0,0,1,0,1,0
372,193229,-110,198,-5254,-5167,-17337,31140,-1278,0,0,1,0,1,0
373,193750,-140,191,-1065,-1013,-22066,30143,-748,0,0,1,0,1,0
374,194270,-165,178,3169,3182,-25947,27988,-189,0,0,1,0,1,0
375,194791,-183,157,7283,7257,-28831,24758,377,0,0,1,0,1,0
376,195312,-194,131,11119,11056,-30607,20576,929,0,0,1,0,1,0
377,195833,-198,99,14531,14432,-31207,15603,1445,0,0,1,0,1,0
378,196354,-194,64,17387,17257,-30607,10031,1905,0,0,1,0,1,0
379,196875,-183,26,19577,19420,-28831,4073,2292,0,0,1,0,1,0
380,197395,-165,-13,21017,20840,-25947,-2041,2592,0,0,1,0,1,0
381,197916,-140,-51,21652,21460,-22066,-8077,2791,0,0,1,0,1,0
382,198437,-110,-88,21456,21259,-17337,-13802,2883,0,0,1,0,1,0
383,198958,-76,-121,20439,20243,-11942,-18997,2865,0,0,1,0,1,0
384,199479,-39,-149,18638,18450,-6088,-23462,2736,0,0,1,0,1,0
385,200000,0,-172,16123,15951,0,-27026,2502,0,0,1,0,1,0
386,200520,39,-188,12990,12841,6088,-29551,2172,0,0,1,0,1,0
387,201041,76,-196,9360,9240,11942,-30940,1759,0,0,1,0,1,0
388,201562,110,-198,5373,5285,17337,-31140,1278,0,0,1,0,1,0
389,202083,140,-191,1181,1129,22066,-30143,748,0,0,1,0,1,0
390,202604,165,-178,-3055,-3068,25947,-27988,189,0,0,1,0,1,0
391,203125,183,-157,-7171,-7145,28831,-24758,-377,0,0,1,0,1,0
392,203645,194,-131,-11010,-10946,30607,-20576,-929,0,0,1,0,1,0
393,204166,198,-99,-14424,-14325,31207,-15603,-1445,0,0,1,0,1,0
394,204687,194,-64,-17282,-17151,30607,-10031,-1905,0,0,1,0,1,0
395,205208,183,-26,-19474,-19317,28831,-4073,-2292,0,0,1,0,1,0
396,205729,165,13,-20916,-20738,25947,2041,-2592,0,0,1,0,1,0
397,206250,140,51,-21553,-21361,22066,8077,-2791,0,0,1,0,1,0
398,206770,110,88,-21359,-21162,17337,13802,-2883,0,0,1,0,1,0
399,207291,76,121,-20343,-20147,11942,18997,-2865,0,0,1,0,1,0
400,207812,39,149,-18544,-18357,6088,23462,-2736,0,0,1,0,1,0
401,208333,0,172,-16031,-15860,0,27026,-2502,0,0,1,0,1,0
402,208854,-39,188,-12900,-12751,-6088,29551,-2172,0,0,1,0,1,0
403,209375,-76,196,-9272,-9152,-11942,30940,-1759,0,0,1,0,1,0
404,209895,-110,198,-5286,-5199,-17337,31140,-1278,0,0,1,0,1,0
405,210416,-140,191,-1096,-1045,-22066,30143,-748,0,0,1,0,1,0
406,210937,-165,178,3138,3151,-25947,27988,-189,0,0,1,0,1,0
407,211458,-183,157,7253,7227,-28831,24758,377,0,0,1,0,1,0
408,211979,-194,131,11090,11026,-30607,20576,929,0,0,1,0,1,0
409,212500,-198,99,14502,14403,-31207,15603,1445,0,0,1,0,1,0
410,213020,-194,64,17359,17228,-30607,10031,1905,0,0,1,0,1,0
411,213541,-183,26,19549,19392,-28831,4073,2292,0,0,1,0,1,0
412,214062,-165,-13,20990,20812,-25947,-2041,2592,0,0,1,0,1,0
413,214583,-140,-51,21625,21434,-22066,-8077,2791,0,0,1,0,1,0
414,215104,-110,-88,21430,21233,-17337,-13802,2883,0,0,1,0,1,0
415,215625,-76,-121,20413,20217,-11942,-18997,2865,0,0,1,0,1,0
416,216145,-39,-149,18613,18425,-6088,-23462,2736,0,0,1,0,1,0
417,216666,0,-172,16098,15927,0,-27026,2502,0,0,1,0,1,0
418,217187,39,-188,12966,12817,6088,-29551,2172,0,0,1,0,1,0
419,217708,76,-196,9337,9216,11942,-30940,1759,0,0,1,0,1,0
420,218229,110,-198,5349,5262,17337,-31140,1278,0,0,1,0,1,0
421,218750,140,-191,1158,1107,22066,-30143,748,0,0,1,0,1,0
422,219270,165,-178,-3077,-3090,25947,-27988,189,0,0,1,0,1,0
423,219791,183,-157,-7193,-7167,28831,-24758,-377,0,0,1,0,1,0
424,220312,194,-131,-11032,-10968,30607,-20576,-929,0,0,1,0,1,0
425,220833,198,-99,-14445,-14346,31207,-15603,-1445,0,0,1,0,1,0
426,221354,194,-64,-17303,-17172,30607,-10031,-1905,0,0,1,0,1,0
427,221875,183,-26,-19494,-19337,28831,-4073,-2292,0,0,1,0,1,0
428,222395,165,13,-20936,-20758,25947,2041,-2592,0,0,1,0,1,0
429,222916,140,51,-21572,-21381,22066,8077,-2791,0,0,1,0,1,0
430,223437,110,88,-21378,-21181,17337,13802,-2883,0,0,1,0,1,0
431,223958,76,121,-20362,-20166,11942,18997,-2865,0,0,1,0,1,0
432,224479,39,149,-18563,-18375,6088,23462,-2736,0,0,1,0,1,0
433,225000,0,172,-16049,-15878,0,27026,-2502,0,0,1,0,1,0
434,225520,-39,188,-12918,-12769,-6088,29551,-2172,0,0,1,0,1,0
435,226041,-76,196,-9290,-9169,-11942,30940,-1759,0,0,1,0,1,0
436,226562,-110,198,-5303,-5216,-17337,31140,-1278,0,0,1,0,1,0
437,227083,-140,191,-1113,-1061,-22066,30143,-748,0,0,1,0,1,0
438,227604,-165,178,3122,3135,-25947,27988,-189,0,0,1,0,1,0
439,228125,-183,157,7237,7211,-28831,24758,377,0,0,1,0,1,0
440,228645,-194,131,11074,11011,-30607,20576,929,0,0,1,0,1,0
441,229166,-198,99,14487,14388,-31207,15603,1445,0,0,1,0,1,0
442,229687,-194,64,17344,17213,-30607,10031,1905,0,0,1,0,1,0
443,230208,-183,26,19535,19377,-28831,4073,2292,0,0,1,0,1,0
444,230729,-165,-13,20975,20798,-25947,-2041,2592,0,0,1,0,1,0
445,231250,-140,-51,21611,21419,-22066,-8077,2791,0,0,1,0,1,0
446,231770,-110,-88,21416,21219,-17337,-13802,2883,0,0,1,0,1,0
447,232291,-76,-121,20399,20203,-11942,-18997,2865,0,0,1,0,1,0
448,232812,-39,-149,18599,18412,-6088,-23462,2736,0,0,1,0,1,0
449,233333,0,-172,16085,15913,0,-27026,2502,0,0,1,0,1,0
450,233854,39,-188,12953,12804,6088,-29551,2172,0,0,1,0,1,0
451,234375,76,-196,9324,9203,11942,-30940,1759,0,0,1,0,1,0
452,234895,110,-198,5337,5249,17337,-31140,1278,0,0,1,0,1,0
453,235416,140,-191,1146,1094,22066,-30143,748,0,0,1,0,1,0
454,235937,165,-178,-3089,-3102,25947,-27988,189,0,0,1,0,1,0
455,236458,183,-157,-7205,-7179,28831,-24758,-377,0,0,1,0,1,0
456,236979,194,-131,-11043,-10979,30607,-20576,-929,0,0,1,0,1,0
457,237500,198,-99,-14456,-14357,31207,-15603,-1445,0,0,1,0,1,0
458,238020,194,-64,-17314,-17183,30607,-10031,-1905,0,0,1,0,1,0
459,238541,183,-26,-19505,-19348,28831,-4073,-2292,0,0,1,0,1,0
460,239062,165,13,-20947,-20769,25947,2041,-2592,0,0,1,0,1,0
461,239583,140,51,-21583,-21391,22066,8077,-2791,0,0,1,0,1,0
462,240104,110,88,-21389,-21191,17337,13802,-2883,0,0,1,0,1,0
463,240625,76,121,-20372,-20176,11942,18997,-2865,0,0,1,0,1,0
464,241145,39,149,-18573,-18385,6088,23462,-2736,0,0,1,0,1,0
465,241666,0,172,-16059,-15887,0,27026,-2502,0,0,1,0,1,0
466,242187,-39,188,-12927,-12779,-6088,29551,-2172,0,0,1,0,1,0
467,242708,-76,196,-9299,-9178,-11942,30940,-1759,0,0,1,0,1,0
468,243229,-110,198,-5312,-5225,-17337,31140,-1278,0,0,1,0,1,0
469,243750,-140,191,-1122,-1070,-22066,30143,-748,0,0,1,0,1,0
470,244270,-165,178,3113,3126,-25947,27988,-189,0,0,1,0,1,0
471,244791,-183,157,7228,7202,-28831,24758,377,0,0,1,0,1,0
472,245312,-194,131,11066,11002,-30607,20576,929,0,0,1,0,1,0
473,245833,-198,99,14479,14380,-31207,15603,1445,0,0,1,0,1,0
474,246354,-194,64,17336,17205,-30607,10031,1905,0,0,1,0,1,0
475,246875,-183,26,19527,19369,-28831,4073,2292,0,0,1,0,1,0
476,247395,-165,-13,20968,20790,-25947,-2041,2592,0,0,1,0,1,0
477,247916,-140,-51,21603,21412,-22066,-8077,2791,0,0,1,0,1,0
478,248437,-110,-88,21409,21211,-17337,-13802,2883,0,0,1,0,1,0
479,248958,-76,-121,20392,20196,-11942,-18997,2865,0,0,1,0,1,0
480,249479,-39,-149,18592,18405,-6088,-23462,2736,0,0,1,0,1,0
481,250000,0,-172,16078,15906,0,-27026,2502,0,0,1,0,1,0
482,250520,39,-188,12946,12797,6088,-29551,2172,0,0,1,0,1,0
483,251041,76,-196,9317,9197,11942,-30940,1759,0,0,1,0,1,0
484,251562,110,-198,5330,5243,17337,-31140,1278,0,0,1,0,1,0
485,252083,140,-191,1139,1088,22066,-30143,748,0,0,1,0,1,0
486,252604,165,-178,-3096,-3109,25947,-27988,189,0,0,1,0,1,0
487,253125,183,-157,-7211,-7185,28831,-24758,-377,0,0,1,0,1,0
488,253645,194,-131,-11049,-10986,30607,-20576,-929,0,0,1,0,1,0
489,254166,198,-99,-14462,-14363,31207,-15603,-1445,0,0,1,0,1,0
490,254687,194,-64,-17320,-17189,30607,-10031,-1905,0,0,1,0,1,0
491,255208,183,-26,-19511,-19354,28831,-4073,-2292,0,0,1,0,1,0
492,255729,165,13,-20952,-20775,25947,2041,-2592,0,0,1,0,1,0
493,256249,140,51,-21588,-21397,22066,8077,-2791,0,0,1,0,1,0
494,256770,110,88,-21394,-21196,17337,13802,-2883,0,0,1,0,1,0
495,257291,76,121,-20378,-20181,11942,18997,-2865,0,0,1,0,1,0
496,257812,39,149,-18578,-18390,6088,23462,-2736,0,0,1,0,1,0
497,258333,0,172,-16064,-15892,0,27026,-2502,0,0,1,0,1,0
498,258854,-39,188,-12932,-12784,-6088,29551,-2172,0,0,1,0,1,0
499,259375,-76,196,-9304,-9183,-11942,30940,-1759,0,0,1,0,1,0
500,259895,-110,198,-5317,-5230,-17337,31140,-1278,0,0,1,0,1,0
501,260416,-140,191,-1126,-1075,-22066,30143,-748,0,0,1,0,1,0
502,260937,-165,178,3108,3121,-25947,27988,-189,0,0,1,0,1,0
503,261458,-183,157,7223,7198,-28831,24758,377,0,0,1,0,1,0
504,261979,-194,131,11061,10998,-30607,20576,929,0,0,1,0,1,0
505,262500,-198,99,14474,14375,-31207,15603,1445,0,0,1,0,1,0
506,263020,-194,64,17331,17201,-30607,10031,1905,0,0,1,0,1,0
507,263541,-183,26,19522,19365,-28831,4073,2292,0,0,1,0,1,0
508,264062,-165,-13,20963,20786,-25947,-2041,2592,0,0,1,0,1,0
509,264583,-140,-51,21599,21408,-22066,-8077,2791,0,0,1,0,1,0
510,265104,-110,-88,21405,21207,-17337,-13802,2883,0,0,1,0,1,0
511,265625,-76,-121,20388,20192,-11942,-18997,2865,0,0,1,0,1,0
512,266145,-39,-149,18588,18401,-6088,-23462,2736,0,0,1,0,1,0
513,266666,0,-172,16074,15903,0,-27026,2502,0,0,1,0,1,0
514,267187,39,-188,12942,12794,6088,-29551,2172,0,0,1,0,1,0
515,267708,76,-196,9314,9193,11942,-30940,1759,0,0,1,0,1,0
516,268229,110,-198,5327,5239,17337,-31140,1278,0,0,1,0,1,0
517,268750,140,-191,1136,1084,22066,-30143,748,0,0,1,0,1,0
518,269270,165,-178,-3099,-3112,25947,-27988,189,0,0,1,0,1,0
519,269791,183,-157,-7214,-7189,28831,-24758,-377,0,0,1,0,1,0
520,270312,194,-131,-11052,-10989,30607,-20576,-929,0,0,1,0,1,0
521,270833,198,-99,-14466,-14367,31207,-15603,-1445,0,0,1,0,1,0
522,271354,194,-64,-17323,-17192,30607,-10031,-1905,0,0,1,0,1,0
523,271875,183,-26,-19514,-19357,28831,-4073,-2292,0,0,1,0,1,0
524,272395,165,13,-20955,-20778,25947,2041,-2592,0,0,1,0,1,0
525,272916,140,51,-21591,-21400,22066,8077,-2791,0,0,1,0,1,0
526,273437,110,88,-21397,-21199,17337,13802,-2883,0,0,1,0,1,0
527,273958,76,121,-20380,-20184,11942,18997,-2865,0,0,1,0,1,0
528,274479,39,149,-18581,-18393,6088,23462,-2736,0,0,1,0,1,0
529,275000,0,172,-16067,-15895,0,27026,-2502,0,0,1,0,1,0
530,275520,-39,188,-12935,-12786,-6088,29551,-2172,0,0,1,0,1,0
531,276041,-76,196,-9306,-9186,-11942,30940,-1759,0,0,1,0,1,0
532,276562,-110,198,-5320,-5232,-17337,31140,-1278,0,0,1,0,1,0
533,277083,-140,191,-1129,-1078,-22066,30143,-748,0,0,1,0,1,0
534,277604,-165,178,3106,3119,-25947,27988,-189,0,0,1,0,1,0
535,278125,-183,157,7221,7195,-28831,24758,377,0,0,1,0,1,0
536,278645,-194,131,11059,10995,-30607,20576,929,0,0,1,0,1,0
537,279166,-198,99,14472,14373,-31207,15603,1445,0,0,1,0,1,0
538,279687,-194,64,17329,17198,-30607,10031,1905,0,0,1,0,1,0
539,280208,-183,26,19520,19363,-28831,4073,2292,0,0,1,0,1,0
540,280729,-165,-13,20961,20784,-25947,-2041,2592,0,0,1,0,1,0
541,281250,-140,-51,21597,21406,-22066,-8077,2791,0,0,1,0,1,0
542,281770,-110,-88,21403,21205,-17337,-13802,2883,0,0,1,0,1,0
543,282291,-76,-121,20386,20190,-11942,-18997,2865,0,0,1,0,1,0
544,282812,-39,-149,18586,18399,-6088,-23462,2736,0,0,1,0,1,0
545,283333,0,-172,16072,15901,0,-27026,2502,0,0,1,0,1,0
546,283854,39,-188,12940,12792,6088,-29551,2172,0,0,1,0,1,0
547,284375,76,-196,9312,9191,11942,-30940,1759,0,0,1,0,1,0
548,284895,110,-198,5325,5237,17337,-31140,1278,0,0,1,0,1,0
549,285416,140,-191,1134,1083,22066,-30143,748,0,0,1,0,1,0
550,285937,165,-178,-3101,-3114,25947,-27988,189,0,0,1,0,1,0
551,286458,183,-157,-7216,-7190,28831,-24758,-377,0,0,1,0,1,0
552,286979,194,-131,-11054,-10991,30607,-20576,-929,0,0,1,0,1,0
553,287500,198,-99,-14467,-14368,31207,-15603,-1445,0,0,1,0,1,0
554,288020,194,-64,-17324,-17194,30607,-10031,-1905,0,0,1,0,1,0
555,288541,183,-26,-19516,-19359,28831,-4073,-2292,0,0,1,0,1,0
556,289062,165,13,-20957,-20779,25947,2041,-2592,0,0,1,0,1,0
557,289583,140,51,-21593,-21401,22066,8077,-2791,0,0,1,0,1,0
558,290104,110,88,-21399,-21201,17337,13802,-2883,0,0,1,0,1,0
559,290625,76,121,-20382,-20186,11942,18997,-2865,0,0,1,0,1,0
560,291145,39,149,-18582,-18395,6088,23462,-2736,0,0,1,0,1,0
561,291666,0,172,-16068,-15897,0,27026,-2502,0,0,1,0,1,0
562,292187,-39,188,-12937,-12788,-6088,29551,-2172,0,0,1,0,1,0
563,292708,-76,196,-9308,-9187,-11942,30940,-1759,0,0,1,0,1,0
564,293229,-110,198,-5321,-5234,-17337,31140,-1278,0,0,1,0,1,0
565,293750,-140,191,-1130,-1079,-22066,30143,-748,0,0,1,0,1,0
566,294270,-165,178,3104,3117,-25947,27988,-189,0,0,1,0,1,0
567,294791,-183,157,7220,7194,-28831,24758,377,0,0,1,0,1,0
568,295312,-194,131,11058,10994,-30607,20576,929,0,0,1,0,1,0
569,295833,-198,99,14471,14372,-31207,15603,1445,0,0,1,0,1,0
570,296354,-194,64,17328,17197,-30607,10031,1905,0,0,1,0,1,0
571,296875,-183,26,19519,19362,-28831,4073,2292,0,0,1,0,1,0
572,297395,-165,-13,20960,20782,-25947,-2041,2592,0,0,1,0,1,0
573,297916,-140,-51,21596,21404,-22066,-8077,2791,0,0,1,0,1,0
574,298437,-110,-88,21402,21204,-17337,-13802,2883,0,0,1,0,1,0
575,298958,-76,-121,20385,20189,-11942,-18997,2865,0,0,1,0,1,0
576,299479,-39,-149,18585,18398,-6088,-23462,2736,0,0,1,0,1,0
577,300000,0,-172,16071,15900,0,-27026,2502,0,0,1,0,1,0
578,300520,39,-188,12939,12791,6088,-29551,2172,0,0,1,0,1,0
579,301041,76,-196,9311,9190,11942,-30940,1759,0,0,1,0,1,0
580,301562,110,-198,5324,5236,17337,-31140,1278,0,0,1,0,1,0
581,302083,140,-191,1133,1082,22066,-30143,748,0,0,1,0,1,0
582,302604,165,-178,-3102,-3115,25947,-27988,189,0,0,1,0,1,0
583,303125,183,-157,-7217,-7191,28831,-24758,-377,0,0,1,0,1,0
584,303645,194,-131,-11055,-10992,30607,-20576,-929,0,0,1,0,1,0
585,304166,198,-99,-14468,-14369,31207,-15603,-1445,0,0,1,0,1,0
586,304687,0,0,0,0,0,0,0,1,0,0,0,0,0
587,305208,0,0,0,0,0,0,0,1,0,0,0,0,0
588,305729,0,0,0,0,0,0,0,1,0,0,0,0,0
589,306250,0,0,0,0,0,0,0,1,0,0,0,0,0
590,306770,0,0,0,0,0,0,0,1,0,0,0,0,0
591,307291,0,0,0,0,0,0,0,1,0,0,0,0,0
592,307812,0,0,0,0,0,0,0,1,0,0,0,0,0
593,308333,0,0,0,0,0,0,0,1,0,0,0,0,0
594,308854,0,0,0,0,0,0,0,1,0,0,0,0,0
595,309375,0,0,0,0,0,0,0,1,0,0,0,0,0
596,309895,0,0,0,0,0,0,0,1,0,0,0,0,0
597,310416,0,0,0,0,0,0,0,1,0,0,0,0,0
598,310937,0,0,0,0,0,0,0,1,0,0,0,0,0
599,311458,0,0,0,0,0,0,0,1,0,0,0,0,0
600,311979,0,0,0,0,0,0,0,1,0,0,0,0,0
601,312500,0,0,0,0,0,0,0,1,0,0,0,0,0
602,313020,0,0,0,0,0,0,0,1,0,0,0,0,0
603,313541,0,0,0,0,0,0,0,1,0,0,0,0,0
604,314062,0,0,0,0,0,0,0,1,0,0,0,0,0
605,314583,0,0,0,0,0,0,0,1,0,0,0,0,0
606,315104,0,0,0,0,0,0,0,1,0,0,0,0,0
607,315625,0,0,0,0,0,0,0,1,0,0,0,0,0
608,316145,0,0,0,0,0,0,0,1,0,0,0,0,0
609,316666,0,0,0,0,0,0,0,1,0,0,0,0,0
610,317187,0,0,0,0,0,0,0,1,0,0,0,0,0
611,317708,0,0,0,0,0,0,0,1,0,0,0,0,0
612,318229,0,0,0,0,0,0,0,1,0,0,0,0,0
613,318750,0,0,0,0,0,0,0,1,0,0,0,0,0
614,319270,0,0,0,0,0,0,0,1,0,0,0,0,0
615,319791,0,0,0,0,0,0,0,1,0,0,0,0,0
616,320312,0,0,0,0,0,0,0,1,0,0,0,0,0
617,320833,0,0,0,0,0,0,0,1,0,0,0,0,0
618,321354,0,0,0,0,0,0,0,1,0,0,0,0,0
619,321875,0,0,0,0,0,0,0,1,0,0,0,0,0
620,322395,0,0,0,0,0,0,0,1,0,0,0,0,0
621,322916,0,0,0,0,0,0,0,1,0,0,0,0,0
622,323437,0,0,0,0,0,0,0,1,0,0,0,0,0
623,323958,0,0,0,0,0,0,0,1,0,0,0,0,0
624,324479,0,0,0,0,0,0,0,1,0,0,0,0,0
625,325000,0,0,0,0,0,0,0,1,0,0,0,0,0
626,325520,0,0,0,0,0,0,0,1,0,0,0,0,0
627,326041,0,0,0,0,0,0,0,1,0,0,0,0,0
628,326562,0,0,0,0,0,0,0,1,0,0,0,0,0
629,327083,0,0,0,0,0,0,0,1,0,0,0,0,0
630,327604,0,0,0,0,0,0,0,1,0,0,0,0,0
631,328125,0,0,0,0,0,0,0,1,0,0,0,0,0
632,328645,0,0,0,0,0,0,0,1,0,0,0,0,0
633,329166,0,0,0,0,0,0,0,1,0,0,0,0,0
634,329687,0,0,0,0,0,0,0,1,0,0,0,0,0
635,330208,0,0,0,0,0,0,0,1,0,0,0,0,0
636,330729,0,0,0,0,0,0,0,1,0,0,0,0,0
637,331250,0,0,0,0,0,0,0,1,0,0,0,0,0
638,331770,0,0,0,0,0,0,0,1,0,0,0,0,0
639,332291,0,0,0,0,0,0,0,1,0,0,0,0,0
640,332812,0,0,0,0,0,0,0,1,0,0,0,0,0
641,333333,0,0,0,0,0,0,0,1,0,0,0,0,0
642,333854,0,0,0,0,0,0,0,1,0,0,0,0,0
643,334375,0,0,0,0,0,0,0,1,0,0,0,0,0
644,334895,0,0,0,0,0,0,0,1,0,0,0,0,0
645,335416,0,0,0,0,0,0,0,1,0,0,0,0,0
646,335937,0,0,0,0,0,0,0,1,0,0,0,0,0
647,336458,0,0,0,0,0,0,0,1,0,0,0,0,0
648,336979,0,0,0,0,0,0,0,1,0,0,0,0,0
649,337500,0,0,0,0,0,0,0,1,0,0,0,0,0
650,338020,0,0,0,0,0,0,0,1,0,0,0,0,0
651,338541,0,0,0,0,0,0,0,1,0,0,0,0,0
652,339062,0,0,0,0,0,0,0,1,0,0,0,0,0
653,339583,0,0,0,0,0,0,0,1,0,0,0,0,0
654,340104,0,0,0,0,0,0,0,1,0,0,0,0,0
655,340625,0,0,0,0,0,0,0,1,0,0,0,0,0
656,341145,0,0,0,0,0,0,0,1,0,0,0,0,0
657,341666,0,0,0,0,0,0,0,1,0,0,0,0,0
658,342187,0,0,0,0,0,0,0,1,0,0,0,0,0
659,342708,0,0,0,0,0,0,0,1,0,0,0,0,0
660,343229,0,0,0,0,0,0,0,1,0,0,0,0,0
661,343750,0,0,0,0,0,0,0,1,0,0,0,0,0
662,344270,0,0,0,0,0,0,0,1,0,0,0,0,0
663,344791,0,0,0,0,0,0,0,1,0,0,0,0,0
664,345312,0,0,0,0,0,0,0,1,0,0,0,0,0
665,345833,0,0,0,0,0,0,0,1,0,0,0,0,0
666,346354,0,0,0,0,0,0,0,1,0,0,0,0,0
667,346875,0,0,0,0,0,0,0,1,0,0,0,0,0
668,347395,0,0,0,0,0,0,0,1,0,0,0,0,0
669,347916,0,0,0,0,0,0,0,1,0,0,0,0,0
670,348437,0,0,0,0,0,0,0,1,0,0,0,0,0
671,348958,0,0,0,0,0,0,0,1,0,0,0,0,0
672,349479,0,0,0,0,0,0,0,1,0,0,0,0,0
673,350000,0,0,0,0,0,0,0,1,0,0,0,0,0
674,350520,0,0,0,0,0,0,0,1,0,0,0,0,0
675,351041,0,0,0,0,0,0,0,1,0,0,0,0,0
676,351562,0,0,0,0,0,0,0,1,0,0,0,0,0
677,352083,0,0,0,0,0,0,0,1,0,0,0,0,0
678,352604,0,0,0,0,0,0,0,1,0,0,0,0,0
679,353125,0,0,0,0,0,0,0,1,0,0,0,0,0
680,353645,0,0,0,0,0,0,0,1,0,0,0,0,0
681,354166,0,0,0,0,0,0,0,1,0,0,0,0,0
682,354687,0,0,0,0,0,0,0,1,0,0,0,0,0
683,355208,0,0,0,0,0,0,0,1,0,0,0,0,0
684,355729,0,0,0,0,0,0,0,1,0,0,0,0,0
685,356250,0,0,0,0,0,0,0,1,0,0,0,0,0
686,356770,0,0,0,0,0,0,0,1,0,0,0,0,0
687,357291,0,0,0,0,0,0,0,1,0,0,0,0,0
688,357812,0,0,0,0,0,0,0,1,0,0,0,0,0
689,358333,0,0,0,0,0,0,0,1,0,0,0,0,0
690,358854,0,0,0,0,0,0,0,1,0,0,0,0,0
691,359375,0,0,0,0,0,0,0,1,0,0,0,0,0
692,359895,0,0,0,0,0,0,0,1,0,0,0,0,0
693,360416,0,0,0,0,0,0,0,1,0,0,0,0,0
694,360937,0,0,0,0,0,0,0,1,0,0,0,0,0
695,361458,0,0,0,0,0,0,0,1,0,0,0,0,0
696,361979,0,0,0,0,0,0,0,1,0,0,0,0,0
697,362500,0,0,0,0,0,0,0,1,0,0,0,0,0
698,363020,0,0,0,0,0,0,0,1,0,0,0,0,0
699,363541,0,0,0,0,0,0,0,1,0,0,0,0,0
700,364062,0,0,0,0,0,0,0,1,0,0,0,0,0
701,364583,0,0,0,0,0,0,0,1,0,0,0,0,0
702,365104,0,0,0,0,0,0,0,1,0,0,0,0,0
703,365625,0,0,0,0,0,0,0,1,0,0,0,0,0
704,366145,0,0,0,0,0,0,0,1,0,0,0,0,0
705,366666,0,0,0,0,0,0,0,1,0,0,0,0,0
706,367187,0,0,0,0,0,0,0,1,0,0,0,0,0
707,367708,0,0,0,0,0,0,0,1,0,0,0,0,0
708,368229,0,0,0,0,0,0,0,1,0,0,0,0,0
709,368750,0,0,0,0,0,0,0,1,0,0,0,0,0
710,369270,0,0,0,0,0,0,0,1,0,0,0,0,0
711,369791,0,0,0,0,0,0,0,1,0,0,0,0,0
712,370312,0,0,0,0,0,0,0,1,0,0,0,0,0
713,370833,0,0,0,0,0,0,0,1,0,0,0,0,0
714,371354,0,0,0,0,0,0,0,1,0,0,0,0,0
715,371875,0,0,0,0,0,0,0,1,0,0,0,0,0
716,372395,0,0,0,0,0,0,0,1,0,0,0,0,0
717,372916,0,0,0,0,0,0,0,1,0,0,0,0,0
718,373437,0,0,0,0,0,0,0,1,0,0,0,0,0
719,373958,0,0,0,0,0,0,0,1,0,0,0,0,0
720,374479,0,0,0,0,0,0,0,1,0,0,0,0,0
721,375000,0,0,0,0,0,0,0,1,0,0,0,0,0
722,375520,0,0,0,0,0,0,0,1,0,0,0,0,0
723,376041,0,0,0,0,0,0,0,1,0,0,0,0,0
724,376562,0,0,0,0,0,0,0,1,0,0,0,0,0
725,377083,0,0,0,0,0,0,0,1,0,0,0,0,0
726,377604,0,0,0,0,0,0,0,1,0,0,0,0,0
727,378125,0,0,0,0,0,0,0,1,0,0,0,0,0
728,378645,0,0,0,0,0,0,0,1,0,0,0,0,0
729,379166,0,0,0,0,0,0,0,1,0,0,0,0,0
730,379687,0,0,0,0,0,0,0,1,0,0,0,0,0
731,380208,0,0,0,0,0,0,0,1,0,0,0,0,0
732,380729,0,0,0,0,0,0,0,1,0,0,0,0,0
733,381250,0,0,0,0,0,0,0,1,0,0,0,0,0
734,381770,0,0,0,0,0,0,0,1,0,0,0,0,0
735,382291,0,0,0,0,0,0,0,1,0,0,0,0,0
736,382812,0,0,0,0,0,0,0,1,0,0,0,0,0
737,383333,0,0,0,0,0,0,0,1,0,0,0,0,0
738,383854,0,0,0,0,0,0,0,1,0,0,0,0,0
739,384375,0,0,0,0,0,0,0,1,0,0,0,0,0
740,384895,0,0,0,0,0,0,0,1,0,0,0,0,0
741,385416,0,0,0,0,0,0,0,1,0,0,0,0,0
742,385937,0,0,0,0,0,0,0,1,0,0,0,0,0
743,386458,0,0,0,0,0,0,0,1,0,0,0,0,0
744,386979,0,0,0,0,0,0,0,1,0,0,0,0,0
745,387500,0,0,0,0,0,0,0,1,0,0,0,0,0
746,388020,0,0,0,0,0,0,0,1,0,0,0,0,0
747,388541,0,0,0,0,0,0,0,1,0,0,0,0,0
748,389062,0,0,0,0,0,0,0,1,0,0,0,0,0
749,389583,0,0,0,0,0,0,0,1,0,0,0,0,0
750,390104,0,0,0,0,0,0,0,1,0,0,0,0,0
751,390625,0,0,0,0,0,0,0,1,0,0,0,0,0
752,391145,0,0,0,0,0,0,0,1,0,0,0,0,0
753,391666,0,0,0,0,0,0,0,1,0,0,0,0,0
754,392187,0,0,0,0,0,0,0,1,0,0,0,0,0
755,392708,0,0,0,0,0,0,0,1,0,0,0,0,0
756,393229,0,0,0,0,0,0,0,1,0,0,0,0,0
757,393750,0,0,0,0,0,0,0,1,0,0,0,0,0
758,394270,0,0,0,0,0,0,0,1,0,0,0,0,0
759,394791,0,0,0,0,0,0,0,1,0,0,0,0,0
760,395312,0,0,0,0,0,0,0,1,0,0,0,0,0
761,395833,0,0,0,0,0,0,0,1,0,0,0,0,0
762,396354,0,0,0,0,0,0,0,1,0,0,0,0,0
763,396875,0,0,0,0,0,0,0,1,0,0,0,0,0
764,397395,0,0,0,0,0,0,0,1,0,0,0,0,0
765,397916,0,0,0,0,0,0,0,1,0,0,0,0,0
766,398437,0,0,0,0,0,0,0,1,0,0,0,0,0
767,398958,0,0,0,0,0,0,0,1,0,0,0,0,0
768,399479,0,0,0,0,0,0,0,1,0,0,0,0,0
769,400000,0,0,0,0,0,0,0,1,0,0,0,0,0
770,400520,0,0,0,0,0,0,0,1,0,0,0,0,0
771,401041,0,0,0,0,0,0,0,1,0,0,0,0,0
772,401562,0,0,0,0,0,0,0,1,0,0,0,0,0
773,402083,0,0,0,0,0,0,0,1,0,0,0,0,0
774,402604,0,0,0,0,0,0,0,1,0,0,0,0,0
775,403125,0,0,0,0,0,0,0,1,0,0,0,0,0
776,403645,0,0,0,0,0,0,0,1,0,0,0,0,0
777,404166,0,0,0,0,0,0,0,1,0,0,0,0,0
778,404687,0,0,0,0,0,0,0,1,0,0,0,0,0
779,405208,0,0,0,0,0,0,0,1,0,0,0,0,0
780,405729,0,0,0,0,0,0,0,1,0,0,0,0,0
781,406250,0,0,0,0,0,0,0,1,0,0,0,0,0
782,406770,0,0,0,0,0,0,0,1,0,0,0,0,0
783,407291,0,0,0,0,0,0,0,1,0,0,0,0,0
784,407812,0,0,0,0,0,0,0,1,0,0,0,0,0
785,408333,0,0,0,0,0,0,0,1,0,0,0,0,0
786,408854,0,0,0,0,0,0,0,1,0,0,0,0,0
787,409375,0,0,0,0,0,0,0,1,0,0,0,0,0
788,409895,0,0,0,0,0,0,0,1,0,0,0,0,0
789,410416,0,0,0,0,0,0,0,1,0,0,0,0,0
790,410937,0,0,0,0,0,0,0,1,0,0,0,0,0
791,411458,0,0,0,0,0,0,0,1,0,0,0,0,0
792,411979,0,0,0,0,0,0,0,1,0,0,0,0,0
793,412500,0,0,0,0,0,0,0,1,0,0,0,0,0
794,413020,0,0,0,0,0,0,0,1,0,0,0,0,0
795,413541,0,0,0,0,0,0,0,1,0,0,0,0,0
796,414062,0,0,0,0,0,0,0,1,0,0,0,0,0
797,414583,0,0,0,0,0,0,0,1,0,0,0,0,0
798,415104,0,0,0,0,0,0,0,1,0,0,0,0,0
799,415625,0,0,0,0,0,0,0,1,0,0,0,0,0
800,416145,0,0,0,0,0,0,0,1,0,0,0,0,0
801,416666,0,0,0,0,0,0,0,1,0,0,0,0,0
802,417187,0,0,0,0,0,0,0,1,0,0,0,0,0
803,417708,0,0,0,0,0,0,0,1,0,0,0,0,0
804,418229,0,0,0,0,0,0,0,1,0,0,0,0,0
805,418750,0,0,0,0,0,0,0,1,0,0,0,0,0
806,419270,0,0,0,0,0,0,0,1,0,0,0,0,0
807,419791,0,0,0,0,0,0,0,1,0,0,0,0,0
808,420312,0,0,0,0,0,0,0,1,0,0,0,0,0
809,420833,0,0,0,0,0,0,0,1,0,0,0,0,0
810,421354,0,0,0,0,0,0,0,1,0,0,0,0,0
811,421875,0,0,0,0,0,0,0,1,0,0,0,0,0
812,422395,0,0,0,0,0,0,0,1,0,0,0,0,0
813,422916,0,0,0,0,0,0,0,1,0,0,0,0,0
814,423437,0,0,0,0,0,0,0,1,0,0,0,0,0
815,423958,0,0,0,0,0,0,0,1,0,0,0,0,0
816,424479,0,0,0,0,0,0,0,1,0,0,0,0,0
817,425000,0,0,0,0,0,0,0,1,0,0,0,0,0
818,425520,0,0,0,0,0,0,0,1,0,0,0,0,0
819,426041,0,0,0,0,0,0,0,1,0,0,0,0,0
820,426562,0,0,0,0,0,0,0,1,0,0,0,0,0
821,427083,0,0,0,0,0,0,0,1,0,0,0,0,0
822,427604,0,0,0,0,0,0,0,1,0,0,0,0,0
823,428125,0,0,0,0,0,0,0,1,0,0,0,0,0
824,428645,0,0,0,0,0,0,0,1,0,0,0,0,0
825,429166,0,0,0,0,0,0,0,1,0,0,0,0,0
826,429687,0,0,0,0,0,0,0,1,0,0,0,0,0
827,430208,0,0,0,0,0,0,0,1,0,0,0,0,0
828,430729,0,0,0,0,0,0,0,1,0,0,0,0,0
829,431250,0,0,0,0,0,0,0,1,0,0,0,0,0
830,431770,0,0,0,0,0,0,0,1,0,0,0,0,0
831,432291,0,0,0,0,0,0,0,1,0,0,0,0,0
832,432812,0,0,0,0,0,0,0,1,0,0,0,0,0
833,433333,0,0,0,0,0,0,0,1,0,0,0,0,0
834,433854,0,0,0,0,0,0,0,1,0,0,0,0,0
835,434375,0,0,0,0,0,0,0,1,0,0,0,0,0
836,434895,0,0,0,0,0,0,0,1,0,0,0,0,0
837,435416,0,0,0,0,0,0,0,1,0,0,0,0,0
838,435937,0,0,0,0,0,0,0,1,0,0,0,0,0
839,436458,0,0,0,0,0,0,0,1,0,0,0,0,0
840,436979,0,0,0,0,0,0,0,1,0,0,0,0,0
841,437500,0,0,0,0,0,0,0,1,0,0,0,0,0
842,438020,0,0,0,0,0,0,0,1,0,0,0,0,0
843,438541,0,0,0,0,0,0,0,1,0,0,0,0,0
844,439062,0,0,0,0,0,0,0,1,0,0,0,0,0
845,439583,0,0,0,0,0,0,0,1,0,0,0,0,0
846,440104,0,0,0,0,0,0,0,1,0,0,0,0,0
847,440625,0,0,0,0,0,0,0,1,0,0,0,0,0
848,441145,0,0,0,0,0,0,0,1,0,0,0,0,0
849,441666,0,0,0,0,0,0,0,1,0,0,0,0,0
850,442187,0,0,0,0,0,0,0,1,0,0,0,0,0
851,442708,0,0,0,0,0,0,0,1,0,0,0,0,0
852,443229,0,0,0,0,0,0,0,1,0,0,0,0,0
853,443750,0,0,0,0,0,0,0,1,0,0,0,0,0
854,444270,0,0,0,0,0,0,0,1,0,0,0,0,0
855,444791,0,0,0,0,0,0,0,1,0,0,0,0,0
856,445312,0,0,0,0,0,0,0,1,0,0,0,0,0
857,445833,0,0,0,0,0,0,0,1,0,0,0,0,0
858,446354,0,0,0,0,0,0,0,1,0,0,0,0,0
859,446875,0,0,0,0,0,0,0,1,0,0,0,0,0
860,447395,0,0,0,0,0,0,0,1,0,0,0,0,0
861,447916,0,0,0,0,0,0,0,1,0,0,0,0,0
862,448437,0,0,0,0,0,0,0,1,0,0,0,0,0
863,448958,0,0,0,0,0,0,0,1,0,0,0,0,0
864,449479,0,0,0,0,0,0,0,1,0,0,0,0,0
865,450000,0,0,0,0,0,0,0,1,0,0,0,0,0
866,450520,0,0,0,0,0,0,0,1,0,0,0,0,0
867,451041,0,0,0,0,0,0,0,1,0,0,0,0,0
868,451562,0,0,0,0,0,0,0,1,0,0,0,0,0
869,452083,0,0,0,0,0,0,0,1,0,0,0,0,0
870,452604,0,0,0,0,0,0,0,1,0,0,0,0,0
871,453125,0,0,0,0,0,0,0,1,0,0,0,0,0
872,453645,0,0,0,0,0,0,0,1,0,0,0,0,0
873,454166,0,0,0,0,0,0,0,1,0,0,0,0,0
874,454687,0,0,0,0,0,0,0,1,0,0,0,0,0
875,455208,0,0,0,0,0,0,0,1,0,0,0,0,0
876,455729,0,0,0,0,0,0,0,1,0,0,0,0,0
877,456250,0,0,0,0,0,0,0,1,0,0,0,0,0
878,456770,0,0,0,0,0,0,0,1,0,0,0,0,0
879,457291,0,0,0,0,0,0,0,1,0,0,0,0,0
880,457812,0,0,0,0,0,0,0,1,0,0,0,0,0
881,458333,0,0,0,0,0,0,0,1,0,0,0,0,0
882,458854,0,0,0,0,0,0,0,1,0,0,0,0,0
883,459375,0,0,0,0,0,0,0,1,0,0,0,0,0
884,459895,0,0,0,0,0,0,0,1,0,0,0,0,0
885,460416,0,0,0,0,0,0,0,1,0,0,0,0,0
886,460937,0,0,0,0,0,0,0,1,0,0,0,0,0
887,461458,0,0,0,0,0,0,0,1,0,0,0,0,0
888,461979,0,0,0,0,0,0,0,1,0,0,0,0,0
889,462500,0,0,0,0,0,0,0,1,0,0,0,0,0
890,463020,0,0,0,0,0,0,0,1,0,0,0,0,0
891,463541,0,0,0,0,0,0,0,1,0,0,0,0,0
892,464062,0,0,0,0,0,0,0,1,0,0,0,0,0
893,464583,0,0,0,0,0,0,0,1,0,0,0,0,0
894,465104,0,0,0,0,0,0,0,1,0,0,0,0,0
895,465625,0,0,0,0,0,0,0,1,0,0,0,0,0
896,466145,0,0,0,0,0,0,0,1,0,0,0,0,0
897,466666,0,0,0,0,0,0,0,1,0,0,0,0,0
898,467187,0,0,0,0,0,0,0,1,0,0,0,0,0
899,467708,0,0,0,0,0,0,0,1,0,0,0,0,0
900,468229,0,0,0,0,0,0,0,1,0,0,0,0,0
901,468750,0,0,0,0,0,0,0,1,0,0,0,0,0
902,469270,0,0,0,0,0,0,0,1,0,0,0,0,0
903,469791,0,0,0,0,0,0,0,1,0,0,0,0,0
904,470312,0,0,0,0,0,0,0,1,0,0,0,0,0
905,470833,0,0,0,0,0,0,0,1,0,0,0,0,0
906,471354,0,0,0,0,0,0,0,1,0,0,0,0,0
907,471875,0,0,0,0,0,0,0,1,0,0,0,0,0
908,472395,0,0,0,0,0,0,0,1,0,0,0,0,0
909,472916,0,0,0,0,0,0,0,1,0,0,0,0,0
910,473437,0,0,0,0,0,0,0,1,0,0,0,0,0
911,473958,0,0,0,0,0,0,0,1,0,0,0,0,0
912,474479,0,0,0,0,0,0,0,1,0,0,0,0,0
913,475000,0,0,0,0,0,0,0,1,0,0,0,0,0
914,475520,0,0,0,0,0,0,0,1,0,0,0,0,0
915,476041,0,0,0,0,0,0,0,1,0,0,0,0,0
916,476562,0,0,0,0,0,0,0,1,0,0,0,0,0
917,477083,0,0,0,0,0,0,0,1,0,0,0,0,0
918,477604,0,0,0,0,0,0,0,1,0,0,0,0,0
919,478125,0,0,0,0,0,0,0,1,0,0,0,0,0
920,478645,0,0,0,0,0,0,0,1,0,0,0,0,0
921,479166,0,0,0,0,0,0,0,1,0,0,0,0,0
922,479687,0,0,0,0,0,0,0,1,0,0,0,0,0
923,480208,0,0,0,0,0,0,0,1,0,0,0,0,0
924,480729,0,0,0,0,0,0,0,1,0,0,0,0,0
925,481250,0,0,0,0,0,0,0,1,0,0,0,0,0
926,481770,0,0,0,0,0,0,0,1,0,0,0,0,0
927,482291,0,0,0,0,0,0,0,1,0,0,0,0,0
928,482812,0,0,0,0,0,0,0,1,0,0,0,0,0
929,483333,0,0,0,0,0,0,0,1,0,0,0,0,0
930,483854,0,0,0,0,0,0,0,1,0,0,0,0,0
931,484375,0,0,0,0,0,0,0,1,0,0,0,0,0
932,484895,0,0,0,0,0,0,0,1,0,0,0,0,0
933,485416,0,0,0,0,0,0,0,1,0,0,0,0,0
934,485937,0,0,0,0,0,0,0,1,0,0,0,0,0
935,486458,0,0,0,0,0,0,0,1,0,0,0,0,0
936,486979,0,0,0,0,0,0,0,1,0,0,0,0,0
937,487500,0,0,0,0,0,0,0,1,0,0,0,0,0
938,488020,0,0,0,0,0,0,0,1,0,0,0,0,0
939,488541,0,0,0,0,0,0,0,1,0,0,0,0,0
940,489062,0,0,0,0,0,0,0,1,0,0,0,0,0
941,489583,0,0,0,0,0,0,0,1,0,0,0,0,0
942,490104,0,0,0,0,0,0,0,1,0,0,0,0,0
943,490625,0,0,0,0,0,0,0,1,0,0,0,0,0
944,491145,0,0,0,0,0,0,0,1,0,0,0,0,0
945,491666,0,0,0,0,0,0,0,1,0,0,0,0,0
946,492187,0,0,0,0,0,0,0,1,0,0,0,0,0
947,492708,0,0,0,0,0,0,0,1,0,0,0,0,0
948,493229,0,0,0,0,0,0,0,1,0,0,0,0,0
949,493750,0,0,0,0,0,0,0,1,0,0,0,0,0
950,494270,0,0,0,0,0,0,0,1,0,0,0,0,0
951,494791,0,0,0,0,0,0,0,1,0,0,0,0,0
952,495312,0,0,0,0,0,0,0,1,0,0,0,0,0
953,495833,0,0,0,0,0,0,0,1,0,0,0,0,0
954,496354,0,0,0,0,0,0,0,1,0,0,0,0,0
955,496875,0,0,0,0,0,0,0,1,0,0,0,0,0
956,497395,0,0,0,0,0,0,0,1,0,0,0,0,0
957,497916,0,0,0,0,0,0,0,1,0,0,0,0,0
958,498437,0,0,0,0,0,0,0,1,0,0,0,0,0
959,498958,0,0,0,0,0,0,0,1,0,0,0,0,0
960,499479,0,0,0,0,0,0,0,1,0,0,0,0,0
961,500000,0,0,0,0,0,0,0,1,0,0,0,0,0
962,500520,0,0,0,0,0,0,0,1,0,0,0,0,0
963,501041,0,0,0,0,0,0,0,1,0,0,0,0,0
964,501562,0,0,0,0,0,0,0,1,0,0,0,0,0
965,502083,0,0,0,0,0,0,0,1,0,0,0,0,0
966,502604,0,0,0,0,0,0,0,1,0,0,0,0,0
967,503125,0,0,0,0,0,0,0,1,0,0,0,0,0
968,503645,0,0,0,0,0,0,0,1,0,0,0,0,0
969,504166,0,0,0,0,0,0,0,1,0,0,0,0,0
970,504687,0,0,0,0,0,0,0,1,0,0,0,0,0
971,505208,0,0,0,0,0,0,0,1,0,0,0,0,0
972,505729,0,0,0,0,0,0,0,1,0,0,0,0,0
973,506250,0,0,0,0,0,0,0,1,0,0,0,0,0
974,506770,0,0,0,0,0,0,0,1,0,0,0,0,0
975,507291,0,0,0,0,0,0,0,1,0,0,0,0,0
976,507812,0,0,0,0,0,0,0,1,0,0,0,0,0
977,508333,0,0,0,0,0,0,0,1,0,0,0,0,0
978,508854,0,0,0,0,0,0,0,1,0,0,0,0,0
979,509375,0,0,0,0,0,0,0,1,0,0,0,0,0
980,509895,0,0,0,0,0,0,0,1,0,0,0,0,0
981,510416,0,0,0,0,0,0,0,1,0,0,0,0,0
982,510937,0,0,0,0,0,0,0,1,0,0,0,0,0
983,511458,0,0,0,0,0,0,0,1,0,0,0,0,0
984,511979,0,0,0,0,0,0,0,1,0,0,0,0,0
985,512499,0,0,0,0,0,0,0,1,0,0,0,0,0
986,513020,0,0,0,0,0,0,0,1,0,0,0,0,0
987,513541,0,0,0,0,0,0,0,1,0,0,0,0,0
988,514062,0,0,0,0,0,0,0,1,0,0,0,0,0
989,514583,0,0,0,0,0,0,0,1,0,0,0,0,0
990,515104,0,0,0,0,0,0,0,1,0,0,0,0,0
991,515625,0,0,0,0,0,0,0,1,0,0,0,0,0
992,516145,0,0,0,0,0,0,0,1,0,0,0,0,0
993,516666,0,0,0,0,0,0,0,1,0,0,0,0,0
994,517187,0,0,0,0,0,0,0,1,0,0,0,0,0
995,517708,0,0,0,0,0,0,0,1,0,0,0,0,0
996,518229,0,0,0,0,0,0,0,1,0,0,0,0,0
997,518750,0,0,0,0,0,0,0,1,0,0,0,0,0
998,519270,0,0,0,0,0,0,0,1,0,0,0,0,0
999,519791,0,0,0,0,0,0,0,1,0,0,0,0,0
1000,520312,0,0,0,0,0,0,0,1,0,0,0,0,0
1001,520833,0,0,0,0,0,0,0,1,0,0,0,0,0
1002,521354,0,0,0,0,0,0,0,1,0,0,0,0,0
1003,521875,0,0,0,0,0,0,0,1,0,0,0,0,0
1004,522395,0,0,0,0,0,0,0,1,0,0,0,0,0
1005,522916,0,0,0,0,0,0,0,1,0,0,0,0,0
1006,523437,0,0,0,0,0,0,0,1,0,0,0,0,0
1007,523958,0,0,0,0,0,0,0,1,0,0,0,0,0
1008,524479,0,0,0,0,0,0,0,1,0,0,0,0,0
1009,525000,0,0,0,0,0,0,0,1,0,0,0,0,0
1010,525520,0,0,0,0,0,0,0,1,0,0,0,0,0
