1,0,0,-322,322,0,0,-25078,25078,0,0,0,0,1,0
2,520,73,-352,280,0,5649,-27420,21771,0,0,0,0,1,0
3,1041,142,-369,226,0,11081,-28709,17628,0,0,0,0,1,0
4,1562,207,-371,164,0,16088,-28895,12807,0,0,0,0,1,0
5,2083,263,-359,96,0,20476,-27970,7495,0,0,0,0,1,0
6,2604,309,-334,24,0,24077,-25971,1894,0,0,0,0,1,0
7,3125,344,-295,-49,0,26753,-22973,-3780,0,0,0,0,1,0
8,3645,365,-245,-120,0,28401,-19093,-9308,0,0,0,0,1,0
9,4166,372,-186,-186,0,28957,-14479,-14479,0,0,0,0,1,0
10,4687,365,-120,-245,0,28401,-9308,-19093,0,0,0,0,1,0
11,5208,344,-49,-295,0,26753,-3780,-22973,0,0,0,0,1,0
12,5729,309,24,-334,0,24077,1894,-25971,0,0,0,0,1,0
13,6250,263,96,-359,0,20476,7495,-27970,0,0,0,0,1,0
14,6770,207,164,-371,0,16088,12807,-28895,0,0,0,0,1,0
15,7291,142,226,-369,0,11081,17628,-28709,0,0,0,0,1,0
16,7812,73,280,-352,0,5649,21771,-27420,0,0,0,0,1,0
17,8333,0,322,-322,0,0,25078,-25078,0,0,0,0,1,0
18,8854,-73,352,-280,0,-5649,27420,-21771,0,0,0,0,1,0
19,9375,-142,369,-226,0,-11081,28709,-17628,0,0,0,0,1,0
20,9895,-207,371,-164,0,-16088,28895,-12807,0,0,0,0,1,0
21,10416,-263,359,-96,0,-20476,27970,-7495,0,0,0,0,1,0
22,10937,-309,334,-24,0,-24077,25971,-1894,0,0,0,0,1,0
23,11458,-344,295,49,0,-26753,22973,3780,0,0,0,0,1,0
24,11979,-365,245,120,0,-28401,19093,9308,0,0,0,0,1,0
25,12500,-372,186,186,0,-28957,14479,14479,0,0,0,0,1,0
26,13020,-365,120,245,0,-28401,9308,19093,0,0,0,0,1,0
27,13541,-344,49,295,0,-26753,3780,22973,0,0,0,0,1,0
28,14062,-309,-24,334,0,-24077,-1894,25971,0,0,0,0,1,0
29,14583,-263,-96,359,0,-20476,-7495,27970,0,0,0,0,1,0
30,15104,-207,-164,371,0,-16088,-12807,28895,0,0,0,0,1,0
31,15625,-142,-226,369,0,-11081,-17628,28709,0,0,0,0,1,0
32,16145,-73,-280,352,0,-5649,-21771,27420,0,0,0,0,1,0
33,16666,0,-322,322,0,0,-25078,25078,0,0,0,0,1,0
34,17187,73,-352,280,0,5649,-27420,21771,0,0,0,0,1,0
35,17708,142,-369,226,0,11081,-28709,17628,0,0,0,0,1,0
36,18229,207,-371,164,0,16088,-28895,12807,0,0,0,0,1,0
37,18750,263,-359,96,0,20476,-27970,7495,0,0,0,0,1,0
38,19270,309,-334,24,0,24077,-25971,1894,0,0,0,0,1,0
39,19791,344,-295,-49,0,26753,-22973,-3780,0,0,0,0,1,0
40,20312,365,-245,-120,0,28401,-19093,-9308,0,0,0,0,1,0
41,20833,372,-186,-186,0,28957,-14479,-14479,0,0,0,0,1,0
42,21354,365,-120,-245,0,28401,-9308,-19093,0,0,0,0,1,0
43,21875,344,-49,-295,0,26753,-3780,-22973,0,0,0,0,1,0
44,22395,309,24,-334,0,24077,1894,-25971,0,0,0,0,1,0
45,22916,263,96,-359,0,20476,7495,-27970,0,0,0,0,1,0
46,23437,207,164,-371,0,16088,12807,-28895,0,0,0,0,1,0
47,23958,142,226,-369,0,11081,17628,-28709,0,0,0,0,1,0
48,24479,73,280,-352,0,5649,21771,-27420,0,0,0,0,1,0
49,25000,0,322,-322,0,0,25078,-25078,0,0,0,0,1,0
50,25520,-73,352,-280,0,-5649,27420,-21771,0,0,0,0,1,0
51,26041,-142,369,-226,0,-11081,28709,-17628,0,0,0,0,1,0
52,26562,-207,371,-164,0,-16088,28895,-12807,0,0,0,0,1,0
53,27083,-263,359,-96,0,-20476,27970,-7495,0,0,0,0,1,0
54,27604,-309,334,-24,0,-24077,25971,-1894,0,0,0,0,1,0
55,28125,-344,295,49,0,-26753,22973,3780,0,0,0,0,1,0
56,28645,-365,245,120,0,-28401,19093,9308,0,0,0,0,1,0
57,29166,-372,186,186,0,-28957,14479,14479,0,0,0,0,1,0
58,29687,-365,120,245,0,-28401,9308,19093,0,0,0,0,1,0
59,30208,-344,49,295,0,-26753,3780,22973,0,0,0,0,1,0
60,30729,-309,-24,334,0,-24077,-1894,25971,0,0,0,0,1,0
61,31250,-263,-96,359,0,-20476,-7495,27970,0,0,0,0,1,0
62,31770,-207,-164,371,0,-16088,-12807,28895,0,0,0,0,1,0
63,32291,-142,-226,369,0,-11081,-17628,28709,0,0,0,0,1,0
64,32812,-73,-280,352,0,-5649,-21771,27420,0,0,0,0,1,0
65,33333,0,-322,322,0,0,-25078,25078,0,0,0,0,1,0
66,33854,73,-352,280,0,5649,-27420,21771,0,0,0,0,1,0
67,34375,142,-369,226,0,11081,-28709,17628,0,0,0,0,1,0
68,34895,207,-371,164,0,16088,-28895,12807,0,0,0,0,1,0
69,35416,263,-359,96,0,20476,-27970,7495,0,0,0,0,1,0
70,35937,309,-334,24,0,24077,-25971,1894,0,0,0,0,1,0
71,36458,344,-295,-49,0,26753,-22973,-3780,0,0,0,0,1,0
72,36979,365,-245,-120,0,28401,-19093,-9308,0,0,0,0,1,0
73,37500,372,-186,-186,0,28957,-14479,-14479,0,0,0,0,1,0
74,38020,365,-120,-245,0,28401,-9308,-19093,0,0,0,0,1,0
75,38541,344,-49,-295,0,26753,-3780,-22973,0,0,0,0,1,0
76,39062,309,24,-334,0,24077,1894,-25971,0,0,0,0,1,0
77,39583,263,96,-359,0,20476,7495,-27970,0,0,0,0,1,0
78,40104,207,164,-371,0,16088,12807,-28895,0,0,0,0,1,0
79,40625,142,226,-369,0,11081,17628,-28709,0,0,0,0,1,0
80,41145,73,280,-352,0,5649,21771,-27420,0,0,0,0,1,0
81,41666,0,322,-322,0,0,25078,-25078,0,0,0,0,1,0
82,42187,-73,352,-280,0,-5649,27420,-21771,0,0,0,0,1,0
83,42708,-142,369,-226,0,-11081,28709,-17628,0,0,0,0,1,0
84,43229,-207,371,-164,0,-16088,28895,-12807,0,0,0,0,1,0
85,43750,-263,359,-96,0,-20476,27970,-7495,0,0,0,0,1,0
86,44270,-309,334,-24,0,-24077,25971,-1894,0,0,0,0,1,0
87,44791,-344,295,49,0,-26753,22973,3780,0,0,0,0,1,0
88,45312,-365,245,120,0,-28401,19093,9308,0,0,0,0,1,0
89,45833,-372,186,186,0,-28957,14479,14479,0,0,0,0,1,0
90,46354,-365,120,245,0,-28401,9308,19093,0,0,0,0,1,0
91,46875,-344,49,295,0,-26753,3780,22973,0,0,0,0,1,0
92,47395,-309,-24,334,0,-24077,-1894,25971,0,0,0,0,1,0
93,47916,-263,-96,359,0,-20476,-7495,27970,0,0,0,0,1,0
94,48437,-207,-164,371,0,-16088,-12807,28895,0,0,0,0,1,0
95,48958,-142,-226,369,0,-11081,-17628,28709,0,0,0,0,1,0
96,49479,-73,-280,352,0,-5649,-21771,27420,0,0,0,0,1,0
97,50000,17598,-322,322,17598,0,-27084,27084,0,0,0,0,1,0
98,50520,20955,-352,280,20883,565,-29614,23513,0,0,0,0,1,0
99,51041,24024,-369,226,23882,1108,-31006,19038,0,0,0,0,1,0
100,51562,26676,-371,164,26469,1609,-31207,13832,0,0,0,0,1,0
101,52083,28799,-359,96,28536,2048,-30208,8094,0,0,0,0,1,0
102,52604,30302,-334,24,29993,2408,-28048,2045,0,0,0,0,1,0
103,53125,31118,-295,-49,30775,2675,-24811,-4082,0,0,0,0,1,0
104,53645,31207,-245,-120,30842,2840,-20620,-10053,0,0,0,0,1,0
105,54166,30555,-186,-186,30183,2896,-15637,-15637,0,0,0,0,1,0
106,54687,29179,-120,-245,28814,2840,-10053,-20620,0,0,0,0,1,0
107,55208,27123,-49,-295,26779,2675,-4082,-24811,0,0,0,0,1,0
108,55729,24457,24,-334,24148,2408,2045,-28048,0,0,0,0,1,0
109,56250,21276,96,-359,21013,2048,8094,-30208,0,0,0,0,1,0
110,56770,17694,164,-371,17487,1609,13832,-31207,0,0,0,0,1,0
111,57291,13839,226,-369,13697,1108,19038,-31006,0,0,0,0,1,0
112,57812,9853,280,-352,9780,565,23513,-29614,0,0,0,0,1,0
113,58333,5880,322,-322,5880,0,27084,-27084,0,0,0,0,1,0
114,58854,2066,352,-280,2139,-565,29614,-23513,0,0,0,0,1,0
115,59375,-1450,369,-226,-1308,-1108,31006,-19038,0,0,0,0,1,0
116,59895,-4541,371,-164,-4334,-1609,31207,-13832,0,0,0,0,1,0
117,60416,-7094,359,-96,-6831,-2048,30208,-8094,0,0,0,0,1,0
118,60937,-9020,334,-24,-8710,-2408,28048,-2045,0,0,0,0,1,0
119,61458,-10249,295,49,-9906,-2675,24811,4082,0,0,0,0,1,0
120,61979,-10744,245,120,-10379,-2840,20620,10053,0,0,0,0,1,0
121,62500,-10490,186,186,-10118,-2896,15637,15637,0,0,0,0,1,0
122,63020,-9504,120,245,-9139,-2840,10053,20620,0,0,0,0,1,0
123,63541,-7830,49,295,-7487,-2675,4082,24811,0,0,0,0,1,0
124,64062,-5540,-24,334,-5231,-2408,-2045,28048,0,0,0,0,1,0
125,64583,-2727,-96,359,-2464,-2048,-8094,30208,0,0,0,0,1,0
126,65104,495,-164,371,702,-1609,-13832,31207,0,0,0,0,1,0
127,65625,3996,-226,369,4138,-1108,-19038,31006,0,0,0,0,1,0
128,66145,7636,-280,352,7708,-565,-23513,29614,0,0,0,0,1,0
129,66666,0,-161,161,0,0,-25078,25078,0,0,0,0,1,0
130,67187,36,-176,140,0,5649,-27420,21771,0,0,0,0,1,0
131,67708,71,-184,113,0,11081,-28709,17628,0,0,0,0,1,0
132,68229,103,-186,82,0,16088,-28895,12807,0,0,0,0,1,0
133,68750,131,-180,48,0,20476,-27970,7495,0,0,0,0,1,0
134,69270,155,-167,12,0,24077,-25971,1894,0,0,0,0,1,0
135,69791,172,-148,-24,0,26753,-22973,-3780,0,0,0,0,1,0
136,70312,182,-123,-60,0,28401,-19093,-9308,0,0,0,0,1,0
137,70833,186,-93,-93,0,28957,-14479,-14479,0,0,0,0,1,0
138,71354,182,-60,-123,0,28401,-9308,-19093,0,0,0,0,1,0
139,71875,172,-24,-148,0,26753,-3780,-22973,0,0,0,0,1,0
140,72395,155,12,-167,0,24077,1894,-25971,0,0,0,0,1,0
141,72916,131,48,-180,0,20476,7495,-27970,0,0,0,0,1,0
142,73437,103,82,-186,0,16088,12807,-28895,0,0,0,0,1,0
143,73958,71,113,-184,0,11081,17628,-28709,0,0,0,0,1,0
144,74479,36,140,-176,0,5649,21771,-27420,0,0,0,0,1,0
145,75000,0,161,-161,0,0,25078,-25078,0,0,0,0,1,0
146,75520,-36,176,-140,0,-5649,27420,-21771,0,0,0,0,1,0
147,76041,-71,184,-113,0,-11081,28709,-17628,0,0,0,0,1,0
148,76562,-103,186,-82,0,-16088,28895,-12807,0,0,0,0,1,0
149,77083,-131,180,-48,0,-20476,27970,-7495,0,0,0,0,1,0
150,77604,-155,167,-12,0,-24077,25971,-1894,0,0,0,0,1,0
151,78125,-172,148,24,0,-26753,22973,3780,0,0,0,0,1,0
152,78645,-182,123,60,0,-28401,19093,9308,0,0,0,0,1,0
153,79166,-186,93,93,0,-28957,14479,14479,0,0,0,0,1,0
154,79687,-182,60,123,0,-28401,9308,19093,0,0,0,0,1,0
155,80208,-172,24,148,0,-26753,3780,22973,0,0,0,0,1,0
156,80729,-155,-12,167,0,-24077,-1894,25971,0,0,0,0,1,0
157,81250,-131,-48,180,0,-20476,-7495,27970,0,0,0,0,1,0
158,81770,-103,-82,186,0,-16088,-12807,28895,0,0,0,0,1,0
159,82291,-71,-113,184,0,-11081,-17628,28709,0,0,0,0,1,0
160,82812,-36,-140,176,0,-5649,-21771,27420,0,0,0,0,1,0
161,83333,0,-161,161,0,0,-25078,25078,0,0,0,0,1,0
162,83854,36,-176,140,0,5649,-27420,21771,0,0,0,0,1,0
163,84375,71,-184,113,0,11081,-28709,17628,0,0,0,0,1,0
164,84895,103,-186,82,0,16088,-28895,12807,0,0,0,0,1,0
165,85416,131,-180,48,0,20476,-27970,7495,0,0,0,0,1,0
166,85937,155,-167,12,0,24077,-25971,1894,0,0,0,0,1,0
167,86458,172,-148,-24,0,26753,-22973,-3780,0,0,0,0,1,0
168,86979,182,-123,-60,0,28401,-19093,-9308,0,0,0,0,1,0
169,87500,186,-93,-93,0,28957,-14479,-14479,0,0,0,0,1,0
170,88020,182,-60,-123,0,28401,-9308,-19093,0,0,0,0,1,0
171,88541,172,-24,-148,0,26753,-3780,-22973,0,0,0,0,1,0
172,89062,155,12,-167,0,24077,1894,-25971,0,0,0,0,1,0
173,89583,131,48,-180,0,20476,7495,-27970,0,0,0,0,1,0
174,90104,103,82,-186,0,16088,12807,-28895,0,0,0,0,1,0
175,90625,71,113,-184,0,11081,17628,-28709,0,0,0,0,1,0
176,91145,36,140,-176,0,5649,21771,-27420,0,0,0,0,1,0
177,91666,0,161,-161,0,0,25078,-25078,0,0,0,0,1,0
178,92187,-36,176,-140,0,-5649,27420,-21771,0,0,0,0,1,0
179,92708,-71,184,-113,0,-11081,28709,-17628,0,0,0,0,1,0
180,93229,-103,186,-82,0,-16088,28895,-12807,0,0,0,0,1,0
181,93750,-131,180,-48,0,-20476,27970,-7495,0,0,0,0,1,0
182,94270,-155,167,-12,0,-24077,25971,-1894,0,0,0,0,1,0
183,94791,-172,148,24,0,-26753,22973,3780,0,0,0,0,1,0
184,95312,-182,123,60,0,-28401,19093,9308,0,0,0,0,1,0
185,95833,-186,93,93,0,-28957,14479,14479,0,0,0,0,1,0
186,96354,-182,60,123,0,-28401,9308,19093,0,0,0,0,1,0
187,96875,-172,24,148,0,-26753,3780,22973,0,0,0,0,1,0
188,97395,-155,-12,167,0,-24077,-1894,25971,0,0,0,0,1,0
189,97916,-131,-48,180,0,-20476,-7495,27970,0,0,0,0,1,0
190,98437,-103,-82,186,0,-16088,-12807,28895,0,0,0,0,1,0
191,98958,-71,-113,184,0,-11081,-17628,28709,0,0,0,0,1,0
192,99479,-36,-140,176,0,-5649,-21771,27420,0,0,0,0,1,0
193,100000,0,-161,161,0,0,-25078,25078,0,0,0,0,1,0
194,100520,36,-176,140,0,5649,-27420,21771,0,0,0,0,1,0
195,101041,71,-184,113,0,11081,-28709,17628,0,0,0,0,1,0
196,101562,103,-186,82,0,16088,-28895,12807,0,0,0,0,1,0
197,102083,131,-180,48,0,20476,-27970,7495,0,0,0,0,1,0
198,102604,155,-167,12,0,24077,-25971,1894,0,0,0,0,1,0
199,103125,172,-148,-24,0,26753,-22973,-3780,0,0,0,0,1,0
200,103645,182,-123,-60,0,28401,-19093,-9308,0,0,0,0,1,0
201,104166,186,-93,-93,0,28957,-14479,-14479,0,0,0,0,1,0
202,104687,182,-60,-123,0,28401,-9308,-19093,0,0,0,0,1,0
203,105208,172,-24,-148,0,26753,-3780,-22973,0,0,0,0,1,0
204,105729,155,12,-167,0,24077,1894,-25971,0,0,0,0,1,0
205,106250,131,48,-180,0,20476,7495,-27970,0,0,0,0,1,0
206,106770,103,82,-186,0,16088,12807,-28895,0,0,0,0,1,0
207,107291,71,113,-184,0,11081,17628,-28709,0,0,0,0,1,0
208,107812,36,140,-176,0,5649,21771,-27420,0,0,0,0,1,0
209,108333,0,161,-161,0,0,25078,-25078,0,0,0,0,1,0
210,108854,-36,176,-140,0,-5649,27420,-21771,0,0,0,0,1,0
211,109375,-71,184,-113,0,-11081,28709,-17628,0,0,0,0,1,0
212,109895,-103,186,-82,0,-16088,28895,-12807,0,0,0,0,1,0
213,110416,-131,180,-48,0,-20476,27970,-7495,0,0,0,0,1,0
214,110937,-155,167,-12,0,-24077,25971,-1894,0,0,0,0,1,0
215,111458,-172,148,24,0,-26753,22973,3780,0,0,0,0,1,0
216,111979,-182,123,60,0,-28401,19093,9308,0,0,0,0,1,0
217,112500,-186,93,93,0,-28957,14479,14479,0,0,0,0,1,0
218,113020,-182,60,123,0,-28401,9308,19093,0,0,0,0,1,0
219,113541,-172,24,148,0,-26753,3780,22973,0,0,0,0,1,0
220,114062,-155,-12,167,0,-24077,-1894,25971,0,0,0,0,1,0
221,114583,-131,-48,180,0,-20476,-7495,27970,0,0,0,0,1,0
222,115104,-103,-82,186,0,-16088,-12807,28895,0,0,0,0,1,0
223,115625,-71,-113,184,0,-11081,-17628,28709,0,0,0,0,1,0
224,116145,-36,-140,176,0,-5649,-21771,27420,0,0,0,0,1,0
225,116666,0,-161,161,0,0,-25078,25078,0,0,0,0,1,0
226,117187,36,-176,140,0,5649,-27420,21771,0,0,0,0,1,0
227,117708,71,-184,113,0,11081,-28709,17628,0,0,0,0,1,0
228,118229,103,-186,82,0,16088,-28895,12807,0,0,0,0,1,0
229,118750,131,-180,48,0,20476,-27970,7495,0,0,0,0,1,0
230,119270,155,-167,12,0,24077,-25971,1894,0,0,0,0,1,0
231,119791,172,-148,-24,0,26753,-22973,-3780,0,0,0,0,1,0
232,120312,182,-123,-60,0,28401,-19093,-9308,0,0,0,0,1,0
233,120833,186,-93,-93,0,28957,-14479,-14479,0,0,0,0,1,0
234,121354,182,-60,-123,0,28401,-9308,-19093,0,0,0,0,1,0
235,121875,172,-24,-148,0,26753,-3780,-22973,0,0,0,0,1,0
236,122395,155,12,-167,0,24077,1894,-25971,0,0,0,0,1,0
237,122916,131,48,-180,0,20476,7495,-27970,0,0,0,0,1,0
238,123437,103,82,-186,0,16088,12807,-28895,0,0,0,0,1,0
239,123958,71,113,-184,0,11081,17628,-28709,0,0,0,0,1,0
240,124479,36,140,-176,0,5649,21771,-27420,0,0,0,0,1,0
241,125000,0,161,-161,0,0,25078,-25078,0,0,0,0,1,0
242,125520,-36,176,-140,0,-5649,27420,-21771,0,0,0,0,1,0
243,126041,-71,184,-113,0,-11081,28709,-17628,0,0,0,0,1,0
244,126562,-103,186,-82,0,-16088,28895,-12807,0,0,0,0,1,0
245,127083,-131,180,-48,0,-20476,27970,-7495,0,0,0,0,1,0
246,127604,-155,167,-12,0,-24077,25971,-1894,0,0,0,0,1,0
247,128124,-172,148,24,0,-26753,22973,3780,0,0,0,0,1,0
248,128645,-182,123,60,0,-28401,19093,9308,0,0,0,0,1,0
249,129166,-186,93,93,0,-28957,14479,14479,0,0,0,0,1,0
250,129687,-182,60,123,0,-28401,9308,19093,0,0,0,0,1,0
251,130208,-172,24,148,0,-26753,3780,22973,0,0,0,0,1,0
252,130729,-155,-12,167,0,-24077,-1894,25971,0,0,0,0,1,0
253,131250,-131,-48,180,0,-20476,-7495,27970,0,0,0,0,1,0
254,131770,-103,-82,186,0,-16088,-12807,28895,0,0,0,0,1,0
255,132291,-71,-113,184,0,-11081,-17628,28709,0,0,0,0,1,0
256,132812,-36,-140,176,0,-5649,-21771,27420,0,0,0,0,1,0
257,133333,0,-161,161,0,0,-25078,25078,0,0,0,0,1,0
258,133854,36,-176,140,0,5649,-27420,21771,0,0,0,0,1,0
259,134375,71,-184,113,0,11081,-28709,17628,0,0,0,0,1,0
260,134895,103,-186,82,0,16088,-28895,12807,0,0,0,0,1,0
261,135416,131,-180,48,0,20476,-27970,7495,0,0,0,0,1,0
262,135937,155,-167,12,0,24077,-25971,1894,0,0,0,0,1,0
263,136458,172,-148,-24,0,26753,-22973,-3780,0,0,0,0,1,0
264,136979,182,-123,-60,0,28401,-19093,-9308,0,0,0,0,1,0
265,137500,186,-93,-93,0,28957,-14479,-14479,0,0,0,0,1,0
266,138020,182,-60,-123,0,28401,-9308,-19093,0,0,0,0,1,0
267,138541,172,-24,-148,0,26753,-3780,-22973,0,0,0,0,1,0
268,139062,155,12,-167,0,24077,1894,-25971,0,0,0,0,1,0
269,139583,131,48,-180,0,20476,7495,-27970,0,0,0,0,1,0
270,140104,103,82,-186,0,16088,12807,-28895,0,0,0,0,1,0
271,140625,71,113,-184,0,11081,17628,-28709,0,0,0,0,1,0
272,141145,36,140,-176,0,5649,21771,-27420,0,0,0,0,1,0
273,141666,0,161,-161,0,0,25078,-25078,0,0,0,0,1,0
274,142187,-36,176,-140,0,-5649,27420,-21771,0,0,0,0,1,0
275,142708,-71,184,-113,0,-11081,28709,-17628,0,0,0,0,1,0
276,143229,-103,186,-82,0,-16088,28895,-12807,0,0,0,0,1,0
277,143750,-131,180,-48,0,-20476,27970,-7495,0,0,0,0,1,0
278,144270,-155,167,-12,0,-24077,25971,-1894,0,0,0,0,1,0
279,144791,-172,148,24,0,-26753,22973,3780,0,0,0,0,1,0
280,145312,-182,123,60,0,-28401,19093,9308,0,0,0,0,1,0
281,145833,-186,93,93,0,-28957,14479,14479,0,0,0,0,1,0
282,146354,-182,60,123,0,-28401,9308,19093,0,0,0,0,1,0
283,146875,-172,24,148,0,-26753,3780,22973,0,0,0,0,1,0
284,147395,-155,-12,167,0,-24077,-1894,25971,0,0,0,0,1,0
285,147916,-131,-48,180,0,-20476,-7495,27970,0,0,0,0,1,0
286,148437,-103,-82,186,0,-16088,-12807,28895,0,0,0,0,1,0
287,148958,-71,-113,184,0,-11081,-17628,28709,0,0,0,0,1,0
288,149479,-36,-140,176,0,-5649,-21771,27420,0,0,0,0,1,0
289,150000,0,-161,161,0,0,-25078,25078,0,0,0,0,1,0
290,150520,36,-176,140,0,5649,-27420,21771,0,0,0,0,1,0
291,151041,71,-184,113,0,11081,-28709,17628,0,0,0,0,1,0
292,151562,103,-186,82,0,16088,-28895,12807,0,0,0,0,1,0
293,152083,131,-180,48,0,20476,-27970,7495,0,0,0,0,1,0
294,152604,155,-167,12,0,24077,-25971,1894,0,0,0,0,1,0
295,153125,172,-148,-24,0,26753,-22973,-3780,0,0,0,0,1,0
296,153645,182,-123,-60,0,28401,-19093,-9308,0,0,0,0,1,0
297,154166,186,-93,-93,0,28957,-14479,-14479,0,0,0,0,1,0
298,154687,182,-60,-123,0,28401,-9308,-19093,0,0,0,0,1,0
299,155208,172,-24,-148,0,26753,-3780,-22973,0,0,0,0,1,0
300,155729,155,12,-167,0,24077,1894,-25971,0,0,0,0,1,0
301,156250,131,48,-180,0,20476,7495,-27970,0,0,0,0,1,0
302,156770,103,82,-186,0,16088,12807,-28895,0,0,0,0,1,0
303,157291,71,113,-184,0,11081,17628,-28709,0,0,0,0,1,0
304,157812,36,140,-176,0,5649,21771,-27420,0,0,0,0,1,0
305,158333,0,161,-161,0,0,25078,-25078,0,0,0,0,1,0
306,158854,-36,176,-140,0,-5649,27420,-21771,0,0,0,0,1,0
307,159375,-71,184,-113,0,-11081,28709,-17628,0,0,0,0,1,0
308,159895,-103,186,-82,0,-16088,28895,-12807,0,0,0,0,1,0
309,160416,-131,180,-48,0,-20476,27970,-7495,0,0,0,0,1,0
310,160937,-155,167,-12,0,-24077,25971,-1894,0,0,0,0,1,0
311,161458,-172,148,24,0,-26753,22973,3780,0,0,0,0,1,0
312,161979,-182,123,60,0,-28401,19093,9308,0,0,0,0,1,0
313,162500,-186,93,93,0,-28957,14479,14479,0,0,0,0,1,0
314,163020,-182,60,123,0,-28401,9308,19093,0,0,0,0,1,0
315,163541,-172,24,148,0,-26753,3780,22973,0,0,0,0,1,0
316,164062,-155,-12,167,0,-24077,-1894,25971,0,0,0,0,1,0
317,164583,-131,-48,180,0,-20476,-7495,27970,0,0,0,0,1,0
318,165104,-103,-82,186,0,-16088,-12807,28895,0,0,0,0,1,0
319,165625,-71,-113,184,0,-11081,-17628,28709,0,0,0,0,1,0
320,166145,-36,-140,176,0,-5649,-21771,27420,0,0,0,0,1,0
321,166666,0,-161,161,0,0,-25078,25078,0,0,0,0,1,0
322,167187,36,-176,140,0,5649,-27420,21771,0,0,0,0,1,0
323,167708,71,-184,113,0,11081,-28709,17628,0,0,0,0,1,0
324,168229,103,-186,82,0,16088,-28895,12807,0,0,0,0,1,0
325,168750,131,-180,48,0,20476,-27970,7495,0,0,0,0,1,0
326,169270,155,-167,12,0,24077,-25971,1894,0,0,0,0,1,0
327,169791,172,-148,-24,0,26753,-22973,-3780,0,0,0,0,1,0
328,170312,182,-123,-60,0,28401,-19093,-9308,0,0,0,0,1,0
329,170833,186,-93,-93,0,28957,-14479,-14479,0,0,0,0,1,0
330,171354,182,-60,-123,0,28401,-9308,-19093,0,0,0,0,1,0
331,171875,172,-24,-148,0,26753,-3780,-22973,0,0,0,0,1,0
332,172395,155,12,-167,0,24077,1894,-25971,0,0,0,0,1,0
333,172916,131,48,-180,0,20476,7495,-27970,0,0,0,0,1,0
334,173437,103,82,-186,0,16088,12807,-28895,0,0,0,0,1,0
335,173958,71,113,-184,0,11081,17628,-28709,0,0,0,0,1,0
336,174479,36,140,-176,0,5649,21771,-27420,0,0,0,0,1,0
337,175000,0,161,-161,0,0,25078,-25078,0,0,0,0,1,0
338,175520,-36,176,-140,0,-5649,27420,-21771,0,0,0,0,1,0
339,176041,-71,184,-113,0,-11081,28709,-17628,0,0,0,0,1,0
340,176562,-103,186,-82,0,-16088,28895,-12807,0,0,0,0,1,0
341,177083,-131,180,-48,0,-20476,27970,-7495,0,0,0,0,1,0
342,177604,-155,167,-12,0,-24077,25971,-1894,0,0,0,0,1,0
343,178125,-172,148,24,0,-26753,22973,3780,0,0,0,0,1,0
344,178645,-182,123,60,0,-28401,19093,9308,0,0,0,0,1,0
345,179166,-186,93,93,0,-28957,14479,14479,0,0,0,0,1,0
346,179687,-182,60,123,0,-28401,9308,19093,0,0,0,0,1,0
347,180208,-172,24,148,0,-26753,3780,22973,0,0,0,0,1,0
348,180729,-155,-12,167,0,-24077,-1894,25971,0,0,0,0,1,0
349,181250,-131,-48,180,0,-20476,-7495,27970,0,0,0,0,1,0
350,181770,-103,-82,186,0,-16088,-12807,28895,0,0,0,0,1,0
351,182291,-71,-113,184,0,-11081,-17628,28709,0,0,0,0,1,0
352,182812,-36,-140,176,0,-5649,-21771,27420,0,0,0,0,1,0
353,183333,0,-161,161,0,0,-25078,25078,0,0,0,0,1,0
354,183854,36,-176,140,0,5649,-27420,21771,0,0,0,0,1,0
355,184375,71,-184,113,0,11081,-28709,17628,0,0,0,0,1,0
356,184895,103,-186,82,0,16088,-28895,12807,0,0,0,0,1,0
357,185416,131,-180,48,0,20476,-27970,7495,0,0,0,0,1,0
358,185937,155,-167,12,0,24077,-25971,1894,0,0,0,0,1,0
359,186458,172,-148,-24,0,26753,-22973,-3780,0,0,0,0,1,0
360,186979,182,-123,-60,0,28401,-19093,-9308,0,0,0,0,1,0
361,187500,186,-93,-93,0,28957,-14479,-14479,0,0,0,0,1,0
362,188020,182,-60,-123,0,28401,-9308,-19093,0,0,0,0,1,0
363,188541,172,-24,-148,0,26753,-3780,-22973,0,0,0,0,1,0
364,189062,155,12,-167,0,24077,1894,-25971,0,0,0,0,1,0
365,189583,131,48,-180,0,20476,7495,-27970,0,0,0,0,1,0
366,190104,103,82,-186,0,16088,12807,-28895,0,0,0,0,1,0
367,190625,71,113,-184,0,11081,17628,-28709,0,0,0,0,1,0
368,191145,36,140,-176,0,5649,21771,-27420,0,0,0,0,1,0
369,191666,0,161,-161,0,0,25078,-25078,0,0,0,0,1,0
370,192187,-36,176,-140,0,-5649,27420,-21771,0,0,0,0,1,0
371,192708,-71,184,-113,0,-11081,28709,-17628,0,0,0,0,1,0
372,193229,-103,186,-82,0,-16088,28895,-12807,0,0,0,0,1,0
373,193750,-131,180,-48,0,-20476,27970,-7495,0,0,0,0,1,0
374,194270,-155,167,-12,0,-24077,25971,-1894,0,0,0,0,1,0
375,194791,-172,148,24,0,-26753,22973,3780,0,0,0,0,1,0
376,195312,-182,123,60,0,-28401,19093,9308,0,0,0,0,1,0
377,195833,-186,93,93,0,-28957,14479,14479,0,0,0,0,1,0
378,196354,-182,60,123,0,-28401,9308,19093,0,0,0,0,1,0
379,196875,-172,24,148,0,-26753,3780,22973,0,0,0,0,1,0
380,197395,-155,-12,167,0,-24077,-1894,25971,0,0,0,0,1,0
381,197916,-131,-48,180,0,-20476,-7495,27970,0,0,0,0,1,0
382,198437,-103,-82,186,0,-16088,-12807,28895,0,0,0,0,1,0
383,198958,-71,-113,184,0,-11081,-17628,28709,0,0,0,0,1,0
384,199479,-36,-140,176,0,-5649,-21771,27420,0,0,0,0,1,0
385,200000,0,-161,161,0,0,-25078,25078,0,0,0,0,1,0
386,200520,36,-176,140,0,5649,-27420,21771,0,0,0,0,1,0
387,201041,71,-184,113,0,11081,-28709,17628,0,0,0,0,1,0
388,201562,103,-186,82,0,16088,-28895,12807,0,0,0,0,1,0
389,202083,131,-180,48,0,20476,-27970,7495,0,0,0,0,1,0
390,202604,155,-167,12,0,24077,-25971,1894,0,0,0,0,1,0
391,203125,172,-148,-24,0,26753,-22973,-3780,0,0,0,0,1,0
392,203645,182,-123,-60,0,28401,-19093,-9308,0,0,0,0,1,0
393,204166,186,-93,-93,0,28957,-14479,-14479,0,0,0,0,1,0
394,204687,182,-60,-123,0,28401,-9308,-19093,0,0,0,0,1,0
395,205208,172,-24,-148,0,26753,-3780,-22973,0,0,0,0,1,0
396,205729,155,12,-167,0,24077,1894,-25971,0,0,0,0,1,0
397,206250,131,48,-180,0,20476,7495,-27970,0,0,0,0,1,0
398,206770,103,82,-186,0,16088,12807,-28895,0,0,0,0,1,0
399,207291,71,113,-184,0,11081,17628,-28709,0,0,0,0,1,0
400,207812,36,140,-176,0,5649,21771,-27420,0,0,0,0,1,0
401,208333,0,161,-161,0,0,25078,-25078,0,0,0,0,1,0
402,208854,-36,176,-140,0,-5649,27420,-21771,0,0,0,0,1,0
403,209375,-71,184,-113,0,-11081,28709,-17628,0,0,0,0,1,0
404,209895,-103,186,-82,0,-16088,28895,-12807,0,0,0,0,1,0
405,210416,-131,180,-48,0,-20476,27970,-7495,0,0,0,0,1,0
406,210937,-155,167,-12,0,-24077,25971,-1894,0,0,0,0,1,0
407,211458,-172,148,24,0,-26753,22973,3780,0,0,0,0,1,0
408,211979,-182,123,60,0,-28401,19093,9308,0,0,0,0,1,0
409,212500,-186,93,93,0,-28957,14479,14479,0,0,0,0,1,0
410,213020,-182,60,123,0,-28401,9308,19093,0,0,0,0,1,0
411,213541,-172,24,148,0,-26753,3780,22973,0,0,0,0,1,0
412,214062,-155,-12,167,0,-24077,-1894,25971,0,0,0,0,1,0
413,214583,-131,-48,180,0,-20476,-7495,27970,0,0,0,0,1,0
414,215104,-103,-82,186,0,-16088,-12807,28895,0,0,0,0,1,0
415,215625,-71,-113,184,0,-11081,-17628,28709,0,0,0,0,1,0
416,216145,-36,-140,176,0,-5649,-21771,27420,0,0,0,0,1,0
417,216666,0,-161,161,0,0,-25078,25078,0,0,0,0,1,0
418,217187,36,-176,140,0,5649,-27420,21771,0,0,0,0,1,0
419,217708,71,-184,113,0,11081,-28709,17628,0,0,0,0,1,0
420,218229,103,-186,82,0,16088,-28895,12807,0,0,0,0,1,0
421,218750,131,-180,48,0,20476,-27970,7495,0,0,0,0,1,0
422,219270,155,-167,12,0,24077,-25971,1894,0,0,0,0,1,0
423,219791,172,-148,-24,0,26753,-22973,-3780,0,0,0,0,1,0
424,220312,182,-123,-60,0,28401,-19093,-9308,0,0,0,0,1,0
425,220833,186,-93,-93,0,28957,-14479,-14479,0,0,0,0,1,0
426,221354,182,-60,-123,0,28401,-9308,-19093,0,0,0,0,1,0
427,221875,172,-24,-148,0,26753,-3780,-22973,0,0,0,0,1,0
428,222395,155,12,-167,0,24077,1894,-25971,0,0,0,0,1,0
429,222916,131,48,-180,0,20476,7495,-27970,0,0,0,0,1,0
430,223437,103,82,-186,0,16088,12807,-28895,0,0,0,0,1,0
431,223958,71,113,-184,0,11081,17628,-28709,0,0,0,0,1,0
432,224479,36,140,-176,0,5649,21771,-27420,0,0,0,0,1,0
433,225000,0,161,-161,0,0,25078,-25078,0,0,0,0,1,0
434,225520,-36,176,-140,0,-5649,27420,-21771,0,0,0,0,1,0
435,226041,-71,184,-113,0,-11081,28709,-17628,0,0,0,0,1,0
436,226562,-103,186,-82,0,-16088,28895,-12807,0,0,0,0,1,0
437,227083,-131,180,-48,0,-20476,27970,-7495,0,0,0,0,1,0
438,227604,-155,167,-12,0,-24077,25971,-1894,0,0,0,0,1,0
439,228125,-172,148,24,0,-26753,22973,3780,0,0,0,0,1,0
440,228645,-182,123,60,0,-28401,19093,9308,0,0,0,0,1,0
441,229166,-186,93,93,0,-28957,14479,14479,0,0,0,0,1,0
442,229687,-182,60,123,0,-28401,9308,19093,0,0,0,0,1,0
443,230208,-172,24,148,0,-26753,3780,22973,0,0,0,0,1,0
444,230729,-155,-12,167,0,-24077,-1894,25971,0,0,0,0,1,0
445,231250,-131,-48,180,0,-20476,-7495,27970,0,0,0,0,1,0
446,231770,-103,-82,186,0,-16088,-12807,28895,0,0,0,0,1,0
447,232291,-71,-113,184,0,-11081,-17628,28709,0,0,0,0,1,0
448,232812,-36,-140,176,0,-5649,-21771,27420,0,0,0,0,1,0
449,233333,0,-161,161,0,0,-25078,25078,0,0,0,0,1,0
450,233854,36,-176,140,0,5649,-27420,21771,0,0,0,0,1,0
451,234375,71,-184,113,0,11081,-28709,17628,0,0,0,0,1,0
452,234895,103,-186,82,0,16088,-28895,12807,0,0,0,0,1,0
453,235416,131,-180,48,0,20476,-27970,7495,0,0,0,0,1,0
454,235937,155,-167,12,0,24077,-25971,1894,0,0,0,0,1,0
455,236458,172,-148,-24,0,26753,-22973,-3780,0,0,0,0,1,0
456,236979,182,-123,-60,0,28401,-19093,-9308,0,0,0,0,1,0
457,237500,186,-93,-93,0,28957,-14479,-14479,0,0,0,0,1,0
458,238020,182,-60,-123,0,28401,-9308,-19093,0,0,0,0,1,0
459,238541,172,-24,-148,0,26753,-3780,-22973,0,0,0,0,1,0
460,239062,155,12,-167,0,24077,1894,-25971,0,0,0,0,1,0
461,239583,131,48,-180,0,20476,7495,-27970,0,0,0,0,1,0
462,240104,103,82,-186,0,16088,12807,-28895,0,0,0,0,1,0
463,240625,71,113,-184,0,11081,17628,-28709,0,0,0,0,1,0
464,241145,36,140,-176,0,5649,21771,-27420,0,0,0,0,1,0
465,241666,0,161,-161,0,0,25078,-25078,0,0,0,0,1,0
466,242187,-36,176,-140,0,-5649,27420,-21771,0,0,0,0,1,0
467,242708,-71,184,-113,0,-11081,28709,-17628,0,0,0,0,1,0
468,243229,-103,186,-82,0,-16088,28895,-12807,0,0,0,0,1,0
469,243750,-131,180,-48,0,-20476,27970,-7495,0,0,0,0,1,0
470,244270,-155,167,-12,0,-24077,25971,-1894,0,0,0,0,1,0
471,244791,-172,148,24,0,-26753,22973,3780,0,0,0,0,1,0
472,245312,-182,123,60,0,-28401,19093,9308,0,0,0,0,1,0
473,245833,-186,93,93,0,-28957,14479,14479,0,0,0,0,1,0
474,246354,-182,60,123,0,-28401,9308,19093,0,0,0,0,1,0
475,246875,-172,24,148,0,-26753,3780,22973,0,0,0,0,1,0
476,247395,-155,-12,167,0,-24077,-1894,25971,0,0,0,0,1,0
477,247916,-131,-48,180,0,-20476,-7495,27970,0,0,0,0,1,0
478,248437,-103,-82,186,0,-16088,-12807,28895,0,0,0,0,1,0
479,248958,-71,-113,184,0,-11081,-17628,28709,0,0,0,0,1,0
480,249479,-36,-140,176,0,-5649,-21771,27420,0,0,0,0,1,0
481,250000,0,-161,161,0,0,-25078,25078,0,0,0,0,1,0
482,250520,36,-176,140,0,5649,-27420,21771,0,0,0,0,1,0
483,251041,71,-184,113,0,11081,-28709,17628,0,0,0,0,1,0
484,251562,103,-186,82,0,16088,-28895,12807,0,0,0,0,1,0
485,252083,131,-180,48,0,20476,-27970,7495,0,0,0,0,1,0
486,252604,155,-167,12,0,24077,-25971,1894,0,0,0,0,1,0
487,253125,172,-148,-24,0,26753,-22973,-3780,0,0,0,0,1,0
488,253645,182,-123,-60,0,28401,-19093,-9308,0,0,0,0,1,0
489,254166,186,-93,-93,0,28957,-14479,-14479,0,0,0,0,1,0
490,254687,182,-60,-123,0,28401,-9308,-19093,0,0,0,0,1,0
491,255208,172,-24,-148,0,26753,-3780,-22973,0,0,0,0,1,0
492,255729,155,12,-167,0,24077,1894,-25971,0,0,0,0,1,0
493,256249,131,48,-180,0,20476,7495,-27970,0,0,0,0,1,0
494,256770,103,82,-186,0,16088,12807,-28895,0,0,0,0,1,0
495,257291,71,113,-184,0,11081,17628,-28709,0,0,0,0,1,0
496,257812,36,140,-176,0,5649,21771,-27420,0,0,0,0,1,0
497,258333,0,161,-161,0,0,25078,-25078,0,0,0,0,1,0
498,258854,-36,176,-140,0,-5649,27420,-21771,0,0,0,0,1,0
499,259375,-71,184,-113,0,-11081,28709,-17628,0,0,0,0,1,0
500,259895,-103,186,-82,0,-16088,28895,-12807,0,0,0,0,1,0
501,260416,-131,180,-48,0,-20476,27970,-7495,0,0,0,0,1,0
502,260937,-155,167,-12,0,-24077,25971,-1894,0,0,0,0,1,0
503,261458,-172,148,24,0,-26753,22973,3780,0,0,0,0,1,0
504,261979,-182,123,60,0,-28401,19093,9308,0,0,0,0,1,0
505,262500,-186,93,93,0,-28957,14479,14479,0,0,0,0,1,0
506,263020,-182,60,123,0,-28401,9308,19093,0,0,0,0,1,0
507,263541,-172,24,148,0,-26753,3780,22973,0,0,0,0,1,0
508,264062,-155,-12,167,0,-24077,-1894,25971,0,0,0,0,1,0
509,264583,-131,-48,180,0,-20476,-7495,27970,0,0,0,0,1,0
510,265104,-103,-82,186,0,-16088,-12807,28895,0,0,0,0,1,0
511,265625,-71,-113,184,0,-11081,-17628,28709,0,0,0,0,1,0
512,266145,-36,-140,176,0,-5649,-21771,27420,0,0,0,0,1,0
513,266666,0,-161,161,0,0,-25078,25078,0,0,0,0,1,0
514,267187,36,-176,140,0,5649,-27420,21771,0,0,0,0,1,0
515,267708,71,-184,113,0,11081,-28709,17628,0,0,0,0,1,0
516,268229,103,-186,82,0,16088,-28895,12807,0,0,0,0,1,0
517,268750,131,-180,48,0,20476,-27970,7495,0,0,0,0,1,0
518,269270,155,-167,12,0,24077,-25971,1894,0,0,0,0,1,0
519,269791,172,-148,-24,0,26753,-22973,-3780,0,0,0,0,1,0
520,270312,182,-123,-60,0,28401,-19093,-9308,0,0,0,0,1,0
521,270833,186,-93,-93,0,28957,-14479,-14479,0,0,0,0,1,0
522,271354,182,-60,-123,0,28401,-9308,-19093,0,0,0,0,1,0
523,271875,172,-24,-148,0,26753,-3780,-22973,0,0,0,0,1,0
524,272395,155,12,-167,0,24077,1894,-25971,0,0,0,0,1,0
525,272916,131,48,-180,0,20476,7495,-27970,0,0,0,0,1,0
526,273437,103,82,-186,0,16088,12807,-28895,0,0,0,0,1,0
527,273958,71,113,-184,0,11081,17628,-28709,0,0,0,0,1,0
528,274479,36,140,-176,0,5649,21771,-27420,0,0,0,0,1,0
529,275000,0,161,-161,0,0,25078,-25078,0,0,0,0,1,0
530,275520,-36,176,-140,0,-5649,27420,-21771,0,0,0,0,1,0
531,276041,-71,184,-113,0,-11081,28709,-17628,0,0,0,0,1,0
532,276562,-103,186,-82,0,-16088,28895,-12807,0,0,0,0,1,0
533,277083,-131,180,-48,0,-20476,27970,-7495,0,0,0,0,1,0
534,277604,-155,167,-12,0,-24077,25971,-1894,0,0,0,0,1,0
535,278125,-172,148,24,0,-26753,22973,3780,0,0,0,0,1,0
536,278645,-182,123,60,0,-28401,19093,9308,0,0,0,0,1,0
537,279166,-186,93,93,0,-28957,14479,14479,0,0,0,0,1,0
538,279687,-182,60,123,0,-28401,9308,19093,0,0,0,0,1,0
539,280208,-172,24,148,0,-26753,3780,22973,0,0,0,0,1,0
540,280729,-155,-12,167,0,-24077,-1894,25971,0,0,0,0,1,0
541,281250,-131,-48,180,0,-20476,-7495,27970,0,0,0,0,1,0
542,281770,-103,-82,186,0,-16088,-12807,28895,0,0,0,0,1,0
543,282291,-71,-113,184,0,-11081,-17628,28709,0,0,0,0,1,0
544,282812,-36,-140,176,0,-5649,-21771,27420,0,0,0,0,1,0
545,283333,0,-161,161,0,0,-25078,25078,0,0,0,0,1,0
546,283854,36,-176,140,0,5649,-27420,21771,0,0,0,0,1,0
547,284375,71,-184,113,0,11081,-28709,17628,0,0,0,0,1,0
548,284895,103,-186,82,0,16088,-28895,12807,0,0,0,0,1,0
549,285416,131,-180,48,0,20476,-27970,7495,0,0,0,0,1,0
550,285937,155,-167,12,0,24077,-25971,1894,0,0,0,0,1,0
551,286458,172,-148,-24,0,26753,-22973,-3780,0,0,0,0,1,0
552,286979,182,-123,-60,0,28401,-19093,-9308,0,0,0,0,1,0
553,287500,186,-93,-93,0,28957,-14479,-14479,0,0,0,0,1,0
554,288020,182,-60,-123,0,28401,-9308,-19093,0,0,0,0,1,0
555,288541,172,-24,-148,0,26753,-3780,-22973,0,0,0,0,1,0
556,289062,155,12,-167,0,24077,1894,-25971,0,0,0,0,1,0
557,289583,131,48,-180,0,20476,7495,-27970,0,0,0,0,1,0
558,290104,103,82,-186,0,16088,12807,-28895,0,0,0,0,1,0
559,290625,71,113,-184,0,11081,17628,-28709,0,0,0,0,1,0
560,291145,36,140,-176,0,5649,21771,-27420,0,0,0,0,1,0
561,291666,0,161,-161,0,0,25078,-25078,0,0,0,0,1,0
562,292187,-36,176,-140,0,-5649,27420,-21771,0,0,0,0,1,0
563,292708,-71,184,-113,0,-11081,28709,-17628,0,0,0,0,1,0
564,293229,-103,186,-82,0,-16088,28895,-12807,0,0,0,0,1,0
565,293750,-131,180,-48,0,-20476,27970,-7495,0,0,0,0,1,0
566,294270,-155,167,-12,0,-24077,25971,-1894,0,0,0,0,1,0
567,294791,-172,148,24,0,-26753,22973,3780,0,0,0,0,1,0
568,295312,-182,123,60,0,-28401,19093,9308,0,0,0,0,1,0
569,295833,-186,93,93,0,-28957,14479,14479,0,0,0,0,1,0
570,296354,-182,60,123,0,-28401,9308,19093,0,0,0,0,1,0
571,296875,-172,24,148,0,-26753,3780,22973,0,0,0,0,1,0
572,297395,-155,-12,167,0,-24077,-1894,25971,0,0,0,0,1,0
573,297916,-131,-48,180,0,-20476,-7495,27970,0,0,0,0,1,0
574,298437,-103,-82,186,0,-16088,-12807,28895,0,0,0,0,1,0
575,298958,-71,-113,184,0,-11081,-17628,28709,0,0,0,0,1,0
576,299479,-36,-140,176,0,-5649,-21771,27420,0,0,0,0,1,0
577,300000,0,-161,161,0,0,-25078,25078,0,0,0,0,1,0
578,300520,36,-176,140,0,5649,-27420,21771,0,0,0,0,1,0
579,301041,71,-184,113,0,11081,-28709,17628,0,0,0,0,1,0
580,301562,103,-186,82,0,16088,-28895,12807,0,0,0,0,1,0
581,302083,131,-180,48,0,20476,-27970,7495,0,0,0,0,1,0
582,302604,155,-167,12,0,24077,-25971,1894,0,0,0,0,1,0
583,303125,172,-148,-24,0,26753,-22973,-3780,0,0,0,0,1,0
584,303645,182,-123,-60,0,28401,-19093,-9308,0,0,0,0,1,0
585,304166,186,-93,-93,0,28957,-14479,-14479,0,0,0,0,1,0
586,304687,182,-60,-123,0,28401,-9308,-19093,0,0,0,0,1,0
587,305208,172,-24,-148,0,26753,-3780,-22973,0,0,0,0,1,0
588,305729,155,12,-167,0,24077,1894,-25971,0,0,0,0,1,0
589,306250,131,48,-180,0,20476,7495,-27970,0,0,0,0,1,0
590,306770,103,82,-186,0,16088,12807,-28895,0,0,0,0,1,0
591,307291,71,113,-184,0,11081,17628,-28709,0,0,0,0,1,0
592,307812,36,140,-176,0,5649,21771,-27420,0,0,0,0,1,0
593,308333,0,161,-161,0,0,25078,-25078,0,0,0,0,1,0
594,308854,-36,176,-140,0,-5649,27420,-21771,0,0,0,0,1,0
595,309375,-71,184,-113,0,-11081,28709,-17628,0,0,0,0,1,0
596,309895,-103,186,-82,0,-16088,28895,-12807,0,0,0,0,1,0
597,310416,-131,180,-48,0,-20476,27970,-7495,0,0,0,0,1,0
598,310937,-155,167,-12,0,-24077,25971,-1894,0,0,0,0,1,0
599,311458,-172,148,24,0,-26753,22973,3780,0,0,0,0,1,0
600,311979,-182,123,60,0,-28401,19093,9308,0,0,0,0,1,0
601,312500,-186,93,93,0,-28957,14479,14479,0,0,0,0,1,0
602,313020,-182,60,123,0,-28401,9308,19093,0,0,0,0,1,0
603,313541,-172,24,148,0,-26753,3780,22973,0,0,0,0,1,0
604,314062,-155,-12,167,0,-24077,-1894,25971,0,0,0,0,1,0
605,314583,-131,-48,180,0,-20476,-7495,27970,0,0,0,0,1,0
606,315104,-103,-82,186,0,-16088,-12807,28895,0,0,0,0,1,0
607,315625,-71,-113,184,0,-11081,-17628,28709,0,0,0,0,1,0
608,316145,-36,-140,176,0,-5649,-21771,27420,0,0,0,0,1,0
609,316666,0,-161,161,0,0,-25078,25078,0,0,0,0,1,0
610,317187,36,-176,140,0,5649,-27420,21771,0,0,0,0,1,0
611,317708,71,-184,113,0,11081,-28709,17628,0,0,0,0,1,0
612,318229,103,-186,82,0,16088,-28895,12807,0,0,0,0,1,0
613,318750,131,-180,48,0,20476,-27970,7495,0,0,0,0,1,0
614,319270,155,-167,12,0,24077,-25971,1894,0,0,0,0,1,0
615,319791,172,-148,-24,0,26753,-22973,-3780,0,0,0,0,1,0
