1,0,0,-608,608,0,0,-25024,25024,0,0,0,0,1,0
2,520,137,-664,527,0,5637,-27362,21724,0,0,0,0,1,0
3,1041,268,-696,427,0,11058,-28648,17590,0,0,0,0,1,0
4,1562,390,-700,310,0,16053,-28833,12780,0,0,0,0,1,0
5,2083,496,-678,182,0,20432,-27910,7479,0,0,0,0,1,0
6,2604,583,-629,46,0,24025,-25915,1890,0,0,0,0,1,0
7,3125,648,-557,-92,0,26696,-22924,-3772,0,0,0,0,1,0
8,3645,688,-463,-225,0,28340,-19052,-9288,0,0,0,0,1,0
9,4166,702,-351,-351,0,28895,-14448,-14448,0,0,0,0,1,0
10,4687,688,-225,-463,0,28340,-9288,-19052,0,0,0,0,1,0
11,5208,648,-92,-557,0,26696,-3772,-22924,0,0,0,0,1,0
12,5729,583,46,-629,0,24025,1890,-25915,0,0,0,0,1,0
13,6250,496,182,-678,0,20432,7479,-27910,0,0,0,0,1,0
14,6770,390,310,-700,0,16053,12780,-28833,0,0,0,0,1,0
15,7291,268,427,-696,0,11058,17590,-28648,0,0,0,0,1,0
16,7812,137,527,-664,0,5637,21724,-27362,0,0,0,0,1,0
17,8333,0,608,-608,0,0,25024,-25024,0,0,0,0,1,0
18,8854,-137,664,-527,0,-5637,27362,-21724,0,0,0,0,1,0
19,9375,-268,696,-427,0,-11058,28648,-17590,0,0,0,0,1,0
20,9895,-390,700,-310,0,-16053,28833,-12780,0,0,0,0,1,0
21,10416,-496,678,-182,0,-20432,27910,-7479,0,0,0,0,1,0
22,10937,-583,629,-46,0,-24025,25915,-1890,0,0,0,0,1,0
23,11458,-648,557,92,0,-26696,22924,3772,0,0,0,0,1,0
24,11979,-688,463,225,0,-28340,19052,9288,0,0,0,0,1,0
25,12500,-702,351,351,0,-28895,14448,14448,0,0,0,0,1,0
26,13020,-688,225,463,0,-28340,9288,19052,0,0,0,0,1,0
27,13541,-648,92,557,0,-26696,3772,22924,0,0,0,0,1,0
28,14062,-583,-46,629,0,-24025,-1890,25915,0,0,0,0,1,0
29,14583,-496,-182,678,0,-20432,-7479,27910,0,0,0,0,1,0
30,15104,-390,-310,700,0,-16053,-12780,28833,0,0,0,0,1,0
31,15625,-268,-427,696,0,-11058,-17590,28648,0,0,0,0,1,0
32,16145,-137,-527,664,0,-5637,-21724,27362,0,0,0,0,1,0
33,16666,0,-608,608,0,0,-25024,25024,0,0,0,0,1,0
34,17187,137,-664,527,0,5637,-27362,21724,0,0,0,0,1,0
35,17708,268,-696,427,0,11058,-28648,17590,0,0,0,0,1,0
36,18229,390,-700,310,0,16053,-28833,12780,0,0,0,0,1,0
37,18750,496,-678,182,0,20432,-27910,7479,0,0,0,0,1,0
38,19270,583,-629,46,0,24025,-25915,1890,0,0,0,0,1,0
39,19791,648,-557,-92,0,26696,-22924,-3772,0,0,0,0,1,0
40,20312,688,-463,-225,0,28340,-19052,-9288,0,0,0,0,1,0
41,20833,702,-351,-351,0,28895,-14448,-14448,0,0,0,0,1,0
42,21354,688,-225,-463,0,28340,-9288,-19052,0,0,0,0,1,0
43,21875,648,-92,-557,0,26696,-3772,-22924,0,0,0,0,1,0
44,22395,583,46,-629,0,24025,1890,-25915,0,0,0,0,1,0
45,22916,496,182,-678,0,20432,7479,-27910,0,0,0,0,1,0
46,23437,390,310,-700,0,16053,12780,-28833,0,0,0,0,1,0
47,23958,268,427,-696,0,11058,17590,-28648,0,0,0,0,1,0
48,24479,137,527,-664,0,5637,21724,-27362,0,0,0,0,1,0
49,25000,0,608,-608,0,0,25024,-25024,0,0,0,0,1,0
50,25520,-137,664,-527,0,-5637,27362,-21724,0,0,0,0,1,0
51,26041,-268,696,-427,0,-11058,28648,-17590,0,0,0,0,1,0
52,26562,-390,700,-310,0,-16053,28833,-12780,0,0,0,0,1,0
53,27083,-496,678,-182,0,-20432,27910,-7479,0,0,0,0,1,0
54,27604,-583,629,-46,0,-24025,25915,-1890,0,0,0,0,1,0
55,28125,-648,557,92,0,-26696,22924,3772,0,0,0,0,1,0
56,28645,-688,463,225,0,-28340,19052,9288,0,0,0,0,1,0
57,29166,-702,351,351,0,-28895,14448,14448,0,0,0,0,1,0
58,29687,-688,225,463,0,-28340,9288,19052,0,0,0,0,1,0
59,30208,-648,92,557,0,-26696,3772,22924,0,0,0,0,1,0
60,30729,-583,-46,629,0,-24025,-1890,25915,0,0,0,0,1,0
61,31250,-496,-182,678,0,-20432,-7479,27910,0,0,0,0,1,0
62,31770,-390,-310,700,0,-16053,-12780,28833,0,0,0,0,1,0
63,32291,-268,-427,696,0,-11058,-17590,28648,0,0,0,0,1,0
64,32812,-137,-527,664,0,-5637,-21724,27362,0,0,0,0,1,0
65,33333,0,-608,608,0,0,-25024,25024,0,0,0,0,1,0
66,33854,137,-664,527,0,5637,-27362,21724,0,0,0,0,1,0
67,34375,268,-696,427,0,11058,-28648,17590,0,0,0,0,1,0
68,34895,390,-700,310,0,16053,-28833,12780,0,0,0,0,1,0
69,35416,496,-678,182,0,20432,-27910,7479,0,0,0,0,1,0
70,35937,583,-629,46,0,24025,-25915,1890,0,0,0,0,1,0
71,36458,648,-557,-92,0,26696,-22924,-3772,0,0,0,0,1,0
72,36979,688,-463,-225,0,28340,-19052,-9288,0,0,0,0,1,0
73,37500,702,-351,-351,0,28895,-14448,-14448,0,0,0,0,1,0
74,38020,688,-225,-463,0,28340,-9288,-19052,0,0,0,0,1,0
75,38541,648,-92,-557,0,26696,-3772,-22924,0,0,0,0,1,0
76,39062,583,46,-629,0,24025,1890,-25915,0,0,0,0,1,0
77,39583,496,182,-678,0,20432,7479,-27910,0,0,0,0,1,0
78,40104,390,310,-700,0,16053,12780,-28833,0,0,0,0,1,0
79,40625,268,427,-696,0,11058,17590,-28648,0,0,0,0,1,0
80,41145,137,527,-664,0,5637,21724,-27362,0,0,0,0,1,0
81,41666,0,608,-608,0,0,25024,-25024,0,0,0,0,1,0
82,42187,-137,664,-527,0,-5637,27362,-21724,0,0,0,0,1,0
83,42708,-268,696,-427,0,-11058,28648,-17590,0,0,0,0,1,0
84,43229,-390,700,-310,0,-16053,28833,-12780,0,0,0,0,1,0
85,43750,-496,678,-182,0,-20432,27910,-7479,0,0,0,0,1,0
86,44270,-583,629,-46,0,-24025,25915,-1890,0,0,0,0,1,0
87,44791,-648,557,92,0,-26696,22924,3772,0,0,0,0,1,0
88,45312,-688,463,225,0,-28340,19052,9288,0,0,0,0,1,0
89,45833,-702,351,351,0,-28895,14448,14448,0,0,0,0,1,0
90,46354,-688,225,463,0,-28340,9288,19052,0,0,0,0,1,0
91,46875,-648,92,557,0,-26696,3772,22924,0,0,0,0,1,0
92,47395,-583,-46,629,0,-24025,-1890,25915,0,0,0,0,1,0
93,47916,-496,-182,678,0,-20432,-7479,27910,0,0,0,0,1,0
94,48437,-390,-310,700,0,-16053,-12780,28833,0,0,0,0,1,0
95,48958,-268,-427,696,0,-11058,-17590,28648,0,0,0,0,1,0
96,49479,-137,-527,664,0,-5637,-21724,27362,0,0,0,0,1,0
97,50000,0,-5243,608,-4635,0,-2502,27026,0,0,0,0,1,0
98,50520,137,-6404,527,-5740,6088,-2736,23462,0,0,0,0,1,0
99,51041,268,-6763,427,-6068,11942,-2865,18997,0,0,0,0,1,0
100,51562,390,-6317,310,-5617,17337,-2883,13802,0,0,0,0,1,0
101,52083,496,-5093,182,-4415,22066,-2791,8077,0,0,0,0,1,0
102,52604,583,-3148,46,-2519,25947,-2592,2041,0,0,0,0,1,0
103,53125,648,-569,-92,-12,28831,-2292,-4073,0,0,0,0,1,0
104,53645,688,2537,-225,2999,30607,-1905,-10031,0,0,0,0,1,0
105,54166,702,6040,-351,6391,31207,-1445,-15603,0,0,0,0,1,0
106,54687,688,9795,-463,10021,30607,-929,-20576,0,0,0,0,1,0
107,55208,648,13650,-557,13742,28831,-377,-24758,0,0,0,0,1,0
108,55729,583,17446,-629,17401,25947,189,-27988,0,0,0,0,1,0
109,56250,496,21029,-678,20848,22066,748,-30143,0,0,0,0,1,0
110,56770,390,24253,-700,23942,17337,1278,-31140,0,0,0,0,1,0
111,57291,268,26983,-696,26556,11942,1759,-30940,0,0,0,0,1,0
112,57812,137,29108,-664,28581,6088,2172,-29551,0,0,0,0,1,0
113,58333,0,30537,-608,29929,0,2502,-27026,0,0,0,0,1,0
114,58854,-137,31207,-527,30542,-6088,2736,-23462,0,0,0,0,1,0
115,59375,-268,31083,-427,30388,-11942,2865,-18997,0,0,0,0,1,0
116,59895,-390,30164,-310,29464,-17337,2883,-13802,0,0,0,0,1,0
117,60416,-496,28477,-182,27799,-22066,2791,-8077,0,0,0,0,1,0
118,60937,-583,26078,-46,25448,-25947,2592,-2041,0,0,0,0,1,0
119,61458,-648,23052,92,22496,-28831,2292,4073,0,0,0,0,1,0
120,61979,-688,19509,225,19047,-30607,1905,10031,0,0,0,0,1,0
121,62500,-702,15578,351,15227,-31207,1445,15603,0,0,0,0,1,0
122,63020,-688,11402,463,11176,-30607,929,20576,0,0,0,0,1,0
123,63541,-648,7135,557,7043,-28831,377,24758,0,0,0,0,1,0
124,64062,-583,2934,629,2980,-25947,-189,27988,0,0,0,0,1,0
125,64583,-496,-1045,678,-863,-22066,-748,30143,0,0,0,0,1,0
126,65104,-390,-4657,700,-4346,-17337,-1278,31140,0,0,0,0,1,0
127,65625,-268,-7768,696,-7341,-11942,-1759,30940,0,0,0,0,1,0
128,66145,-137,-10267,664,-9739,-6088,-2172,29551,0,0,0,0,1,0
129,66666,0,-12062,608,-11454,0,-2502,27026,0,0,0,0,1,0
130,67187,137,-13091,527,-12427,6088,-2736,23462,0,0,0,0,1,0
131,67708,268,-13320,427,-12624,11942,-2865,18997,0,0,0,0,1,0
132,68229,390,-12746,310,-12046,17337,-2883,13802,0,0,0,0,1,0
133,68750,248,-339,91,0,20432,-27910,7479,0,0,0,0,1,0
134,69270,292,-315,23,0,24025,-25915,1890,0,0,0,0,1,0
135,69791,324,-278,-46,0,26696,-22924,-3772,0,0,0,0,1,0
136,70312,344,-231,-113,0,28340,-19052,-9288,0,0,0,0,1,0
137,70833,351,-175,-175,0,28895,-14448,-14448,0,0,0,0,1,0
138,71354,344,-113,-231,0,28340,-9288,-19052,0,0,0,0,1,0
139,71875,324,-46,-278,0,26696,-3772,-22924,0,0,0,0,1,0
140,72395,292,23,-315,0,24025,1890,-25915,0,0,0,0,1,0
141,72916,248,91,-339,0,20432,7479,-27910,0,0,0,0,1,0
142,73437,195,155,-350,0,16053,12780,-28833,0,0,0,0,1,0
143,73958,134,214,-348,0,11058,17590,-28648,0,0,0,0,1,0
144,74479,68,264,-332,0,5637,21724,-27362,0,0,0,0,1,0
145,75000,0,304,-304,0,0,25024,-25024,0,0,0,0,1,0
146,75520,-68,332,-264,0,-5637,27362,-21724,0,0,0,0,1,0
147,76041,-134,348,-214,0,-11058,28648,-17590,0,0,0,0,1,0
148,76562,-195,350,-155,0,-16053,28833,-12780,0,0,0,0,1,0
149,77083,-248,339,-91,0,-20432,27910,-7479,0,0,0,0,1,0
150,77604,-292,315,-23,0,-24025,25915,-1890,0,0,0,0,1,0
151,78125,-324,278,46,0,-26696,22924,3772,0,0,0,0,1,0
152,78645,-344,231,113,0,-28340,19052,9288,0,0,0,0,1,0
153,79166,-351,175,175,0,-28895,14448,14448,0,0,0,0,1,0
154,79687,-344,113,231,0,-28340,9288,19052,0,0,0,0,1,0
155,80208,-324,46,278,0,-26696,3772,22924,0,0,0,0,1,0
156,80729,-292,-23,315,0,-24025,-1890,25915,0,0,0,0,1,0
157,81250,-248,-91,339,0,-20432,-7479,27910,0,0,0,0,1,0
158,81770,-195,-155,350,0,-16053,-12780,28833,0,0,0,0,1,0
159,82291,-134,-214,348,0,-11058,-17590,28648,0,0,0,0,1,0
160,82812,-68,-264,332,0,-5637,-21724,27362,0,0,0,0,1,0
161,83333,0,-304,304,0,0,-25024,25024,0,0,0,0,1,0
162,83854,68,-332,264,0,5637,-27362,21724,0,0,0,0,1,0
163,84375,134,-348,214,0,11058,-28648,17590,0,0,0,0,1,0
164,84895,195,-350,155,0,16053,-28833,12780,0,0,0,0,1,0
165,85416,248,-339,91,0,20432,-27910,7479,0,0,0,0,1,0
166,85937,292,-315,23,0,24025,-25915,1890,0,0,0,0,1,0
167,86458,324,-278,-46,0,26696,-22924,-3772,0,0,0,0,1,0
168,86979,344,-231,-113,0,28340,-19052,-9288,0,0,0,0,1,0
169,87500,351,-175,-175,0,28895,-14448,-14448,0,0,0,0,1,0
170,88020,344,-113,-231,0,28340,-9288,-19052,0,0,0,0,1,0
171,88541,324,-46,-278,0,26696,-3772,-22924,0,0,0,0,1,0
172,89062,292,23,-315,0,24025,1890,-25915,0,0,0,0,1,0
173,89583,248,91,-339,0,20432,7479,-27910,0,0,0,0,1,0
174,90104,195,155,-350,0,16053,12780,-28833,0,0,0,0,1,0
175,90625,134,214,-348,0,11058,17590,-28648,0,0,0,0,1,0
176,91145,68,264,-332,0,5637,21724,-27362,0,0,0,0,1,0
177,91666,0,304,-304,0,0,25024,-25024,0,0,0,0,1,0
178,92187,-68,332,-264,0,-5637,27362,-21724,0,0,0,0,1,0
179,92708,-134,348,-214,0,-11058,28648,-17590,0,0,0,0,1,0
180,93229,-195,350,-155,0,-16053,28833,-12780,0,0,0,0,1,0
181,93750,-248,339,-91,0,-20432,27910,-7479,0,0,0,0,1,0
182,94270,-292,315,-23,0,-24025,25915,-1890,0,0,0,0,1,0
183,94791,-324,278,46,0,-26696,22924,3772,0,0,0,0,1,0
184,95312,-344,231,113,0,-28340,19052,9288,0,0,0,0,1,0
185,95833,-351,175,175,0,-28895,14448,14448,0,0,0,0,1,0
186,96354,-344,113,231,0,-28340,9288,19052,0,0,0,0,1,0
187,96875,-324,46,278,0,-26696,3772,22924,0,0,0,0,1,0
188,97395,-292,-23,315,0,-24025,-1890,25915,0,0,0,0,1,0
189,97916,-248,-91,339,0,-20432,-7479,27910,0,0,0,0,1,0
190,98437,-195,-155,350,0,-16053,-12780,28833,0,0,0,0,1,0
191,98958,-134,-214,348,0,-11058,-17590,28648,0,0,0,0,1,0
192,99479,-68,-264,332,0,-5637,-21724,27362,0,0,0,0,1,0
193,100000,0,-304,304,0,0,-25024,25024,0,0,0,0,1,0
194,100520,68,-332,264,0,5637,-27362,21724,0,0,0,0,1,0
195,101041,134,-348,214,0,11058,-28648,17590,0,0,0,0,1,0
196,101562,195,-350,155,0,16053,-28833,12780,0,0,0,0,1,0
197,102083,248,-339,91,0,20432,-27910,7479,0,0,0,0,1,0
198,102604,292,-315,23,0,24025,-25915,1890,0,0,0,0,1,0
199,103125,324,-278,-46,0,26696,-22924,-3772,0,0,0,0,1,0
200,103645,344,-231,-113,0,28340,-19052,-9288,0,0,0,0,1,0
201,104166,351,-175,-175,0,28895,-14448,-14448,0,0,0,0,1,0
202,104687,344,-113,-231,0,28340,-9288,-19052,0,0,0,0,1,0
203,105208,324,-46,-278,0,26696,-3772,-22924,0,0,0,0,1,0
204,105729,292,23,-315,0,24025,1890,-25915,0,0,0,0,1,0
205,106250,248,91,-339,0,20432,7479,-27910,0,0,0,0,1,0
206,106770,195,155,-350,0,16053,12780,-28833,0,0,0,0,1,0
207,107291,134,214,-348,0,11058,17590,-28648,0,0,0,0,1,0
208,107812,68,264,-332,0,5637,21724,-27362,0,0,0,0,1,0
209,108333,0,304,-304,0,0,25024,-25024,0,0,0,0,1,0
210,108854,-68,332,-264,0,-5637,27362,-21724,0,0,0,0,1,0
211,109375,-134,348,-214,0,-11058,28648,-17590,0,0,0,0,1,0
212,109895,-195,350,-155,0,-16053,28833,-12780,0,0,0,0,1,0
213,110416,-248,339,-91,0,-20432,27910,-7479,0,0,0,0,1,0
214,110937,-292,315,-23,0,-24025,25915,-1890,0,0,0,0,1,0
215,111458,-324,278,46,0,-26696,22924,3772,0,0,0,0,1,0
216,111979,-344,231,113,0,-28340,19052,9288,0,0,0,0,1,0
217,112500,-351,175,175,0,-28895,14448,14448,0,0,0,0,1,0
218,113020,-344,113,231,0,-28340,9288,19052,0,0,0,0,1,0
219,113541,-324,46,278,0,-26696,3772,22924,0,0,0,0,1,0
220,114062,-292,-23,315,0,-24025,-1890,25915,0,0,0,0,1,0
221,114583,-248,-91,339,0,-20432,-7479,27910,0,0,0,0,1,0
222,115104,-195,-155,350,0,-16053,-12780,28833,0,0,0,0,1,0
223,115625,-134,-214,348,0,-11058,-17590,28648,0,0,0,0,1,0
224,116145,-68,-264,332,0,-5637,-21724,27362,0,0,0,0,1,0
225,116666,0,-304,304,0,0,-25024,25024,0,0,0,0,1,0
226,117187,68,-332,264,0,5637,-27362,21724,0,0,0,0,1,0
227,117708,134,-348,214,0,11058,-28648,17590,0,0,0,0,1,0
228,118229,195,-350,155,0,16053,-28833,12780,0,0,0,0,1,0
229,118750,248,-339,91,0,20432,-27910,7479,0,0,0,0,1,0
230,119270,292,-315,23,0,24025,-25915,1890,0,0,0,0,1,0
231,119791,324,-278,-46,0,26696,-22924,-3772,0,0,0,0,1,0
232,120312,344,-231,-113,0,28340,-19052,-9288,0,0,0,0,1,0
233,120833,351,-175,-175,0,28895,-14448,-14448,0,0,0,0,1,0
234,121354,344,-113,-231,0,28340,-9288,-19052,0,0,0,0,1,0
235,121875,324,-46,-278,0,26696,-3772,-22924,0,0,0,0,1,0
236,122395,292,23,-315,0,24025,1890,-25915,0,0,0,0,1,0
237,122916,248,91,-339,0,20432,7479,-27910,0,0,0,0,1,0
238,123437,195,155,-350,0,16053,12780,-28833,0,0,0,0,1,0
239,123958,134,214,-348,0,11058,17590,-28648,0,0,0,0,1,0
240,124479,68,264,-332,0,5637,21724,-27362,0,0,0,0,1,0
241,125000,0,304,-304,0,0,25024,-25024,0,0,0,0,1,0
242,125520,-68,332,-264,0,-5637,27362,-21724,0,0,0,0,1,0
243,126041,-134,348,-214,0,-11058,28648,-17590,0,0,0,0,1,0
244,126562,-195,350,-155,0,-16053,28833,-12780,0,0,0,0,1,0
245,127083,-248,339,-91,0,-20432,27910,-7479,0,0,0,0,1,0
246,127604,-292,315,-23,0,-24025,25915,-1890,0,0,0,0,1,0
247,128124,-324,278,46,0,-26696,22924,3772,0,0,0,0,1,0
248,128645,-344,231,113,0,-28340,19052,9288,0,0,0,0,1,0
249,129166,-351,175,175,0,-28895,14448,14448,0,0,0,0,1,0
250,129687,-344,113,231,0,-28340,9288,19052,0,0,0,0,1,0
251,130208,-324,46,278,0,-26696,3772,22924,0,0,0,0,1,0
252,130729,-292,-23,315,0,-24025,-1890,25915,0,0,0,0,1,0
253,131250,-248,-91,339,0,-20432,-7479,27910,0,0,0,0,1,0
254,131770,-195,-155,350,0,-16053,-12780,28833,0,0,0,0,1,0
255,132291,-134,-214,348,0,-11058,-17590,28648,0,0,0,0,1,0
256,132812,-68,-264,332,0,-5637,-21724,27362,0,0,0,0,1,0
257,133333,0,-304,304,0,0,-25024,25024,0,0,0,0,1,0
258,133854,68,-332,264,0,5637,-27362,21724,0,0,0,0,1,0
259,134375,134,-348,214,0,11058,-28648,17590,0,0,0,0,1,0
260,134895,195,-350,155,0,16053,-28833,12780,0,0,0,0,1,0
261,135416,248,-339,91,0,20432,-27910,7479,0,0,0,0,1,0
262,135937,292,-315,23,0,24025,-25915,1890,0,0,0,0,1,0
263,136458,324,-278,-46,0,26696,-22924,-3772,0,0,0,0,1,0
264,136979,344,-231,-113,0,28340,-19052,-9288,0,0,0,0,1,0
265,137500,351,-175,-175,0,28895,-14448,-14448,0,0,0,0,1,0
266,138020,344,-113,-231,0,28340,-9288,-19052,0,0,0,0,1,0
267,138541,324,-46,-278,0,26696,-3772,-22924,0,0,0,0,1,0
268,139062,292,23,-315,0,24025,1890,-25915,0,0,0,0,1,0
269,139583,248,91,-339,0,20432,7479,-27910,0,0,0,0,1,0
270,140104,195,155,-350,0,16053,12780,-28833,0,0,0,0,1,0
271,140625,134,214,-348,0,11058,17590,-28648,0,0,0,0,1,0
272,141145,68,264,-332,0,5637,21724,-27362,0,0,0,0,1,0
273,141666,0,304,-304,0,0,25024,-25024,0,0,0,0,1,0
274,142187,-68,332,-264,0,-5637,27362,-21724,0,0,0,0,1,0
275,142708,-134,348,-214,0,-11058,28648,-17590,0,0,0,0,1,0
276,143229,-195,350,-155,0,-16053,28833,-12780,0,0,0,0,1,0
277,143750,-248,339,-91,0,-20432,27910,-7479,0,0,0,0,1,0
278,144270,-292,315,-23,0,-24025,25915,-1890,0,0,0,0,1,0
279,144791,-324,278,46,0,-26696,22924,3772,0,0,0,0,1,0
280,145312,-344,231,113,0,-28340,19052,9288,0,0,0,0,1,0
281,145833,-351,175,175,0,-28895,14448,14448,0,0,0,0,1,0
282,146354,-344,113,231,0,-28340,9288,19052,0,0,0,0,1,0
283,146875,-324,46,278,0,-26696,3772,22924,0,0,0,0,1,0
284,147395,-292,-23,315,0,-24025,-1890,25915,0,0,0,0,1,0
285,147916,-248,-91,339,0,-20432,-7479,27910,0,0,0,0,1,0
286,148437,-195,-155,350,0,-16053,-12780,28833,0,0,0,0,1,0
287,148958,-134,-214,348,0,-11058,-17590,28648,0,0,0,0,1,0
288,149479,-68,-264,332,0,-5637,-21724,27362,0,0,0,0,1,0
289,150000,0,-304,304,0,0,-25024,25024,0,0,0,0,1,0
290,150520,68,-332,264,0,5637,-27362,21724,0,0,0,0,1,0
291,151041,134,-348,214,0,11058,-28648,17590,0,0,0,0,1,0
292,151562,195,-350,155,0,16053,-28833,12780,0,0,0,0,1,0
293,152083,248,-339,91,0,20432,-27910,7479,0,0,0,0,1,0
294,152604,292,-315,23,0,24025,-25915,1890,0,0,0,0,1,0
295,153125,324,-278,-46,0,26696,-22924,-3772,0,0,0,0,1,0
296,153645,344,-231,-113,0,28340,-19052,-9288,0,0,0,0,1,0
297,154166,351,-175,-175,0,28895,-14448,-14448,0,0,0,0,1,0
298,154687,344,-113,-231,0,28340,-9288,-19052,0,0,0,0,1,0
299,155208,324,-46,-278,0,26696,-3772,-22924,0,0,0,0,1,0
300,155729,292,23,-315,0,24025,1890,-25915,0,0,0,0,1,0
301,156250,248,91,-339,0,20432,7479,-27910,0,0,0,0,1,0
302,156770,195,155,-350,0,16053,12780,-28833,0,0,0,0,1,0
303,157291,134,214,-348,0,11058,17590,-28648,0,0,0,0,1,0
304,157812,68,264,-332,0,5637,21724,-27362,0,0,0,0,1,0
305,158333,0,304,-304,0,0,25024,-25024,0,0,0,0,1,0
306,158854,-68,332,-264,0,-5637,27362,-21724,0,0,0,0,1,0
307,159375,-134,348,-214,0,-11058,28648,-17590,0,0,0,0,1,0
308,159895,-195,350,-155,0,-16053,28833,-12780,0,0,0,0,1,0
309,160416,-248,339,-91,0,-20432,27910,-7479,0,0,0,0,1,0
310,160937,-292,315,-23,0,-24025,25915,-1890,0,0,0,0,1,0
311,161458,-324,278,46,0,-26696,22924,3772,0,0,0,0,1,0
312,161979,-344,231,113,0,-28340,19052,9288,0,0,0,0,1,0
313,162500,-351,175,175,0,-28895,14448,14448,0,0,0,0,1,0
314,163020,-344,113,231,0,-28340,9288,19052,0,0,0,0,1,0
315,163541,-324,46,278,0,-26696,3772,22924,0,0,0,0,1,0
316,164062,-292,-23,315,0,-24025,-1890,25915,0,0,0,0,1,0
317,164583,-248,-91,339,0,-20432,-7479,27910,0,0,0,0,1,0
318,165104,-195,-155,350,0,-16053,-12780,28833,0,0,0,0,1,0
319,165625,-134,-214,348,0,-11058,-17590,28648,0,0,0,0,1,0
320,166145,-68,-264,332,0,-5637,-21724,27362,0,0,0,0,1,0
321,166666,0,-304,304,0,0,-25024,25024,0,0,0,0,1,0
322,167187,68,-332,264,0,5637,-27362,21724,0,0,0,0,1,0
323,167708,134,-348,214,0,11058,-28648,17590,0,0,0,0,1,0
324,168229,195,-350,155,0,16053,-28833,12780,0,0,0,0,1,0
325,168750,248,-339,91,0,20432,-27910,7479,0,0,0,0,1,0
326,169270,292,-315,23,0,24025,-25915,1890,0,0,0,0,1,0
327,169791,324,-278,-46,0,26696,-22924,-3772,0,0,0,0,1,0
328,170312,344,-231,-113,0,28340,-19052,-9288,0,0,0,0,1,0
329,170833,351,-175,-175,0,28895,-14448,-14448,0,0,0,0,1,0
330,171354,344,-113,-231,0,28340,-9288,-19052,0,0,0,0,1,0
331,171875,324,-46,-278,0,26696,-3772,-22924,0,0,0,0,1,0
332,172395,292,23,-315,0,24025,1890,-25915,0,0,0,0,1,0
333,172916,248,91,-339,0,20432,7479,-27910,0,0,0,0,1,0
334,173437,195,155,-350,0,16053,12780,-28833,0,0,0,0,1,0
335,173958,134,214,-348,0,11058,17590,-28648,0,0,0,0,1,0
336,174479,68,264,-332,0,5637,21724,-27362,0,0,0,0,1,0
337,175000,0,304,-304,0,0,25024,-25024,0,0,0,0,1,0
338,175520,-68,332,-264,0,-5637,27362,-21724,0,0,0,0,1,0
339,176041,-134,348,-214,0,-11058,28648,-17590,0,0,0,0,1,0
340,176562,-195,350,-155,0,-16053,28833,-12780,0,0,0,0,1,0
341,177083,-248,339,-91,0,-20432,27910,-7479,0,0,0,0,1,0
342,177604,-292,315,-23,0,-24025,25915,-1890,0,0,0,0,1,0
343,178125,-324,278,46,0,-26696,22924,3772,0,0,0,0,1,0
344,178645,-344,231,113,0,-28340,19052,9288,0,0,0,0,1,0
345,179166,-351,175,175,0,-28895,14448,14448,0,0,0,0,1,0
346,179687,-344,113,231,0,-28340,9288,19052,0,0,0,0,1,0
347,180208,-324,46,278,0,-26696,3772,22924,0,0,0,0,1,0
348,180729,-292,-23,315,0,-24025,-1890,25915,0,0,0,0,1,0
349,181250,-248,-91,339,0,-20432,-7479,27910,0,0,0,0,1,0
350,181770,-195,-155,350,0,-16053,-12780,28833,0,0,0,0,1,0
351,182291,-134,-214,348,0,-11058,-17590,28648,0,0,0,0,1,0
352,182812,-68,-264,332,0,-5637,-21724,27362,0,0,0,0,1,0
353,183333,0,-304,304,0,0,-25024,25024,0,0,0,0,1,0
354,183854,68,-332,264,0,5637,-27362,21724,0,0,0,0,1,0
355,184375,134,-348,214,0,11058,-28648,17590,0,0,0,0,1,0
356,184895,195,-350,155,0,16053,-28833,12780,0,0,0,0,1,0
357,185416,248,-339,91,0,20432,-27910,7479,0,0,0,0,1,0
358,185937,292,-315,23,0,24025,-25915,1890,0,0,0,0,1,0
359,186458,324,-278,-46,0,26696,-22924,-3772,0,0,0,0,1,0
360,186979,344,-231,-113,0,28340,-19052,-9288,0,0,0,0,1,0
361,187500,351,-175,-175,0,28895,-14448,-14448,0,0,0,0,1,0
362,188020,344,-113,-231,0,28340,-9288,-19052,0,0,0,0,1,0
363,188541,324,-46,-278,0,26696,-3772,-22924,0,0,0,0,1,0
364,189062,292,23,-315,0,24025,1890,-25915,0,0,0,0,1,0
365,189583,248,91,-339,0,20432,7479,-27910,0,0,0,0,1,0
366,190104,195,155,-350,0,16053,12780,-28833,0,0,0,0,1,0
367,190625,134,214,-348,0,11058,17590,-28648,0,0,0,0,1,0
368,191145,68,264,-332,0,5637,21724,-27362,0,0,0,0,1,0
369,191666,0,304,-304,0,0,25024,-25024,0,0,0,0,1,0
370,192187,-68,332,-264,0,-5637,27362,-21724,0,0,0,0,1,0
371,192708,-134,348,-214,0,-11058,28648,-17590,0,0,0,0,1,0
372,193229,-195,350,-155,0,-16053,28833,-12780,0,0,0,0,1,0
373,193750,-248,339,-91,0,-20432,27910,-7479,0,0,0,0,1,0
374,194270,-292,315,-23,0,-24025,25915,-1890,0,0,0,0,1,0
375,194791,-324,278,46,0,-26696,22924,3772,0,0,0,0,1,0
376,195312,-344,231,113,0,-28340,19052,9288,0,0,0,0,1,0
377,195833,-351,175,175,0,-28895,14448,14448,0,0,0,0,1,0
378,196354,-344,113,231,0,-28340,9288,19052,0,0,0,0,1,0
379,196875,-324,46,278,0,-26696,3772,22924,0,0,0,0,1,0
380,197395,-292,-23,315,0,-24025,-1890,25915,0,0,0,0,1,0
381,197916,-248,-91,339,0,-20432,-7479,27910,0,0,0,0,1,0
382,198437,-195,-155,350,0,-16053,-12780,28833,0,0,0,0,1,0
383,198958,-134,-214,348,0,-11058,-17590,28648,0,0,0,0,1,0
384,199479,-68,-264,332,0,-5637,-21724,27362,0,0,0,0,1,0
385,200000,0,-304,304,0,0,-25024,25024,0,0,0,0,1,0
386,200520,68,-332,264,0,5637,-27362,21724,0,0,0,0,1,0
387,201041,134,-348,214,0,11058,-28648,17590,0,0,0,0,1,0
388,201562,195,-350,155,0,16053,-28833,12780,0,0,0,0,1,0
389,202083,248,-339,91,0,20432,-27910,7479,0,0,0,0,1,0
390,202604,292,-315,23,0,24025,-25915,1890,0,0,0,0,1,0
391,203125,324,-278,-46,0,26696,-22924,-3772,0,0,0,0,1,0
392,203645,344,-231,-113,0,28340,-19052,-9288,0,0,0,0,1,0
393,204166,351,-175,-175,0,28895,-14448,-14448,0,0,0,0,1,0
394,204687,344,-113,-231,0,28340,-9288,-19052,0,0,0,0,1,0
395,205208,324,-46,-278,0,26696,-3772,-22924,0,0,0,0,1,0
396,205729,292,23,-315,0,24025,1890,-25915,0,0,0,0,1,0
397,206250,248,91,-339,0,20432,7479,-27910,0,0,0,0,1,0
398,206770,195,155,-350,0,16053,12780,-28833,0,0,0,0,1,0
399,207291,134,214,-348,0,11058,17590,-28648,0,0,0,0,1,0
400,207812,68,264,-332,0,5637,21724,-27362,0,0,0,0,1,0
401,208333,0,304,-304,0,0,25024,-25024,0,0,0,0,1,0
402,208854,-68,332,-264,0,-5637,27362,-21724,0,0,0,0,1,0
403,209375,-134,348,-214,0,-11058,28648,-17590,0,0,0,0,1,0
404,209895,-195,350,-155,0,-16053,28833,-12780,0,0,0,0,1,0
405,210416,-248,339,-91,0,-20432,27910,-7479,0,0,0,0,1,0
406,210937,-292,315,-23,0,-24025,25915,-1890,0,0,0,0,1,0
407,211458,-324,278,46,0,-26696,22924,3772,0,0,0,0,1,0
408,211979,-344,231,113,0,-28340,19052,9288,0,0,0,0,1,0
409,212500,-351,175,175,0,-28895,14448,14448,0,0,0,0,1,0
410,213020,-344,113,231,0,-28340,9288,19052,0,0,0,0,1,0
411,213541,-324,46,278,0,-26696,3772,22924,0,0,0,0,1,0
412,214062,-292,-23,315,0,-24025,-1890,25915,0,0,0,0,1,0
413,214583,-248,-91,339,0,-20432,-7479,27910,0,0,0,0,1,0
414,215104,-195,-155,350,0,-16053,-12780,28833,0,0,0,0,1,0
415,215625,-134,-214,348,0,-11058,-17590,28648,0,0,0,0,1,0
416,216145,-68,-264,332,0,-5637,-21724,27362,0,0,0,0,1,0
417,216666,0,-304,304,0,0,-25024,25024,0,0,0,0,1,0
418,217187,68,-332,264,0,5637,-27362,21724,0,0,0,0,1,0
419,217708,134,-348,214,0,11058,-28648,17590,0,0,0,0,1,0
420,218229,195,-350,155,0,16053,-28833,12780,0,0,0,0,1,0
421,218750,248,-339,91,0,20432,-27910,7479,0,0,0,0,1,0
422,219270,292,-315,23,0,24025,-25915,1890,0,0,0,0,1,0
423,219791,324,-278,-46,0,26696,-22924,-3772,0,0,0,0,1,0
424,220312,344,-231,-113,0,28340,-19052,-9288,0,0,0,0,1,0
425,220833,351,-175,-175,0,28895,-14448,-14448,0,0,0,0,1,0
426,221354,344,-113,-231,0,28340,-9288,-19052,0,0,0,0,1,0
427,221875,324,-46,-278,0,26696,-3772,-22924,0,0,0,0,1,0
428,222395,292,23,-315,0,24025,1890,-25915,0,0,0,0,1,0
429,222916,248,91,-339,0,20432,7479,-27910,0,0,0,0,1,0
430,223437,195,155,-350,0,16053,12780,-28833,0,0,0,0,1,0
431,223958,134,214,-348,0,11058,17590,-28648,0,0,0,0,1,0
432,224479,68,264,-332,0,5637,21724,-27362,0,0,0,0,1,0
433,225000,0,304,-304,0,0,25024,-25024,0,0,0,0,1,0
434,225520,-68,332,-264,0,-5637,27362,-21724,0,0,0,0,1,0
435,226041,-134,348,-214,0,-11058,28648,-17590,0,0,0,0,1,0
436,226562,-195,350,-155,0,-16053,28833,-12780,0,0,0,0,1,0
437,227083,-248,339,-91,0,-20432,27910,-7479,0,0,0,0,1,0
438,227604,-292,315,-23,0,-24025,25915,-1890,0,0,0,0,1,0
439,228125,-324,278,46,0,-26696,22924,3772,0,0,0,0,1,0
440,228645,-344,231,113,0,-28340,19052,9288,0,0,0,0,1,0
441,229166,-351,175,175,0,-28895,14448,14448,0,0,0,0,1,0
442,229687,-344,113,231,0,-28340,9288,19052,0,0,0,0,1,0
443,230208,-324,46,278,0,-26696,3772,22924,0,0,0,0,1,0
444,230729,-292,-23,315,0,-24025,-1890,25915,0,0,0,0,1,0
445,231250,-248,-91,339,0,-20432,-7479,27910,0,0,0,0,1,0
446,231770,-195,-155,350,0,-16053,-12780,28833,0,0,0,0,1,0
447,232291,-134,-214,348,0,-11058,-17590,28648,0,0,0,0,1,0
448,232812,-68,-264,332,0,-5637,-21724,27362,0,0,0,0,1,0
449,233333,0,-304,304,0,0,-25024,25024,0,0,0,0,1,0
450,233854,68,-332,264,0,5637,-27362,21724,0,0,0,0,1,0
451,234375,134,-348,214,0,11058,-28648,17590,0,0,0,0,1,0
452,234895,195,-350,155,0,16053,-28833,12780,0,0,0,0,1,0
453,235416,248,-339,91,0,20432,-27910,7479,0,0,0,0,1,0
454,235937,292,-315,23,0,24025,-25915,1890,0,0,0,0,1,0
455,236458,324,-278,-46,0,26696,-22924,-3772,0,0,0,0,1,0
456,236979,344,-231,-113,0,28340,-19052,-9288,0,0,0,0,1,0
457,237500,351,-175,-175,0,28895,-14448,-14448,0,0,0,0,1,0
458,238020,344,-113,-231,0,28340,-9288,-19052,0,0,0,0,1,0
459,238541,324,-46,-278,0,26696,-3772,-22924,0,0,0,0,1,0
460,239062,292,23,-315,0,24025,1890,-25915,0,0,0,0,1,0
461,239583,248,91,-339,0,20432,7479,-27910,0,0,0,0,1,0
462,240104,195,155,-350,0,16053,12780,-28833,0,0,0,0,1,0
463,240625,134,214,-348,0,11058,17590,-28648,0,0,0,0,1,0
464,241145,68,264,-332,0,5637,21724,-27362,0,0,0,0,1,0
465,241666,0,304,-304,0,0,25024,-25024,0,0,0,0,1,0
466,242187,-68,332,-264,0,-5637,27362,-21724,0,0,0,0,1,0
467,242708,-134,348,-214,0,-11058,28648,-17590,0,0,0,0,1,0
468,243229,-195,350,-155,0,-16053,28833,-12780,0,0,0,0,1,0
469,243750,-248,339,-91,0,-20432,27910,-7479,0,0,0,0,1,0
470,244270,-292,315,-23,0,-24025,25915,-1890,0,0,0,0,1,0
471,244791,-324,278,46,0,-26696,22924,3772,0,0,0,0,1,0
472,245312,-344,231,113,0,-28340,19052,9288,0,0,0,0,1,0
473,245833,-351,175,175,0,-28895,14448,14448,0,0,0,0,1,0
474,246354,-344,113,231,0,-28340,9288,19052,0,0,0,0,1,0
475,246875,-324,46,278,0,-26696,3772,22924,0,0,0,0,1,0
476,247395,-292,-23,315,0,-24025,-1890,25915,0,0,0,0,1,0
477,247916,-248,-91,339,0,-20432,-7479,27910,0,0,0,0,1,0
478,248437,-195,-155,350,0,-16053,-12780,28833,0,0,0,0,1,0
479,248958,-134,-214,348,0,-11058,-17590,28648,0,0,0,0,1,0
480,249479,-68,-264,332,0,-5637,-21724,27362,0,0,0,0,1,0
481,250000,0,-304,304,0,0,-25024,25024,0,0,0,0,1,0
482,250520,68,-332,264,0,5637,-27362,21724,0,0,0,0,1,0
483,251041,134,-348,214,0,11058,-28648,17590,0,0,0,0,1,0
484,251562,195,-350,155,0,16053,-28833,12780,0,0,0,0,1,0
485,252083,248,-339,91,0,20432,-27910,7479,0,0,0,0,1,0
486,252604,292,-315,23,0,24025,-25915,1890,0,0,0,0,1,0
487,253125,324,-278,-46,0,26696,-22924,-3772,0,0,0,0,1,0
488,253645,344,-231,-113,0,28340,-19052,-9288,0,0,0,0,1,0
489,254166,351,-175,-175,0,28895,-14448,-14448,0,0,0,0,1,0
490,254687,344,-113,-231,0,28340,-9288,-19052,0,0,0,0,1,0
491,255208,324,-46,-278,0,26696,-3772,-22924,0,0,0,0,1,0
492,255729,292,23,-315,0,24025,1890,-25915,0,0,0,0,1,0
493,256249,248,91,-339,0,20432,7479,-27910,0,0,0,0,1,0
494,256770,195,155,-350,0,16053,12780,-28833,0,0,0,0,1,0
495,257291,134,214,-348,0,11058,17590,-28648,0,0,0,0,1,0
496,257812,68,264,-332,0,5637,21724,-27362,0,0,0,0,1,0
497,258333,0,304,-304,0,0,25024,-25024,0,0,0,0,1,0
498,258854,-68,332,-264,0,-5637,27362,-21724,0,0,0,0,1,0
499,259375,-134,348,-214,0,-11058,28648,-17590,0,0,0,0,1,0
500,259895,-195,350,-155,0,-16053,28833,-12780,0,0,0,0,1,0
501,260416,-248,339,-91,0,-20432,27910,-7479,0,0,0,0,1,0
502,260937,-292,315,-23,0,-24025,25915,-1890,0,0,0,0,1,0
503,261458,-324,278,46,0,-26696,22924,3772,0,0,0,0,1,0
504,261979,-344,231,113,0,-28340,19052,9288,0,0,0,0,1,0
505,262500,-351,175,175,0,-28895,14448,14448,0,0,0,0,1,0
506,263020,-344,113,231,0,-28340,9288,19052,0,0,0,0,1,0
507,263541,-324,46,278,0,-26696,3772,22924,0,0,0,0,1,0
