1,0,0,-581,581,0,0,-25078,25078,0,0,0,0,1,0
2,520,131,-635,505,0,5649,-27420,21771,0,0,0,0,1,0
3,1041,257,-665,409,0,11081,-28709,17628,0,0,0,0,1,0
4,1562,373,-670,297,0,16088,-28895,12807,0,0,0,0,1,0
5,2083,475,-648,174,0,20476,-27970,7495,0,0,0,0,1,0
6,2604,558,-602,44,0,24077,-25971,1894,0,0,0,0,1,0
7,3125,620,-532,-88,0,26753,-22973,-3780,0,0,0,0,1,0
8,3645,658,-442,-216,0,28401,-19093,-9308,0,0,0,0,1,0
9,4166,671,-336,-336,0,28957,-14479,-14479,0,0,0,0,1,0
10,4687,658,-216,-442,0,28401,-9308,-19093,0,0,0,0,1,0
11,5208,620,-88,-532,0,26753,-3780,-22973,0,0,0,0,1,0
12,5729,558,44,-602,0,24077,1894,-25971,0,0,0,0,1,0
13,6250,475,174,-648,0,20476,7495,-27970,0,0,0,0,1,0
14,6770,373,297,-670,0,16088,12807,-28895,0,0,0,0,1,0
15,7291,257,409,-665,0,11081,17628,-28709,0,0,0,0,1,0
16,7812,131,505,-635,0,5649,21771,-27420,0,0,0,0,1,0
17,8333,0,581,-581,0,0,25078,-25078,0,0,0,0,1,0
18,8854,-131,635,-505,0,-5649,27420,-21771,0,0,0,0,1,0
19,9375,-257,665,-409,0,-11081,28709,-17628,0,0,0,0,1,0
20,9895,-373,670,-297,0,-16088,28895,-12807,0,0,0,0,1,0
21,10416,-475,648,-174,0,-20476,27970,-7495,0,0,0,0,1,0
22,10937,-558,602,-44,0,-24077,25971,-1894,0,0,0,0,1,0
23,11458,-620,532,88,0,-26753,22973,3780,0,0,0,0,1,0
24,11979,-658,442,216,0,-28401,19093,9308,0,0,0,0,1,0
25,12500,-671,336,336,0,-28957,14479,14479,0,0,0,0,1,0
26,13020,-658,216,442,0,-28401,9308,19093,0,0,0,0,1,0
27,13541,-620,88,532,0,-26753,3780,22973,0,0,0,0,1,0
28,14062,-558,-44,602,0,-24077,-1894,25971,0,0,0,0,1,0
29,14583,-475,-174,648,0,-20476,-7495,27970,0,0,0,0,1,0
30,15104,-373,-297,670,0,-16088,-12807,28895,0,0,0,0,1,0
31,15625,-257,-409,665,0,-11081,-17628,28709,0,0,0,0,1,0
32,16145,-131,-505,635,0,-5649,-21771,27420,0,0,0,0,1,0
33,16666,0,-581,581,0,0,-25078,25078,0,0,0,0,1,0
34,17187,131,-635,505,0,5649,-27420,21771,0,0,0,0,1,0
35,17708,257,-665,409,0,11081,-28709,17628,0,0,0,0,1,0
36,18229,373,-670,297,0,16088,-28895,12807,0,0,0,0,1,0
37,18750,475,-648,174,0,20476,-27970,7495,0,0,0,0,1,0
38,19270,558,-602,44,0,24077,-25971,1894,0,0,0,0,1,0
39,19791,620,-532,-88,0,26753,-22973,-3780,0,0,0,0,1,0
40,20312,658,-442,-216,0,28401,-19093,-9308,0,0,0,0,1,0
41,20833,671,-336,-336,0,28957,-14479,-14479,0,0,0,0,1,0
42,21354,658,-216,-442,0,28401,-9308,-19093,0,0,0,0,1,0
43,21875,620,-88,-532,0,26753,-3780,-22973,0,0,0,0,1,0
44,22395,558,44,-602,0,24077,1894,-25971,0,0,0,0,1,0
45,22916,475,174,-648,0,20476,7495,-27970,0,0,0,0,1,0
46,23437,373,297,-670,0,16088,12807,-28895,0,0,0,0,1,0
47,23958,257,409,-665,0,11081,17628,-28709,0,0,0,0,1,0
48,24479,131,505,-635,0,5649,21771,-27420,0,0,0,0,1,0
49,25000,0,581,-581,0,0,25078,-25078,0,0,0,0,1,0
50,25520,-131,635,-505,0,-5649,27420,-21771,0,0,0,0,1,0
51,26041,-257,665,-409,0,-11081,28709,-17628,0,0,0,0,1,0
52,26562,-373,670,-297,0,-16088,28895,-12807,0,0,0,0,1,0
53,27083,-475,648,-174,0,-20476,27970,-7495,0,0,0,0,1,0
54,27604,-558,602,-44,0,-24077,25971,-1894,0,0,0,0,1,0
55,28125,-620,532,88,0,-26753,22973,3780,0,0,0,0,1,0
56,28645,-658,442,216,0,-28401,19093,9308,0,0,0,0,1,0
57,29166,-671,336,336,0,-28957,14479,14479,0,0,0,0,1,0
58,29687,-658,216,442,0,-28401,9308,19093,0,0,0,0,1,0
59,30208,-620,88,532,0,-26753,3780,22973,0,0,0,0,1,0
60,30729,-558,-44,602,0,-24077,-1894,25971,0,0,0,0,1,0
61,31250,-475,-174,648,0,-20476,-7495,27970,0,0,0,0,1,0
62,31770,-373,-297,670,0,-16088,-12807,28895,0,0,0,0,1,0
63,32291,-257,-409,665,0,-11081,-17628,28709,0,0,0,0,1,0
64,32812,-131,-505,635,0,-5649,-21771,27420,0,0,0,0,1,0
65,33333,0,-581,581,0,0,-25078,25078,0,0,0,0,1,0
66,33854,131,-635,505,0,5649,-27420,21771,0,0,0,0,1,0
67,34375,257,-665,409,0,11081,-28709,17628,0,0,0,0,1,0
68,34895,373,-670,297,0,16088,-28895,12807,0,0,0,0,1,0
69,35416,475,-648,174,0,20476,-27970,7495,0,0,0,0,1,0
70,35937,558,-602,44,0,24077,-25971,1894,0,0,0,0,1,0
71,36458,620,-532,-88,0,26753,-22973,-3780,0,0,0,0,1,0
72,36979,658,-442,-216,0,28401,-19093,-9308,0,0,0,0,1,0
73,37500,671,-336,-336,0,28957,-14479,-14479,0,0,0,0,1,0
74,38020,658,-216,-442,0,28401,-9308,-19093,0,0,0,0,1,0
75,38541,620,-88,-532,0,26753,-3780,-22973,0,0,0,0,1,0
76,39062,558,44,-602,0,24077,1894,-25971,0,0,0,0,1,0
77,39583,475,174,-648,0,20476,7495,-27970,0,0,0,0,1,0
78,40104,373,297,-670,0,16088,12807,-28895,0,0,0,0,1,0
79,40625,257,409,-665,0,11081,17628,-28709,0,0,0,0,1,0
80,41145,131,505,-635,0,5649,21771,-27420,0,0,0,0,1,0
81,41666,0,581,-581,0,0,25078,-25078,0,0,0,0,1,0
82,42187,-131,635,-505,0,-5649,27420,-21771,0,0,0,0,1,0
83,42708,-257,665,-409,0,-11081,28709,-17628,0,0,0,0,1,0
84,43229,-373,670,-297,0,-16088,28895,-12807,0,0,0,0,1,0
85,43750,-475,648,-174,0,-20476,27970,-7495,0,0,0,0,1,0
86,44270,-558,602,-44,0,-24077,25971,-1894,0,0,0,0,1,0
87,44791,-620,532,88,0,-26753,22973,3780,0,0,0,0,1,0
88,45312,-658,442,216,0,-28401,19093,9308,0,0,0,0,1,0
89,45833,-671,336,336,0,-28957,14479,14479,0,0,0,0,1,0
90,46354,-658,216,442,0,-28401,9308,19093,0,0,0,0,1,0
91,46875,-620,88,532,0,-26753,3780,22973,0,0,0,0,1,0
92,47395,-558,-44,602,0,-24077,-1894,25971,0,0,0,0,1,0
93,47916,-475,-174,648,0,-20476,-7495,27970,0,0,0,0,1,0
94,48437,-373,-297,670,0,-16088,-12807,28895,0,0,0,0,1,0
95,48958,-257,-409,665,0,-11081,-17628,28709,0,0,0,0,1,0
96,49479,-131,-505,635,0,-5649,-21771,27420,0,0,0,0,1,0
97,50000,17598,-581,581,17598,0,-27084,27084,0,0,0,0,1,0
98,50520,20955,-635,505,20824,565,-29614,23513,0,0,0,0,1,0
99,51041,24024,-665,409,23767,1108,-31006,19038,0,0,0,0,1,0
100,51562,26676,-670,297,26303,1609,-31207,13832,0,0,0,0,1,0
101,52083,28799,-648,174,28324,2048,-30208,8094,0,0,0,0,1,0
102,52604,30302,-602,44,29744,2408,-28048,2045,0,0,0,0,1,0
103,53125,31118,-532,-88,30498,2675,-24811,-4082,0,0,0,0,1,0
104,53645,31207,-442,-216,30548,2840,-20620,-10053,0,0,0,0,1,0
105,54166,30555,-336,-336,29884,2896,-15637,-15637,0,0,0,0,1,0
106,54687,29179,-216,-442,28521,2840,-10053,-20620,0,0,0,0,1,0
107,55208,27123,-88,-532,26503,2675,-4082,-24811,0,0,0,0,1,0
108,55729,24457,44,-602,23899,2408,2045,-28048,0,0,0,0,1,0
109,56250,21276,174,-648,20802,2048,8094,-30208,0,0,0,0,1,0
110,56770,17694,297,-670,17321,1609,13832,-31207,0,0,0,0,1,0
111,57291,13839,409,-665,13582,1108,19038,-31006,0,0,0,0,1,0
112,57812,9853,505,-635,9722,565,23513,-29614,0,0,0,0,1,0
113,58333,5880,581,-581,5880,0,27084,-27084,0,0,0,0,1,0
114,58854,2066,635,-505,2197,-565,29614,-23513,0,0,0,0,1,0
115,59375,-1450,665,-409,-1193,-1108,31006,-19038,0,0,0,0,1,0
116,59895,-4541,670,-297,-4168,-1609,31207,-13832,0,0,0,0,1,0
117,60416,-7094,648,-174,-6620,-2048,30208,-8094,0,0,0,0,1,0
118,60937,-9020,602,-44,-8462,-2408,28048,-2045,0,0,0,0,1,0
119,61458,-10249,532,88,-9630,-2675,24811,4082,0,0,0,0,1,0
120,61979,-10744,442,216,-10085,-2840,20620,10053,0,0,0,0,1,0
121,62500,-10490,336,336,-9819,-2896,15637,15637,0,0,0,0,1,0
122,63020,-9504,216,442,-8846,-2840,10053,20620,0,0,0,0,1,0
123,63541,-7830,88,532,-7211,-2675,4082,24811,0,0,0,0,1,0
124,64062,-5540,-44,602,-4982,-2408,-2045,28048,0,0,0,0,1,0
125,64583,-2727,-174,648,-2252,-2048,-8094,30208,0,0,0,0,1,0
126,65104,495,-297,670,868,-1609,-13832,31207,0,0,0,0,1,0
127,65625,3996,-409,665,4253,-1108,-19038,31006,0,0,0,0,1,0
128,66145,7636,-505,635,7766,-565,-23513,29614,0,0,0,0,1,0
129,66666,11268,-581,581,11268,0,-27084,27084,0,0,0,0,1,0
130,67187,14749,-635,505,14618,565,-29614,23513,0,0,0,0,1,0
131,67708,17938,-665,409,17681,1108,-31006,19038,0,0,0,0,1,0
132,68229,20708,-670,297,20335,1609,-31207,13832,0,0,0,0,1,0
133,68750,22947,-648,174,22473,2048,-30208,8094,0,0,0,0,1,0
134,69270,24564,-602,44,24006,2408,-28048,2045,0,0,0,0,1,0
135,69791,25492,-532,-88,24872,2675,-24811,-4082,0,0,0,0,1,0
136,70312,25690,-442,-216,25032,2840,-20620,-10053,0,0,0,0,1,0
137,70833,25145,-336,-336,24474,2896,-15637,-15637,0,0,0,0,1,0
138,71354,23875,-216,-442,23216,2840,-10053,-20620,0,0,0,0,1,0
139,71875,21922,-88,-532,21302,2675,-4082,-24811,0,0,0,0,1,0
140,72395,19357,44,-602,18799,2408,2045,-28048,0,0,0,0,1,0
141,72916,237,87,-324,0,20476,7495,-27970,0,0,0,0,1,0
142,73437,186,148,-335,0,16088,12807,-28895,0,0,0,0,1,0
143,73958,128,204,-333,0,11081,17628,-28709,0,0,0,0,1,0
144,74479,65,252,-318,0,5649,21771,-27420,0,0,0,0,1,0
145,75000,0,291,-291,0,0,25078,-25078,0,0,0,0,1,0
146,75520,-65,318,-252,0,-5649,27420,-21771,0,0,0,0,1,0
147,76041,-128,333,-204,0,-11081,28709,-17628,0,0,0,0,1,0
148,76562,-186,335,-148,0,-16088,28895,-12807,0,0,0,0,1,0
149,77083,-237,324,-87,0,-20476,27970,-7495,0,0,0,0,1,0
150,77604,-279,301,-22,0,-24077,25971,-1894,0,0,0,0,1,0
151,78125,-310,266,44,0,-26753,22973,3780,0,0,0,0,1,0
152,78645,-329,221,108,0,-28401,19093,9308,0,0,0,0,1,0
153,79166,-336,168,168,0,-28957,14479,14479,0,0,0,0,1,0
154,79687,-329,108,221,0,-28401,9308,19093,0,0,0,0,1,0
155,80208,-310,44,266,0,-26753,3780,22973,0,0,0,0,1,0
156,80729,-279,-22,301,0,-24077,-1894,25971,0,0,0,0,1,0
157,81250,-237,-87,324,0,-20476,-7495,27970,0,0,0,0,1,0
158,81770,-186,-148,335,0,-16088,-12807,28895,0,0,0,0,1,0
159,82291,-128,-204,333,0,-11081,-17628,28709,0,0,0,0,1,0
160,82812,-65,-252,318,0,-5649,-21771,27420,0,0,0,0,1,0
161,83333,0,-291,291,0,0,-25078,25078,0,0,0,0,1,0
162,83854,65,-318,252,0,5649,-27420,21771,0,0,0,0,1,0
163,84375,128,-333,204,0,11081,-28709,17628,0,0,0,0,1,0
164,84895,186,-335,148,0,16088,-28895,12807,0,0,0,0,1,0
165,85416,237,-324,87,0,20476,-27970,7495,0,0,0,0,1,0
166,85937,279,-301,22,0,24077,-25971,1894,0,0,0,0,1,0
167,86458,310,-266,-44,0,26753,-22973,-3780,0,0,0,0,1,0
168,86979,329,-221,-108,0,28401,-19093,-9308,0,0,0,0,1,0
169,87500,336,-168,-168,0,28957,-14479,-14479,0,0,0,0,1,0
170,88020,329,-108,-221,0,28401,-9308,-19093,0,0,0,0,1,0
171,88541,310,-44,-266,0,26753,-3780,-22973,0,0,0,0,1,0
172,89062,279,22,-301,0,24077,1894,-25971,0,0,0,0,1,0
173,89583,237,87,-324,0,20476,7495,-27970,0,0,0,0,1,0
174,90104,186,148,-335,0,16088,12807,-28895,0,0,0,0,1,0
175,90625,128,204,-333,0,11081,17628,-28709,0,0,0,0,1,0
176,91145,65,252,-318,0,5649,21771,-27420,0,0,0,0,1,0
177,91666,0,291,-291,0,0,25078,-25078,0,0,0,0,1,0
178,92187,-65,318,-252,0,-5649,27420,-21771,0,0,0,0,1,0
179,92708,-128,333,-204,0,-11081,28709,-17628,0,0,0,0,1,0
180,93229,-186,335,-148,0,-16088,28895,-12807,0,0,0,0,1,0
181,93750,-237,324,-87,0,-20476,27970,-7495,0,0,0,0,1,0
182,94270,-279,301,-22,0,-24077,25971,-1894,0,0,0,0,1,0
183,94791,-310,266,44,0,-26753,22973,3780,0,0,0,0,1,0
184,95312,-329,221,108,0,-28401,19093,9308,0,0,0,0,1,0
185,95833,-336,168,168,0,-28957,14479,14479,0,0,0,0,1,0
186,96354,-329,108,221,0,-28401,9308,19093,0,0,0,0,1,0
187,96875,-310,44,266,0,-26753,3780,22973,0,0,0,0,1,0
188,97395,-279,-22,301,0,-24077,-1894,25971,0,0,0,0,1,0
189,97916,-237,-87,324,0,-20476,-7495,27970,0,0,0,0,1,0
190,98437,-186,-148,335,0,-16088,-12807,28895,0,0,0,0,1,0
191,98958,-128,-204,333,0,-11081,-17628,28709,0,0,0,0,1,0
192,99479,-65,-252,318,0,-5649,-21771,27420,0,0,0,0,1,0
193,100000,0,-291,291,0,0,-25078,25078,0,0,0,0,1,0
194,100520,65,-318,252,0,5649,-27420,21771,0,0,0,0,1,0
195,101041,128,-333,204,0,11081,-28709,17628,0,0,0,0,1,0
196,101562,186,-335,148,0,16088,-28895,12807,0,0,0,0,1,0
197,102083,237,-324,87,0,20476,-27970,7495,0,0,0,0,1,0
198,102604,279,-301,22,0,24077,-25971,1894,0,0,0,0,1,0
199,103125,310,-266,-44,0,26753,-22973,-3780,0,0,0,0,1,0
200,103645,329,-221,-108,0,28401,-19093,-9308,0,0,0,0,1,0
201,104166,336,-168,-168,0,28957,-14479,-14479,0,0,0,0,1,0
202,104687,329,-108,-221,0,28401,-9308,-19093,0,0,0,0,1,0
203,105208,310,-44,-266,0,26753,-3780,-22973,0,0,0,0,1,0
204,105729,279,22,-301,0,24077,1894,-25971,0,0,0,0,1,0
205,106250,237,87,-324,0,20476,7495,-27970,0,0,0,0,1,0
206,106770,186,148,-335,0,16088,12807,-28895,0,0,0,0,1,0
207,107291,128,204,-333,0,11081,17628,-28709,0,0,0,0,1,0
208,107812,65,252,-318,0,5649,21771,-27420,0,0,0,0,1,0
209,108333,0,291,-291,0,0,25078,-25078,0,0,0,0,1,0
210,108854,-65,318,-252,0,-5649,27420,-21771,0,0,0,0,1,0
211,109375,-128,333,-204,0,-11081,28709,-17628,0,0,0,0,1,0
212,109895,-186,335,-148,0,-16088,28895,-12807,0,0,0,0,1,0
213,110416,-237,324,-87,0,-20476,27970,-7495,0,0,0,0,1,0
214,110937,-279,301,-22,0,-24077,25971,-1894,0,0,0,0,1,0
215,111458,-310,266,44,0,-26753,22973,3780,0,0,0,0,1,0
216,111979,-329,221,108,0,-28401,19093,9308,0,0,0,0,1,0
217,112500,-336,168,168,0,-28957,14479,14479,0,0,0,0,1,0
218,113020,-329,108,221,0,-28401,9308,19093,0,0,0,0,1,0
219,113541,-310,44,266,0,-26753,3780,22973,0,0,0,0,1,0
220,114062,-279,-22,301,0,-24077,-1894,25971,0,0,0,0,1,0
221,114583,-237,-87,324,0,-20476,-7495,27970,0,0,0,0,1,0
222,115104,-186,-148,335,0,-16088,-12807,28895,0,0,0,0,1,0
223,115625,-128,-204,333,0,-11081,-17628,28709,0,0,0,0,1,0
224,116145,-65,-252,318,0,-5649,-21771,27420,0,0,0,0,1,0
225,116666,0,-291,291,0,0,-25078,25078,0,0,0,0,1,0
226,117187,65,-318,252,0,5649,-27420,21771,0,0,0,0,1,0
227,117708,128,-333,204,0,11081,-28709,17628,0,0,0,0,1,0
228,118229,186,-335,148,0,16088,-28895,12807,0,0,0,0,1,0
229,118750,237,-324,87,0,20476,-27970,7495,0,0,0,0,1,0
230,119270,279,-301,22,0,24077,-25971,1894,0,0,0,0,1,0
231,119791,310,-266,-44,0,26753,-22973,-3780,0,0,0,0,1,0
232,120312,329,-221,-108,0,28401,-19093,-9308,0,0,0,0,1,0
233,120833,336,-168,-168,0,28957,-14479,-14479,0,0,0,0,1,0
234,121354,329,-108,-221,0,28401,-9308,-19093,0,0,0,0,1,0
235,121875,310,-44,-266,0,26753,-3780,-22973,0,0,0,0,1,0
236,122395,279,22,-301,0,24077,1894,-25971,0,0,0,0,1,0
237,122916,237,87,-324,0,20476,7495,-27970,0,0,0,0,1,0
238,123437,186,148,-335,0,16088,12807,-28895,0,0,0,0,1,0
239,123958,128,204,-333,0,11081,17628,-28709,0,0,0,0,1,0
240,124479,65,252,-318,0,5649,21771,-27420,0,0,0,0,1,0
241,125000,0,291,-291,0,0,25078,-25078,0,0,0,0,1,0
242,125520,-65,318,-252,0,-5649,27420,-21771,0,0,0,0,1,0
243,126041,-128,333,-204,0,-11081,28709,-17628,0,0,0,0,1,0
244,126562,-186,335,-148,0,-16088,28895,-12807,0,0,0,0,1,0
245,127083,-237,324,-87,0,-20476,27970,-7495,0,0,0,0,1,0
246,127604,-279,301,-22,0,-24077,25971,-1894,0,0,0,0,1,0
247,128124,-310,266,44,0,-26753,22973,3780,0,0,0,0,1,0
248,128645,-329,221,108,0,-28401,19093,9308,0,0,0,0,1,0
249,129166,-336,168,168,0,-28957,14479,14479,0,0,0,0,1,0
250,129687,-329,108,221,0,-28401,9308,19093,0,0,0,0,1,0
251,130208,-310,44,266,0,-26753,3780,22973,0,0,0,0,1,0
252,130729,-279,-22,301,0,-24077,-1894,25971,0,0,0,0,1,0
253,131250,-237,-87,324,0,-20476,-7495,27970,0,0,0,0,1,0
254,131770,-186,-148,335,0,-16088,-12807,28895,0,0,0,0,1,0
255,132291,-128,-204,333,0,-11081,-17628,28709,0,0,0,0,1,0
256,132812,-65,-252,318,0,-5649,-21771,27420,0,0,0,0,1,0
257,133333,0,-291,291,0,0,-25078,25078,0,0,0,0,1,0
258,133854,65,-318,252,0,5649,-27420,21771,0,0,0,0,1,0
259,134375,128,-333,204,0,11081,-28709,17628,0,0,0,0,1,0
260,134895,186,-335,148,0,16088,-28895,12807,0,0,0,0,1,0
261,135416,237,-324,87,0,20476,-27970,7495,0,0,0,0,1,0
262,135937,279,-301,22,0,24077,-25971,1894,0,0,0,0,1,0
263,136458,310,-266,-44,0,26753,-22973,-3780,0,0,0,0,1,0
264,136979,329,-221,-108,0,28401,-19093,-9308,0,0,0,0,1,0
265,137500,336,-168,-168,0,28957,-14479,-14479,0,0,0,0,1,0
266,138020,329,-108,-221,0,28401,-9308,-19093,0,0,0,0,1,0
267,138541,310,-44,-266,0,26753,-3780,-22973,0,0,0,0,1,0
268,139062,279,22,-301,0,24077,1894,-25971,0,0,0,0,1,0
269,139583,237,87,-324,0,20476,7495,-27970,0,0,0,0,1,0
270,140104,186,148,-335,0,16088,12807,-28895,0,0,0,0,1,0
271,140625,128,204,-333,0,11081,17628,-28709,0,0,0,0,1,0
272,141145,65,252,-318,0,5649,21771,-27420,0,0,0,0,1,0
273,141666,0,291,-291,0,0,25078,-25078,0,0,0,0,1,0
274,142187,-65,318,-252,0,-5649,27420,-21771,0,0,0,0,1,0
275,142708,-128,333,-204,0,-11081,28709,-17628,0,0,0,0,1,0
276,143229,-186,335,-148,0,-16088,28895,-12807,0,0,0,0,1,0
277,143750,-237,324,-87,0,-20476,27970,-7495,0,0,0,0,1,0
278,144270,-279,301,-22,0,-24077,25971,-1894,0,0,0,0,1,0
279,144791,-310,266,44,0,-26753,22973,3780,0,0,0,0,1,0
280,145312,-329,221,108,0,-28401,19093,9308,0,0,0,0,1,0
281,145833,-336,168,168,0,-28957,14479,14479,0,0,0,0,1,0
282,146354,-329,108,221,0,-28401,9308,19093,0,0,0,0,1,0
283,146875,-310,44,266,0,-26753,3780,22973,0,0,0,0,1,0
284,147395,-279,-22,301,0,-24077,-1894,25971,0,0,0,0,1,0
285,147916,-237,-87,324,0,-20476,-7495,27970,0,0,0,0,1,0
286,148437,-186,-148,335,0,-16088,-12807,28895,0,0,0,0,1,0
287,148958,-128,-204,333,0,-11081,-17628,28709,0,0,0,0,1,0
288,149479,-65,-252,318,0,-5649,-21771,27420,0,0,0,0,1,0
289,150000,0,-291,291,0,0,-25078,25078,0,0,0,0,1,0
290,150520,65,-318,252,0,5649,-27420,21771,0,0,0,0,1,0
291,151041,128,-333,204,0,11081,-28709,17628,0,0,0,0,1,0
292,151562,186,-335,148,0,16088,-28895,12807,0,0,0,0,1,0
293,152083,237,-324,87,0,20476,-27970,7495,0,0,0,0,1,0
294,152604,279,-301,22,0,24077,-25971,1894,0,0,0,0,1,0
295,153125,310,-266,-44,0,26753,-22973,-3780,0,0,0,0,1,0
296,153645,329,-221,-108,0,28401,-19093,-9308,0,0,0,0,1,0
297,154166,336,-168,-168,0,28957,-14479,-14479,0,0,0,0,1,0
298,154687,329,-108,-221,0,28401,-9308,-19093,0,0,0,0,1,0
299,155208,310,-44,-266,0,26753,-3780,-22973,0,0,0,0,1,0
300,155729,279,22,-301,0,24077,1894,-25971,0,0,0,0,1,0
301,156250,237,87,-324,0,20476,7495,-27970,0,0,0,0,1,0
302,156770,186,148,-335,0,16088,12807,-28895,0,0,0,0,1,0
303,157291,128,204,-333,0,11081,17628,-28709,0,0,0,0,1,0
304,157812,65,252,-318,0,5649,21771,-27420,0,0,0,0,1,0
305,158333,0,291,-291,0,0,25078,-25078,0,0,0,0,1,0
306,158854,-65,318,-252,0,-5649,27420,-21771,0,0,0,0,1,0
307,159375,-128,333,-204,0,-11081,28709,-17628,0,0,0,0,1,0
308,159895,-186,335,-148,0,-16088,28895,-12807,0,0,0,0,1,0
309,160416,-237,324,-87,0,-20476,27970,-7495,0,0,0,0,1,0
310,160937,-279,301,-22,0,-24077,25971,-1894,0,0,0,0,1,0
311,161458,-310,266,44,0,-26753,22973,3780,0,0,0,0,1,0
312,161979,-329,221,108,0,-28401,19093,9308,0,0,0,0,1,0
313,162500,-336,168,168,0,-28957,14479,14479,0,0,0,0,1,0
314,163020,-329,108,221,0,-28401,9308,19093,0,0,0,0,1,0
315,163541,-310,44,266,0,-26753,3780,22973,0,0,0,0,1,0
316,164062,-279,-22,301,0,-24077,-1894,25971,0,0,0,0,1,0
317,164583,-237,-87,324,0,-20476,-7495,27970,0,0,0,0,1,0
318,165104,-186,-148,335,0,-16088,-12807,28895,0,0,0,0,1,0
319,165625,-128,-204,333,0,-11081,-17628,28709,0,0,0,0,1,0
320,166145,-65,-252,318,0,-5649,-21771,27420,0,0,0,0,1,0
321,166666,0,-291,291,0,0,-25078,25078,0,0,0,0,1,0
322,167187,65,-318,252,0,5649,-27420,21771,0,0,0,0,1,0
323,167708,128,-333,204,0,11081,-28709,17628,0,0,0,0,1,0
324,168229,186,-335,148,0,16088,-28895,12807,0,0,0,0,1,0
325,168750,237,-324,87,0,20476,-27970,7495,0,0,0,0,1,0
326,169270,279,-301,22,0,24077,-25971,1894,0,0,0,0,1,0
327,169791,310,-266,-44,0,26753,-22973,-3780,0,0,0,0,1,0
328,170312,329,-221,-108,0,28401,-19093,-9308,0,0,0,0,1,0
329,170833,336,-168,-168,0,28957,-14479,-14479,0,0,0,0,1,0
330,171354,329,-108,-221,0,28401,-9308,-19093,0,0,0,0,1,0
331,171875,310,-44,-266,0,26753,-3780,-22973,0,0,0,0,1,0
332,172395,279,22,-301,0,24077,1894,-25971,0,0,0,0,1,0
333,172916,237,87,-324,0,20476,7495,-27970,0,0,0,0,1,0
334,173437,186,148,-335,0,16088,12807,-28895,0,0,0,0,1,0
335,173958,128,204,-333,0,11081,17628,-28709,0,0,0,0,1,0
336,174479,65,252,-318,0,5649,21771,-27420,0,0,0,0,1,0
337,175000,0,291,-291,0,0,25078,-25078,0,0,0,0,1,0
338,175520,-65,318,-252,0,-5649,27420,-21771,0,0,0,0,1,0
339,176041,-128,333,-204,0,-11081,28709,-17628,0,0,0,0,1,0
340,176562,-186,335,-148,0,-16088,28895,-12807,0,0,0,0,1,0
341,177083,-237,324,-87,0,-20476,27970,-7495,0,0,0,0,1,0
342,177604,-279,301,-22,0,-24077,25971,-1894,0,0,0,0,1,0
343,178125,-310,266,44,0,-26753,22973,3780,0,0,0,0,1,0
344,178645,-329,221,108,0,-28401,19093,9308,0,0,0,0,1,0
345,179166,-336,168,168,0,-28957,14479,14479,0,0,0,0,1,0
346,179687,-329,108,221,0,-28401,9308,19093,0,0,0,0,1,0
347,180208,-310,44,266,0,-26753,3780,22973,0,0,0,0,1,0
348,180729,-279,-22,301,0,-24077,-1894,25971,0,0,0,0,1,0
349,181250,-237,-87,324,0,-20476,-7495,27970,0,0,0,0,1,0
350,181770,-186,-148,335,0,-16088,-12807,28895,0,0,0,0,1,0
351,182291,-128,-204,333,0,-11081,-17628,28709,0,0,0,0,1,0
352,182812,-65,-252,318,0,-5649,-21771,27420,0,0,0,0,1,0
353,183333,0,-291,291,0,0,-25078,25078,0,0,0,0,1,0
354,183854,65,-318,252,0,5649,-27420,21771,0,0,0,0,1,0
355,184375,128,-333,204,0,11081,-28709,17628,0,0,0,0,1,0
356,184895,186,-335,148,0,16088,-28895,12807,0,0,0,0,1,0
357,185416,237,-324,87,0,20476,-27970,7495,0,0,0,0,1,0
358,185937,279,-301,22,0,24077,-25971,1894,0,0,0,0,1,0
359,186458,310,-266,-44,0,26753,-22973,-3780,0,0,0,0,1,0
360,186979,329,-221,-108,0,28401,-19093,-9308,0,0,0,0,1,0
361,187500,336,-168,-168,0,28957,-14479,-14479,0,0,0,0,1,0
362,188020,329,-108,-221,0,28401,-9308,-19093,0,0,0,0,1,0
363,188541,310,-44,-266,0,26753,-3780,-22973,0,0,0,0,1,0
364,189062,279,22,-301,0,24077,1894,-25971,0,0,0,0,1,0
365,189583,237,87,-324,0,20476,7495,-27970,0,0,0,0,1,0
366,190104,186,148,-335,0,16088,12807,-28895,0,0,0,0,1,0
367,190625,128,204,-333,0,11081,17628,-28709,0,0,0,0,1,0
368,191145,65,252,-318,0,5649,21771,-27420,0,0,0,0,1,0
369,191666,0,291,-291,0,0,25078,-25078,0,0,0,0,1,0
370,192187,-65,318,-252,0,-5649,27420,-21771,0,0,0,0,1,0
371,192708,-128,333,-204,0,-11081,28709,-17628,0,0,0,0,1,0
372,193229,-186,335,-148,0,-16088,28895,-12807,0,0,0,0,1,0
373,193750,-237,324,-87,0,-20476,27970,-7495,0,0,0,0,1,0
374,194270,-279,301,-22,0,-24077,25971,-1894,0,0,0,0,1,0
375,194791,-310,266,44,0,-26753,22973,3780,0,0,0,0,1,0
376,195312,-329,221,108,0,-28401,19093,9308,0,0,0,0,1,0
377,195833,-336,168,168,0,-28957,14479,14479,0,0,0,0,1,0
378,196354,-329,108,221,0,-28401,9308,19093,0,0,0,0,1,0
379,196875,-310,44,266,0,-26753,3780,22973,0,0,0,0,1,0
380,197395,-279,-22,301,0,-24077,-1894,25971,0,0,0,0,1,0
381,197916,-237,-87,324,0,-20476,-7495,27970,0,0,0,0,1,0
382,198437,-186,-148,335,0,-16088,-12807,28895,0,0,0,0,1,0
383,198958,-128,-204,333,0,-11081,-17628,28709,0,0,0,0,1,0
384,199479,-65,-252,318,0,-5649,-21771,27420,0,0,0,0,1,0
385,200000,0,-291,291,0,0,-25078,25078,0,0,0,0,1,0
386,200520,65,-318,252,0,5649,-27420,21771,0,0,0,0,1,0
387,201041,128,-333,204,0,11081,-28709,17628,0,0,0,0,1,0
388,201562,186,-335,148,0,16088,-28895,12807,0,0,0,0,1,0
389,202083,237,-324,87,0,20476,-27970,7495,0,0,0,0,1,0
390,202604,279,-301,22,0,24077,-25971,1894,0,0,0,0,1,0
391,203125,310,-266,-44,0,26753,-22973,-3780,0,0,0,0,1,0
392,203645,329,-221,-108,0,28401,-19093,-9308,0,0,0,0,1,0
393,204166,336,-168,-168,0,28957,-14479,-14479,0,0,0,0,1,0
394,204687,329,-108,-221,0,28401,-9308,-19093,0,0,0,0,1,0
395,205208,310,-44,-266,0,26753,-3780,-22973,0,0,0,0,1,0
396,205729,279,22,-301,0,24077,1894,-25971,0,0,0,0,1,0
397,206250,237,87,-324,0,20476,7495,-27970,0,0,0,0,1,0
398,206770,186,148,-335,0,16088,12807,-28895,0,0,0,0,1,0
399,207291,128,204,-333,0,11081,17628,-28709,0,0,0,0,1,0
400,207812,65,252,-318,0,5649,21771,-27420,0,0,0,0,1,0
401,208333,0,291,-291,0,0,25078,-25078,0,0,0,0,1,0
402,208854,-65,318,-252,0,-5649,27420,-21771,0,0,0,0,1,0
403,209375,-128,333,-204,0,-11081,28709,-17628,0,0,0,0,1,0
404,209895,-186,335,-148,0,-16088,28895,-12807,0,0,0,0,1,0
405,210416,-237,324,-87,0,-20476,27970,-7495,0,0,0,0,1,0
406,210937,-279,301,-22,0,-24077,25971,-1894,0,0,0,0,1,0
407,211458,-310,266,44,0,-26753,22973,3780,0,0,0,0,1,0
408,211979,-329,221,108,0,-28401,19093,9308,0,0,0,0,1,0
409,212500,-336,168,168,0,-28957,14479,14479,0,0,0,0,1,0
410,213020,-329,108,221,0,-28401,9308,19093,0,0,0,0,1,0
411,213541,-310,44,266,0,-26753,3780,22973,0,0,0,0,1,0
412,214062,-279,-22,301,0,-24077,-1894,25971,0,0,0,0,1,0
413,214583,-237,-87,324,0,-20476,-7495,27970,0,0,0,0,1,0
414,215104,-186,-148,335,0,-16088,-12807,28895,0,0,0,0,1,0
415,215625,-128,-204,333,0,-11081,-17628,28709,0,0,0,0,1,0
416,216145,-65,-252,318,0,-5649,-21771,27420,0,0,0,0,1,0
417,216666,0,-291,291,0,0,-25078,25078,0,0,0,0,1,0
418,217187,65,-318,252,0,5649,-27420,21771,0,0,0,0,1,0
419,217708,128,-333,204,0,11081,-28709,17628,0,0,0,0,1,0
420,218229,186,-335,148,0,16088,-28895,12807,0,0,0,0,1,0
421,218750,237,-324,87,0,20476,-27970,7495,0,0,0,0,1,0
422,219270,279,-301,22,0,24077,-25971,1894,0,0,0,0,1,0
423,219791,310,-266,-44,0,26753,-22973,-3780,0,0,0,0,1,0
424,220312,329,-221,-108,0,28401,-19093,-9308,0,0,0,0,1,0
425,220833,336,-168,-168,0,28957,-14479,-14479,0,0,0,0,1,0
426,221354,329,-108,-221,0,28401,-9308,-19093,0,0,0,0,1,0
427,221875,310,-44,-266,0,26753,-3780,-22973,0,0,0,0,1,0
428,222395,279,22,-301,0,24077,1894,-25971,0,0,0,0,1,0
429,222916,237,87,-324,0,20476,7495,-27970,0,0,0,0,1,0
430,223437,186,148,-335,0,16088,12807,-28895,0,0,0,0,1,0
431,223958,128,204,-333,0,11081,17628,-28709,0,0,0,0,1,0
432,224479,65,252,-318,0,5649,21771,-27420,0,0,0,0,1,0
433,225000,0,291,-291,0,0,25078,-25078,0,0,0,0,1,0
434,225520,-65,318,-252,0,-5649,27420,-21771,0,0,0,0,1,0
435,226041,-128,333,-204,0,-11081,28709,-17628,0,0,0,0,1,0
436,226562,-186,335,-148,0,-16088,28895,-12807,0,0,0,0,1,0
437,227083,-237,324,-87,0,-20476,27970,-7495,0,0,0,0,1,0
438,227604,-279,301,-22,0,-24077,25971,-1894,0,0,0,0,1,0
439,228125,-310,266,44,0,-26753,22973,3780,0,0,0,0,1,0
440,228645,-329,221,108,0,-28401,19093,9308,0,0,0,0,1,0
441,229166,-336,168,168,0,-28957,14479,14479,0,0,0,0,1,0
442,229687,-329,108,221,0,-28401,9308,19093,0,0,0,0,1,0
443,230208,-310,44,266,0,-26753,3780,22973,0,0,0,0,1,0
444,230729,-279,-22,301,0,-24077,-1894,25971,0,0,0,0,1,0
445,231250,-237,-87,324,0,-20476,-7495,27970,0,0,0,0,1,0
446,231770,-186,-148,335,0,-16088,-12807,28895,0,0,0,0,1,0
447,232291,-128,-204,333,0,-11081,-17628,28709,0,0,0,0,1,0
448,232812,-65,-252,318,0,-5649,-21771,27420,0,0,0,0,1,0
449,233333,0,-291,291,0,0,-25078,25078,0,0,0,0,1,0
450,233854,65,-318,252,0,5649,-27420,21771,0,0,0,0,1,0
451,234375,128,-333,204,0,11081,-28709,17628,0,0,0,0,1,0
452,234895,186,-335,148,0,16088,-28895,12807,0,0,0,0,1,0
453,235416,237,-324,87,0,20476,-27970,7495,0,0,0,0,1,0
454,235937,279,-301,22,0,24077,-25971,1894,0,0,0,0,1,0
455,236458,310,-266,-44,0,26753,-22973,-3780,0,0,0,0,1,0
456,236979,329,-221,-108,0,28401,-19093,-9308,0,0,0,0,1,0
457,237500,336,-168,-168,0,28957,-14479,-14479,0,0,0,0,1,0
458,238020,329,-108,-221,0,28401,-9308,-19093,0,0,0,0,1,0
459,238541,310,-44,-266,0,26753,-3780,-22973,0,0,0,0,1,0
460,239062,279,22,-301,0,24077,1894,-25971,0,0,0,0,1,0
461,239583,237,87,-324,0,20476,7495,-27970,0,0,0,0,1,0
462,240104,186,148,-335,0,16088,12807,-28895,0,0,0,0,1,0
463,240625,128,204,-333,0,11081,17628,-28709,0,0,0,0,1,0
464,241145,65,252,-318,0,5649,21771,-27420,0,0,0,0,1,0
465,241666,0,291,-291,0,0,25078,-25078,0,0,0,0,1,0
466,242187,-65,318,-252,0,-5649,27420,-21771,0,0,0,0,1,0
467,242708,-128,333,-204,0,-11081,28709,-17628,0,0,0,0,1,0
468,243229,-186,335,-148,0,-16088,28895,-12807,0,0,0,0,1,0
469,243750,-237,324,-87,0,-20476,27970,-7495,0,0,0,0,1,0
470,244270,-279,301,-22,0,-24077,25971,-1894,0,0,0,0,1,0
471,244791,-310,266,44,0,-26753,22973,3780,0,0,0,0,1,0
472,245312,-329,221,108,0,-28401,19093,9308,0,0,0,0,1,0
473,245833,-336,168,168,0,-28957,14479,14479,0,0,0,0,1,0
474,246354,-329,108,221,0,-28401,9308,19093,0,0,0,0,1,0
475,246875,-310,44,266,0,-26753,3780,22973,0,0,0,0,1,0
476,247395,-279,-22,301,0,-24077,-1894,25971,0,0,0,0,1,0
477,247916,-237,-87,324,0,-20476,-7495,27970,0,0,0,0,1,0
478,248437,-186,-148,335,0,-16088,-12807,28895,0,0,0,0,1,0
479,248958,-128,-204,333,0,-11081,-17628,28709,0,0,0,0,1,0
480,249479,-65,-252,318,0,-5649,-21771,27420,0,0,0,0,1,0
481,250000,0,-291,291,0,0,-25078,25078,0,0,0,0,1,0
482,250520,65,-318,252,0,5649,-27420,21771,0,0,0,0,1,0
483,251041,128,-333,204,0,11081,-28709,17628,0,0,0,0,1,0
484,251562,186,-335,148,0,16088,-28895,12807,0,0,0,0,1,0
485,252083,237,-324,87,0,20476,-27970,7495,0,0,0,0,1,0
486,252604,279,-301,22,0,24077,-25971,1894,0,0,0,0,1,0
487,253125,310,-266,-44,0,26753,-22973,-3780,0,0,0,0,1,0
488,253645,329,-221,-108,0,28401,-19093,-9308,0,0,0,0,1,0
489,254166,336,-168,-168,0,28957,-14479,-14479,0,0,0,0,1,0
490,254687,329,-108,-221,0,28401,-9308,-19093,0,0,0,0,1,0
491,255208,310,-44,-266,0,26753,-3780,-22973,0,0,0,0,1,0
492,255729,279,22,-301,0,24077,1894,-25971,0,0,0,0,1,0
493,256249,237,87,-324,0,20476,7495,-27970,0,0,0,0,1,0
494,256770,186,148,-335,0,16088,12807,-28895,0,0,0,0,1,0
495,257291,128,204,-333,0,11081,17628,-28709,0,0,0,0,1,0
496,257812,65,252,-318,0,5649,21771,-27420,0,0,0,0,1,0
497,258333,0,291,-291,0,0,25078,-25078,0,0,0,0,1,0
498,258854,-65,318,-252,0,-5649,27420,-21771,0,0,0,0,1,0
499,259375,-128,333,-204,0,-11081,28709,-17628,0,0,0,0,1,0
500,259895,-186,335,-148,0,-16088,28895,-12807,0,0,0,0,1,0
501,260416,-237,324,-87,0,-20476,27970,-7495,0,0,0,0,1,0
502,260937,-279,301,-22,0,-24077,25971,-1894,0,0,0,0,1,0
503,261458,-310,266,44,0,-26753,22973,3780,0,0,0,0,1,0
504,261979,-329,221,108,0,-28401,19093,9308,0,0,0,0,1,0
505,262500,-336,168,168,0,-28957,14479,14479,0,0,0,0,1,0
506,263020,-329,108,221,0,-28401,9308,19093,0,0,0,0,1,0
507,263541,-310,44,266,0,-26753,3780,22973,0,0,0,0,1,0
508,264062,-279,-22,301,0,-24077,-1894,25971,0,0,0,0,1,0
509,264583,-237,-87,324,0,-20476,-7495,27970,0,0,0,0,1,0
510,265104,-186,-148,335,0,-16088,-12807,28895,0,0,0,0,1,0
511,265625,-128,-204,333,0,-11081,-17628,28709,0,0,0,0,1,0
512,266145,-65,-252,318,0,-5649,-21771,27420,0,0,0,0,1,0
513,266666,0,-291,291,0,0,-25078,25078,0,0,0,0,1,0
514,267187,65,-318,252,0,5649,-27420,21771,0,0,0,0,1,0
515,267708,128,-333,204,0,11081,-28709,17628,0,0,0,0,1,0
516,268229,186,-335,148,0,16088,-28895,12807,0,0,0,0,1,0
517,268750,237,-324,87,0,20476,-27970,7495,0,0,0,0,1,0
518,269270,279,-301,22,0,24077,-25971,1894,0,0,0,0,1,0
519,269791,310,-266,-44,0,26753,-22973,-3780,0,0,0,0,1,0
520,270312,329,-221,-108,0,28401,-19093,-9308,0,0,0,0,1,0
521,270833,336,-168,-168,0,28957,-14479,-14479,0,0,0,0,1,0
522,271354,329,-108,-221,0,28401,-9308,-19093,0,0,0,0,1,0
523,271875,310,-44,-266,0,26753,-3780,-22973,0,0,0,0,1,0
524,272395,279,22,-301,0,24077,1894,-25971,0,0,0,0,1,0
525,272916,237,87,-324,0,20476,7495,-27970,0,0,0,0,1,0
526,273437,186,148,-335,0,16088,12807,-28895,0,0,0,0,1,0
527,273958,128,204,-333,0,11081,17628,-28709,0,0,0,0,1,0
528,274479,65,252,-318,0,5649,21771,-27420,0,0,0,0,1,0
529,275000,0,291,-291,0,0,25078,-25078,0,0,0,0,1,0
530,275520,-65,318,-252,0,-5649,27420,-21771,0,0,0,0,1,0
531,276041,-128,333,-204,0,-11081,28709,-17628,0,0,0,0,1,0
532,276562,-186,335,-148,0,-16088,28895,-12807,0,0,0,0,1,0
533,277083,-237,324,-87,0,-20476,27970,-7495,0,0,0,0,1,0
534,277604,-279,301,-22,0,-24077,25971,-1894,0,0,0,0,1,0
535,278125,-310,266,44,0,-26753,22973,3780,0,0,0,0,1,0
536,278645,-329,221,108,0,-28401,19093,9308,0,0,0,0,1,0
537,279166,-336,168,168,0,-28957,14479,14479,0,0,0,0,1,0
538,279687,-329,108,221,0,-28401,9308,19093,0,0,0,0,1,0
539,280208,-310,44,266,0,-26753,3780,22973,0,0,0,0,1,0
540,280729,-279,-22,301,0,-24077,-1894,25971,0,0,0,0,1,0
541,281250,-237,-87,324,0,-20476,-7495,27970,0,0,0,0,1,0
542,281770,-186,-148,335,0,-16088,-12807,28895,0,0,0,0,1,0
543,282291,-128,-204,333,0,-11081,-17628,28709,0,0,0,0,1,0
544,282812,-65,-252,318,0,-5649,-21771,27420,0,0,0,0,1,0
545,283333,0,-291,291,0,0,-25078,25078,0,0,0,0,1,0
546,283854,65,-318,252,0,5649,-27420,21771,0,0,0,0,1,0
547,284375,128,-333,204,0,11081,-28709,17628,0,0,0,0,1,0
548,284895,186,-335,148,0,16088,-28895,12807,0,0,0,0,1,0
549,285416,237,-324,87,0,20476,-27970,7495,0,0,0,0,1,0
550,285937,279,-301,22,0,24077,-25971,1894,0,0,0,0,1,0
551,286458,310,-266,-44,0,26753,-22973,-3780,0,0,0,0,1,0
552,286979,329,-221,-108,0,28401,-19093,-9308,0,0,0,0,1,0
553,287500,336,-168,-168,0,28957,-14479,-14479,0,0,0,0,1,0
554,288020,329,-108,-221,0,28401,-9308,-19093,0,0,0,0,1,0
555,288541,310,-44,-266,0,26753,-3780,-22973,0,0,0,0,1,0
556,289062,279,22,-301,0,24077,1894,-25971,0,0,0,0,1,0
557,289583,237,87,-324,0,20476,7495,-27970,0,0,0,0,1,0
558,290104,186,148,-335,0,16088,12807,-28895,0,0,0,0,1,0
559,290625,128,204,-333,0,11081,17628,-28709,0,0,0,0,1,0
560,291145,65,252,-318,0,5649,21771,-27420,0,0,0,0,1,0
561,291666,0,291,-291,0,0,25078,-25078,0,0,0,0,1,0
562,292187,-65,318,-252,0,-5649,27420,-21771,0,0,0,0,1,0
563,292708,-128,333,-204,0,-11081,28709,-17628,0,0,0,0,1,0
564,293229,-186,335,-148,0,-16088,28895,-12807,0,0,0,0,1,0
565,293750,-237,324,-87,0,-20476,27970,-7495,0,0,0,0,1,0
566,294270,-279,301,-22,0,-24077,25971,-1894,0,0,0,0,1,0
567,294791,-310,266,44,0,-26753,22973,3780,0,0,0,0,1,0
568,295312,-329,221,108,0,-28401,19093,9308,0,0,0,0,1,0
569,295833,-336,168,168,0,-28957,14479,14479,0,0,0,0,1,0
570,296354,-329,108,221,0,-28401,9308,19093,0,0,0,0,1,0
571,296875,-310,44,266,0,-26753,3780,22973,0,0,0,0,1,0
572,297395,-279,-22,301,0,-24077,-1894,25971,0,0,0,0,1,0
573,297916,-237,-87,324,0,-20476,-7495,27970,0,0,0,0,1,0
574,298437,-186,-148,335,0,-16088,-12807,28895,0,0,0,0,1,0
575,298958,-128,-204,333,0,-11081,-17628,28709,0,0,0,0,1,0
576,299479,-65,-252,318,0,-5649,-21771,27420,0,0,0,0,1,0
577,300000,0,-291,291,0,0,-25078,25078,0,0,0,0,1,0
578,300520,65,-318,252,0,5649,-27420,21771,0,0,0,0,1,0
579,301041,128,-333,204,0,11081,-28709,17628,0,0,0,0,1,0
580,301562,186,-335,148,0,16088,-28895,12807,0,0,0,0,1,0
581,302083,237,-324,87,0,20476,-27970,7495,0,0,0,0,1,0
582,302604,279,-301,22,0,24077,-25971,1894,0,0,0,0,1,0
583,303125,310,-266,-44,0,26753,-22973,-3780,0,0,0,0,1,0
584,303645,329,-221,-108,0,28401,-19093,-9308,0,0,0,0,1,0
585,304166,336,-168,-168,0,28957,-14479,-14479,0,0,0,0,1,0
586,304687,329,-108,-221,0,28401,-9308,-19093,0,0,0,0,1,0
587,305208,310,-44,-266,0,26753,-3780,-22973,0,0,0,0,1,0
588,305729,279,22,-301,0,24077,1894,-25971,0,0,0,0,1,0
589,306250,237,87,-324,0,20476,7495,-27970,0,0,0,0,1,0
590,306770,186,148,-335,0,16088,12807,-28895,0,0,0,0,1,0
591,307291,128,204,-333,0,11081,17628,-28709,0,0,0,0,1,0
592,307812,65,252,-318,0,5649,21771,-27420,0,0,0,0,1,0
593,308333,0,291,-291,0,0,25078,-25078,0,0,0,0,1,0
594,308854,-65,318,-252,0,-5649,27420,-21771,0,0,0,0,1,0
595,309375,-128,333,-204,0,-11081,28709,-17628,0,0,0,0,1,0
596,309895,-186,335,-148,0,-16088,28895,-12807,0,0,0,0,1,0
597,310416,-237,324,-87,0,-20476,27970,-7495,0,0,0,0,1,0
598,310937,-279,301,-22,0,-24077,25971,-1894,0,0,0,0,1,0
599,311458,-310,266,44,0,-26753,22973,3780,0,0,0,0,1,0
600,311979,-329,221,108,0,-28401,19093,9308,0,0,0,0,1,0
601,312500,-336,168,168,0,-28957,14479,14479,0,0,0,0,1,0
602,313020,-329,108,221,0,-28401,9308,19093,0,0,0,0,1,0
603,313541,-310,44,266,0,-26753,3780,22973,0,0,0,0,1,0
604,314062,-279,-22,301,0,-24077,-1894,25971,0,0,0,0,1,0
605,314583,-237,-87,324,0,-20476,-7495,27970,0,0,0,0,1,0
606,315104,-186,-148,335,0,-16088,-12807,28895,0,0,0,0,1,0
607,315625,-128,-204,333,0,-11081,-17628,28709,0,0,0,0,1,0
608,316145,-65,-252,318,0,-5649,-21771,27420,0,0,0,0,1,0
609,316666,0,-291,291,0,0,-25078,25078,0,0,0,0,1,0
610,317187,65,-318,252,0,5649,-27420,21771,0,0,0,0,1,0
611,317708,128,-333,204,0,11081,-28709,17628,0,0,0,0,1,0
612,318229,186,-335,148,0,16088,-28895,12807,0,0,0,0,1,0
613,318750,237,-324,87,0,20476,-27970,7495,0,0,0,0,1,0
614,319270,279,-301,22,0,24077,-25971,1894,0,0,0,0,1,0
615,319791,310,-266,-44,0,26753,-22973,-3780,0,0,0,0,1,0
616,320312,329,-221,-108,0,28401,-19093,-9308,0,0,0,0,1,0
617,320833,336,-168,-168,0,28957,-14479,-14479,0,0,0,0,1,0
618,321354,329,-108,-221,0,28401,-9308,-19093,0,0,0,0,1,0
619,321875,310,-44,-266,0,26753,-3780,-22973,0,0,0,0,1,0
620,322395,279,22,-301,0,24077,1894,-25971,0,0,0,0,1,0
621,322916,237,87,-324,0,20476,7495,-27970,0,0,0,0,1,0
622,323437,186,148,-335,0,16088,12807,-28895,0,0,0,0,1,0
623,323958,128,204,-333,0,11081,17628,-28709,0,0,0,0,1,0
624,324479,65,252,-318,0,5649,21771,-27420,0,0,0,0,1,0
625,325000,0,291,-291,0,0,25078,-25078,0,0,0,0,1,0
626,325520,-65,318,-252,0,-5649,27420,-21771,0,0,0,0,1,0
627,326041,-128,333,-204,0,-11081,28709,-17628,0,0,0,0,1,0
628,326562,-186,335,-148,0,-16088,28895,-12807,0,0,0,0,1,0
629,327083,-237,324,-87,0,-20476,27970,-7495,0,0,0,0,1,0
630,327604,-279,301,-22,0,-24077,25971,-1894,0,0,0,0,1,0
631,328125,-310,266,44,0,-26753,22973,3780,0,0,0,0,1,0
632,328645,-329,221,108,0,-28401,19093,9308,0,0,0,0,1,0
633,329166,-336,168,168,0,-28957,14479,14479,0,0,0,0,1,0
634,329687,-329,108,221,0,-28401,9308,19093,0,0,0,0,1,0
635,330208,-310,44,266,0,-26753,3780,22973,0,0,0,0,1,0
636,330729,-279,-22,301,0,-24077,-1894,25971,0,0,0,0,1,0
637,331250,-237,-87,324,0,-20476,-7495,27970,0,0,0,0,1,0
638,331770,-186,-148,335,0,-16088,-12807,28895,0,0,0,0,1,0
639,332291,-128,-204,333,0,-11081,-17628,28709,0,0,0,0,1,0
640,332812,-65,-252,318,0,-5649,-21771,27420,0,0,0,0,1,0
641,333333,0,-291,291,0,0,-25078,25078,0,0,0,0,1,0
642,333854,65,-318,252,0,5649,-27420,21771,0,0,0,0,1,0
643,334375,128,-333,204,0,11081,-28709,17628,0,0,0,0,1,0
644,334895,186,-335,148,0,16088,-28895,12807,0,0,0,0,1,0
645,335416,237,-324,87,0,20476,-27970,7495,0,0,0,0,1,0
646,335937,279,-301,22,0,24077,-25971,1894,0,0,0,0,1,0
647,336458,310,-266,-44,0,26753,-22973,-3780,0,0,0,0,1,0
648,336979,329,-221,-108,0,28401,-19093,-9308,0,0,0,0,1,0
649,337500,336,-168,-168,0,28957,-14479,-14479,0,0,0,0,1,0
650,338020,329,-108,-221,0,28401,-9308,-19093,0,0,0,0,1,0
651,338541,310,-44,-266,0,26753,-3780,-22973,0,0,0,0,1,0
652,339062,279,22,-301,0,24077,1894,-25971,0,0,0,0,1,0
653,339583,237,87,-324,0,20476,7495,-27970,0,0,0,0,1,0
654,340104,186,148,-335,0,16088,12807,-28895,0,0,0,0,1,0
655,340625,128,204,-333,0,11081,17628,-28709,0,0,0,0,1,0
656,341145,65,252,-318,0,5649,21771,-27420,0,0,0,0,1,0
657,341666,0,291,-291,0,0,25078,-25078,0,0,0,0,1,0
658,342187,-65,318,-252,0,-5649,27420,-21771,0,0,0,0,1,0
659,342708,-128,333,-204,0,-11081,28709,-17628,0,0,0,0,1,0
660,343229,-186,335,-148,0,-16088,28895,-12807,0,0,0,0,1,0
661,343750,-237,324,-87,0,-20476,27970,-7495,0,0,0,0,1,0
662,344270,-279,301,-22,0,-24077,25971,-1894,0,0,0,0,1,0
663,344791,-310,266,44,0,-26753,22973,3780,0,0,0,0,1,0
664,345312,-329,221,108,0,-28401,19093,9308,0,0,0,0,1,0
665,345833,-336,168,168,0,-28957,14479,14479,0,0,0,0,1,0
666,346354,-329,108,221,0,-28401,9308,19093,0,0,0,0,1,0
667,346875,-310,44,266,0,-26753,3780,22973,0,0,0,0,1,0
668,347395,-279,-22,301,0,-24077,-1894,25971,0,0,0,0,1,0
669,347916,-237,-87,324,0,-20476,-7495,27970,0,0,0,0,1,0
670,348437,-186,-148,335,0,-16088,-12807,28895,0,0,0,0,1,0
671,348958,-128,-204,333,0,-11081,-17628,28709,0,0,0,0,1,0
672,349479,-65,-252,318,0,-5649,-21771,27420,0,0,0,0,1,0
673,350000,0,-291,291,0,0,-25078,25078,0,0,0,0,1,0
674,350520,65,-318,252,0,5649,-27420,21771,0,0,0,0,1,0
675,351041,128,-333,204,0,11081,-28709,17628,0,0,0,0,1,0
676,351562,186,-335,148,0,16088,-28895,12807,0,0,0,0,1,0
677,352083,237,-324,87,0,20476,-27970,7495,0,0,0,0,1,0
678,352604,279,-301,22,0,24077,-25971,1894,0,0,0,0,1,0
679,353125,310,-266,-44,0,26753,-22973,-3780,0,0,0,0,1,0
680,353645,329,-221,-108,0,28401,-19093,-9308,0,0,0,0,1,0
681,354166,336,-168,-168,0,28957,-14479,-14479,0,0,0,0,1,0
682,354687,329,-108,-221,0,28401,-9308,-19093,0,0,0,0,1,0
683,355208,310,-44,-266,0,26753,-3780,-22973,0,0,0,0,1,0
684,355729,279,22,-301,0,24077,1894,-25971,0,0,0,0,1,0
685,356250,237,87,-324,0,20476,7495,-27970,0,0,0,0,1,0
686,356770,186,148,-335,0,16088,12807,-28895,0,0,0,0,1,0
687,357291,128,204,-333,0,11081,17628,-28709,0,0,0,0,1,0
688,357812,65,252,-318,0,5649,21771,-27420,0,0,0,0,1,0
689,358333,0,291,-291,0,0,25078,-25078,0,0,0,0,1,0
690,358854,-65,318,-252,0,-5649,27420,-21771,0,0,0,0,1,0
691,359375,-128,333,-204,0,-11081,28709,-17628,0,0,0,0,1,0
692,359895,-186,335,-148,0,-16088,28895,-12807,0,0,0,0,1,0
693,360416,-237,324,-87,0,-20476,27970,-7495,0,0,0,0,1,0
694,360937,-279,301,-22,0,-24077,25971,-1894,0,0,0,0,1,0
695,361458,-310,266,44,0,-26753,22973,3780,0,0,0,0,1,0
696,361979,-329,221,108,0,-28401,19093,9308,0,0,0,0,1,0
697,362500,-336,168,168,0,-28957,14479,14479,0,0,0,0,1,0
698,363020,-329,108,221,0,-28401,9308,19093,0,0,0,0,1,0
699,363541,-310,44,266,0,-26753,3780,22973,0,0,0,0,1,0
700,364062,-279,-22,301,0,-24077,-1894,25971,0,0,0,0,1,0
701,364583,-237,-87,324,0,-20476,-7495,27970,0,0,0,0,1,0
702,365104,-186,-148,335,0,-16088,-12807,28895,0,0,0,0,1,0
703,365625,-128,-204,333,0,-11081,-17628,28709,0,0,0,0,1,0
704,366145,-65,-252,318,0,-5649,-21771,27420,0,0,0,0,1,0
705,366666,0,-291,291,0,0,-25078,25078,0,0,0,0,1,0
706,367187,65,-318,252,0,5649,-27420,21771,0,0,0,0,1,0
707,367708,128,-333,204,0,11081,-28709,17628,0,0,0,0,1,0
708,368229,186,-335,148,0,16088,-28895,12807,0,0,0,0,1,0
709,368750,237,-324,87,0,20476,-27970,7495,0,0,0,0,1,0
710,369270,279,-301,22,0,24077,-25971,1894,0,0,0,0,1,0
711,369791,310,-266,-44,0,26753,-22973,-3780,0,0,0,0,1,0
712,370312,329,-221,-108,0,28401,-19093,-9308,0,0,0,0,1,0
713,370833,336,-168,-168,0,28957,-14479,-14479,0,0,0,0,1,0
714,371354,329,-108,-221,0,28401,-9308,-19093,0,0,0,0,1,0
715,371875,310,-44,-266,0,26753,-3780,-22973,0,0,0,0,1,0
716,372395,279,22,-301,0,24077,1894,-25971,0,0,0,0,1,0
717,372916,237,87,-324,0,20476,7495,-27970,0,0,0,0,1,0
718,373437,186,148,-335,0,16088,12807,-28895,0,0,0,0,1,0
719,373958,128,204,-333,0,11081,17628,-28709,0,0,0,0,1,0
720,374479,65,252,-318,0,5649,21771,-27420,0,0,0,0,1,0
721,375000,0,291,-291,0,0,25078,-25078,0,0,0,0,1,0
722,375520,-65,318,-252,0,-5649,27420,-21771,0,0,0,0,1,0
723,376041,-128,333,-204,0,-11081,28709,-17628,0,0,0,0,1,0
724,376562,-186,335,-148,0,-16088,28895,-12807,0,0,0,0,1,0
725,377083,-237,324,-87,0,-20476,27970,-7495,0,0,0,0,1,0
726,377604,-279,301,-22,0,-24077,25971,-1894,0,0,0,0,1,0
727,378125,-310,266,44,0,-26753,22973,3780,0,0,0,0,1,0
728,378645,-329,221,108,0,-28401,19093,9308,0,0,0,0,1,0
729,379166,-336,168,168,0,-28957,14479,14479,0,0,0,0,1,0
730,379687,-329,108,221,0,-28401,9308,19093,0,0,0,0,1,0
731,380208,-310,44,266,0,-26753,3780,22973,0,0,0,0,1,0
732,380729,-279,-22,301,0,-24077,-1894,25971,0,0,0,0,1,0
733,381250,-237,-87,324,0,-20476,-7495,27970,0,0,0,0,1,0
734,381770,-186,-148,335,0,-16088,-12807,28895,0,0,0,0,1,0
735,382291,-128,-204,333,0,-11081,-17628,28709,0,0,0,0,1,0
736,382812,-65,-252,318,0,-5649,-21771,27420,0,0,0,0,1,0
737,383333,0,-291,291,0,0,-25078,25078,0,0,0,0,1,0
738,383854,65,-318,252,0,5649,-27420,21771,0,0,0,0,1,0
739,384375,128,-333,204,0,11081,-28709,17628,0,0,0,0,1,0
740,384895,186,-335,148,0,16088,-28895,12807,0,0,0,0,1,0
741,385416,237,-324,87,0,20476,-27970,7495,0,0,0,0,1,0
742,385937,279,-301,22,0,24077,-25971,1894,0,0,0,0,1,0
