1,0,0,-498,498,0,0,-25794,25794,0,0,0,0,1,0
2,520,112,-544,432,0,5811,-28204,22393,0,0,0,0,1,0
3,1041,220,-570,350,0,11398,-29530,18132,0,0,0,0,1,0
4,1562,319,-574,254,0,16547,-29721,13173,0,0,0,0,1,0
5,2083,407,-555,149,0,21061,-28770,7709,0,0,0,0,1,0
6,2604,478,-516,38,0,24765,-26713,1948,0,0,0,0,1,0
7,3125,531,-456,-75,0,27517,-23630,-3888,0,0,0,0,1,0
8,3645,564,-379,-185,0,29212,-19638,-9574,0,0,0,0,1,0
9,4166,575,-287,-287,0,29784,-14892,-14892,0,0,0,0,1,0
10,4687,564,-185,-379,0,29212,-9574,-19638,0,0,0,0,1,0
11,5208,531,-75,-456,0,27517,-3888,-23630,0,0,0,0,1,0
12,5729,478,38,-516,0,24765,1948,-26713,0,0,0,0,1,0
13,6250,407,149,-555,0,21061,7709,-28770,0,0,0,0,1,0
14,6770,319,254,-574,0,16547,13173,-29721,0,0,0,0,1,0
15,7291,220,350,-570,0,11398,18132,-29530,0,0,0,0,1,0
16,7812,112,432,-544,0,5811,22393,-28204,0,0,0,0,1,0
17,8333,0,498,-498,0,0,25794,-25794,0,0,0,0,1,0
18,8854,-112,544,-432,0,-5811,28204,-22393,0,0,0,0,1,0
19,9375,-220,570,-350,0,-11398,29530,-18132,0,0,0,0,1,0
20,9895,-319,574,-254,0,-16547,29721,-13173,0,0,0,0,1,0
21,10416,-407,555,-149,0,-21061,28770,-7709,0,0,0,0,1,0
22,10937,-478,516,-38,0,-24765,26713,-1948,0,0,0,0,1,0
23,11458,-531,456,75,0,-27517,23630,3888,0,0,0,0,1,0
24,11979,-564,379,185,0,-29212,19638,9574,0,0,0,0,1,0
25,12500,-575,287,287,0,-29784,14892,14892,0,0,0,0,1,0
26,13020,-564,185,379,0,-29212,9574,19638,0,0,0,0,1,0
27,13541,-531,75,456,0,-27517,3888,23630,0,0,0,0,1,0
28,14062,-478,-38,516,0,-24765,-1948,26713,0,0,0,0,1,0
29,14583,-407,-149,555,0,-21061,-7709,28770,0,0,0,0,1,0
30,15104,-319,-254,574,0,-16547,-13173,29721,0,0,0,0,1,0
31,15625,-220,-350,570,0,-11398,-18132,29530,0,0,0,0,1,0
32,16145,-112,-432,544,0,-5811,-22393,28204,0,0,0,0,1,0
33,16666,0,-498,498,0,0,-25794,25794,0,0,0,0,1,0
34,17187,112,-544,432,0,5811,-28204,22393,0,0,0,0,1,0
35,17708,220,-570,350,0,11398,-29530,18132,0,0,0,0,1,0
36,18229,319,-574,254,0,16547,-29721,13173,0,0,0,0,1,0
37,18750,407,-555,149,0,21061,-28770,7709,0,0,0,0,1,0
38,19270,478,-516,38,0,24765,-26713,1948,0,0,0,0,1,0
39,19791,531,-456,-75,0,27517,-23630,-3888,0,0,0,0,1,0
40,20312,564,-379,-185,0,29212,-19638,-9574,0,0,0,0,1,0
41,20833,575,-287,-287,0,29784,-14892,-14892,0,0,0,0,1,0
42,21354,564,-185,-379,0,29212,-9574,-19638,0,0,0,0,1,0
43,21875,531,-75,-456,0,27517,-3888,-23630,0,0,0,0,1,0
44,22395,478,38,-516,0,24765,1948,-26713,0,0,0,0,1,0
45,22916,407,149,-555,0,21061,7709,-28770,0,0,0,0,1,0
46,23437,319,254,-574,0,16547,13173,-29721,0,0,0,0,1,0
47,23958,220,350,-570,0,11398,18132,-29530,0,0,0,0,1,0
48,24479,112,432,-544,0,5811,22393,-28204,0,0,0,0,1,0
49,25000,0,498,-498,0,0,25794,-25794,0,0,0,0,1,0
50,25520,-112,544,-432,0,-5811,28204,-22393,0,0,0,0,1,0
51,26041,-220,570,-350,0,-11398,29530,-18132,0,0,0,0,1,0
52,26562,-319,574,-254,0,-16547,29721,-13173,0,0,0,0,1,0
53,27083,-407,555,-149,0,-21061,28770,-7709,0,0,0,0,1,0
54,27604,-478,516,-38,0,-24765,26713,-1948,0,0,0,0,1,0
55,28125,-531,456,75,0,-27517,23630,3888,0,0,0,0,1,0
56,28645,-564,379,185,0,-29212,19638,9574,0,0,0,0,1,0
57,29166,-575,287,287,0,-29784,14892,14892,0,0,0,0,1,0
58,29687,-564,185,379,0,-29212,9574,19638,0,0,0,0,1,0
59,30208,-531,75,456,0,-27517,3888,23630,0,0,0,0,1,0
60,30729,-478,-38,516,0,-24765,-1948,26713,0,0,0,0,1,0
61,31250,-407,-149,555,0,-21061,-7709,28770,0,0,0,0,1,0
62,31770,-319,-254,574,0,-16547,-13173,29721,0,0,0,0,1,0
63,32291,-220,-350,570,0,-11398,-18132,29530,0,0,0,0,1,0
64,32812,-112,-432,544,0,-5811,-22393,28204,0,0,0,0,1,0
65,33333,0,-498,498,0,0,-25794,25794,0,0,0,0,1,0
66,33854,112,-544,432,0,5811,-28204,22393,0,0,0,0,1,0
67,34375,220,-570,350,0,11398,-29530,18132,0,0,0,0,1,0
68,34895,319,-574,254,0,16547,-29721,13173,0,0,0,0,1,0
69,35416,407,-555,149,0,21061,-28770,7709,0,0,0,0,1,0
70,35937,478,-516,38,0,24765,-26713,1948,0,0,0,0,1,0
71,36458,531,-456,-75,0,27517,-23630,-3888,0,0,0,0,1,0
72,36979,564,-379,-185,0,29212,-19638,-9574,0,0,0,0,1,0
73,37500,575,-287,-287,0,29784,-14892,-14892,0,0,0,0,1,0
74,38020,564,-185,-379,0,29212,-9574,-19638,0,0,0,0,1,0
75,38541,531,-75,-456,0,27517,-3888,-23630,0,0,0,0,1,0
76,39062,478,38,-516,0,24765,1948,-26713,0,0,0,0,1,0
77,39583,407,149,-555,0,21061,7709,-28770,0,0,0,0,1,0
78,40104,319,254,-574,0,16547,13173,-29721,0,0,0,0,1,0
79,40625,220,350,-570,0,11398,18132,-29530,0,0,0,0,1,0
80,41145,112,432,-544,0,5811,22393,-28204,0,0,0,0,1,0
81,41666,0,498,-498,0,0,25794,-25794,0,0,0,0,1,0
82,42187,-112,544,-432,0,-5811,28204,-22393,0,0,0,0,1,0
83,42708,-220,570,-350,0,-11398,29530,-18132,0,0,0,0,1,0
84,43229,-319,574,-254,0,-16547,29721,-13173,0,0,0,0,1,0
85,43750,-407,555,-149,0,-21061,28770,-7709,0,0,0,0,1,0
86,44270,-478,516,-38,0,-24765,26713,-1948,0,0,0,0,1,0
87,44791,-531,456,75,0,-27517,23630,3888,0,0,0,0,1,0
88,45312,-564,379,185,0,-29212,19638,9574,0,0,0,0,1,0
89,45833,-575,287,287,0,-29784,14892,14892,0,0,0,0,1,0
90,46354,-564,185,379,0,-29212,9574,19638,0,0,0,0,1,0
91,46875,-531,75,456,0,-27517,3888,23630,0,0,0,0,1,0
92,47395,-478,-38,516,0,-24765,-1948,26713,0,0,0,0,1,0
93,47916,-407,-149,555,0,-21061,-7709,28770,0,0,0,0,1,0
94,48437,-319,-254,574,0,-16547,-13173,29721,0,0,0,0,1,0
95,48958,-220,-350,570,0,-11398,-18132,29530,0,0,0,0,1,0
96,49479,-112,-432,544,0,-5811,-22393,28204,0,0,0,0,1,0
97,50000,22265,-498,-22265,-498,-12897,-27084,-12897,0,0,0,0,1,0
98,50520,25254,-544,-25254,-544,-11197,-29614,-11197,0,0,0,0,1,0
99,51041,27735,-570,-27735,-570,-9066,-31006,-9066,0,0,0,0,1,0
100,51562,29604,-574,-29604,-574,-6587,-31207,-6587,0,0,0,0,1,0
101,52083,30779,-555,-30779,-555,-3854,-30208,-3854,0,0,0,0,1,0
102,52604,31207,-516,-31207,-516,-974,-28048,-974,0,0,0,0,1,0
103,53125,30863,-456,-30863,-456,1944,-24811,1944,0,0,0,0,1,0
104,53645,29752,-379,-29752,-379,4787,-20620,4787,0,0,0,0,1,0
105,54166,27908,-287,-27908,-287,7446,-15637,7446,0,0,0,0,1,0
106,54687,25395,-185,-25395,-185,9819,-10053,9819,0,0,0,0,1,0
107,55208,22301,-75,-22301,-75,11815,-4082,11815,0,0,0,0,1,0
108,55729,18738,38,-18738,38,13356,2045,13356,0,0,0,0,1,0
109,56250,14834,149,-14834,149,14385,8094,14385,0,0,0,0,1,0
110,56770,10732,254,-10732,254,14860,13832,14860,0,0,0,0,1,0
111,57291,6584,350,-6584,350,14765,19038,14765,0,0,0,0,1,0
112,57812,2540,432,-2540,432,14102,23513,14102,0,0,0,0,1,0
113,58333,-1250,498,1250,498,12897,27084,12897,0,0,0,0,1,0
114,58854,-4648,544,4648,544,11197,29614,11197,0,0,0,0,1,0
115,59375,-7529,570,7529,570,9066,31006,9066,0,0,0,0,1,0
116,59895,-9791,574,9791,574,6587,31207,6587,0,0,0,0,1,0
117,60416,-11351,555,11351,555,3854,30208,3854,0,0,0,0,1,0
118,60937,-12157,516,12157,516,974,28048,974,0,0,0,0,1,0
119,61458,-12183,456,12183,456,-1944,24811,-1944,0,0,0,0,1,0
120,61979,-11435,379,11435,379,-4787,20620,-4787,0,0,0,0,1,0
121,62500,-9948,287,9948,287,-7446,15637,-7446,0,0,0,0,1,0
122,63020,-7784,185,7784,185,-9819,10053,-9819,0,0,0,0,1,0
123,63541,-5033,75,5033,75,-11815,4082,-11815,0,0,0,0,1,0
124,64062,-1805,-38,1805,-38,-13356,-2045,-13356,0,0,0,0,1,0
125,64583,1770,-149,-1770,-149,-14385,-8094,-14385,0,0,0,0,1,0
126,65104,5548,-254,-5548,-254,-14860,-13832,-14860,0,0,0,0,1,0
127,65625,9380,-350,-9380,-350,-14765,-19038,-14765,0,0,0,0,1,0
128,66145,13114,-432,-13114,-432,-14102,-23513,-14102,0,0,0,0,1,0
129,66666,16600,-498,-16600,-498,-12897,-27084,-12897,0,0,0,0,1,0
130,67187,19699,-544,-19699,-544,-11197,-29614,-11197,0,0,0,0,1,0
131,67708,22288,-570,-22288,-570,-9066,-31006,-9066,0,0,0,0,1,0
132,68229,24262,-574,-24262,-574,-6587,-31207,-6587,0,0,0,0,1,0
133,68750,25541,-555,-25541,-555,-3854,-30208,-3854,0,0,0,0,1,0
134,69270,26071,-516,-26071,-516,-974,-28048,-974,0,0,0,0,1,0
135,69791,25827,-456,-25827,-456,1944,-24811,1944,0,0,0,0,1,0
136,70312,24814,-379,-24814,-379,4787,-20620,4787,0,0,0,0,1,0
137,70833,23066,-287,-23066,-287,7446,-15637,7446,0,0,0,0,1,0
138,71354,20648,-185,-20648,-185,9819,-10053,9819,0,0,0,0,1,0
139,71875,17646,-75,-17646,-75,11815,-4082,11815,0,0,0,0,1,0
140,72395,14173,38,-14173,38,13356,2045,13356,0,0,0,0,1,0
141,72916,10358,149,-10358,149,14385,8094,14385,0,0,0,0,1,0
142,73437,6343,254,-6343,254,14860,13832,14860,0,0,0,0,1,0
143,73958,2280,350,-2280,350,14765,19038,14765,0,0,0,0,1,0
144,74479,-1680,432,1680,432,14102,23513,14102,0,0,0,0,1,0
145,75000,-5388,498,5388,498,12897,27084,12897,0,0,0,0,1,0
146,75520,-8706,544,8706,544,11197,29614,11197,0,0,0,0,1,0
147,76041,-11508,570,11508,570,9066,31006,9066,0,0,0,0,1,0
148,76562,-13692,574,13692,574,6587,31207,6587,0,0,0,0,1,0
149,77083,-15176,555,15176,555,3854,30208,3854,0,0,0,0,1,0
150,77604,-15908,516,15908,516,974,28048,974,0,0,0,0,1,0
151,78125,-15861,456,15861,456,-1944,24811,-1944,0,0,0,0,1,0
152,78645,-15042,379,15042,379,-4787,20620,-4787,0,0,0,0,1,0
153,79166,-13485,287,13485,287,-7446,15637,-7446,0,0,0,0,1,0
154,79687,-11252,185,11252,185,-9819,10053,-9819,0,0,0,0,1,0
155,80208,-8433,75,8433,75,-11815,4082,-11815,0,0,0,0,1,0
156,80729,-5139,-38,5139,-38,-13356,-2045,-13356,0,0,0,0,1,0
157,81250,-1500,-149,1500,-149,-14385,-8094,-14385,0,0,0,0,1,0
158,81770,2342,-254,-2342,-254,-14860,-13832,-14860,0,0,0,0,1,0
159,82291,6237,-350,-6237,-350,-14765,-19038,-14765,0,0,0,0,1,0
160,82812,10031,-432,-10031,-432,-14102,-23513,-14102,0,0,0,0,1,0
161,83333,13577,-498,-13577,-498,-12897,-27084,-12897,0,0,0,0,1,0
162,83854,56,-272,216,0,5811,-28204,22393,0,0,0,0,1,0
163,84375,110,-285,175,0,11398,-29530,18132,0,0,0,0,1,0
164,84895,160,-287,127,0,16547,-29721,13173,0,0,0,0,1,0
165,85416,203,-278,74,0,21061,-28770,7709,0,0,0,0,1,0
166,85937,239,-258,19,0,24765,-26713,1948,0,0,0,0,1,0
167,86458,266,-228,-38,0,27517,-23630,-3888,0,0,0,0,1,0
168,86979,282,-190,-92,0,29212,-19638,-9574,0,0,0,0,1,0
169,87500,287,-144,-144,0,29784,-14892,-14892,0,0,0,0,1,0
170,88020,282,-92,-190,0,29212,-9574,-19638,0,0,0,0,1,0
171,88541,266,-38,-228,0,27517,-3888,-23630,0,0,0,0,1,0
172,89062,239,19,-258,0,24765,1948,-26713,0,0,0,0,1,0
173,89583,203,74,-278,0,21061,7709,-28770,0,0,0,0,1,0
174,90104,160,127,-287,0,16547,13173,-29721,0,0,0,0,1,0
175,90625,110,175,-285,0,11398,18132,-29530,0,0,0,0,1,0
176,91145,56,216,-272,0,5811,22393,-28204,0,0,0,0,1,0
177,91666,0,249,-249,0,0,25794,-25794,0,0,0,0,1,0
178,92187,-56,272,-216,0,-5811,28204,-22393,0,0,0,0,1,0
179,92708,-110,285,-175,0,-11398,29530,-18132,0,0,0,0,1,0
180,93229,-160,287,-127,0,-16547,29721,-13173,0,0,0,0,1,0
181,93750,-203,278,-74,0,-21061,28770,-7709,0,0,0,0,1,0
182,94270,-239,258,-19,0,-24765,26713,-1948,0,0,0,0,1,0
183,94791,-266,228,38,0,-27517,23630,3888,0,0,0,0,1,0
184,95312,-282,190,92,0,-29212,19638,9574,0,0,0,0,1,0
185,95833,-287,144,144,0,-29784,14892,14892,0,0,0,0,1,0
186,96354,-282,92,190,0,-29212,9574,19638,0,0,0,0,1,0
187,96875,-266,38,228,0,-27517,3888,23630,0,0,0,0,1,0
188,97395,-239,-19,258,0,-24765,-1948,26713,0,0,0,0,1,0
189,97916,-203,-74,278,0,-21061,-7709,28770,0,0,0,0,1,0
190,98437,-160,-127,287,0,-16547,-13173,29721,0,0,0,0,1,0
191,98958,-110,-175,285,0,-11398,-18132,29530,0,0,0,0,1,0
192,99479,-56,-216,272,0,-5811,-22393,28204,0,0,0,0,1,0
193,100000,0,-249,249,0,0,-25794,25794,0,0,0,0,1,0
194,100520,56,-272,216,0,5811,-28204,22393,0,0,0,0,1,0
195,101041,110,-285,175,0,11398,-29530,18132,0,0,0,0,1,0
196,101562,160,-287,127,0,16547,-29721,13173,0,0,0,0,1,0
197,102083,203,-278,74,0,21061,-28770,7709,0,0,0,0,1,0
198,102604,239,-258,19,0,24765,-26713,1948,0,0,0,0,1,0
199,103125,266,-228,-38,0,27517,-23630,-3888,0,0,0,0,1,0
200,103645,282,-190,-92,0,29212,-19638,-9574,0,0,0,0,1,0
201,104166,287,-144,-144,0,29784,-14892,-14892,0,0,0,0,1,0
202,104687,282,-92,-190,0,29212,-9574,-19638,0,0,0,0,1,0
203,105208,266,-38,-228,0,27517,-3888,-23630,0,0,0,0,1,0
204,105729,239,19,-258,0,24765,1948,-26713,0,0,0,0,1,0
205,106250,203,74,-278,0,21061,7709,-28770,0,0,0,0,1,0
206,106770,160,127,-287,0,16547,13173,-29721,0,0,0,0,1,0
207,107291,110,175,-285,0,11398,18132,-29530,0,0,0,0,1,0
208,107812,56,216,-272,0,5811,22393,-28204,0,0,0,0,1,0
209,108333,0,249,-249,0,0,25794,-25794,0,0,0,0,1,0
210,108854,-56,272,-216,0,-5811,28204,-22393,0,0,0,0,1,0
211,109375,-110,285,-175,0,-11398,29530,-18132,0,0,0,0,1,0
212,109895,-160,287,-127,0,-16547,29721,-13173,0,0,0,0,1,0
213,110416,-203,278,-74,0,-21061,28770,-7709,0,0,0,0,1,0
214,110937,-239,258,-19,0,-24765,26713,-1948,0,0,0,0,1,0
215,111458,-266,228,38,0,-27517,23630,3888,0,0,0,0,1,0
216,111979,-282,190,92,0,-29212,19638,9574,0,0,0,0,1,0
217,112500,-287,144,144,0,-29784,14892,14892,0,0,0,0,1,0
218,113020,-282,92,190,0,-29212,9574,19638,0,0,0,0,1,0
219,113541,-266,38,228,0,-27517,3888,23630,0,0,0,0,1,0
220,114062,-239,-19,258,0,-24765,-1948,26713,0,0,0,0,1,0
221,114583,-203,-74,278,0,-21061,-7709,28770,0,0,0,0,1,0
222,115104,-160,-127,287,0,-16547,-13173,29721,0,0,0,0,1,0
223,115625,-110,-175,285,0,-11398,-18132,29530,0,0,0,0,1,0
224,116145,-56,-216,272,0,-5811,-22393,28204,0,0,0,0,1,0
225,116666,0,-249,249,0,0,-25794,25794,0,0,0,0,1,0
226,117187,56,-272,216,0,5811,-28204,22393,0,0,0,0,1,0
227,117708,110,-285,175,0,11398,-29530,18132,0,0,0,0,1,0
228,118229,160,-287,127,0,16547,-29721,13173,0,0,0,0,1,0
229,118750,203,-278,74,0,21061,-28770,7709,0,0,0,0,1,0
230,119270,239,-258,19,0,24765,-26713,1948,0,0,0,0,1,0
231,119791,266,-228,-38,0,27517,-23630,-3888,0,0,0,0,1,0
232,120312,282,-190,-92,0,29212,-19638,-9574,0,0,0,0,1,0
233,120833,287,-144,-144,0,29784,-14892,-14892,0,0,0,0,1,0
234,121354,282,-92,-190,0,29212,-9574,-19638,0,0,0,0,1,0
235,121875,266,-38,-228,0,27517,-3888,-23630,0,0,0,0,1,0
236,122395,239,19,-258,0,24765,1948,-26713,0,0,0,0,1,0
237,122916,203,74,-278,0,21061,7709,-28770,0,0,0,0,1,0
238,123437,160,127,-287,0,16547,13173,-29721,0,0,0,0,1,0
239,123958,110,175,-285,0,11398,18132,-29530,0,0,0,0,1,0
240,124479,56,216,-272,0,5811,22393,-28204,0,0,0,0,1,0
241,125000,0,249,-249,0,0,25794,-25794,0,0,0,0,1,0
242,125520,-56,272,-216,0,-5811,28204,-22393,0,0,0,0,1,0
243,126041,-110,285,-175,0,-11398,29530,-18132,0,0,0,0,1,0
244,126562,-160,287,-127,0,-16547,29721,-13173,0,0,0,0,1,0
245,127083,-203,278,-74,0,-21061,28770,-7709,0,0,0,0,1,0
246,127604,-239,258,-19,0,-24765,26713,-1948,0,0,0,0,1,0
247,128124,-266,228,38,0,-27517,23630,3888,0,0,0,0,1,0
248,128645,-282,190,92,0,-29212,19638,9574,0,0,0,0,1,0
249,129166,-287,144,144,0,-29784,14892,14892,0,0,0,0,1,0
250,129687,-282,92,190,0,-29212,9574,19638,0,0,0,0,1,0
251,130208,-266,38,228,0,-27517,3888,23630,0,0,0,0,1,0
252,130729,-239,-19,258,0,-24765,-1948,26713,0,0,0,0,1,0
253,131250,-203,-74,278,0,-21061,-7709,28770,0,0,0,0,1,0
254,131770,-160,-127,287,0,-16547,-13173,29721,0,0,0,0,1,0
255,132291,-110,-175,285,0,-11398,-18132,29530,0,0,0,0,1,0
256,132812,-56,-216,272,0,-5811,-22393,28204,0,0,0,0,1,0
257,133333,0,-249,249,0,0,-25794,25794,0,0,0,0,1,0
258,133854,56,-272,216,0,5811,-28204,22393,0,0,0,0,1,0
259,134375,110,-285,175,0,11398,-29530,18132,0,0,0,0,1,0
260,134895,160,-287,127,0,16547,-29721,13173,0,0,0,0,1,0
261,135416,203,-278,74,0,21061,-28770,7709,0,0,0,0,1,0
262,135937,239,-258,19,0,24765,-26713,1948,0,0,0,0,1,0
263,136458,266,-228,-38,0,27517,-23630,-3888,0,0,0,0,1,0
264,136979,282,-190,-92,0,29212,-19638,-9574,0,0,0,0,1,0
265,137500,287,-144,-144,0,29784,-14892,-14892,0,0,0,0,1,0
266,138020,282,-92,-190,0,29212,-9574,-19638,0,0,0,0,1,0
267,138541,266,-38,-228,0,27517,-3888,-23630,0,0,0,0,1,0
268,139062,239,19,-258,0,24765,1948,-26713,0,0,0,0,1,0
269,139583,203,74,-278,0,21061,7709,-28770,0,0,0,0,1,0
270,140104,160,127,-287,0,16547,13173,-29721,0,0,0,0,1,0
271,140625,110,175,-285,0,11398,18132,-29530,0,0,0,0,1,0
272,141145,56,216,-272,0,5811,22393,-28204,0,0,0,0,1,0
273,141666,0,249,-249,0,0,25794,-25794,0,0,0,0,1,0
274,142187,-56,272,-216,0,-5811,28204,-22393,0,0,0,0,1,0
275,142708,-110,285,-175,0,-11398,29530,-18132,0,0,0,0,1,0
276,143229,-160,287,-127,0,-16547,29721,-13173,0,0,0,0,1,0
277,143750,-203,278,-74,0,-21061,28770,-7709,0,0,0,0,1,0
278,144270,-239,258,-19,0,-24765,26713,-1948,0,0,0,0,1,0
279,144791,-266,228,38,0,-27517,23630,3888,0,0,0,0,1,0
280,145312,-282,190,92,0,-29212,19638,9574,0,0,0,0,1,0
281,145833,-287,144,144,0,-29784,14892,14892,0,0,0,0,1,0
282,146354,-282,92,190,0,-29212,9574,19638,0,0,0,0,1,0
283,146875,-266,38,228,0,-27517,3888,23630,0,0,0,0,1,0
284,147395,-239,-19,258,0,-24765,-1948,26713,0,0,0,0,1,0
285,147916,-203,-74,278,0,-21061,-7709,28770,0,0,0,0,1,0
286,148437,-160,-127,287,0,-16547,-13173,29721,0,0,0,0,1,0
287,148958,-110,-175,285,0,-11398,-18132,29530,0,0,0,0,1,0
288,149479,-56,-216,272,0,-5811,-22393,28204,0,0,0,0,1,0
289,150000,0,-249,249,0,0,-25794,25794,0,0,0,0,1,0
290,150520,56,-272,216,0,5811,-28204,22393,0,0,0,0,1,0
291,151041,110,-285,175,0,11398,-29530,18132,0,0,0,0,1,0
292,151562,160,-287,127,0,16547,-29721,13173,0,0,0,0,1,0
293,152083,203,-278,74,0,21061,-28770,7709,0,0,0,0,1,0
294,152604,239,-258,19,0,24765,-26713,1948,0,0,0,0,1,0
295,153125,266,-228,-38,0,27517,-23630,-3888,0,0,0,0,1,0
296,153645,282,-190,-92,0,29212,-19638,-9574,0,0,0,0,1,0
297,154166,287,-144,-144,0,29784,-14892,-14892,0,0,0,0,1,0
298,154687,282,-92,-190,0,29212,-9574,-19638,0,0,0,0,1,0
299,155208,266,-38,-228,0,27517,-3888,-23630,0,0,0,0,1,0
300,155729,239,19,-258,0,24765,1948,-26713,0,0,0,0,1,0
301,156250,203,74,-278,0,21061,7709,-28770,0,0,0,0,1,0
302,156770,160,127,-287,0,16547,13173,-29721,0,0,0,0,1,0
303,157291,110,175,-285,0,11398,18132,-29530,0,0,0,0,1,0
304,157812,56,216,-272,0,5811,22393,-28204,0,0,0,0,1,0
305,158333,0,249,-249,0,0,25794,-25794,0,0,0,0,1,0
306,158854,-56,272,-216,0,-5811,28204,-22393,0,0,0,0,1,0
307,159375,-110,285,-175,0,-11398,29530,-18132,0,0,0,0,1,0
308,159895,-160,287,-127,0,-16547,29721,-13173,0,0,0,0,1,0
309,160416,-203,278,-74,0,-21061,28770,-7709,0,0,0,0,1,0
310,160937,-239,258,-19,0,-24765,26713,-1948,0,0,0,0,1,0
311,161458,-266,228,38,0,-27517,23630,3888,0,0,0,0,1,0
312,161979,-282,190,92,0,-29212,19638,9574,0,0,0,0,1,0
313,162500,-287,144,144,0,-29784,14892,14892,0,0,0,0,1,0
314,163020,-282,92,190,0,-29212,9574,19638,0,0,0,0,1,0
315,163541,-266,38,228,0,-27517,3888,23630,0,0,0,0,1,0
316,164062,-239,-19,258,0,-24765,-1948,26713,0,0,0,0,1,0
317,164583,-203,-74,278,0,-21061,-7709,28770,0,0,0,0,1,0
318,165104,-160,-127,287,0,-16547,-13173,29721,0,0,0,0,1,0
319,165625,-110,-175,285,0,-11398,-18132,29530,0,0,0,0,1,0
320,166145,-56,-216,272,0,-5811,-22393,28204,0,0,0,0,1,0
321,166666,0,-249,249,0,0,-25794,25794,0,0,0,0,1,0
322,167187,56,-272,216,0,5811,-28204,22393,0,0,0,0,1,0
323,167708,110,-285,175,0,11398,-29530,18132,0,0,0,0,1,0
324,168229,160,-287,127,0,16547,-29721,13173,0,0,0,0,1,0
325,168750,203,-278,74,0,21061,-28770,7709,0,0,0,0,1,0
326,169270,239,-258,19,0,24765,-26713,1948,0,0,0,0,1,0
327,169791,266,-228,-38,0,27517,-23630,-3888,0,0,0,0,1,0
328,170312,282,-190,-92,0,29212,-19638,-9574,0,0,0,0,1,0
329,170833,287,-144,-144,0,29784,-14892,-14892,0,0,0,0,1,0
330,171354,282,-92,-190,0,29212,-9574,-19638,0,0,0,0,1,0
331,171875,266,-38,-228,0,27517,-3888,-23630,0,0,0,0,1,0
332,172395,239,19,-258,0,24765,1948,-26713,0,0,0,0,1,0
333,172916,203,74,-278,0,21061,7709,-28770,0,0,0,0,1,0
334,173437,160,127,-287,0,16547,13173,-29721,0,0,0,0,1,0
335,173958,110,175,-285,0,11398,18132,-29530,0,0,0,0,1,0
336,174479,56,216,-272,0,5811,22393,-28204,0,0,0,0,1,0
337,175000,0,249,-249,0,0,25794,-25794,0,0,0,0,1,0
338,175520,-56,272,-216,0,-5811,28204,-22393,0,0,0,0,1,0
339,176041,-110,285,-175,0,-11398,29530,-18132,0,0,0,0,1,0
340,176562,-160,287,-127,0,-16547,29721,-13173,0,0,0,0,1,0
341,177083,-203,278,-74,0,-21061,28770,-7709,0,0,0,0,1,0
342,177604,-239,258,-19,0,-24765,26713,-1948,0,0,0,0,1,0
343,178125,-266,228,38,0,-27517,23630,3888,0,0,0,0,1,0
344,178645,-282,190,92,0,-29212,19638,9574,0,0,0,0,1,0
345,179166,-287,144,144,0,-29784,14892,14892,0,0,0,0,1,0
346,179687,-282,92,190,0,-29212,9574,19638,0,0,0,0,1,0
347,180208,-266,38,228,0,-27517,3888,23630,0,0,0,0,1,0
348,180729,-239,-19,258,0,-24765,-1948,26713,0,0,0,0,1,0
349,181250,-203,-74,278,0,-21061,-7709,28770,0,0,0,0,1,0
350,181770,-160,-127,287,0,-16547,-13173,29721,0,0,0,0,1,0
351,182291,-110,-175,285,0,-11398,-18132,29530,0,0,0,0,1,0
352,182812,-56,-216,272,0,-5811,-22393,28204,0,0,0,0,1,0
353,183333,0,-249,249,0,0,-25794,25794,0,0,0,0,1,0
354,183854,56,-272,216,0,5811,-28204,22393,0,0,0,0,1,0
355,184375,110,-285,175,0,11398,-29530,18132,0,0,0,0,1,0
356,184895,160,-287,127,0,16547,-29721,13173,0,0,0,0,1,0
357,185416,203,-278,74,0,21061,-28770,7709,0,0,0,0,1,0
358,185937,239,-258,19,0,24765,-26713,1948,0,0,0,0,1,0
359,186458,266,-228,-38,0,27517,-23630,-3888,0,0,0,0,1,0
360,186979,282,-190,-92,0,29212,-19638,-9574,0,0,0,0,1,0
361,187500,287,-144,-144,0,29784,-14892,-14892,0,0,0,0,1,0
362,188020,282,-92,-190,0,29212,-9574,-19638,0,0,0,0,1,0
363,188541,266,-38,-228,0,27517,-3888,-23630,0,0,0,0,1,0
364,189062,239,19,-258,0,24765,1948,-26713,0,0,0,0,1,0
365,189583,203,74,-278,0,21061,7709,-28770,0,0,0,0,1,0
366,190104,160,127,-287,0,16547,13173,-29721,0,0,0,0,1,0
367,190625,110,175,-285,0,11398,18132,-29530,0,0,0,0,1,0
368,191145,56,216,-272,0,5811,22393,-28204,0,0,0,0,1,0
369,191666,0,249,-249,0,0,25794,-25794,0,0,0,0,1,0
370,192187,-56,272,-216,0,-5811,28204,-22393,0,0,0,0,1,0
371,192708,-110,285,-175,0,-11398,29530,-18132,0,0,0,0,1,0
372,193229,-160,287,-127,0,-16547,29721,-13173,0,0,0,0,1,0
373,193750,-203,278,-74,0,-21061,28770,-7709,0,0,0,0,1,0
374,194270,-239,258,-19,0,-24765,26713,-1948,0,0,0,0,1,0
375,194791,-266,228,38,0,-27517,23630,3888,0,0,0,0,1,0
376,195312,-282,190,92,0,-29212,19638,9574,0,0,0,0,1,0
377,195833,-287,144,144,0,-29784,14892,14892,0,0,0,0,1,0
378,196354,-282,92,190,0,-29212,9574,19638,0,0,0,0,1,0
379,196875,-266,38,228,0,-27517,3888,23630,0,0,0,0,1,0
380,197395,-239,-19,258,0,-24765,-1948,26713,0,0,0,0,1,0
381,197916,-203,-74,278,0,-21061,-7709,28770,0,0,0,0,1,0
382,198437,-160,-127,287,0,-16547,-13173,29721,0,0,0,0,1,0
383,198958,-110,-175,285,0,-11398,-18132,29530,0,0,0,0,1,0
384,199479,-56,-216,272,0,-5811,-22393,28204,0,0,0,0,1,0
385,200000,0,-249,249,0,0,-25794,25794,0,0,0,0,1,0
386,200520,56,-272,216,0,5811,-28204,22393,0,0,0,0,1,0
387,201041,110,-285,175,0,11398,-29530,18132,0,0,0,0,1,0
388,201562,160,-287,127,0,16547,-29721,13173,0,0,0,0,1,0
389,202083,203,-278,74,0,21061,-28770,7709,0,0,0,0,1,0
390,202604,239,-258,19,0,24765,-26713,1948,0,0,0,0,1,0
391,203125,266,-228,-38,0,27517,-23630,-3888,0,0,0,0,1,0
392,203645,282,-190,-92,0,29212,-19638,-9574,0,0,0,0,1,0
393,204166,287,-144,-144,0,29784,-14892,-14892,0,0,0,0,1,0
394,204687,282,-92,-190,0,29212,-9574,-19638,0,0,0,0,1,0
395,205208,266,-38,-228,0,27517,-3888,-23630,0,0,0,0,1,0
396,205729,239,19,-258,0,24765,1948,-26713,0,0,0,0,1,0
397,206250,203,74,-278,0,21061,7709,-28770,0,0,0,0,1,0
398,206770,160,127,-287,0,16547,13173,-29721,0,0,0,0,1,0
399,207291,110,175,-285,0,11398,18132,-29530,0,0,0,0,1,0
400,207812,56,216,-272,0,5811,22393,-28204,0,0,0,0,1,0
401,208333,0,249,-249,0,0,25794,-25794,0,0,0,0,1,0
402,208854,-56,272,-216,0,-5811,28204,-22393,0,0,0,0,1,0
403,209375,-110,285,-175,0,-11398,29530,-18132,0,0,0,0,1,0
404,209895,-160,287,-127,0,-16547,29721,-13173,0,0,0,0,1,0
405,210416,-203,278,-74,0,-21061,28770,-7709,0,0,0,0,1,0
406,210937,-239,258,-19,0,-24765,26713,-1948,0,0,0,0,1,0
407,211458,-266,228,38,0,-27517,23630,3888,0,0,0,0,1,0
408,211979,-282,190,92,0,-29212,19638,9574,0,0,0,0,1,0
409,212500,-287,144,144,0,-29784,14892,14892,0,0,0,0,1,0
410,213020,-282,92,190,0,-29212,9574,19638,0,0,0,0,1,0
411,213541,-266,38,228,0,-27517,3888,23630,0,0,0,0,1,0
412,214062,-239,-19,258,0,-24765,-1948,26713,0,0,0,0,1,0
413,214583,-203,-74,278,0,-21061,-7709,28770,0,0,0,0,1,0
414,215104,-160,-127,287,0,-16547,-13173,29721,0,0,0,0,1,0
415,215625,-110,-175,285,0,-11398,-18132,29530,0,0,0,0,1,0
416,216145,-56,-216,272,0,-5811,-22393,28204,0,0,0,0,1,0
417,216666,0,-249,249,0,0,-25794,25794,0,0,0,0,1,0
418,217187,56,-272,216,0,5811,-28204,22393,0,0,0,0,1,0
419,217708,110,-285,175,0,11398,-29530,18132,0,0,0,0,1,0
420,218229,160,-287,127,0,16547,-29721,13173,0,0,0,0,1,0
421,218750,203,-278,74,0,21061,-28770,7709,0,0,0,0,1,0
422,219270,239,-258,19,0,24765,-26713,1948,0,0,0,0,1,0
423,219791,266,-228,-38,0,27517,-23630,-3888,0,0,0,0,1,0
424,220312,282,-190,-92,0,29212,-19638,-9574,0,0,0,0,1,0
425,220833,287,-144,-144,0,29784,-14892,-14892,0,0,0,0,1,0
426,221354,282,-92,-190,0,29212,-9574,-19638,0,0,0,0,1,0
427,221875,266,-38,-228,0,27517,-3888,-23630,0,0,0,0,1,0
428,222395,239,19,-258,0,24765,1948,-26713,0,0,0,0,1,0
429,222916,203,74,-278,0,21061,7709,-28770,0,0,0,0,1,0
430,223437,160,127,-287,0,16547,13173,-29721,0,0,0,0,1,0
431,223958,110,175,-285,0,11398,18132,-29530,0,0,0,0,1,0
432,224479,56,216,-272,0,5811,22393,-28204,0,0,0,0,1,0
433,225000,0,249,-249,0,0,25794,-25794,0,0,0,0,1,0
434,225520,-56,272,-216,0,-5811,28204,-22393,0,0,0,0,1,0
435,226041,-110,285,-175,0,-11398,29530,-18132,0,0,0,0,1,0
436,226562,-160,287,-127,0,-16547,29721,-13173,0,0,0,0,1,0
437,227083,-203,278,-74,0,-21061,28770,-7709,0,0,0,0,1,0
438,227604,-239,258,-19,0,-24765,26713,-1948,0,0,0,0,1,0
439,228125,-266,228,38,0,-27517,23630,3888,0,0,0,0,1,0
440,228645,-282,190,92,0,-29212,19638,9574,0,0,0,0,1,0
441,229166,-287,144,144,0,-29784,14892,14892,0,0,0,0,1,0
442,229687,-282,92,190,0,-29212,9574,19638,0,0,0,0,1,0
443,230208,-266,38,228,0,-27517,3888,23630,0,0,0,0,1,0
444,230729,-239,-19,258,0,-24765,-1948,26713,0,0,0,0,1,0
445,231250,-203,-74,278,0,-21061,-7709,28770,0,0,0,0,1,0
446,231770,-160,-127,287,0,-16547,-13173,29721,0,0,0,0,1,0
447,232291,-110,-175,285,0,-11398,-18132,29530,0,0,0,0,1,0
448,232812,-56,-216,272,0,-5811,-22393,28204,0,0,0,0,1,0
449,233333,0,-249,249,0,0,-25794,25794,0,0,0,0,1,0
450,233854,56,-272,216,0,5811,-28204,22393,0,0,0,0,1,0
451,234375,110,-285,175,0,11398,-29530,18132,0,0,0,0,1,0
452,234895,160,-287,127,0,16547,-29721,13173,0,0,0,0,1,0
453,235416,203,-278,74,0,21061,-28770,7709,0,0,0,0,1,0
454,235937,239,-258,19,0,24765,-26713,1948,0,0,0,0,1,0
455,236458,266,-228,-38,0,27517,-23630,-3888,0,0,0,0,1,0
456,236979,282,-190,-92,0,29212,-19638,-9574,0,0,0,0,1,0
457,237500,287,-144,-144,0,29784,-14892,-14892,0,0,0,0,1,0
458,238020,282,-92,-190,0,29212,-9574,-19638,0,0,0,0,1,0
459,238541,266,-38,-228,0,27517,-3888,-23630,0,0,0,0,1,0
460,239062,239,19,-258,0,24765,1948,-26713,0,0,0,0,1,0
461,239583,203,74,-278,0,21061,7709,-28770,0,0,0,0,1,0
462,240104,160,127,-287,0,16547,13173,-29721,0,0,0,0,1,0
463,240625,110,175,-285,0,11398,18132,-29530,0,0,0,0,1,0
464,241145,56,216,-272,0,5811,22393,-28204,0,0,0,0,1,0
465,241666,0,249,-249,0,0,25794,-25794,0,0,0,0,1,0
466,242187,-56,272,-216,0,-5811,28204,-22393,0,0,0,0,1,0
467,242708,-110,285,-175,0,-11398,29530,-18132,0,0,0,0,1,0
468,243229,-160,287,-127,0,-16547,29721,-13173,0,0,0,0,1,0
469,243750,-203,278,-74,0,-21061,28770,-7709,0,0,0,0,1,0
470,244270,-239,258,-19,0,-24765,26713,-1948,0,0,0,0,1,0
471,244791,-266,228,38,0,-27517,23630,3888,0,0,0,0,1,0
472,245312,-282,190,92,0,-29212,19638,9574,0,0,0,0,1,0
473,245833,-287,144,144,0,-29784,14892,14892,0,0,0,0,1,0
474,246354,-282,92,190,0,-29212,9574,19638,0,0,0,0,1,0
475,246875,-266,38,228,0,-27517,3888,23630,0,0,0,0,1,0
476,247395,-239,-19,258,0,-24765,-1948,26713,0,0,0,0,1,0
477,247916,-203,-74,278,0,-21061,-7709,28770,0,0,0,0,1,0
478,248437,-160,-127,287,0,-16547,-13173,29721,0,0,0,0,1,0
479,248958,-110,-175,285,0,-11398,-18132,29530,0,0,0,0,1,0
480,249479,-56,-216,272,0,-5811,-22393,28204,0,0,0,0,1,0
481,250000,0,-249,249,0,0,-25794,25794,0,0,0,0,1,0
482,250520,56,-272,216,0,5811,-28204,22393,0,0,0,0,1,0
483,251041,110,-285,175,0,11398,-29530,18132,0,0,0,0,1,0
484,251562,160,-287,127,0,16547,-29721,13173,0,0,0,0,1,0
485,252083,203,-278,74,0,21061,-28770,7709,0,0,0,0,1,0
486,252604,239,-258,19,0,24765,-26713,1948,0,0,0,0,1,0
487,253125,266,-228,-38,0,27517,-23630,-3888,0,0,0,0,1,0
488,253645,282,-190,-92,0,29212,-19638,-9574,0,0,0,0,1,0
489,254166,287,-144,-144,0,29784,-14892,-14892,0,0,0,0,1,0
490,254687,282,-92,-190,0,29212,-9574,-19638,0,0,0,0,1,0
491,255208,266,-38,-228,0,27517,-3888,-23630,0,0,0,0,1,0
492,255729,239,19,-258,0,24765,1948,-26713,0,0,0,0,1,0
493,256249,203,74,-278,0,21061,7709,-28770,0,0,0,0,1,0
494,256770,160,127,-287,0,16547,13173,-29721,0,0,0,0,1,0
495,257291,110,175,-285,0,11398,18132,-29530,0,0,0,0,1,0
496,257812,56,216,-272,0,5811,22393,-28204,0,0,0,0,1,0
497,258333,0,249,-249,0,0,25794,-25794,0,0,0,0,1,0
498,258854,-56,272,-216,0,-5811,28204,-22393,0,0,0,0,1,0
499,259375,-110,285,-175,0,-11398,29530,-18132,0,0,0,0,1,0
500,259895,-160,287,-127,0,-16547,29721,-13173,0,0,0,0,1,0
501,260416,-203,278,-74,0,-21061,28770,-7709,0,0,0,0,1,0
502,260937,-239,258,-19,0,-24765,26713,-1948,0,0,0,0,1,0
503,261458,-266,228,38,0,-27517,23630,3888,0,0,0,0,1,0
504,261979,-282,190,92,0,-29212,19638,9574,0,0,0,0,1,0
505,262500,-287,144,144,0,-29784,14892,14892,0,0,0,0,1,0
506,263020,-282,92,190,0,-29212,9574,19638,0,0,0,0,1,0
507,263541,-266,38,228,0,-27517,3888,23630,0,0,0,0,1,0
508,264062,-239,-19,258,0,-24765,-1948,26713,0,0,0,0,1,0
509,264583,-203,-74,278,0,-21061,-7709,28770,0,0,0,0,1,0
510,265104,-160,-127,287,0,-16547,-13173,29721,0,0,0,0,1,0
511,265625,-110,-175,285,0,-11398,-18132,29530,0,0,0,0,1,0
512,266145,-56,-216,272,0,-5811,-22393,28204,0,0,0,0,1,0
513,266666,0,-249,249,0,0,-25794,25794,0,0,0,0,1,0
514,267187,56,-272,216,0,5811,-28204,22393,0,0,0,0,1,0
515,267708,110,-285,175,0,11398,-29530,18132,0,0,0,0,1,0
516,268229,160,-287,127,0,16547,-29721,13173,0,0,0,0,1,0
517,268750,203,-278,74,0,21061,-28770,7709,0,0,0,0,1,0
518,269270,239,-258,19,0,24765,-26713,1948,0,0,0,0,1,0
519,269791,266,-228,-38,0,27517,-23630,-3888,0,0,0,0,1,0
520,270312,282,-190,-92,0,29212,-19638,-9574,0,0,0,0,1,0
521,270833,287,-144,-144,0,29784,-14892,-14892,0,0,0,0,1,0
522,271354,282,-92,-190,0,29212,-9574,-19638,0,0,0,0,1,0
523,271875,266,-38,-228,0,27517,-3888,-23630,0,0,0,0,1,0
524,272395,239,19,-258,0,24765,1948,-26713,0,0,0,0,1,0
525,272916,203,74,-278,0,21061,7709,-28770,0,0,0,0,1,0
526,273437,160,127,-287,0,16547,13173,-29721,0,0,0,0,1,0
527,273958,110,175,-285,0,11398,18132,-29530,0,0,0,0,1,0
528,274479,56,216,-272,0,5811,22393,-28204,0,0,0,0,1,0
529,275000,0,249,-249,0,0,25794,-25794,0,0,0,0,1,0
530,275520,-56,272,-216,0,-5811,28204,-22393,0,0,0,0,1,0
531,276041,-110,285,-175,0,-11398,29530,-18132,0,0,0,0,1,0
532,276562,-160,287,-127,0,-16547,29721,-13173,0,0,0,0,1,0
533,277083,-203,278,-74,0,-21061,28770,-7709,0,0,0,0,1,0
534,277604,-239,258,-19,0,-24765,26713,-1948,0,0,0,0,1,0
535,278125,-266,228,38,0,-27517,23630,3888,0,0,0,0,1,0
536,278645,-282,190,92,0,-29212,19638,9574,0,0,0,0,1,0
537,279166,-287,144,144,0,-29784,14892,14892,0,0,0,0,1,0
538,279687,-282,92,190,0,-29212,9574,19638,0,0,0,0,1,0
539,280208,-266,38,228,0,-27517,3888,23630,0,0,0,0,1,0
540,280729,-239,-19,258,0,-24765,-1948,26713,0,0,0,0,1,0
541,281250,-203,-74,278,0,-21061,-7709,28770,0,0,0,0,1,0
542,281770,-160,-127,287,0,-16547,-13173,29721,0,0,0,0,1,0
543,282291,-110,-175,285,0,-11398,-18132,29530,0,0,0,0,1,0
544,282812,-56,-216,272,0,-5811,-22393,28204,0,0,0,0,1,0
545,283333,0,-249,249,0,0,-25794,25794,0,0,0,0,1,0
546,283854,56,-272,216,0,5811,-28204,22393,0,0,0,0,1,0
547,284375,110,-285,175,0,11398,-29530,18132,0,0,0,0,1,0
548,284895,160,-287,127,0,16547,-29721,13173,0,0,0,0,1,0
549,285416,203,-278,74,0,21061,-28770,7709,0,0,0,0,1,0
550,285937,239,-258,19,0,24765,-26713,1948,0,0,0,0,1,0
551,286458,266,-228,-38,0,27517,-23630,-3888,0,0,0,0,1,0
552,286979,282,-190,-92,0,29212,-19638,-9574,0,0,0,0,1,0
553,287500,287,-144,-144,0,29784,-14892,-14892,0,0,0,0,1,0
554,288020,282,-92,-190,0,29212,-9574,-19638,0,0,0,0,1,0
555,288541,266,-38,-228,0,27517,-3888,-23630,0,0,0,0,1,0
556,289062,239,19,-258,0,24765,1948,-26713,0,0,0,0,1,0
557,289583,203,74,-278,0,21061,7709,-28770,0,0,0,0,1,0
558,290104,160,127,-287,0,16547,13173,-29721,0,0,0,0,1,0
559,290625,110,175,-285,0,11398,18132,-29530,0,0,0,0,1,0
560,291145,56,216,-272,0,5811,22393,-28204,0,0,0,0,1,0
561,291666,0,249,-249,0,0,25794,-25794,0,0,0,0,1,0
562,292187,-56,272,-216,0,-5811,28204,-22393,0,0,0,0,1,0
563,292708,-110,285,-175,0,-11398,29530,-18132,0,0,0,0,1,0
564,293229,-160,287,-127,0,-16547,29721,-13173,0,0,0,0,1,0
565,293750,-203,278,-74,0,-21061,28770,-7709,0,0,0,0,1,0
566,294270,-239,258,-19,0,-24765,26713,-1948,0,0,0,0,1,0
567,294791,-266,228,38,0,-27517,23630,3888,0,0,0,0,1,0
568,295312,-282,190,92,0,-29212,19638,9574,0,0,0,0,1,0
569,295833,-287,144,144,0,-29784,14892,14892,0,0,0,0,1,0
570,296354,-282,92,190,0,-29212,9574,19638,0,0,0,0,1,0
571,296875,-266,38,228,0,-27517,3888,23630,0,0,0,0,1,0
572,297395,-239,-19,258,0,-24765,-1948,26713,0,0,0,0,1,0
573,297916,-203,-74,278,0,-21061,-7709,28770,0,0,0,0,1,0
574,298437,-160,-127,287,0,-16547,-13173,29721,0,0,0,0,1,0
575,298958,-110,-175,285,0,-11398,-18132,29530,0,0,0,0,1,0
576,299479,-56,-216,272,0,-5811,-22393,28204,0,0,0,0,1,0
577,300000,0,-249,249,0,0,-25794,25794,0,0,0,0,1,0
578,300520,56,-272,216,0,5811,-28204,22393,0,0,0,0,1,0
579,301041,110,-285,175,0,11398,-29530,18132,0,0,0,0,1,0
580,301562,160,-287,127,0,16547,-29721,13173,0,0,0,0,1,0
581,302083,203,-278,74,0,21061,-28770,7709,0,0,0,0,1,0
582,302604,239,-258,19,0,24765,-26713,1948,0,0,0,0,1,0
583,303125,266,-228,-38,0,27517,-23630,-3888,0,0,0,0,1,0
584,303645,282,-190,-92,0,29212,-19638,-9574,0,0,0,0,1,0
585,304166,287,-144,-144,0,29784,-14892,-14892,0,0,0,0,1,0
586,304687,282,-92,-190,0,29212,-9574,-19638,0,0,0,0,1,0
587,305208,266,-38,-228,0,27517,-3888,-23630,0,0,0,0,1,0
588,305729,239,19,-258,0,24765,1948,-26713,0,0,0,0,1,0
589,306250,203,74,-278,0,21061,7709,-28770,0,0,0,0,1,0
590,306770,160,127,-287,0,16547,13173,-29721,0,0,0,0,1,0
591,307291,110,175,-285,0,11398,18132,-29530,0,0,0,0,1,0
592,307812,56,216,-272,0,5811,22393,-28204,0,0,0,0,1,0
593,308333,0,249,-249,0,0,25794,-25794,0,0,0,0,1,0
594,308854,-56,272,-216,0,-5811,28204,-22393,0,0,0,0,1,0
595,309375,-110,285,-175,0,-11398,29530,-18132,0,0,0,0,1,0
596,309895,-160,287,-127,0,-16547,29721,-13173,0,0,0,0,1,0
597,310416,-203,278,-74,0,-21061,28770,-7709,0,0,0,0,1,0
598,310937,-239,258,-19,0,-24765,26713,-1948,0,0,0,0,1,0
599,311458,-266,228,38,0,-27517,23630,3888,0,0,0,0,1,0
600,311979,-282,190,92,0,-29212,19638,9574,0,0,0,0,1,0
601,312500,-287,144,144,0,-29784,14892,14892,0,0,0,0,1,0
602,313020,-282,92,190,0,-29212,9574,19638,0,0,0,0,1,0
603,313541,-266,38,228,0,-27517,3888,23630,0,0,0,0,1,0
604,314062,-239,-19,258,0,-24765,-1948,26713,0,0,0,0,1,0
605,314583,-203,-74,278,0,-21061,-7709,28770,0,0,0,0,1,0
606,315104,-160,-127,287,0,-16547,-13173,29721,0,0,0,0,1,0
607,315625,-110,-175,285,0,-11398,-18132,29530,0,0,0,0,1,0
608,316145,-56,-216,272,0,-5811,-22393,28204,0,0,0,0,1,0
609,316666,0,-249,249,0,0,-25794,25794,0,0,0,0,1,0
610,317187,56,-272,216,0,5811,-28204,22393,0,0,0,0,1,0
611,317708,110,-285,175,0,11398,-29530,18132,0,0,0,0,1,0
612,318229,160,-287,127,0,16547,-29721,13173,0,0,0,0,1,0
613,318750,203,-278,74,0,21061,-28770,7709,0,0,0,0,1,0
614,319270,239,-258,19,0,24765,-26713,1948,0,0,0,0,1,0
615,319791,266,-228,-38,0,27517,-23630,-3888,0,0,0,0,1,0
616,320312,282,-190,-92,0,29212,-19638,-9574,0,0,0,0,1,0
617,320833,287,-144,-144,0,29784,-14892,-14892,0,0,0,0,1,0
618,321354,282,-92,-190,0,29212,-9574,-19638,0,0,0,0,1,0
619,321875,266,-38,-228,0,27517,-3888,-23630,0,0,0,0,1,0
620,322395,239,19,-258,0,24765,1948,-26713,0,0,0,0,1,0
621,322916,203,74,-278,0,21061,7709,-28770,0,0,0,0,1,0
622,323437,160,127,-287,0,16547,13173,-29721,0,0,0,0,1,0
623,323958,110,175,-285,0,11398,18132,-29530,0,0,0,0,1,0
624,324479,56,216,-272,0,5811,22393,-28204,0,0,0,0,1,0
625,325000,0,249,-249,0,0,25794,-25794,0,0,0,0,1,0
626,325520,-56,272,-216,0,-5811,28204,-22393,0,0,0,0,1,0
627,326041,-110,285,-175,0,-11398,29530,-18132,0,0,0,0,1,0
628,326562,-160,287,-127,0,-16547,29721,-13173,0,0,0,0,1,0
629,327083,-203,278,-74,0,-21061,28770,-7709,0,0,0,0,1,0
630,327604,-239,258,-19,0,-24765,26713,-1948,0,0,0,0,1,0
631,328125,-266,228,38,0,-27517,23630,3888,0,0,0,0,1,0
632,328645,-282,190,92,0,-29212,19638,9574,0,0,0,0,1,0
633,329166,-287,144,144,0,-29784,14892,14892,0,0,0,0,1,0
634,329687,-282,92,190,0,-29212,9574,19638,0,0,0,0,1,0
635,330208,-266,38,228,0,-27517,3888,23630,0,0,0,0,1,0
636,330729,-239,-19,258,0,-24765,-1948,26713,0,0,0,0,1,0
637,331250,-203,-74,278,0,-21061,-7709,28770,0,0,0,0,1,0
638,331770,-160,-127,287,0,-16547,-13173,29721,0,0,0,0,1,0
639,332291,-110,-175,285,0,-11398,-18132,29530,0,0,0,0,1,0
640,332812,-56,-216,272,0,-5811,-22393,28204,0,0,0,0,1,0
641,333333,0,-249,249,0,0,-25794,25794,0,0,0,0,1,0
642,333854,56,-272,216,0,5811,-28204,22393,0,0,0,0,1,0
643,334375,110,-285,175,0,11398,-29530,18132,0,0,0,0,1,0
644,334895,160,-287,127,0,16547,-29721,13173,0,0,0,0,1,0
645,335416,203,-278,74,0,21061,-28770,7709,0,0,0,0,1,0
646,335937,239,-258,19,0,24765,-26713,1948,0,0,0,0,1,0
647,336458,266,-228,-38,0,27517,-23630,-3888,0,0,0,0,1,0
648,336979,282,-190,-92,0,29212,-19638,-9574,0,0,0,0,1,0
649,337500,287,-144,-144,0,29784,-14892,-14892,0,0,0,0,1,0
650,338020,282,-92,-190,0,29212,-9574,-19638,0,0,0,0,1,0
651,338541,266,-38,-228,0,27517,-3888,-23630,0,0,0,0,1,0
652,339062,239,19,-258,0,24765,1948,-26713,0,0,0,0,1,0
653,339583,203,74,-278,0,21061,7709,-28770,0,0,0,0,1,0
654,340104,160,127,-287,0,16547,13173,-29721,0,0,0,0,1,0
655,340625,110,175,-285,0,11398,18132,-29530,0,0,0,0,1,0
656,341145,56,216,-272,0,5811,22393,-28204,0,0,0,0,1,0
657,341666,0,249,-249,0,0,25794,-25794,0,0,0,0,1,0
658,342187,-56,272,-216,0,-5811,28204,-22393,0,0,0,0,1,0
659,342708,-110,285,-175,0,-11398,29530,-18132,0,0,0,0,1,0
660,343229,-160,287,-127,0,-16547,29721,-13173,0,0,0,0,1,0
661,343750,-203,278,-74,0,-21061,28770,-7709,0,0,0,0,1,0
662,344270,-239,258,-19,0,-24765,26713,-1948,0,0,0,0,1,0
663,344791,-266,228,38,0,-27517,23630,3888,0,0,0,0,1,0
664,345312,-282,190,92,0,-29212,19638,9574,0,0,0,0,1,0
665,345833,-287,144,144,0,-29784,14892,14892,0,0,0,0,1,0
666,346354,-282,92,190,0,-29212,9574,19638,0,0,0,0,1,0
