1,0,0,-1229,1229,0,0,-25024,25024,0,0,0,0,1,0
2,520,277,-1344,1067,0,5637,-27362,21724,0,0,0,0,1,0
3,1041,543,-1407,864,0,11058,-28648,17590,0,0,0,0,1,0
4,1562,789,-1416,628,0,16053,-28833,12780,0,0,0,0,1,0
5,2083,1004,-1371,367,0,20432,-27910,7479,0,0,0,0,1,0
6,2604,1180,-1273,93,0,24025,-25915,1890,0,0,0,0,1,0
7,3125,1311,-1126,-185,0,26696,-22924,-3772,0,0,0,0,1,0
8,3645,1392,-936,-456,0,28340,-19052,-9288,0,0,0,0,1,0
9,4166,1419,-710,-710,0,28895,-14448,-14448,0,0,0,0,1,0
10,4687,1392,-456,-936,0,28340,-9288,-19052,0,0,0,0,1,0
11,5208,1311,-185,-1126,0,26696,-3772,-22924,0,0,0,0,1,0
12,5729,1180,93,-1273,0,24025,1890,-25915,0,0,0,0,1,0
13,6250,1004,367,-1371,0,20432,7479,-27910,0,0,0,0,1,0
14,6770,789,628,-1416,0,16053,12780,-28833,0,0,0,0,1,0
15,7291,543,864,-1407,0,11058,17590,-28648,0,0,0,0,1,0
16,7812,277,1067,-1344,0,5637,21724,-27362,0,0,0,0,1,0
17,8333,0,1229,-1229,0,0,25024,-25024,0,0,0,0,1,0
18,8854,-277,1344,-1067,0,-5637,27362,-21724,0,0,0,0,1,0
19,9375,-543,1407,-864,0,-11058,28648,-17590,0,0,0,0,1,0
20,9895,-789,1416,-628,0,-16053,28833,-12780,0,0,0,0,1,0
21,10416,-1004,1371,-367,0,-20432,27910,-7479,0,0,0,0,1,0
22,10937,-1180,1273,-93,0,-24025,25915,-1890,0,0,0,0,1,0
23,11458,-1311,1126,185,0,-26696,22924,3772,0,0,0,0,1,0
24,11979,-1392,936,456,0,-28340,19052,9288,0,0,0,0,1,0
25,12500,-1419,710,710,0,-28895,14448,14448,0,0,0,0,1,0
26,13020,-1392,456,936,0,-28340,9288,19052,0,0,0,0,1,0
27,13541,-1311,185,1126,0,-26696,3772,22924,0,0,0,0,1,0
28,14062,-1180,-93,1273,0,-24025,-1890,25915,0,0,0,0,1,0
29,14583,-1004,-367,1371,0,-20432,-7479,27910,0,0,0,0,1,0
30,15104,-789,-628,1416,0,-16053,-12780,28833,0,0,0,0,1,0
31,15625,-543,-864,1407,0,-11058,-17590,28648,0,0,0,0,1,0
32,16145,-277,-1067,1344,0,-5637,-21724,27362,0,0,0,0,1,0
33,16666,0,-1229,1229,0,0,-25024,25024,0,0,0,0,1,0
34,17187,277,-1344,1067,0,5637,-27362,21724,0,0,0,0,1,0
35,17708,543,-1407,864,0,11058,-28648,17590,0,0,0,0,1,0
36,18229,789,-1416,628,0,16053,-28833,12780,0,0,0,0,1,0
37,18750,1004,-1371,367,0,20432,-27910,7479,0,0,0,0,1,0
38,19270,1180,-1273,93,0,24025,-25915,1890,0,0,0,0,1,0
39,19791,1311,-1126,-185,0,26696,-22924,-3772,0,0,0,0,1,0
40,20312,1392,-936,-456,0,28340,-19052,-9288,0,0,0,0,1,0
41,20833,1419,-710,-710,0,28895,-14448,-14448,0,0,0,0,1,0
42,21354,1392,-456,-936,0,28340,-9288,-19052,0,0,0,0,1,0
43,21875,1311,-185,-1126,0,26696,-3772,-22924,0,0,0,0,1,0
44,22395,1180,93,-1273,0,24025,1890,-25915,0,0,0,0,1,0
45,22916,1004,367,-1371,0,20432,7479,-27910,0,0,0,0,1,0
46,23437,789,628,-1416,0,16053,12780,-28833,0,0,0,0,1,0
47,23958,543,864,-1407,0,11058,17590,-28648,0,0,0,0,1,0
48,24479,277,1067,-1344,0,5637,21724,-27362,0,0,0,0,1,0
49,25000,0,1229,-1229,0,0,25024,-25024,0,0,0,0,1,0
50,25520,-277,1344,-1067,0,-5637,27362,-21724,0,0,0,0,1,0
51,26041,-543,1407,-864,0,-11058,28648,-17590,0,0,0,0,1,0
52,26562,-789,1416,-628,0,-16053,28833,-12780,0,0,0,0,1,0
53,27083,-1004,1371,-367,0,-20432,27910,-7479,0,0,0,0,1,0
54,27604,-1180,1273,-93,0,-24025,25915,-1890,0,0,0,0,1,0
55,28125,-1311,1126,185,0,-26696,22924,3772,0,0,0,0,1,0
56,28645,-1392,936,456,0,-28340,19052,9288,0,0,0,0,1,0
57,29166,-1419,710,710,0,-28895,14448,14448,0,0,0,0,1,0
58,29687,-1392,456,936,0,-28340,9288,19052,0,0,0,0,1,0
59,30208,-1311,185,1126,0,-26696,3772,22924,0,0,0,0,1,0
60,30729,-1180,-93,1273,0,-24025,-1890,25915,0,0,0,0,1,0
61,31250,-1004,-367,1371,0,-20432,-7479,27910,0,0,0,0,1,0
62,31770,-789,-628,1416,0,-16053,-12780,28833,0,0,0,0,1,0
63,32291,-543,-864,1407,0,-11058,-17590,28648,0,0,0,0,1,0
64,32812,-277,-1067,1344,0,-5637,-21724,27362,0,0,0,0,1,0
65,33333,0,-1229,1229,0,0,-25024,25024,0,0,0,0,1,0
66,33854,277,-1344,1067,0,5637,-27362,21724,0,0,0,0,1,0
67,34375,543,-1407,864,0,11058,-28648,17590,0,0,0,0,1,0
68,34895,789,-1416,628,0,16053,-28833,12780,0,0,0,0,1,0
69,35416,1004,-1371,367,0,20432,-27910,7479,0,0,0,0,1,0
70,35937,1180,-1273,93,0,24025,-25915,1890,0,0,0,0,1,0
71,36458,1311,-1126,-185,0,26696,-22924,-3772,0,0,0,0,1,0
72,36979,1392,-936,-456,0,28340,-19052,-9288,0,0,0,0,1,0
73,37500,1419,-710,-710,0,28895,-14448,-14448,0,0,0,0,1,0
74,38020,1392,-456,-936,0,28340,-9288,-19052,0,0,0,0,1,0
75,38541,1311,-185,-1126,0,26696,-3772,-22924,0,0,0,0,1,0
76,39062,1180,93,-1273,0,24025,1890,-25915,0,0,0,0,1,0
77,39583,1004,367,-1371,0,20432,7479,-27910,0,0,0,0,1,0
78,40104,789,628,-1416,0,16053,12780,-28833,0,0,0,0,1,0
79,40625,543,864,-1407,0,11058,17590,-28648,0,0,0,0,1,0
80,41145,277,1067,-1344,0,5637,21724,-27362,0,0,0,0,1,0
81,41666,0,1229,-1229,0,0,25024,-25024,0,0,0,0,1,0
82,42187,-277,1344,-1067,0,-5637,27362,-21724,0,0,0,0,1,0
83,42708,-543,1407,-864,0,-11058,28648,-17590,0,0,0,0,1,0
84,43229,-789,1416,-628,0,-16053,28833,-12780,0,0,0,0,1,0
85,43750,-1004,1371,-367,0,-20432,27910,-7479,0,0,0,0,1,0
86,44270,-1180,1273,-93,0,-24025,25915,-1890,0,0,0,0,1,0
87,44791,-1311,1126,185,0,-26696,22924,3772,0,0,0,0,1,0
88,45312,-1392,936,456,0,-28340,19052,9288,0,0,0,0,1,0
89,45833,-1419,710,710,0,-28895,14448,14448,0,0,0,0,1,0
90,46354,-1392,456,936,0,-28340,9288,19052,0,0,0,0,1,0
91,46875,-1311,185,1126,0,-26696,3772,22924,0,0,0,0,1,0
92,47395,-1180,-93,1273,0,-24025,-1890,25915,0,0,0,0,1,0
93,47916,-1004,-367,1371,0,-20432,-7479,27910,0,0,0,0,1,0
94,48437,-789,-628,1416,0,-16053,-12780,28833,0,0,0,0,1,0
95,48958,-543,-864,1407,0,-11058,-17590,28648,0,0,0,0,1,0
96,49479,-277,-1067,1344,0,-5637,-21724,27362,0,0,0,0,1,0
97,50000,0,-1229,31207,29977,0,-27026,2502,0,0,0,0,1,0
98,50520,277,-1344,27781,26714,6088,-29551,2172,0,0,0,0,1,0
99,51041,543,-1407,23863,22999,11942,-30940,1759,0,0,0,0,1,0
100,51562,789,-1416,19594,18966,17337,-31140,1278,0,0,0,0,1,0
101,52083,1004,-1371,15125,14758,22066,-30143,748,0,0,0,0,1,0
102,52604,1180,-1273,10619,10526,25947,-27988,189,0,0,0,0,1,0
103,53125,1311,-1126,6236,6422,28831,-24758,-377,0,0,0,0,1,0
104,53645,1392,-936,2137,2593,30607,-20576,-929,0,0,0,0,1,0
105,54166,1419,-710,-1533,-823,31207,-15603,-1445,0,0,0,0,1,0
106,54687,1392,-456,-4641,-3706,30607,-10031,-1905,0,0,0,0,1,0
107,55208,1311,-185,-7079,-5953,28831,-4073,-2292,0,0,0,0,1,0
108,55729,1180,93,-8762,-7489,25947,2041,-2592,0,0,0,0,1,0
109,56250,1004,367,-9635,-8264,22066,8077,-2791,0,0,0,0,1,0
110,56770,789,628,-9673,-8257,17337,13802,-2883,0,0,0,0,1,0
111,57291,543,864,-8885,-7478,11942,18997,-2865,0,0,0,0,1,0
112,57812,277,1067,-7309,-5965,6088,23462,-2736,0,0,0,0,1,0
113,58333,0,1229,-5014,-3785,0,27026,-2502,0,0,0,0,1,0
114,58854,-277,1344,-2097,-1030,-6088,29551,-2172,0,0,0,0,1,0
115,59375,-543,1407,1321,2185,-11942,30940,-1759,0,0,0,0,1,0
116,59895,-789,1416,5101,5728,-17337,31140,-1278,0,0,0,0,1,0
117,60416,-1004,1371,9089,9457,-22066,30143,-748,0,0,0,0,1,0
118,60937,-1180,1273,13125,13218,-25947,27988,-189,0,0,0,0,1,0
119,61458,-1311,1126,17046,16860,-28831,24758,377,0,0,0,0,1,0
120,61979,-1392,936,20692,20236,-30607,20576,929,0,0,0,0,1,0
121,62500,-1419,710,23918,23208,-31207,15603,1445,0,0,0,0,1,0
122,63020,-1392,456,26592,25656,-30607,10031,1905,0,0,0,0,1,0
123,63541,-1311,185,28603,27476,-28831,4073,2292,0,0,0,0,1,0
124,64062,-1180,-93,29867,28594,-25947,-2041,2592,0,0,0,0,1,0
125,64583,-1004,-367,30330,28959,-22066,-8077,2791,0,0,0,0,1,0
126,65104,-789,-628,29966,28549,-17337,-13802,2883,0,0,0,0,1,0
127,65625,-543,-864,28783,27375,-11942,-18997,2865,0,0,0,0,1,0
128,66145,-277,-1067,26819,25475,-6088,-23462,2736,0,0,0,0,1,0
129,66666,0,-1229,24145,22916,0,-27026,2502,0,0,0,0,1,0
130,67187,277,-1344,20857,19789,6088,-29551,2172,0,0,0,0,1,0
131,67708,543,-1407,17074,16210,11942,-30940,1759,0,0,0,0,1,0
132,68229,789,-1416,12936,12308,17337,-31140,1278,0,0,0,0,1,0
133,68750,1004,-1371,8597,8230,22066,-30143,748,0,0,0,0,1,0
134,69270,1180,-1273,4217,4124,25947,-27988,189,0,0,0,0,1,0
135,69791,1311,-1126,-40,145,28831,-24758,-377,0,0,0,0,1,0
136,70312,1392,-936,-4018,-3562,30607,-20576,-929,0,0,0,0,1,0
137,70833,1419,-710,-7568,-6858,31207,-15603,-1445,0,0,0,0,1,0
138,71354,1392,-456,-10559,-9623,30607,-10031,-1905,0,0,0,0,1,0
139,71875,1311,-185,-12882,-11756,28831,-4073,-2292,0,0,0,0,1,0
140,72395,1180,93,-14452,-13179,25947,2041,-2592,0,0,0,0,1,0
141,72916,1004,367,-15214,-13843,22066,8077,-2791,0,0,0,0,1,0
142,73437,789,628,-15144,-13728,17337,13802,-2883,0,0,0,0,1,0
143,73958,543,864,-14249,-12842,11942,18997,-2865,0,0,0,0,1,0
144,74479,277,1067,-12569,-11225,6088,23462,-2736,0,0,0,0,1,0
145,75000,0,1229,-10172,-8942,0,27026,-2502,0,0,0,0,1,0
146,75520,-277,1344,-7155,-6087,-6088,29551,-2172,0,0,0,0,1,0
147,76041,-543,1407,-3638,-2774,-11942,30940,-1759,0,0,0,0,1,0
148,76562,-789,1416,238,866,-17337,31140,-1278,0,0,0,0,1,0
149,77083,-1004,1371,4321,4688,-22066,30143,-748,0,0,0,0,1,0
150,77604,-1180,1273,8450,8542,-25947,27988,-189,0,0,0,0,1,0
151,78125,-1311,1126,12461,12276,-28831,24758,377,0,0,0,0,1,0
152,78645,-696,468,228,0,-28340,19052,9288,0,0,0,0,1,0
153,79166,-710,355,355,0,-28895,14448,14448,0,0,0,0,1,0
154,79687,-696,228,468,0,-28340,9288,19052,0,0,0,0,1,0
155,80208,-656,93,563,0,-26696,3772,22924,0,0,0,0,1,0
156,80729,-590,-46,637,0,-24025,-1890,25915,0,0,0,0,1,0
157,81250,-502,-184,686,0,-20432,-7479,27910,0,0,0,0,1,0
158,81770,-394,-314,708,0,-16053,-12780,28833,0,0,0,0,1,0
159,82291,-272,-432,704,0,-11058,-17590,28648,0,0,0,0,1,0
160,82812,-138,-534,672,0,-5637,-21724,27362,0,0,0,0,1,0
161,83333,0,-615,615,0,0,-25024,25024,0,0,0,0,1,0
162,83854,138,-672,534,0,5637,-27362,21724,0,0,0,0,1,0
163,84375,272,-704,432,0,11058,-28648,17590,0,0,0,0,1,0
164,84895,394,-708,314,0,16053,-28833,12780,0,0,0,0,1,0
165,85416,502,-686,184,0,20432,-27910,7479,0,0,0,0,1,0
166,85937,590,-637,46,0,24025,-25915,1890,0,0,0,0,1,0
167,86458,656,-563,-93,0,26696,-22924,-3772,0,0,0,0,1,0
168,86979,696,-468,-228,0,28340,-19052,-9288,0,0,0,0,1,0
169,87500,710,-355,-355,0,28895,-14448,-14448,0,0,0,0,1,0
170,88020,696,-228,-468,0,28340,-9288,-19052,0,0,0,0,1,0
171,88541,656,-93,-563,0,26696,-3772,-22924,0,0,0,0,1,0
172,89062,590,46,-637,0,24025,1890,-25915,0,0,0,0,1,0
173,89583,502,184,-686,0,20432,7479,-27910,0,0,0,0,1,0
174,90104,394,314,-708,0,16053,12780,-28833,0,0,0,0,1,0
175,90625,272,432,-704,0,11058,17590,-28648,0,0,0,0,1,0
176,91145,138,534,-672,0,5637,21724,-27362,0,0,0,0,1,0
177,91666,0,615,-615,0,0,25024,-25024,0,0,0,0,1,0
178,92187,-138,672,-534,0,-5637,27362,-21724,0,0,0,0,1,0
179,92708,-272,704,-432,0,-11058,28648,-17590,0,0,0,0,1,0
180,93229,-394,708,-314,0,-16053,28833,-12780,0,0,0,0,1,0
181,93750,-502,686,-184,0,-20432,27910,-7479,0,0,0,0,1,0
182,94270,-590,637,-46,0,-24025,25915,-1890,0,0,0,0,1,0
183,94791,-656,563,93,0,-26696,22924,3772,0,0,0,0,1,0
184,95312,-696,468,228,0,-28340,19052,9288,0,0,0,0,1,0
185,95833,-710,355,355,0,-28895,14448,14448,0,0,0,0,1,0
186,96354,-696,228,468,0,-28340,9288,19052,0,0,0,0,1,0
187,96875,-656,93,563,0,-26696,3772,22924,0,0,0,0,1,0
188,97395,-590,-46,637,0,-24025,-1890,25915,0,0,0,0,1,0
189,97916,-502,-184,686,0,-20432,-7479,27910,0,0,0,0,1,0
190,98437,-394,-314,708,0,-16053,-12780,28833,0,0,0,0,1,0
191,98958,-272,-432,704,0,-11058,-17590,28648,0,0,0,0,1,0
192,99479,-138,-534,672,0,-5637,-21724,27362,0,0,0,0,1,0
193,100000,0,-615,615,0,0,-25024,25024,0,0,0,0,1,0
194,100520,138,-672,534,0,5637,-27362,21724,0,0,0,0,1,0
195,101041,272,-704,432,0,11058,-28648,17590,0,0,0,0,1,0
196,101562,394,-708,314,0,16053,-28833,12780,0,0,0,0,1,0
197,102083,502,-686,184,0,20432,-27910,7479,0,0,0,0,1,0
198,102604,590,-637,46,0,24025,-25915,1890,0,0,0,0,1,0
199,103125,656,-563,-93,0,26696,-22924,-3772,0,0,0,0,1,0
200,103645,696,-468,-228,0,28340,-19052,-9288,0,0,0,0,1,0
201,104166,710,-355,-355,0,28895,-14448,-14448,0,0,0,0,1,0
202,104687,696,-228,-468,0,28340,-9288,-19052,0,0,0,0,1,0
203,105208,656,-93,-563,0,26696,-3772,-22924,0,0,0,0,1,0
204,105729,590,46,-637,0,24025,1890,-25915,0,0,0,0,1,0
205,106250,502,184,-686,0,20432,7479,-27910,0,0,0,0,1,0
206,106770,394,314,-708,0,16053,12780,-28833,0,0,0,0,1,0
207,107291,272,432,-704,0,11058,17590,-28648,0,0,0,0,1,0
208,107812,138,534,-672,0,5637,21724,-27362,0,0,0,0,1,0
209,108333,0,615,-615,0,0,25024,-25024,0,0,0,0,1,0
210,108854,-138,672,-534,0,-5637,27362,-21724,0,0,0,0,1,0
211,109375,-272,704,-432,0,-11058,28648,-17590,0,0,0,0,1,0
212,109895,-394,708,-314,0,-16053,28833,-12780,0,0,0,0,1,0
213,110416,-502,686,-184,0,-20432,27910,-7479,0,0,0,0,1,0
214,110937,-590,637,-46,0,-24025,25915,-1890,0,0,0,0,1,0
215,111458,-656,563,93,0,-26696,22924,3772,0,0,0,0,1,0
216,111979,-696,468,228,0,-28340,19052,9288,0,0,0,0,1,0
217,112500,-710,355,355,0,-28895,14448,14448,0,0,0,0,1,0
218,113020,-696,228,468,0,-28340,9288,19052,0,0,0,0,1,0
219,113541,-656,93,563,0,-26696,3772,22924,0,0,0,0,1,0
220,114062,-590,-46,637,0,-24025,-1890,25915,0,0,0,0,1,0
221,114583,-502,-184,686,0,-20432,-7479,27910,0,0,0,0,1,0
222,115104,-394,-314,708,0,-16053,-12780,28833,0,0,0,0,1,0
223,115625,-272,-432,704,0,-11058,-17590,28648,0,0,0,0,1,0
224,116145,-138,-534,672,0,-5637,-21724,27362,0,0,0,0,1,0
225,116666,0,-615,615,0,0,-25024,25024,0,0,0,0,1,0
226,117187,138,-672,534,0,5637,-27362,21724,0,0,0,0,1,0
227,117708,272,-704,432,0,11058,-28648,17590,0,0,0,0,1,0
228,118229,394,-708,314,0,16053,-28833,12780,0,0,0,0,1,0
229,118750,502,-686,184,0,20432,-27910,7479,0,0,0,0,1,0
230,119270,590,-637,46,0,24025,-25915,1890,0,0,0,0,1,0
231,119791,656,-563,-93,0,26696,-22924,-3772,0,0,0,0,1,0
232,120312,696,-468,-228,0,28340,-19052,-9288,0,0,0,0,1,0
233,120833,710,-355,-355,0,28895,-14448,-14448,0,0,0,0,1,0
234,121354,696,-228,-468,0,28340,-9288,-19052,0,0,0,0,1,0
235,121875,656,-93,-563,0,26696,-3772,-22924,0,0,0,0,1,0
236,122395,590,46,-637,0,24025,1890,-25915,0,0,0,0,1,0
237,122916,502,184,-686,0,20432,7479,-27910,0,0,0,0,1,0
238,123437,394,314,-708,0,16053,12780,-28833,0,0,0,0,1,0
239,123958,272,432,-704,0,11058,17590,-28648,0,0,0,0,1,0
240,124479,138,534,-672,0,5637,21724,-27362,0,0,0,0,1,0
241,125000,0,615,-615,0,0,25024,-25024,0,0,0,0,1,0
242,125520,-138,672,-534,0,-5637,27362,-21724,0,0,0,0,1,0
243,126041,-272,704,-432,0,-11058,28648,-17590,0,0,0,0,1,0
244,126562,-394,708,-314,0,-16053,28833,-12780,0,0,0,0,1,0
245,127083,-502,686,-184,0,-20432,27910,-7479,0,0,0,0,1,0
246,127604,-590,637,-46,0,-24025,25915,-1890,0,0,0,0,1,0
247,128124,-656,563,93,0,-26696,22924,3772,0,0,0,0,1,0
248,128645,-696,468,228,0,-28340,19052,9288,0,0,0,0,1,0
249,129166,-710,355,355,0,-28895,14448,14448,0,0,0,0,1,0
250,129687,-696,228,468,0,-28340,9288,19052,0,0,0,0,1,0
251,130208,-656,93,563,0,-26696,3772,22924,0,0,0,0,1,0
252,130729,-590,-46,637,0,-24025,-1890,25915,0,0,0,0,1,0
253,131250,-502,-184,686,0,-20432,-7479,27910,0,0,0,0,1,0
254,131770,-394,-314,708,0,-16053,-12780,28833,0,0,0,0,1,0
255,132291,-272,-432,704,0,-11058,-17590,28648,0,0,0,0,1,0
256,132812,-138,-534,672,0,-5637,-21724,27362,0,0,0,0,1,0
257,133333,0,-615,615,0,0,-25024,25024,0,0,0,0,1,0
258,133854,138,-672,534,0,5637,-27362,21724,0,0,0,0,1,0
259,134375,272,-704,432,0,11058,-28648,17590,0,0,0,0,1,0
260,134895,394,-708,314,0,16053,-28833,12780,0,0,0,0,1,0
261,135416,502,-686,184,0,20432,-27910,7479,0,0,0,0,1,0
262,135937,590,-637,46,0,24025,-25915,1890,0,0,0,0,1,0
263,136458,656,-563,-93,0,26696,-22924,-3772,0,0,0,0,1,0
264,136979,696,-468,-228,0,28340,-19052,-9288,0,0,0,0,1,0
265,137500,710,-355,-355,0,28895,-14448,-14448,0,0,0,0,1,0
266,138020,696,-228,-468,0,28340,-9288,-19052,0,0,0,0,1,0
267,138541,656,-93,-563,0,26696,-3772,-22924,0,0,0,0,1,0
268,139062,590,46,-637,0,24025,1890,-25915,0,0,0,0,1,0
269,139583,502,184,-686,0,20432,7479,-27910,0,0,0,0,1,0
270,140104,394,314,-708,0,16053,12780,-28833,0,0,0,0,1,0
271,140625,272,432,-704,0,11058,17590,-28648,0,0,0,0,1,0
272,141145,138,534,-672,0,5637,21724,-27362,0,0,0,0,1,0
273,141666,0,615,-615,0,0,25024,-25024,0,0,0,0,1,0
274,142187,-138,672,-534,0,-5637,27362,-21724,0,0,0,0,1,0
275,142708,-272,704,-432,0,-11058,28648,-17590,0,0,0,0,1,0
276,143229,-394,708,-314,0,-16053,28833,-12780,0,0,0,0,1,0
277,143750,-502,686,-184,0,-20432,27910,-7479,0,0,0,0,1,0
278,144270,-590,637,-46,0,-24025,25915,-1890,0,0,0,0,1,0
279,144791,-656,563,93,0,-26696,22924,3772,0,0,0,0,1,0
280,145312,-696,468,228,0,-28340,19052,9288,0,0,0,0,1,0
281,145833,-710,355,355,0,-28895,14448,14448,0,0,0,0,1,0
282,146354,-696,228,468,0,-28340,9288,19052,0,0,0,0,1,0
283,146875,-656,93,563,0,-26696,3772,22924,0,0,0,0,1,0
284,147395,-590,-46,637,0,-24025,-1890,25915,0,0,0,0,1,0
285,147916,-502,-184,686,0,-20432,-7479,27910,0,0,0,0,1,0
286,148437,-394,-314,708,0,-16053,-12780,28833,0,0,0,0,1,0
287,148958,-272,-432,704,0,-11058,-17590,28648,0,0,0,0,1,0
288,149479,-138,-534,672,0,-5637,-21724,27362,0,0,0,0,1,0
289,150000,0,-615,615,0,0,-25024,25024,0,0,0,0,1,0
290,150520,138,-672,534,0,5637,-27362,21724,0,0,0,0,1,0
291,151041,272,-704,432,0,11058,-28648,17590,0,0,0,0,1,0
292,151562,394,-708,314,0,16053,-28833,12780,0,0,0,0,1,0
293,152083,502,-686,184,0,20432,-27910,7479,0,0,0,0,1,0
294,152604,590,-637,46,0,24025,-25915,1890,0,0,0,0,1,0
295,153125,656,-563,-93,0,26696,-22924,-3772,0,0,0,0,1,0
296,153645,696,-468,-228,0,28340,-19052,-9288,0,0,0,0,1,0
297,154166,710,-355,-355,0,28895,-14448,-14448,0,0,0,0,1,0
298,154687,696,-228,-468,0,28340,-9288,-19052,0,0,0,0,1,0
299,155208,656,-93,-563,0,26696,-3772,-22924,0,0,0,0,1,0
300,155729,590,46,-637,0,24025,1890,-25915,0,0,0,0,1,0
301,156250,502,184,-686,0,20432,7479,-27910,0,0,0,0,1,0
302,156770,394,314,-708,0,16053,12780,-28833,0,0,0,0,1,0
303,157291,272,432,-704,0,11058,17590,-28648,0,0,0,0,1,0
304,157812,138,534,-672,0,5637,21724,-27362,0,0,0,0,1,0
305,158333,0,615,-615,0,0,25024,-25024,0,0,0,0,1,0
306,158854,-138,672,-534,0,-5637,27362,-21724,0,0,0,0,1,0
307,159375,-272,704,-432,0,-11058,28648,-17590,0,0,0,0,1,0
308,159895,-394,708,-314,0,-16053,28833,-12780,0,0,0,0,1,0
309,160416,-502,686,-184,0,-20432,27910,-7479,0,0,0,0,1,0
310,160937,-590,637,-46,0,-24025,25915,-1890,0,0,0,0,1,0
311,161458,-656,563,93,0,-26696,22924,3772,0,0,0,0,1,0
312,161979,-696,468,228,0,-28340,19052,9288,0,0,0,0,1,0
313,162500,-710,355,355,0,-28895,14448,14448,0,0,0,0,1,0
314,163020,-696,228,468,0,-28340,9288,19052,0,0,0,0,1,0
315,163541,-656,93,563,0,-26696,3772,22924,0,0,0,0,1,0
316,164062,-590,-46,637,0,-24025,-1890,25915,0,0,0,0,1,0
317,164583,-502,-184,686,0,-20432,-7479,27910,0,0,0,0,1,0
318,165104,-394,-314,708,0,-16053,-12780,28833,0,0,0,0,1,0
319,165625,-272,-432,704,0,-11058,-17590,28648,0,0,0,0,1,0
320,166145,-138,-534,672,0,-5637,-21724,27362,0,0,0,0,1,0
321,166666,0,-615,615,0,0,-25024,25024,0,0,0,0,1,0
322,167187,138,-672,534,0,5637,-27362,21724,0,0,0,0,1,0
323,167708,272,-704,432,0,11058,-28648,17590,0,0,0,0,1,0
324,168229,394,-708,314,0,16053,-28833,12780,0,0,0,0,1,0
325,168750,502,-686,184,0,20432,-27910,7479,0,0,0,0,1,0
326,169270,590,-637,46,0,24025,-25915,1890,0,0,0,0,1,0
327,169791,656,-563,-93,0,26696,-22924,-3772,0,0,0,0,1,0
328,170312,696,-468,-228,0,28340,-19052,-9288,0,0,0,0,1,0
329,170833,710,-355,-355,0,28895,-14448,-14448,0,0,0,0,1,0
330,171354,696,-228,-468,0,28340,-9288,-19052,0,0,0,0,1,0
331,171875,656,-93,-563,0,26696,-3772,-22924,0,0,0,0,1,0
332,172395,590,46,-637,0,24025,1890,-25915,0,0,0,0,1,0
333,172916,502,184,-686,0,20432,7479,-27910,0,0,0,0,1,0
334,173437,394,314,-708,0,16053,12780,-28833,0,0,0,0,1,0
335,173958,272,432,-704,0,11058,17590,-28648,0,0,0,0,1,0
336,174479,138,534,-672,0,5637,21724,-27362,0,0,0,0,1,0
337,175000,0,615,-615,0,0,25024,-25024,0,0,0,0,1,0
338,175520,-138,672,-534,0,-5637,27362,-21724,0,0,0,0,1,0
339,176041,-272,704,-432,0,-11058,28648,-17590,0,0,0,0,1,0
340,176562,-394,708,-314,0,-16053,28833,-12780,0,0,0,0,1,0
341,177083,-502,686,-184,0,-20432,27910,-7479,0,0,0,0,1,0
342,177604,-590,637,-46,0,-24025,25915,-1890,0,0,0,0,1,0
343,178125,-656,563,93,0,-26696,22924,3772,0,0,0,0,1,0
344,178645,-696,468,228,0,-28340,19052,9288,0,0,0,0,1,0
345,179166,-710,355,355,0,-28895,14448,14448,0,0,0,0,1,0
346,179687,-696,228,468,0,-28340,9288,19052,0,0,0,0,1,0
347,180208,-656,93,563,0,-26696,3772,22924,0,0,0,0,1,0
348,180729,-590,-46,637,0,-24025,-1890,25915,0,0,0,0,1,0
349,181250,-502,-184,686,0,-20432,-7479,27910,0,0,0,0,1,0
350,181770,-394,-314,708,0,-16053,-12780,28833,0,0,0,0,1,0
351,182291,-272,-432,704,0,-11058,-17590,28648,0,0,0,0,1,0
352,182812,-138,-534,672,0,-5637,-21724,27362,0,0,0,0,1,0
353,183333,0,-615,615,0,0,-25024,25024,0,0,0,0,1,0
354,183854,138,-672,534,0,5637,-27362,21724,0,0,0,0,1,0
355,184375,272,-704,432,0,11058,-28648,17590,0,0,0,0,1,0
356,184895,394,-708,314,0,16053,-28833,12780,0,0,0,0,1,0
357,185416,502,-686,184,0,20432,-27910,7479,0,0,0,0,1,0
358,185937,590,-637,46,0,24025,-25915,1890,0,0,0,0,1,0
359,186458,656,-563,-93,0,26696,-22924,-3772,0,0,0,0,1,0
360,186979,696,-468,-228,0,28340,-19052,-9288,0,0,0,0,1,0
361,187500,710,-355,-355,0,28895,-14448,-14448,0,0,0,0,1,0
362,188020,696,-228,-468,0,28340,-9288,-19052,0,0,0,0,1,0
363,188541,656,-93,-563,0,26696,-3772,-22924,0,0,0,0,1,0
364,189062,590,46,-637,0,24025,1890,-25915,0,0,0,0,1,0
365,189583,502,184,-686,0,20432,7479,-27910,0,0,0,0,1,0
366,190104,394,314,-708,0,16053,12780,-28833,0,0,0,0,1,0
367,190625,272,432,-704,0,11058,17590,-28648,0,0,0,0,1,0
368,191145,138,534,-672,0,5637,21724,-27362,0,0,0,0,1,0
369,191666,0,615,-615,0,0,25024,-25024,0,0,0,0,1,0
370,192187,-138,672,-534,0,-5637,27362,-21724,0,0,0,0,1,0
371,192708,-272,704,-432,0,-11058,28648,-17590,0,0,0,0,1,0
372,193229,-394,708,-314,0,-16053,28833,-12780,0,0,0,0,1,0
373,193750,-502,686,-184,0,-20432,27910,-7479,0,0,0,0,1,0
374,194270,-590,637,-46,0,-24025,25915,-1890,0,0,0,0,1,0
375,194791,-656,563,93,0,-26696,22924,3772,0,0,0,0,1,0
376,195312,-696,468,228,0,-28340,19052,9288,0,0,0,0,1,0
377,195833,-710,355,355,0,-28895,14448,14448,0,0,0,0,1,0
378,196354,-696,228,468,0,-28340,9288,19052,0,0,0,0,1,0
379,196875,-656,93,563,0,-26696,3772,22924,0,0,0,0,1,0
380,197395,-590,-46,637,0,-24025,-1890,25915,0,0,0,0,1,0
381,197916,-502,-184,686,0,-20432,-7479,27910,0,0,0,0,1,0
382,198437,-394,-314,708,0,-16053,-12780,28833,0,0,0,0,1,0
383,198958,-272,-432,704,0,-11058,-17590,28648,0,0,0,0,1,0
384,199479,-138,-534,672,0,-5637,-21724,27362,0,0,0,0,1,0
385,200000,0,-615,615,0,0,-25024,25024,0,0,0,0,1,0
386,200520,138,-672,534,0,5637,-27362,21724,0,0,0,0,1,0
387,201041,272,-704,432,0,11058,-28648,17590,0,0,0,0,1,0
388,201562,394,-708,314,0,16053,-28833,12780,0,0,0,0,1,0
389,202083,502,-686,184,0,20432,-27910,7479,0,0,0,0,1,0
390,202604,590,-637,46,0,24025,-25915,1890,0,0,0,0,1,0
391,203125,656,-563,-93,0,26696,-22924,-3772,0,0,0,0,1,0
392,203645,696,-468,-228,0,28340,-19052,-9288,0,0,0,0,1,0
393,204166,710,-355,-355,0,28895,-14448,-14448,0,0,0,0,1,0
394,204687,696,-228,-468,0,28340,-9288,-19052,0,0,0,0,1,0
395,205208,656,-93,-563,0,26696,-3772,-22924,0,0,0,0,1,0
396,205729,590,46,-637,0,24025,1890,-25915,0,0,0,0,1,0
397,206250,502,184,-686,0,20432,7479,-27910,0,0,0,0,1,0
398,206770,394,314,-708,0,16053,12780,-28833,0,0,0,0,1,0
399,207291,272,432,-704,0,11058,17590,-28648,0,0,0,0,1,0
400,207812,138,534,-672,0,5637,21724,-27362,0,0,0,0,1,0
401,208333,0,615,-615,0,0,25024,-25024,0,0,0,0,1,0
402,208854,-138,672,-534,0,-5637,27362,-21724,0,0,0,0,1,0
403,209375,-272,704,-432,0,-11058,28648,-17590,0,0,0,0,1,0
404,209895,-394,708,-314,0,-16053,28833,-12780,0,0,0,0,1,0
405,210416,-502,686,-184,0,-20432,27910,-7479,0,0,0,0,1,0
406,210937,-590,637,-46,0,-24025,25915,-1890,0,0,0,0,1,0
407,211458,-656,563,93,0,-26696,22924,3772,0,0,0,0,1,0
408,211979,-696,468,228,0,-28340,19052,9288,0,0,0,0,1,0
409,212500,-710,355,355,0,-28895,14448,14448,0,0,0,0,1,0
410,213020,-696,228,468,0,-28340,9288,19052,0,0,0,0,1,0
411,213541,-656,93,563,0,-26696,3772,22924,0,0,0,0,1,0
412,214062,-590,-46,637,0,-24025,-1890,25915,0,0,0,0,1,0
413,214583,-502,-184,686,0,-20432,-7479,27910,0,0,0,0,1,0
414,215104,-394,-314,708,0,-16053,-12780,28833,0,0,0,0,1,0
415,215625,-272,-432,704,0,-11058,-17590,28648,0,0,0,0,1,0
416,216145,-138,-534,672,0,-5637,-21724,27362,0,0,0,0,1,0
417,216666,0,-615,615,0,0,-25024,25024,0,0,0,0,1,0
418,217187,138,-672,534,0,5637,-27362,21724,0,0,0,0,1,0
419,217708,272,-704,432,0,11058,-28648,17590,0,0,0,0,1,0
420,218229,394,-708,314,0,16053,-28833,12780,0,0,0,0,1,0
421,218750,502,-686,184,0,20432,-27910,7479,0,0,0,0,1,0
422,219270,590,-637,46,0,24025,-25915,1890,0,0,0,0,1,0
423,219791,656,-563,-93,0,26696,-22924,-3772,0,0,0,0,1,0
424,220312,696,-468,-228,0,28340,-19052,-9288,0,0,0,0,1,0
425,220833,710,-355,-355,0,28895,-14448,-14448,0,0,0,0,1,0
426,221354,696,-228,-468,0,28340,-9288,-19052,0,0,0,0,1,0
427,221875,656,-93,-563,0,26696,-3772,-22924,0,0,0,0,1,0
428,222395,590,46,-637,0,24025,1890,-25915,0,0,0,0,1,0
429,222916,502,184,-686,0,20432,7479,-27910,0,0,0,0,1,0
430,223437,394,314,-708,0,16053,12780,-28833,0,0,0,0,1,0
431,223958,272,432,-704,0,11058,17590,-28648,0,0,0,0,1,0
432,224479,138,534,-672,0,5637,21724,-27362,0,0,0,0,1,0
433,225000,0,615,-615,0,0,25024,-25024,0,0,0,0,1,0
434,225520,-138,672,-534,0,-5637,27362,-21724,0,0,0,0,1,0
435,226041,-272,704,-432,0,-11058,28648,-17590,0,0,0,0,1,0
436,226562,-394,708,-314,0,-16053,28833,-12780,0,0,0,0,1,0
437,227083,-502,686,-184,0,-20432,27910,-7479,0,0,0,0,1,0
438,227604,-590,637,-46,0,-24025,25915,-1890,0,0,0,0,1,0
439,228125,-656,563,93,0,-26696,22924,3772,0,0,0,0,1,0
440,228645,-696,468,228,0,-28340,19052,9288,0,0,0,0,1,0
441,229166,-710,355,355,0,-28895,14448,14448,0,0,0,0,1,0
442,229687,-696,228,468,0,-28340,9288,19052,0,0,0,0,1,0
443,230208,-656,93,563,0,-26696,3772,22924,0,0,0,0,1,0
444,230729,-590,-46,637,0,-24025,-1890,25915,0,0,0,0,1,0
445,231250,-502,-184,686,0,-20432,-7479,27910,0,0,0,0,1,0
446,231770,-394,-314,708,0,-16053,-12780,28833,0,0,0,0,1,0
447,232291,-272,-432,704,0,-11058,-17590,28648,0,0,0,0,1,0
448,232812,-138,-534,672,0,-5637,-21724,27362,0,0,0,0,1,0
449,233333,0,-615,615,0,0,-25024,25024,0,0,0,0,1,0
450,233854,138,-672,534,0,5637,-27362,21724,0,0,0,0,1,0
451,234375,272,-704,432,0,11058,-28648,17590,0,0,0,0,1,0
452,234895,394,-708,314,0,16053,-28833,12780,0,0,0,0,1,0
453,235416,502,-686,184,0,20432,-27910,7479,0,0,0,0,1,0
454,235937,590,-637,46,0,24025,-25915,1890,0,0,0,0,1,0
455,236458,656,-563,-93,0,26696,-22924,-3772,0,0,0,0,1,0
456,236979,696,-468,-228,0,28340,-19052,-9288,0,0,0,0,1,0
457,237500,710,-355,-355,0,28895,-14448,-14448,0,0,0,0,1,0
458,238020,696,-228,-468,0,28340,-9288,-19052,0,0,0,0,1,0
459,238541,656,-93,-563,0,26696,-3772,-22924,0,0,0,0,1,0
460,239062,590,46,-637,0,24025,1890,-25915,0,0,0,0,1,0
461,239583,502,184,-686,0,20432,7479,-27910,0,0,0,0,1,0
462,240104,394,314,-708,0,16053,12780,-28833,0,0,0,0,1,0
463,240625,272,432,-704,0,11058,17590,-28648,0,0,0,0,1,0
464,241145,138,534,-672,0,5637,21724,-27362,0,0,0,0,1,0
465,241666,0,615,-615,0,0,25024,-25024,0,0,0,0,1,0
466,242187,-138,672,-534,0,-5637,27362,-21724,0,0,0,0,1,0
467,242708,-272,704,-432,0,-11058,28648,-17590,0,0,0,0,1,0
468,243229,-394,708,-314,0,-16053,28833,-12780,0,0,0,0,1,0
469,243750,-502,686,-184,0,-20432,27910,-7479,0,0,0,0,1,0
470,244270,-590,637,-46,0,-24025,25915,-1890,0,0,0,0,1,0
471,244791,-656,563,93,0,-26696,22924,3772,0,0,0,0,1,0
472,245312,-696,468,228,0,-28340,19052,9288,0,0,0,0,1,0
473,245833,-710,355,355,0,-28895,14448,14448,0,0,0,0,1,0
474,246354,-696,228,468,0,-28340,9288,19052,0,0,0,0,1,0
475,246875,-656,93,563,0,-26696,3772,22924,0,0,0,0,1,0
476,247395,-590,-46,637,0,-24025,-1890,25915,0,0,0,0,1,0
477,247916,-502,-184,686,0,-20432,-7479,27910,0,0,0,0,1,0
478,248437,-394,-314,708,0,-16053,-12780,28833,0,0,0,0,1,0
479,248958,-272,-432,704,0,-11058,-17590,28648,0,0,0,0,1,0
480,249479,-138,-534,672,0,-5637,-21724,27362,0,0,0,0,1,0
481,250000,0,-615,615,0,0,-25024,25024,0,0,0,0,1,0
482,250520,138,-672,534,0,5637,-27362,21724,0,0,0,0,1,0
483,251041,272,-704,432,0,11058,-28648,17590,0,0,0,0,1,0
484,251562,394,-708,314,0,16053,-28833,12780,0,0,0,0,1,0
485,252083,502,-686,184,0,20432,-27910,7479,0,0,0,0,1,0
486,252604,590,-637,46,0,24025,-25915,1890,0,0,0,0,1,0
487,253125,656,-563,-93,0,26696,-22924,-3772,0,0,0,0,1,0
488,253645,696,-468,-228,0,28340,-19052,-9288,0,0,0,0,1,0
489,254166,710,-355,-355,0,28895,-14448,-14448,0,0,0,0,1,0
490,254687,696,-228,-468,0,28340,-9288,-19052,0,0,0,0,1,0
491,255208,656,-93,-563,0,26696,-3772,-22924,0,0,0,0,1,0
492,255729,590,46,-637,0,24025,1890,-25915,0,0,0,0,1,0
493,256249,502,184,-686,0,20432,7479,-27910,0,0,0,0,1,0
494,256770,394,314,-708,0,16053,12780,-28833,0,0,0,0,1,0
495,257291,272,432,-704,0,11058,17590,-28648,0,0,0,0,1,0
496,257812,138,534,-672,0,5637,21724,-27362,0,0,0,0,1,0
497,258333,0,615,-615,0,0,25024,-25024,0,0,0,0,1,0
498,258854,-138,672,-534,0,-5637,27362,-21724,0,0,0,0,1,0
499,259375,-272,704,-432,0,-11058,28648,-17590,0,0,0,0,1,0
500,259895,-394,708,-314,0,-16053,28833,-12780,0,0,0,0,1,0
501,260416,-502,686,-184,0,-20432,27910,-7479,0,0,0,0,1,0
502,260937,-590,637,-46,0,-24025,25915,-1890,0,0,0,0,1,0
503,261458,-656,563,93,0,-26696,22924,3772,0,0,0,0,1,0
504,261979,-696,468,228,0,-28340,19052,9288,0,0,0,0,1,0
505,262500,-710,355,355,0,-28895,14448,14448,0,0,0,0,1,0
506,263020,-696,228,468,0,-28340,9288,19052,0,0,0,0,1,0
507,263541,-656,93,563,0,-26696,3772,22924,0,0,0,0,1,0
508,264062,-590,-46,637,0,-24025,-1890,25915,0,0,0,0,1,0
509,264583,-502,-184,686,0,-20432,-7479,27910,0,0,0,0,1,0
510,265104,-394,-314,708,0,-16053,-12780,28833,0,0,0,0,1,0
511,265625,-272,-432,704,0,-11058,-17590,28648,0,0,0,0,1,0
512,266145,-138,-534,672,0,-5637,-21724,27362,0,0,0,0,1,0
513,266666,0,-615,615,0,0,-25024,25024,0,0,0,0,1,0
514,267187,138,-672,534,0,5637,-27362,21724,0,0,0,0,1,0
515,267708,272,-704,432,0,11058,-28648,17590,0,0,0,0,1,0
516,268229,394,-708,314,0,16053,-28833,12780,0,0,0,0,1,0
517,268750,502,-686,184,0,20432,-27910,7479,0,0,0,0,1,0
518,269270,590,-637,46,0,24025,-25915,1890,0,0,0,0,1,0
519,269791,656,-563,-93,0,26696,-22924,-3772,0,0,0,0,1,0
520,270312,696,-468,-228,0,28340,-19052,-9288,0,0,0,0,1,0
521,270833,710,-355,-355,0,28895,-14448,-14448,0,0,0,0,1,0
522,271354,696,-228,-468,0,28340,-9288,-19052,0,0,0,0,1,0
523,271875,656,-93,-563,0,26696,-3772,-22924,0,0,0,0,1,0
524,272395,590,46,-637,0,24025,1890,-25915,0,0,0,0,1,0
525,272916,502,184,-686,0,20432,7479,-27910,0,0,0,0,1,0
526,273437,394,314,-708,0,16053,12780,-28833,0,0,0,0,1,0
527,273958,272,432,-704,0,11058,17590,-28648,0,0,0,0,1,0
528,274479,138,534,-672,0,5637,21724,-27362,0,0,0,0,1,0
529,275000,0,615,-615,0,0,25024,-25024,0,0,0,0,1,0
530,275520,-138,672,-534,0,-5637,27362,-21724,0,0,0,0,1,0
531,276041,-272,704,-432,0,-11058,28648,-17590,0,0,0,0,1,0
532,276562,-394,708,-314,0,-16053,28833,-12780,0,0,0,0,1,0
533,277083,-502,686,-184,0,-20432,27910,-7479,0,0,0,0,1,0
534,277604,-590,637,-46,0,-24025,25915,-1890,0,0,0,0,1,0
535,278125,-656,563,93,0,-26696,22924,3772,0,0,0,0,1,0
536,278645,-696,468,228,0,-28340,19052,9288,0,0,0,0,1,0
537,279166,-710,355,355,0,-28895,14448,14448,0,0,0,0,1,0
538,279687,-696,228,468,0,-28340,9288,19052,0,0,0,0,1,0
539,280208,-656,93,563,0,-26696,3772,22924,0,0,0,0,1,0
540,280729,-590,-46,637,0,-24025,-1890,25915,0,0,0,0,1,0
541,281250,-502,-184,686,0,-20432,-7479,27910,0,0,0,0,1,0
542,281770,-394,-314,708,0,-16053,-12780,28833,0,0,0,0,1,0
543,282291,-272,-432,704,0,-11058,-17590,28648,0,0,0,0,1,0
544,282812,-138,-534,672,0,-5637,-21724,27362,0,0,0,0,1,0
545,283333,0,-615,615,0,0,-25024,25024,0,0,0,0,1,0
546,283854,138,-672,534,0,5637,-27362,21724,0,0,0,0,1,0
547,284375,272,-704,432,0,11058,-28648,17590,0,0,0,0,1,0
548,284895,394,-708,314,0,16053,-28833,12780,0,0,0,0,1,0
549,285416,502,-686,184,0,20432,-27910,7479,0,0,0,0,1,0
550,285937,590,-637,46,0,24025,-25915,1890,0,0,0,0,1,0
551,286458,656,-563,-93,0,26696,-22924,-3772,0,0,0,0,1,0
552,286979,696,-468,-228,0,28340,-19052,-9288,0,0,0,0,1,0
553,287500,710,-355,-355,0,28895,-14448,-14448,0,0,0,0,1,0
554,288020,696,-228,-468,0,28340,-9288,-19052,0,0,0,0,1,0
555,288541,656,-93,-563,0,26696,-3772,-22924,0,0,0,0,1,0
556,289062,590,46,-637,0,24025,1890,-25915,0,0,0,0,1,0
557,289583,502,184,-686,0,20432,7479,-27910,0,0,0,0,1,0
558,290104,394,314,-708,0,16053,12780,-28833,0,0,0,0,1,0
559,290625,272,432,-704,0,11058,17590,-28648,0,0,0,0,1,0
560,291145,138,534,-672,0,5637,21724,-27362,0,0,0,0,1,0
561,291666,0,615,-615,0,0,25024,-25024,0,0,0,0,1,0
562,292187,-138,672,-534,0,-5637,27362,-21724,0,0,0,0,1,0
563,292708,-272,704,-432,0,-11058,28648,-17590,0,0,0,0,1,0
564,293229,-394,708,-314,0,-16053,28833,-12780,0,0,0,0,1,0
565,293750,-502,686,-184,0,-20432,27910,-7479,0,0,0,0,1,0
566,294270,-590,637,-46,0,-24025,25915,-1890,0,0,0,0,1,0
567,294791,-656,563,93,0,-26696,22924,3772,0,0,0,0,1,0
568,295312,-696,468,228,0,-28340,19052,9288,0,0,0,0,1,0
569,295833,-710,355,355,0,-28895,14448,14448,0,0,0,0,1,0
570,296354,-696,228,468,0,-28340,9288,19052,0,0,0,0,1,0
571,296875,-656,93,563,0,-26696,3772,22924,0,0,0,0,1,0
572,297395,-590,-46,637,0,-24025,-1890,25915,0,0,0,0,1,0
573,297916,-502,-184,686,0,-20432,-7479,27910,0,0,0,0,1,0
574,298437,-394,-314,708,0,-16053,-12780,28833,0,0,0,0,1,0
575,298958,-272,-432,704,0,-11058,-17590,28648,0,0,0,0,1,0
576,299479,-138,-534,672,0,-5637,-21724,27362,0,0,0,0,1,0
577,300000,0,-615,615,0,0,-25024,25024,0,0,0,0,1,0
578,300520,138,-672,534,0,5637,-27362,21724,0,0,0,0,1,0
579,301041,272,-704,432,0,11058,-28648,17590,0,0,0,0,1,0
580,301562,394,-708,314,0,16053,-28833,12780,0,0,0,0,1,0
581,302083,502,-686,184,0,20432,-27910,7479,0,0,0,0,1,0
582,302604,590,-637,46,0,24025,-25915,1890,0,0,0,0,1,0
583,303125,656,-563,-93,0,26696,-22924,-3772,0,0,0,0,1,0
584,303645,696,-468,-228,0,28340,-19052,-9288,0,0,0,0,1,0
585,304166,710,-355,-355,0,28895,-14448,-14448,0,0,0,0,1,0
586,304687,696,-228,-468,0,28340,-9288,-19052,0,0,0,0,1,0
587,305208,656,-93,-563,0,26696,-3772,-22924,0,0,0,0,1,0
588,305729,590,46,-637,0,24025,1890,-25915,0,0,0,0,1,0
589,306250,502,184,-686,0,20432,7479,-27910,0,0,0,0,1,0
590,306770,394,314,-708,0,16053,12780,-28833,0,0,0,0,1,0
591,307291,272,432,-704,0,11058,17590,-28648,0,0,0,0,1,0
592,307812,138,534,-672,0,5637,21724,-27362,0,0,0,0,1,0
593,308333,0,615,-615,0,0,25024,-25024,0,0,0,0,1,0
594,308854,-138,672,-534,0,-5637,27362,-21724,0,0,0,0,1,0
595,309375,-272,704,-432,0,-11058,28648,-17590,0,0,0,0,1,0
596,309895,-394,708,-314,0,-16053,28833,-12780,0,0,0,0,1,0
597,310416,-502,686,-184,0,-20432,27910,-7479,0,0,0,0,1,0
598,310937,-590,637,-46,0,-24025,25915,-1890,0,0,0,0,1,0
599,311458,-656,563,93,0,-26696,22924,3772,0,0,0,0,1,0
600,311979,-696,468,228,0,-28340,19052,9288,0,0,0,0,1,0
601,312500,-710,355,355,0,-28895,14448,14448,0,0,0,0,1,0
602,313020,-696,228,468,0,-28340,9288,19052,0,0,0,0,1,0
603,313541,-656,93,563,0,-26696,3772,22924,0,0,0,0,1,0
604,314062,-590,-46,637,0,-24025,-1890,25915,0,0,0,0,1,0
605,314583,-502,-184,686,0,-20432,-7479,27910,0,0,0,0,1,0
606,315104,-394,-314,708,0,-16053,-12780,28833,0,0,0,0,1,0
607,315625,-272,-432,704,0,-11058,-17590,28648,0,0,0,0,1,0
608,316145,-138,-534,672,0,-5637,-21724,27362,0,0,0,0,1,0
609,316666,0,-615,615,0,0,-25024,25024,0,0,0,0,1,0
610,317187,138,-672,534,0,5637,-27362,21724,0,0,0,0,1,0
611,317708,272,-704,432,0,11058,-28648,17590,0,0,0,0,1,0
612,318229,394,-708,314,0,16053,-28833,12780,0,0,0,0,1,0
613,318750,502,-686,184,0,20432,-27910,7479,0,0,0,0,1,0
614,319270,590,-637,46,0,24025,-25915,1890,0,0,0,0,1,0
615,319791,656,-563,-93,0,26696,-22924,-3772,0,0,0,0,1,0
616,320312,696,-468,-228,0,28340,-19052,-9288,0,0,0,0,1,0
617,320833,710,-355,-355,0,28895,-14448,-14448,0,0,0,0,1,0
618,321354,696,-228,-468,0,28340,-9288,-19052,0,0,0,0,1,0
619,321875,656,-93,-563,0,26696,-3772,-22924,0,0,0,0,1,0
620,322395,590,46,-637,0,24025,1890,-25915,0,0,0,0,1,0
621,322916,502,184,-686,0,20432,7479,-27910,0,0,0,0,1,0
622,323437,394,314,-708,0,16053,12780,-28833,0,0,0,0,1,0
623,323958,272,432,-704,0,11058,17590,-28648,0,0,0,0,1,0
624,324479,138,534,-672,0,5637,21724,-27362,0,0,0,0,1,0
625,325000,0,615,-615,0,0,25024,-25024,0,0,0,0,1,0
626,325520,-138,672,-534,0,-5637,27362,-21724,0,0,0,0,1,0
627,326041,-272,704,-432,0,-11058,28648,-17590,0,0,0,0,1,0
628,326562,-394,708,-314,0,-16053,28833,-12780,0,0,0,0,1,0
629,327083,-502,686,-184,0,-20432,27910,-7479,0,0,0,0,1,0
630,327604,-590,637,-46,0,-24025,25915,-1890,0,0,0,0,1,0
631,328125,-656,563,93,0,-26696,22924,3772,0,0,0,0,1,0
632,328645,-696,468,228,0,-28340,19052,9288,0,0,0,0,1,0
633,329166,-710,355,355,0,-28895,14448,14448,0,0,0,0,1,0
634,329687,-696,228,468,0,-28340,9288,19052,0,0,0,0,1,0
635,330208,-656,93,563,0,-26696,3772,22924,0,0,0,0,1,0
636,330729,-590,-46,637,0,-24025,-1890,25915,0,0,0,0,1,0
637,331250,-502,-184,686,0,-20432,-7479,27910,0,0,0,0,1,0
638,331770,-394,-314,708,0,-16053,-12780,28833,0,0,0,0,1,0
639,332291,-272,-432,704,0,-11058,-17590,28648,0,0,0,0,1,0
640,332812,-138,-534,672,0,-5637,-21724,27362,0,0,0,0,1,0
641,333333,0,-615,615,0,0,-25024,25024,0,0,0,0,1,0
642,333854,138,-672,534,0,5637,-27362,21724,0,0,0,0,1,0
643,334375,272,-704,432,0,11058,-28648,17590,0,0,0,0,1,0
644,334895,394,-708,314,0,16053,-28833,12780,0,0,0,0,1,0
645,335416,502,-686,184,0,20432,-27910,7479,0,0,0,0,1,0
646,335937,590,-637,46,0,24025,-25915,1890,0,0,0,0,1,0
647,336458,656,-563,-93,0,26696,-22924,-3772,0,0,0,0,1,0
648,336979,696,-468,-228,0,28340,-19052,-9288,0,0,0,0,1,0
649,337500,710,-355,-355,0,28895,-14448,-14448,0,0,0,0,1,0
650,338020,696,-228,-468,0,28340,-9288,-19052,0,0,0,0,1,0
651,338541,656,-93,-563,0,26696,-3772,-22924,0,0,0,0,1,0
652,339062,590,46,-637,0,24025,1890,-25915,0,0,0,0,1,0
653,339583,502,184,-686,0,20432,7479,-27910,0,0,0,0,1,0
654,340104,394,314,-708,0,16053,12780,-28833,0,0,0,0,1,0
655,340625,272,432,-704,0,11058,17590,-28648,0,0,0,0,1,0
656,341145,138,534,-672,0,5637,21724,-27362,0,0,0,0,1,0
657,341666,0,615,-615,0,0,25024,-25024,0,0,0,0,1,0
658,342187,-138,672,-534,0,-5637,27362,-21724,0,0,0,0,1,0
659,342708,-272,704,-432,0,-11058,28648,-17590,0,0,0,0,1,0
660,343229,-394,708,-314,0,-16053,28833,-12780,0,0,0,0,1,0
661,343750,-502,686,-184,0,-20432,27910,-7479,0,0,0,0,1,0
662,344270,-590,637,-46,0,-24025,25915,-1890,0,0,0,0,1,0
663,344791,-656,563,93,0,-26696,22924,3772,0,0,0,0,1,0
664,345312,-696,468,228,0,-28340,19052,9288,0,0,0,0,1,0
665,345833,-710,355,355,0,-28895,14448,14448,0,0,0,0,1,0
666,346354,-696,228,468,0,-28340,9288,19052,0,0,0,0,1,0
667,346875,-656,93,563,0,-26696,3772,22924,0,0,0,0,1,0
668,347395,-590,-46,637,0,-24025,-1890,25915,0,0,0,0,1,0
669,347916,-502,-184,686,0,-20432,-7479,27910,0,0,0,0,1,0
670,348437,-394,-314,708,0,-16053,-12780,28833,0,0,0,0,1,0
671,348958,-272,-432,704,0,-11058,-17590,28648,0,0,0,0,1,0
672,349479,-138,-534,672,0,-5637,-21724,27362,0,0,0,0,1,0
673,350000,0,-615,615,0,0,-25024,25024,0,0,0,0,1,0
674,350520,138,-672,534,0,5637,-27362,21724,0,0,0,0,1,0
675,351041,272,-704,432,0,11058,-28648,17590,0,0,0,0,1,0
676,351562,394,-708,314,0,16053,-28833,12780,0,0,0,0,1,0
677,352083,502,-686,184,0,20432,-27910,7479,0,0,0,0,1,0
678,352604,590,-637,46,0,24025,-25915,1890,0,0,0,0,1,0
679,353125,656,-563,-93,0,26696,-22924,-3772,0,0,0,0,1,0
680,353645,696,-468,-228,0,28340,-19052,-9288,0,0,0,0,1,0
681,354166,710,-355,-355,0,28895,-14448,-14448,0,0,0,0,1,0
682,354687,696,-228,-468,0,28340,-9288,-19052,0,0,0,0,1,0
683,355208,656,-93,-563,0,26696,-3772,-22924,0,0,0,0,1,0
684,355729,590,46,-637,0,24025,1890,-25915,0,0,0,0,1,0
685,356250,502,184,-686,0,20432,7479,-27910,0,0,0,0,1,0
686,356770,394,314,-708,0,16053,12780,-28833,0,0,0,0,1,0
687,357291,272,432,-704,0,11058,17590,-28648,0,0,0,0,1,0
688,357812,138,534,-672,0,5637,21724,-27362,0,0,0,0,1,0
689,358333,0,615,-615,0,0,25024,-25024,0,0,0,0,1,0
690,358854,-138,672,-534,0,-5637,27362,-21724,0,0,0,0,1,0
691,359375,-272,704,-432,0,-11058,28648,-17590,0,0,0,0,1,0
692,359895,-394,708,-314,0,-16053,28833,-12780,0,0,0,0,1,0
693,360416,-502,686,-184,0,-20432,27910,-7479,0,0,0,0,1,0
694,360937,-590,637,-46,0,-24025,25915,-1890,0,0,0,0,1,0
695,361458,-656,563,93,0,-26696,22924,3772,0,0,0,0,1,0
696,361979,-696,468,228,0,-28340,19052,9288,0,0,0,0,1,0
697,362500,-710,355,355,0,-28895,14448,14448,0,0,0,0,1,0
698,363020,-696,228,468,0,-28340,9288,19052,0,0,0,0,1,0
699,363541,-656,93,563,0,-26696,3772,22924,0,0,0,0,1,0
700,364062,-590,-46,637,0,-24025,-1890,25915,0,0,0,0,1,0
701,364583,-502,-184,686,0,-20432,-7479,27910,0,0,0,0,1,0
702,365104,-394,-314,708,0,-16053,-12780,28833,0,0,0,0,1,0
703,365625,-272,-432,704,0,-11058,-17590,28648,0,0,0,0,1,0
704,366145,-138,-534,672,0,-5637,-21724,27362,0,0,0,0,1,0
705,366666,0,-615,615,0,0,-25024,25024,0,0,0,0,1,0
706,367187,138,-672,534,0,5637,-27362,21724,0,0,0,0,1,0
707,367708,272,-704,432,0,11058,-28648,17590,0,0,0,0,1,0
708,368229,394,-708,314,0,16053,-28833,12780,0,0,0,0,1,0
709,368750,502,-686,184,0,20432,-27910,7479,0,0,0,0,1,0
710,369270,590,-637,46,0,24025,-25915,1890,0,0,0,0,1,0
711,369791,656,-563,-93,0,26696,-22924,-3772,0,0,0,0,1,0
712,370312,696,-468,-228,0,28340,-19052,-9288,0,0,0,0,1,0
713,370833,710,-355,-355,0,28895,-14448,-14448,0,0,0,0,1,0
714,371354,696,-228,-468,0,28340,-9288,-19052,0,0,0,0,1,0
715,371875,656,-93,-563,0,26696,-3772,-22924,0,0,0,0,1,0
716,372395,590,46,-637,0,24025,1890,-25915,0,0,0,0,1,0
717,372916,502,184,-686,0,20432,7479,-27910,0,0,0,0,1,0
718,373437,394,314,-708,0,16053,12780,-28833,0,0,0,0,1,0
719,373958,272,432,-704,0,11058,17590,-28648,0,0,0,0,1,0
720,374479,138,534,-672,0,5637,21724,-27362,0,0,0,0,1,0
721,375000,0,615,-615,0,0,25024,-25024,0,0,0,0,1,0
