1,0,0,-423,423,0,0,-23513,23513,0,0,0,0,1,0
2,260,48,-445,397,0,2661,-24731,22069,0,0,0,0,1,0
3,520,95,-462,367,0,5297,-25710,20413,0,0,0,0,1,0
4,781,142,-475,334,0,7881,-26442,18560,0,0,0,0,1,0
5,1041,187,-484,297,0,10390,-26918,16528,0,0,0,0,1,0
6,1302,230,-488,258,0,12799,-27136,14337,0,0,0,0,1,0
7,1562,271,-487,216,0,15084,-27093,12008,0,0,0,0,1,0
8,1822,310,-481,172,0,17224,-26788,9564,0,0,0,0,1,0
9,2083,345,-471,126,0,19198,-26226,7027,0,0,0,0,1,0
10,2343,377,-457,79,0,20988,-25411,4423,0,0,0,0,1,0
11,2604,406,-438,32,0,22575,-24351,1776,0,0,0,0,1,0
12,2864,430,-414,-16,0,23945,-23056,-888,0,0,0,0,1,0
13,3125,451,-387,-64,0,25084,-21540,-3544,0,0,0,0,1,0
14,3385,467,-356,-111,0,25982,-19816,-6165,0,0,0,0,1,0
15,3645,479,-322,-157,0,26629,-17902,-8727,0,0,0,0,1,0
16,3906,486,-284,-201,0,27020,-15815,-11205,0,0,0,0,1,0
17,4166,488,-244,-244,0,27151,-13575,-13575,0,0,0,0,1,0
18,4427,486,-201,-284,0,27020,-11205,-15815,0,0,0,0,1,0
19,4687,479,-157,-322,0,26629,-8727,-17902,0,0,0,0,1,0
20,4947,467,-111,-356,0,25982,-6165,-19816,0,0,0,0,1,0
21,5208,451,-64,-387,0,25084,-3544,-21540,0,0,0,0,1,0
22,5468,430,-16,-414,0,23945,-888,-23056,0,0,0,0,1,0
23,5729,406,32,-438,0,22575,1776,-24351,0,0,0,0,1,0
24,5989,377,79,-457,0,20988,4423,-25411,0,0,0,0,1,0
25,6250,345,126,-471,0,19198,7027,-26226,0,0,0,0,1,0
26,6510,310,172,-481,0,17224,9564,-26788,0,0,0,0,1,0
27,6770,271,216,-487,0,15084,12008,-27093,0,0,0,0,1,0
28,7031,230,258,-488,0,12799,14337,-27136,0,0,0,0,1,0
29,7291,187,297,-484,0,10390,16528,-26918,0,0,0,0,1,0
30,7552,142,334,-475,0,7881,18560,-26442,0,0,0,0,1,0
31,7812,95,367,-462,0,5297,20413,-25710,0,0,0,0,1,0
32,8072,48,397,-445,0,2661,22069,-24731,0,0,0,0,1,0
33,8333,0,423,-423,0,0,23513,-23513,0,0,0,0,1,0
34,8593,-48,445,-397,0,-2661,24731,-22069,0,0,0,0,1,0
35,8854,-95,462,-367,0,-5297,25710,-20413,0,0,0,0,1,0
36,9114,-142,475,-334,0,-7881,26442,-18560,0,0,0,0,1,0
37,9375,-187,484,-297,0,-10390,26918,-16528,0,0,0,0,1,0
38,9635,-230,488,-258,0,-12799,27136,-14337,0,0,0,0,1,0
39,9895,-271,487,-216,0,-15084,27093,-12008,0,0,0,0,1,0
40,10156,-310,481,-172,0,-17224,26788,-9564,0,0,0,0,1,0
41,10416,-345,471,-126,0,-19198,26226,-7027,0,0,0,0,1,0
42,10677,-377,457,-79,0,-20988,25411,-4423,0,0,0,0,1,0
43,10937,-406,438,-32,0,-22575,24351,-1776,0,0,0,0,1,0
44,11197,-430,414,16,0,-23945,23056,888,0,0,0,0,1,0
45,11458,-451,387,64,0,-25084,21540,3544,0,0,0,0,1,0
46,11718,-467,356,111,0,-25982,19816,6165,0,0,0,0,1,0
47,11979,-479,322,157,0,-26629,17902,8727,0,0,0,0,1,0
48,12239,-486,284,201,0,-27020,15815,11205,0,0,0,0,1,0
49,12500,-488,244,244,0,-27151,13575,13575,0,0,0,0,1,0
50,12760,-486,201,284,0,-27020,11205,15815,0,0,0,0,1,0
51,13020,-479,157,322,0,-26629,8727,17902,0,0,0,0,1,0
52,13281,-467,111,356,0,-25982,6165,19816,0,0,0,0,1,0
53,13541,-451,64,387,0,-25084,3544,21540,0,0,0,0,1,0
54,13802,-430,16,414,0,-23945,888,23056,0,0,0,0,1,0
55,14062,-406,-32,438,0,-22575,-1776,24351,0,0,0,0,1,0
56,14322,-377,-79,457,0,-20988,-4423,25411,0,0,0,0,1,0
57,14583,-345,-126,471,0,-19198,-7027,26226,0,0,0,0,1,0
58,14843,-310,-172,481,0,-17224,-9564,26788,0,0,0,0,1,0
59,15104,-271,-216,487,0,-15084,-12008,27093,0,0,0,0,1,0
60,15364,-230,-258,488,0,-12799,-14337,27136,0,0,0,0,1,0
61,15625,-187,-297,484,0,-10390,-16528,26918,0,0,0,0,1,0
62,15885,-142,-334,475,0,-7881,-18560,26442,0,0,0,0,1,0
63,16145,-95,-367,462,0,-5297,-20413,25710,0,0,0,0,1,0
64,16406,-48,-397,445,0,-2661,-22069,24731,0,0,0,0,1,0
65,16666,0,-423,423,0,0,-23513,23513,0,0,0,0,1,0
66,16927,48,-445,397,0,2661,-24731,22069,0,0,0,0,1,0
67,17187,95,-462,367,0,5297,-25710,20413,0,0,0,0,1,0
68,17447,142,-475,334,0,7881,-26442,18560,0,0,0,0,1,0
69,17708,187,-484,297,0,10390,-26918,16528,0,0,0,0,1,0
70,17968,230,-488,258,0,12799,-27136,14337,0,0,0,0,1,0
71,18229,271,-487,216,0,15084,-27093,12008,0,0,0,0,1,0
72,18489,310,-481,172,0,17224,-26788,9564,0,0,0,0,1,0
73,18750,345,-471,126,0,19198,-26226,7027,0,0,0,0,1,0
74,19010,377,-457,79,0,20988,-25411,4423,0,0,0,0,1,0
75,19270,406,-438,32,0,22575,-24351,1776,0,0,0,0,1,0
76,19531,430,-414,-16,0,23945,-23056,-888,0,0,0,0,1,0
77,19791,451,-387,-64,0,25084,-21540,-3544,0,0,0,0,1,0
78,20052,467,-356,-111,0,25982,-19816,-6165,0,0,0,0,1,0
79,20312,479,-322,-157,0,26629,-17902,-8727,0,0,0,0,1,0
80,20572,486,-284,-201,0,27020,-15815,-11205,0,0,0,0,1,0
81,20833,488,-244,-244,0,27151,-13575,-13575,0,0,0,0,1,0
82,21093,486,-201,-284,0,27020,-11205,-15815,0,0,0,0,1,0
83,21354,479,-157,-322,0,26629,-8727,-17902,0,0,0,0,1,0
84,21614,467,-111,-356,0,25982,-6165,-19816,0,0,0,0,1,0
85,21875,451,-64,-387,0,25084,-3544,-21540,0,0,0,0,1,0
86,22135,430,-16,-414,0,23945,-888,-23056,0,0,0,0,1,0
87,22395,406,32,-438,0,22575,1776,-24351,0,0,0,0,1,0
88,22656,377,79,-457,0,20988,4423,-25411,0,0,0,0,1,0
89,22916,345,126,-471,0,19198,7027,-26226,0,0,0,0,1,0
90,23177,310,172,-481,0,17224,9564,-26788,0,0,0,0,1,0
91,23437,271,216,-487,0,15084,12008,-27093,0,0,0,0,1,0
92,23697,230,258,-488,0,12799,14337,-27136,0,0,0,0,1,0
93,23958,187,297,-484,0,10390,16528,-26918,0,0,0,0,1,0
94,24218,142,334,-475,0,7881,18560,-26442,0,0,0,0,1,0
95,24479,95,367,-462,0,5297,20413,-25710,0,0,0,0,1,0
96,24739,48,397,-445,0,2661,22069,-24731,0,0,0,0,1,0
97,25000,0,423,-423,0,0,23513,-23513,0,0,0,0,1,0
98,25260,-48,445,-397,0,-2661,24731,-22069,0,0,0,0,1,0
99,25520,-95,462,-367,0,-5297,25710,-20413,0,0,0,0,1,0
100,25781,-142,475,-334,0,-7881,26442,-18560,0,0,0,0,1,0
101,26041,-187,484,-297,0,-10390,26918,-16528,0,0,0,0,1,0
102,26302,-230,488,-258,0,-12799,27136,-14337,0,0,0,0,1,0
103,26562,-271,487,-216,0,-15084,27093,-12008,0,0,0,0,1,0
104,26822,-310,481,-172,0,-17224,26788,-9564,0,0,0,0,1,0
105,27083,-345,471,-126,0,-19198,26226,-7027,0,0,0,0,1,0
106,27343,-377,457,-79,0,-20988,25411,-4423,0,0,0,0,1,0
107,27604,-406,438,-32,0,-22575,24351,-1776,0,0,0,0,1,0
108,27864,-430,414,16,0,-23945,23056,888,0,0,0,0,1,0
109,28125,-451,387,64,0,-25084,21540,3544,0,0,0,0,1,0
110,28385,-467,356,111,0,-25982,19816,6165,0,0,0,0,1,0
111,28645,-479,322,157,0,-26629,17902,8727,0,0,0,0,1,0
112,28906,-486,284,201,0,-27020,15815,11205,0,0,0,0,1,0
113,29166,-488,244,244,0,-27151,13575,13575,0,0,0,0,1,0
114,29427,-486,201,284,0,-27020,11205,15815,0,0,0,0,1,0
115,29687,-479,157,322,0,-26629,8727,17902,0,0,0,0,1,0
116,29947,-467,111,356,0,-25982,6165,19816,0,0,0,0,1,0
117,30208,-451,64,387,0,-25084,3544,21540,0,0,0,0,1,0
118,30468,-430,16,414,0,-23945,888,23056,0,0,0,0,1,0
119,30729,-406,-32,438,0,-22575,-1776,24351,0,0,0,0,1,0
120,30989,-377,-79,457,0,-20988,-4423,25411,0,0,0,0,1,0
121,31250,-345,-126,471,0,-19198,-7027,26226,0,0,0,0,1,0
122,31510,-310,-172,481,0,-17224,-9564,26788,0,0,0,0,1,0
123,31770,-271,-216,487,0,-15084,-12008,27093,0,0,0,0,1,0
124,32031,-230,-258,488,0,-12799,-14337,27136,0,0,0,0,1,0
125,32291,-187,-297,484,0,-10390,-16528,26918,0,0,0,0,1,0
126,32552,-142,-334,475,0,-7881,-18560,26442,0,0,0,0,1,0
127,32812,-95,-367,462,0,-5297,-20413,25710,0,0,0,0,1,0
128,33072,-48,-397,445,0,-2661,-22069,24731,0,0,0,0,1,0
129,33333,0,-423,423,0,0,-23513,23513,0,0,0,0,1,0
130,33593,48,-445,397,0,2661,-24731,22069,0,0,0,0,1,0
131,33854,95,-462,367,0,5297,-25710,20413,0,0,0,0,1,0
132,34114,142,-475,334,0,7881,-26442,18560,0,0,0,0,1,0
133,34375,187,-484,297,0,10390,-26918,16528,0,0,0,0,1,0
134,34635,230,-488,258,0,12799,-27136,14337,0,0,0,0,1,0
135,34895,271,-487,216,0,15084,-27093,12008,0,0,0,0,1,0
136,35156,310,-481,172,0,17224,-26788,9564,0,0,0,0,1,0
137,35416,345,-471,126,0,19198,-26226,7027,0,0,0,0,1,0
138,35677,377,-457,79,0,20988,-25411,4423,0,0,0,0,1,0
139,35937,406,-438,32,0,22575,-24351,1776,0,0,0,0,1,0
140,36197,430,-414,-16,0,23945,-23056,-888,0,0,0,0,1,0
141,36458,451,-387,-64,0,25084,-21540,-3544,0,0,0,0,1,0
142,36718,467,-356,-111,0,25982,-19816,-6165,0,0,0,0,1,0
143,36979,479,-322,-157,0,26629,-17902,-8727,0,0,0,0,1,0
144,37239,486,-284,-201,0,27020,-15815,-11205,0,0,0,0,1,0
145,37500,488,-244,-244,0,27151,-13575,-13575,0,0,0,0,1,0
146,37760,486,-201,-284,0,27020,-11205,-15815,0,0,0,0,1,0
147,38020,479,-157,-322,0,26629,-8727,-17902,0,0,0,0,1,0
148,38281,467,-111,-356,0,25982,-6165,-19816,0,0,0,0,1,0
149,38541,451,-64,-387,0,25084,-3544,-21540,0,0,0,0,1,0
150,38802,430,-16,-414,0,23945,-888,-23056,0,0,0,0,1,0
151,39062,406,32,-438,0,22575,1776,-24351,0,0,0,0,1,0
152,39322,377,79,-457,0,20988,4423,-25411,0,0,0,0,1,0
153,39583,345,126,-471,0,19198,7027,-26226,0,0,0,0,1,0
154,39843,310,172,-481,0,17224,9564,-26788,0,0,0,0,1,0
155,40104,271,216,-487,0,15084,12008,-27093,0,0,0,0,1,0
156,40364,230,258,-488,0,12799,14337,-27136,0,0,0,0,1,0
157,40625,187,297,-484,0,10390,16528,-26918,0,0,0,0,1,0
158,40885,142,334,-475,0,7881,18560,-26442,0,0,0,0,1,0
159,41145,95,367,-462,0,5297,20413,-25710,0,0,0,0,1,0
160,41406,48,397,-445,0,2661,22069,-24731,0,0,0,0,1,0
161,41666,0,423,-423,0,0,23513,-23513,0,0,0,0,1,0
162,41927,-48,445,-397,0,-2661,24731,-22069,0,0,0,0,1,0
163,42187,-95,462,-367,0,-5297,25710,-20413,0,0,0,0,1,0
164,42447,-142,475,-334,0,-7881,26442,-18560,0,0,0,0,1,0
165,42708,-187,484,-297,0,-10390,26918,-16528,0,0,0,0,1,0
166,42968,-230,488,-258,0,-12799,27136,-14337,0,0,0,0,1,0
167,43229,-271,487,-216,0,-15084,27093,-12008,0,0,0,0,1,0
168,43489,-310,481,-172,0,-17224,26788,-9564,0,0,0,0,1,0
169,43750,-345,471,-126,0,-19198,26226,-7027,0,0,0,0,1,0
170,44010,-377,457,-79,0,-20988,25411,-4423,0,0,0,0,1,0
171,44270,-406,438,-32,0,-22575,24351,-1776,0,0,0,0,1,0
172,44531,-430,414,16,0,-23945,23056,888,0,0,0,0,1,0
173,44791,-451,387,64,0,-25084,21540,3544,0,0,0,0,1,0
174,45052,-467,356,111,0,-25982,19816,6165,0,0,0,0,1,0
175,45312,-479,322,157,0,-26629,17902,8727,0,0,0,0,1,0
176,45572,-486,284,201,0,-27020,15815,11205,0,0,0,0,1,0
177,45833,-488,244,244,0,-27151,13575,13575,0,0,0,0,1,0
178,46093,-486,201,284,0,-27020,11205,15815,0,0,0,0,1,0
179,46354,-479,157,322,0,-26629,8727,17902,0,0,0,0,1,0
180,46614,-467,111,356,0,-25982,6165,19816,0,0,0,0,1,0
181,46875,-451,64,387,0,-25084,3544,21540,0,0,0,0,1,0
182,47135,-430,16,414,0,-23945,888,23056,0,0,0,0,1,0
183,47395,-406,-32,438,0,-22575,-1776,24351,0,0,0,0,1,0
184,47656,-377,-79,457,0,-20988,-4423,25411,0,0,0,0,1,0
185,47916,-345,-126,471,0,-19198,-7027,26226,0,0,0,0,1,0
186,48177,-310,-172,481,0,-17224,-9564,26788,0,0,0,0,1,0
187,48437,-271,-216,487,0,-15084,-12008,27093,0,0,0,0,1,0
188,48697,-230,-258,488,0,-12799,-14337,27136,0,0,0,0,1,0
189,48958,-187,-297,484,0,-10390,-16528,26918,0,0,0,0,1,0
190,49218,-142,-334,475,0,-7881,-18560,26442,0,0,0,0,1,0
191,49479,-95,-367,462,0,-5297,-20413,25710,0,0,0,0,1,0
192,49739,-48,-397,445,0,-2661,-22069,24731,0,0,0,0,1,0
193,50000,16284,-14102,423,2605,0,-2351,27040,0,1,0,0,1,0
194,50260,17755,-13126,397,5026,213,-2473,25380,0,1,0,0,1,0
195,50520,19169,-12073,367,7463,424,-2571,23475,0,1,0,0,1,0
196,50781,20512,-10952,334,9894,631,-2644,21344,0,1,0,0,1,0
197,51041,21770,-9773,297,12293,831,-2692,19008,0,1,0,0,1,0
198,51302,22929,-8549,258,14638,1024,-2714,16488,0,1,0,0,1,0
199,51562,23978,-7289,216,16905,1207,-2709,13810,0,1,0,0,1,0
200,51822,24904,-6005,172,19071,1378,-2679,10998,0,1,0,0,1,0
201,52083,25699,-4710,126,21115,1536,-2623,8081,0,1,0,0,1,0
202,52343,26353,-3416,79,23017,1679,-2541,5086,0,1,0,0,1,0
203,52604,26859,-2134,32,24758,1806,-2435,2042,0,1,0,0,1,0
204,52864,27212,-876,-16,26320,1916,-2306,-1022,0,1,0,0,1,0
205,53125,27406,346,-64,27688,2007,-2154,-4075,0,1,0,0,1,0
206,53385,27439,1520,-111,28848,2079,-1982,-7090,0,1,0,0,1,0
207,53645,27309,2636,-157,29788,2130,-1790,-10036,0,1,0,0,1,0
208,53906,27018,3683,-201,30500,2162,-1581,-12886,0,1,0,0,1,0
209,54166,26566,4653,-244,30974,2172,-1358,-15612,0,1,0,0,1,0
210,54427,25956,5535,-284,31207,2162,-1121,-18187,0,1,0,0,1,0
211,54687,25195,6321,-322,31195,2130,-873,-20587,0,1,0,0,1,0
212,54947,24288,7006,-356,30938,2079,-617,-22789,0,1,0,0,1,0
213,55208,23243,7581,-387,30438,2007,-354,-24771,0,1,0,0,1,0
214,55468,22070,8043,-414,29699,1916,-89,-26515,0,1,0,0,1,0
215,55729,20777,8388,-438,28727,1806,178,-28003,0,1,0,0,1,0
216,55989,19378,8611,-457,27533,1679,442,-29222,0,1,0,0,1,0
217,56250,17885,8712,-471,26126,1536,703,-30159,0,1,0,0,1,0
218,56510,16311,8690,-481,24519,1378,956,-30806,0,1,0,0,1,0
219,56770,14670,8546,-487,22728,1207,1201,-31157,0,1,0,0,1,0
220,57031,12977,8281,-488,20770,1024,1434,-31207,0,1,0,0,1,0
221,57291,11248,7898,-484,18662,831,1653,-30956,0,1,0,0,1,0
222,57552,9499,7401,-475,16424,631,1856,-30408,0,1,0,0,1,0
223,57812,7745,6796,-462,14079,424,2041,-29566,0,1,0,0,1,0
224,58072,6003,6088,-445,11646,213,2207,-28440,0,1,0,0,1,0
225,58333,4288,5286,-423,9151,0,2351,-27040,0,1,0,0,1,0
226,58593,2616,4396,-397,6615,-213,2473,-25380,0,1,0,0,1,0
227,58854,1003,3428,-367,4064,-424,2571,-23475,0,1,0,0,1,0
228,59114,-537,2391,-334,1520,-631,2644,-21344,0,1,0,0,1,0
229,59375,-1990,1296,-297,-991,-831,2692,-19008,0,1,0,0,1,0
230,59635,-3342,154,-258,-3446,-1024,2714,-16488,0,1,0,0,1,0
231,59895,-4582,-1024,-216,-5822,-1207,2709,-13810,0,1,0,0,1,0
232,60156,-5698,-2226,-172,-8096,-1378,2679,-10998,0,1,0,0,1,0
233,60416,-6681,-3440,-126,-10247,-1536,2623,-8081,0,1,0,0,1,0
234,60677,-7521,-4655,-79,-12256,-1679,2541,-5086,0,1,0,0,1,0
235,60937,-8211,-5859,-32,-14101,-1806,2435,-2042,0,1,0,0,1,0
236,61197,-8745,-7038,16,-15768,-1916,2306,1022,0,1,0,0,1,0
237,61458,-9120,-8182,64,-17239,-2007,2154,4075,0,1,0,0,1,0
238,61718,-9332,-9280,111,-18501,-2079,1982,7090,0,1,0,0,1,0
239,61979,-9379,-10320,157,-19542,-2130,1790,10036,0,1,0,0,1,0
240,62239,-9262,-11293,201,-20354,-2162,1581,12886,0,1,0,0,1,0
241,62500,-8984,-12188,244,-20927,-2172,1358,15612,0,1,0,0,1,0
242,62760,-8546,-12996,284,-21258,-2162,1121,18187,0,1,0,0,1,0
243,63020,-7955,-13710,322,-21343,-2130,873,20587,0,1,0,0,1,0
244,63281,-7217,-14322,356,-21183,-2079,617,22789,0,1,0,0,1,0
245,63541,-6339,-14826,387,-20778,-2007,354,24771,0,1,0,0,1,0
246,63802,-5330,-15218,414,-20133,-1916,89,26515,0,1,0,0,1,0
247,64062,-4201,-15492,438,-19255,-1806,-178,28003,0,1,0,0,1,0
248,64322,-2964,-15646,457,-18153,-1679,-442,29222,0,1,0,0,1,0
249,64583,-1631,-15678,471,-16838,-1536,-703,30159,0,1,0,0,1,0
250,64843,-216,-15588,481,-15322,-1378,-956,30806,0,1,0,0,1,0
251,65104,1268,-15376,487,-13621,-1207,-1201,31157,0,1,0,0,1,0
252,65364,2805,-15044,488,-11752,-1024,-1434,31207,0,1,0,0,1,0
253,65625,4380,-14595,484,-9732,-831,-1653,30956,0,1,0,0,1,0
254,65885,5976,-14033,475,-7582,-631,-1856,30408,0,1,0,0,1,0
255,66145,7579,-13363,462,-5322,-424,-2041,29566,0,1,0,0,1,0
256,66406,9172,-12591,445,-2975,-213,-2207,28440,0,1,0,0,1,0
257,66666,10738,-11725,423,-564,0,-2351,27040,0,1,0,0,1,0
258,66927,12263,-10772,397,1887,213,-2473,25380,0,1,0,0,1,0
259,67187,13731,-9742,367,4356,424,-2571,23475,0,1,0,0,1,0
260,67447,15127,-8644,334,6817,631,-2644,21344,0,1,0,0,1,0
261,67708,16437,-7488,297,9246,831,-2692,19008,0,1,0,0,1,0
262,67968,17649,-6286,258,11621,1024,-2714,16488,0,1,0,0,1,0
263,68229,18749,-5048,216,13917,1207,-2709,13810,0,1,0,0,1,0
264,68489,19726,-3786,172,16112,1378,-2679,10998,0,1,0,0,1,0
265,68750,20572,-2513,126,18185,1536,-2623,8081,0,1,0,0,1,0
266,69010,21276,-1240,79,20116,1679,-2541,5086,0,1,0,0,1,0
267,69270,21832,21,32,21885,1806,-2435,2042,0,1,0,0,1,0
268,69531,22233,1258,-16,23475,1916,-2306,-1022,0,1,0,0,1,0
269,69791,22476,2458,-64,24871,2007,-2154,-4075,0,1,0,0,1,0
270,70052,22557,3612,-111,26058,2079,-1982,-7090,0,1,0,0,1,0
271,70312,22475,4708,-157,27026,2130,-1790,-10036,0,1,0,0,1,0
272,70572,22231,5735,-201,27764,2162,-1581,-12886,0,1,0,0,1,0
273,70833,21826,6684,-244,28265,2172,-1358,-15612,0,1,0,0,1,0
274,71093,21263,7546,-284,28525,2162,-1121,-18187,0,1,0,0,1,0
275,71354,20547,8313,-322,28539,2130,-873,-20587,0,1,0,0,1,0
276,71614,19686,8978,-356,28308,2079,-617,-22789,0,1,0,0,1,0
277,71875,18686,9535,-387,27833,2007,-354,-24771,0,1,0,0,1,0
278,72135,17557,9978,-414,27120,1916,-89,-26515,0,1,0,0,1,0
279,72395,16309,10303,-438,26174,1806,178,-28003,0,1,0,0,1,0
280,72656,14953,10508,-457,25004,1679,442,-29222,0,1,0,0,1,0
281,72916,13503,10590,-471,23622,1536,703,-30159,0,1,0,0,1,0
282,73177,11971,10550,-481,22040,1378,956,-30806,0,1,0,0,1,0
283,73437,10373,10387,-487,20273,1207,1201,-31157,0,1,0,0,1,0
284,73697,8722,10104,-488,18339,1024,1434,-31207,0,1,0,0,1,0
285,73958,7035,9703,-484,16254,831,1653,-30956,0,1,0,0,1,0
286,74218,5327,9189,-475,14040,631,1856,-30408,0,1,0,0,1,0
287,74479,3614,8566,-462,11718,424,2041,-29566,0,1,0,0,1,0
288,74739,1912,7842,-445,9309,213,2207,-28440,0,1,0,0,1,0
289,75000,237,7022,-423,6836,0,2351,-27040,0,1,0,0,1,0
290,75260,-1395,6115,-397,4323,-213,2473,-25380,0,1,0,0,1,0
291,75520,0,0,0,0,0,0,0,1,0,0,0,0,0
292,75781,0,0,0,0,0,0,0,1,0,0,0,0,0
293,76041,0,0,0,0,0,0,0,1,0,0,0,0,0
294,76302,0,0,0,0,0,0,0,1,0,0,0,0,0
295,76562,0,0,0,0,0,0,0,1,0,0,0,0,0
296,76822,0,0,0,0,0,0,0,1,0,0,0,0,0
297,77083,0,0,0,0,0,0,0,1,0,0,0,0,0
298,77343,0,0,0,0,0,0,0,1,0,0,0,0,0
299,77604,0,0,0,0,0,0,0,1,0,0,0,0,0
300,77864,0,0,0,0,0,0,0,1,0,0,0,0,0
301,78125,0,0,0,0,0,0,0,1,0,0,0,0,0
302,78385,0,0,0,0,0,0,0,1,0,0,0,0,0
303,78645,0,0,0,0,0,0,0,1,0,0,0,0,0
304,78906,0,0,0,0,0,0,0,1,0,0,0,0,0
305,79166,0,0,0,0,0,0,0,1,0,0,0,0,0
306,79427,0,0,0,0,0,0,0,1,0,0,0,0,0
307,79687,0,0,0,0,0,0,0,1,0,0,0,0,0
308,79947,0,0,0,0,0,0,0,1,0,0,0,0,0
309,80208,0,0,0,0,0,0,0,1,0,0,0,0,0
310,80468,0,0,0,0,0,0,0,1,0,0,0,0,0
311,80729,0,0,0,0,0,0,0,1,0,0,0,0,0
312,80989,0,0,0,0,0,0,0,1,0,0,0,0,0
313,81250,0,0,0,0,0,0,0,1,0,0,0,0,0
314,81510,0,0,0,0,0,0,0,1,0,0,0,0,0
315,81770,0,0,0,0,0,0,0,1,0,0,0,0,0
316,82031,0,0,0,0,0,0,0,1,0,0,0,0,0
317,82291,0,0,0,0,0,0,0,1,0,0,0,0,0
318,82552,0,0,0,0,0,0,0,1,0,0,0,0,0
319,82812,0,0,0,0,0,0,0,1,0,0,0,0,0
320,83072,0,0,0,0,0,0,0,1,0,0,0,0,0
321,83333,0,0,0,0,0,0,0,1,0,0,0,0,0
322,83593,0,0,0,0,0,0,0,1,0,0,0,0,0
323,83854,0,0,0,0,0,0,0,1,0,0,0,0,0
324,84114,0,0,0,0,0,0,0,1,0,0,0,0,0
325,84375,0,0,0,0,0,0,0,1,0,0,0,0,0
326,84635,0,0,0,0,0,0,0,1,0,0,0,0,0
327,84895,0,0,0,0,0,0,0,1,0,0,0,0,0
328,85156,0,0,0,0,0,0,0,1,0,0,0,0,0
329,85416,0,0,0,0,0,0,0,1,0,0,0,0,0
330,85677,0,0,0,0,0,0,0,1,0,0,0,0,0
331,85937,0,0,0,0,0,0,0,1,0,0,0,0,0
332,86197,0,0,0,0,0,0,0,1,0,0,0,0,0
333,86458,0,0,0,0,0,0,0,1,0,0,0,0,0
334,86718,0,0,0,0,0,0,0,1,0,0,0,0,0
335,86979,0,0,0,0,0,0,0,1,0,0,0,0,0
336,87239,0,0,0,0,0,0,0,1,0,0,0,0,0
337,87500,0,0,0,0,0,0,0,1,0,0,0,0,0
338,87760,0,0,0,0,0,0,0,1,0,0,0,0,0
339,88020,0,0,0,0,0,0,0,1,0,0,0,0,0
340,88281,0,0,0,0,0,0,0,1,0,0,0,0,0
341,88541,0,0,0,0,0,0,0,1,0,0,0,0,0
342,88802,0,0,0,0,0,0,0,1,0,0,0,0,0
343,89062,0,0,0,0,0,0,0,1,0,0,0,0,0
344,89322,0,0,0,0,0,0,0,1,0,0,0,0,0
345,89583,0,0,0,0,0,0,0,1,0,0,0,0,0
346,89843,0,0,0,0,0,0,0,1,0,0,0,0,0
347,90104,0,0,0,0,0,0,0,1,0,0,0,0,0
348,90364,0,0,0,0,0,0,0,1,0,0,0,0,0
349,90625,0,0,0,0,0,0,0,1,0,0,0,0,0
350,90885,0,0,0,0,0,0,0,1,0,0,0,0,0
351,91145,0,0,0,0,0,0,0,1,0,0,0,0,0
352,91406,0,0,0,0,0,0,0,1,0,0,0,0,0
353,91666,0,0,0,0,0,0,0,1,0,0,0,0,0
354,91927,0,0,0,0,0,0,0,1,0,0,0,0,0
355,92187,0,0,0,0,0,0,0,1,0,0,0,0,0
356,92447,0,0,0,0,0,0,0,1,0,0,0,0,0
357,92708,0,0,0,0,0,0,0,1,0,0,0,0,0
358,92968,0,0,0,0,0,0,0,1,0,0,0,0,0
359,93229,0,0,0,0,0,0,0,1,0,0,0,0,0
360,93489,0,0,0,0,0,0,0,1,0,0,0,0,0
361,93750,0,0,0,0,0,0,0,1,0,0,0,0,0
362,94010,0,0,0,0,0,0,0,1,0,0,0,0,0
363,94270,0,0,0,0,0,0,0,1,0,0,0,0,0
364,94531,0,0,0,0,0,0,0,1,0,0,0,0,0
365,94791,0,0,0,0,0,0,0,1,0,0,0,0,0
366,95052,0,0,0,0,0,0,0,1,0,0,0,0,0
367,95312,0,0,0,0,0,0,0,1,0,0,0,0,0
368,95572,0,0,0,0,0,0,0,1,0,0,0,0,0
369,95833,0,0,0,0,0,0,0,1,0,0,0,0,0
370,96093,0,0,0,0,0,0,0,1,0,0,0,0,0
371,96354,0,0,0,0,0,0,0,1,0,0,0,0,0
372,96614,0,0,0,0,0,0,0,1,0,0,0,0,0
373,96875,0,0,0,0,0,0,0,1,0,0,0,0,0
374,97135,0,0,0,0,0,0,0,1,0,0,0,0,0
375,97395,0,0,0,0,0,0,0,1,0,0,0,0,0
376,97656,0,0,0,0,0,0,0,1,0,0,0,0,0
377,97916,0,0,0,0,0,0,0,1,0,0,0,0,0
378,98177,0,0,0,0,0,0,0,1,0,0,0,0,0
379,98437,0,0,0,0,0,0,0,1,0,0,0,0,0
380,98697,0,0,0,0,0,0,0,1,0,0,0,0,0
381,98958,0,0,0,0,0,0,0,1,0,0,0,0,0
382,99218,0,0,0,0,0,0,0,1,0,0,0,0,0
383,99479,0,0,0,0,0,0,0,1,0,0,0,0,0
384,99739,0,0,0,0,0,0,0,1,0,0,0,0,0
385,100000,0,0,0,0,0,0,0,1,0,0,0,0,0
386,100260,0,0,0,0,0,0,0,1,0,0,0,0,0
387,100520,0,0,0,0,0,0,0,1,0,0,0,0,0
388,100781,0,0,0,0,0,0,0,1,0,0,0,0,0
389,101041,0,0,0,0,0,0,0,1,0,0,0,0,0
390,101302,0,0,0,0,0,0,0,1,0,0,0,0,0
391,101562,0,0,0,0,0,0,0,1,0,0,0,0,0
392,101822,0,0,0,0,0,0,0,1,0,0,0,0,0
393,102083,0,0,0,0,0,0,0,1,0,0,0,0,0
394,102343,0,0,0,0,0,0,0,1,0,0,0,0,0
395,102604,0,0,0,0,0,0,0,1,0,0,0,0,0
396,102864,0,0,0,0,0,0,0,1,0,0,0,0,0
397,103125,0,0,0,0,0,0,0,1,0,0,0,0,0
398,103385,0,0,0,0,0,0,0,1,0,0,0,0,0
399,103645,0,0,0,0,0,0,0,1,0,0,0,0,0
400,103906,0,0,0,0,0,0,0,1,0,0,0,0,0
401,104166,0,0,0,0,0,0,0,1,0,0,0,0,0
402,104427,0,0,0,0,0,0,0,1,0,0,0,0,0
403,104687,0,0,0,0,0,0,0,1,0,0,0,0,0
404,104947,0,0,0,0,0,0,0,1,0,0,0,0,0
405,105208,0,0,0,0,0,0,0,1,0,0,0,0,0
406,105468,0,0,0,0,0,0,0,1,0,0,0,0,0
407,105729,0,0,0,0,0,0,0,1,0,0,0,0,0
408,105989,0,0,0,0,0,0,0,1,0,0,0,0,0
409,106250,0,0,0,0,0,0,0,1,0,0,0,0,0
410,106510,0,0,0,0,0,0,0,1,0,0,0,0,0
411,106770,0,0,0,0,0,0,0,1,0,0,0,0,0
412,107031,0,0,0,0,0,0,0,1,0,0,0,0,0
413,107291,0,0,0,0,0,0,0,1,0,0,0,0,0
414,107552,0,0,0,0,0,0,0,1,0,0,0,0,0
415,107812,0,0,0,0,0,0,0,1,0,0,0,0,0
416,108072,0,0,0,0,0,0,0,1,0,0,0,0,0
417,108333,0,0,0,0,0,0,0,1,0,0,0,0,0
418,108593,0,0,0,0,0,0,0,1,0,0,0,0,0
419,108854,0,0,0,0,0,0,0,1,0,0,0,0,0
420,109114,0,0,0,0,0,0,0,1,0,0,0,0,0
421,109375,0,0,0,0,0,0,0,1,0,0,0,0,0
422,109635,0,0,0,0,0,0,0,1,0,0,0,0,0
423,109895,0,0,0,0,0,0,0,1,0,0,0,0,0
424,110156,0,0,0,0,0,0,0,1,0,0,0,0,0
425,110416,0,0,0,0,0,0,0,1,0,0,0,0,0
426,110677,0,0,0,0,0,0,0,1,0,0,0,0,0
427,110937,0,0,0,0,0,0,0,1,0,0,0,0,0
428,111197,0,0,0,0,0,0,0,1,0,0,0,0,0
429,111458,0,0,0,0,0,0,0,1,0,0,0,0,0
430,111718,0,0,0,0,0,0,0,1,0,0,0,0,0
431,111979,0,0,0,0,0,0,0,1,0,0,0,0,0
432,112239,0,0,0,0,0,0,0,1,0,0,0,0,0
433,112500,0,0,0,0,0,0,0,1,0,0,0,0,0
434,112760,0,0,0,0,0,0,0,1,0,0,0,0,0
435,113020,0,0,0,0,0,0,0,1,0,0,0,0,0
436,113281,0,0,0,0,0,0,0,1,0,0,0,0,0
437,113541,0,0,0,0,0,0,0,1,0,0,0,0,0
438,113802,0,0,0,0,0,0,0,1,0,0,0,0,0
439,114062,0,0,0,0,0,0,0,1,0,0,0,0,0
440,114322,0,0,0,0,0,0,0,1,0,0,0,0,0
441,114583,0,0,0,0,0,0,0,1,0,0,0,0,0
442,114843,0,0,0,0,0,0,0,1,0,0,0,0,0
443,115104,0,0,0,0,0,0,0,1,0,0,0,0,0
444,115364,0,0,0,0,0,0,0,1,0,0,0,0,0
445,115625,0,0,0,0,0,0,0,1,0,0,0,0,0
446,115885,0,0,0,0,0,0,0,1,0,0,0,0,0
447,116145,0,0,0,0,0,0,0,1,0,0,0,0,0
448,116406,0,0,0,0,0,0,0,1,0,0,0,0,0
449,116666,0,0,0,0,0,0,0,1,0,0,0,0,0
450,116927,0,0,0,0,0,0,0,1,0,0,0,0,0
451,117187,0,0,0,0,0,0,0,1,0,0,0,0,0
452,117447,0,0,0,0,0,0,0,1,0,0,0,0,0
453,117708,0,0,0,0,0,0,0,1,0,0,0,0,0
454,117968,0,0,0,0,0,0,0,1,0,0,0,0,0
455,118229,0,0,0,0,0,0,0,1,0,0,0,0,0
456,118489,0,0,0,0,0,0,0,1,0,0,0,0,0
457,118750,0,0,0,0,0,0,0,1,0,0,0,0,0
458,119010,0,0,0,0,0,0,0,1,0,0,0,0,0
459,119270,0,0,0,0,0,0,0,1,0,0,0,0,0
460,119531,0,0,0,0,0,0,0,1,0,0,0,0,0
461,119791,0,0,0,0,0,0,0,1,0,0,0,0,0
462,120052,0,0,0,0,0,0,0,1,0,0,0,0,0
463,120312,0,0,0,0,0,0,0,1,0,0,0,0,0
464,120572,0,0,0,0,0,0,0,1,0,0,0,0,0
465,120833,0,0,0,0,0,0,0,1,0,0,0,0,0
466,121093,0,0,0,0,0,0,0,1,0,0,0,0,0
467,121354,0,0,0,0,0,0,0,1,0,0,0,0,0
468,121614,0,0,0,0,0,0,0,1,0,0,0,0,0
469,121875,0,0,0,0,0,0,0,1,0,0,0,0,0
470,122135,0,0,0,0,0,0,0,1,0,0,0,0,0
471,122395,0,0,0,0,0,0,0,1,0,0,0,0,0
472,122656,0,0,0,0,0,0,0,1,0,0,0,0,0
473,122916,0,0,0,0,0,0,0,1,0,0,0,0,0
474,123177,0,0,0,0,0,0,0,1,0,0,0,0,0
475,123437,0,0,0,0,0,0,0,1,0,0,0,0,0
476,123697,0,0,0,0,0,0,0,1,0,0,0,0,0
477,123958,0,0,0,0,0,0,0,1,0,0,0,0,0
478,124218,0,0,0,0,0,0,0,1,0,0,0,0,0
479,124479,0,0,0,0,0,0,0,1,0,0,0,0,0
480,124739,0,0,0,0,0,0,0,1,0,0,0,0,0
481,125000,0,0,0,0,0,0,0,1,0,0,0,0,0
482,125260,0,0,0,0,0,0,0,1,0,0,0,0,0
483,125520,0,0,0,0,0,0,0,1,0,0,0,0,0
484,125781,0,0,0,0,0,0,0,1,0,0,0,0,0
485,126041,0,0,0,0,0,0,0,1,0,0,0,0,0
486,126302,0,0,0,0,0,0,0,1,0,0,0,0,0
487,126562,0,0,0,0,0,0,0,1,0,0,0,0,0
488,126822,0,0,0,0,0,0,0,1,0,0,0,0,0
489,127083,0,0,0,0,0,0,0,1,0,0,0,0,0
490,127343,0,0,0,0,0,0,0,1,0,0,0,0,0
491,127604,0,0,0,0,0,0,0,1,0,0,0,0,0
492,127864,0,0,0,0,0,0,0,1,0,0,0,0,0
493,128124,0,0,0,0,0,0,0,1,0,0,0,0,0
494,128385,0,0,0,0,0,0,0,1,0,0,0,0,0
495,128645,0,0,0,0,0,0,0,1,0,0,0,0,0
496,128906,0,0,0,0,0,0,0,1,0,0,0,0,0
497,129166,0,0,0,0,0,0,0,1,0,0,0,0,0
498,129427,0,0,0,0,0,0,0,1,0,0,0,0,0
499,129687,0,0,0,0,0,0,0,1,0,0,0,0,0
500,129947,0,0,0,0,0,0,0,1,0,0,0,0,0
501,130208,0,0,0,0,0,0,0,1,0,0,0,0,0
502,130468,0,0,0,0,0,0,0,1,0,0,0,0,0
503,130729,0,0,0,0,0,0,0,1,0,0,0,0,0
504,130989,0,0,0,0,0,0,0,1,0,0,0,0,0
505,131250,0,0,0,0,0,0,0,1,0,0,0,0,0
506,131510,0,0,0,0,0,0,0,1,0,0,0,0,0
507,131770,0,0,0,0,0,0,0,1,0,0,0,0,0
508,132031,0,0,0,0,0,0,0,1,0,0,0,0,0
509,132291,0,0,0,0,0,0,0,1,0,0,0,0,0
510,132552,0,0,0,0,0,0,0,1,0,0,0,0,0
511,132812,0,0,0,0,0,0,0,1,0,0,0,0,0
512,133072,0,0,0,0,0,0,0,1,0,0,0,0,0
513,133333,0,0,0,0,0,0,0,1,0,0,0,0,0
514,133593,0,0,0,0,0,0,0,1,0,0,0,0,0
515,133854,0,0,0,0,0,0,0,1,0,0,0,0,0
516,134114,0,0,0,0,0,0,0,1,0,0,0,0,0
517,134375,0,0,0,0,0,0,0,1,0,0,0,0,0
518,134635,0,0,0,0,0,0,0,1,0,0,0,0,0
519,134895,0,0,0,0,0,0,0,1,0,0,0,0,0
520,135156,0,0,0,0,0,0,0,1,0,0,0,0,0
521,135416,0,0,0,0,0,0,0,1,0,0,0,0,0
522,135677,0,0,0,0,0,0,0,1,0,0,0,0,0
523,135937,0,0,0,0,0,0,0,1,0,0,0,0,0
524,136197,0,0,0,0,0,0,0,1,0,0,0,0,0
525,136458,0,0,0,0,0,0,0,1,0,0,0,0,0
526,136718,0,0,0,0,0,0,0,1,0,0,0,0,0
527,136979,0,0,0,0,0,0,0,1,0,0,0,0,0
528,137239,0,0,0,0,0,0,0,1,0,0,0,0,0
529,137500,0,0,0,0,0,0,0,1,0,0,0,0,0
530,137760,0,0,0,0,0,0,0,1,0,0,0,0,0
531,138020,0,0,0,0,0,0,0,1,0,0,0,0,0
532,138281,0,0,0,0,0,0,0,1,0,0,0,0,0
533,138541,0,0,0,0,0,0,0,1,0,0,0,0,0
534,138802,0,0,0,0,0,0,0,1,0,0,0,0,0
535,139062,0,0,0,0,0,0,0,1,0,0,0,0,0
536,139322,0,0,0,0,0,0,0,1,0,0,0,0,0
537,139583,0,0,0,0,0,0,0,1,0,0,0,0,0
538,139843,0,0,0,0,0,0,0,1,0,0,0,0,0
539,140104,0,0,0,0,0,0,0,1,0,0,0,0,0
540,140364,0,0,0,0,0,0,0,1,0,0,0,0,0
541,140625,0,0,0,0,0,0,0,1,0,0,0,0,0
542,140885,0,0,0,0,0,0,0,1,0,0,0,0,0
543,141145,0,0,0,0,0,0,0,1,0,0,0,0,0
544,141406,0,0,0,0,0,0,0,1,0,0,0,0,0
545,141666,0,0,0,0,0,0,0,1,0,0,0,0,0
546,141927,0,0,0,0,0,0,0,1,0,0,0,0,0
547,142187,0,0,0,0,0,0,0,1,0,0,0,0,0
548,142447,0,0,0,0,0,0,0,1,0,0,0,0,0
549,142708,0,0,0,0,0,0,0,1,0,0,0,0,0
550,142968,0,0,0,0,0,0,0,1,0,0,0,0,0
551,143229,0,0,0,0,0,0,0,1,0,0,0,0,0
552,143489,0,0,0,0,0,0,0,1,0,0,0,0,0
553,143750,0,0,0,0,0,0,0,1,0,0,0,0,0
554,144010,0,0,0,0,0,0,0,1,0,0,0,0,0
555,144270,0,0,0,0,0,0,0,1,0,0,0,0,0
556,144531,0,0,0,0,0,0,0,1,0,0,0,0,0
557,144791,0,0,0,0,0,0,0,1,0,0,0,0,0
558,145052,0,0,0,0,0,0,0,1,0,0,0,0,0
559,145312,0,0,0,0,0,0,0,1,0,0,0,0,0
560,145572,0,0,0,0,0,0,0,1,0,0,0,0,0
561,145833,0,0,0,0,0,0,0,1,0,0,0,0,0
562,146093,0,0,0,0,0,0,0,1,0,0,0,0,0
563,146354,0,0,0,0,0,0,0,1,0,0,0,0,0
564,146614,0,0,0,0,0,0,0,1,0,0,0,0,0
565,146875,0,0,0,0,0,0,0,1,0,0,0,0,0
566,147135,0,0,0,0,0,0,0,1,0,0,0,0,0
567,147395,0,0,0,0,0,0,0,1,0,0,0,0,0
568,147656,0,0,0,0,0,0,0,1,0,0,0,0,0
569,147916,0,0,0,0,0,0,0,1,0,0,0,0,0
570,148177,0,0,0,0,0,0,0,1,0,0,0,0,0
571,148437,0,0,0,0,0,0,0,1,0,0,0,0,0
572,148697,0,0,0,0,0,0,0,1,0,0,0,0,0
573,148958,0,0,0,0,0,0,0,1,0,0,0,0,0
574,149218,0,0,0,0,0,0,0,1,0,0,0,0,0
575,149479,0,0,0,0,0,0,0,1,0,0,0,0,0
576,149739,0,0,0,0,0,0,0,1,0,0,0,0,0
577,150000,0,0,0,0,0,0,0,1,0,0,0,0,0
578,150260,0,0,0,0,0,0,0,1,0,0,0,0,0
579,150520,0,0,0,0,0,0,0,1,0,0,0,0,0
580,150781,0,0,0,0,0,0,0,1,0,0,0,0,0
581,151041,0,0,0,0,0,0,0,1,0,0,0,0,0
582,151302,0,0,0,0,0,0,0,1,0,0,0,0,0
583,151562,0,0,0,0,0,0,0,1,0,0,0,0,0
584,151822,0,0,0,0,0,0,0,1,0,0,0,0,0
585,152083,0,0,0,0,0,0,0,1,0,0,0,0,0
586,152343,0,0,0,0,0,0,0,1,0,0,0,0,0
587,152604,0,0,0,0,0,0,0,1,0,0,0,0,0
588,152864,0,0,0,0,0,0,0,1,0,0,0,0,0
589,153125,0,0,0,0,0,0,0,1,0,0,0,0,0
590,153385,0,0,0,0,0,0,0,1,0,0,0,0,0
591,153645,0,0,0,0,0,0,0,1,0,0,0,0,0
592,153906,0,0,0,0,0,0,0,1,0,0,0,0,0
593,154166,0,0,0,0,0,0,0,1,0,0,0,0,0
594,154427,0,0,0,0,0,0,0,1,0,0,0,0,0
595,154687,0,0,0,0,0,0,0,1,0,0,0,0,0
596,154947,0,0,0,0,0,0,0,1,0,0,0,0,0
597,155208,0,0,0,0,0,0,0,1,0,0,0,0,0
598,155468,0,0,0,0,0,0,0,1,0,0,0,0,0
599,155729,0,0,0,0,0,0,0,1,0,0,0,0,0
600,155989,0,0,0,0,0,0,0,1,0,0,0,0,0
601,156250,0,0,0,0,0,0,0,1,0,0,0,0,0
602,156510,0,0,0,0,0,0,0,1,0,0,0,0,0
603,156770,0,0,0,0,0,0,0,1,0,0,0,0,0
604,157031,0,0,0,0,0,0,0,1,0,0,0,0,0
605,157291,0,0,0,0,0,0,0,1,0,0,0,0,0
606,157552,0,0,0,0,0,0,0,1,0,0,0,0,0
607,157812,0,0,0,0,0,0,0,1,0,0,0,0,0
608,158072,0,0,0,0,0,0,0,1,0,0,0,0,0
609,158333,0,0,0,0,0,0,0,1,0,0,0,0,0
610,158593,0,0,0,0,0,0,0,1,0,0,0,0,0
611,158854,0,0,0,0,0,0,0,1,0,0,0,0,0
612,159114,0,0,0,0,0,0,0,1,0,0,0,0,0
613,159375,0,0,0,0,0,0,0,1,0,0,0,0,0
614,159635,0,0,0,0,0,0,0,1,0,0,0,0,0
615,159895,0,0,0,0,0,0,0,1,0,0,0,0,0
616,160156,0,0,0,0,0,0,0,1,0,0,0,0,0
617,160416,0,0,0,0,0,0,0,1,0,0,0,0,0
618,160677,0,0,0,0,0,0,0,1,0,0,0,0,0
619,160937,0,0,0,0,0,0,0,1,0,0,0,0,0
620,161197,0,0,0,0,0,0,0,1,0,0,0,0,0
621,161458,0,0,0,0,0,0,0,1,0,0,0,0,0
622,161718,0,0,0,0,0,0,0,1,0,0,0,0,0
623,161979,0,0,0,0,0,0,0,1,0,0,0,0,0
624,162239,0,0,0,0,0,0,0,1,0,0,0,0,0
625,162500,0,0,0,0,0,0,0,1,0,0,0,0,0
626,162760,0,0,0,0,0,0,0,1,0,0,0,0,0
627,163020,0,0,0,0,0,0,0,1,0,0,0,0,0
628,163281,0,0,0,0,0,0,0,1,0,0,0,0,0
629,163541,0,0,0,0,0,0,0,1,0,0,0,0,0
630,163802,0,0,0,0,0,0,0,1,0,0,0,0,0
631,164062,0,0,0,0,0,0,0,1,0,0,0,0,0
632,164322,0,0,0,0,0,0,0,1,0,0,0,0,0
633,164583,0,0,0,0,0,0,0,1,0,0,0,0,0
634,164843,0,0,0,0,0,0,0,1,0,0,0,0,0
635,165104,0,0,0,0,0,0,0,1,0,0,0,0,0
636,165364,0,0,0,0,0,0,0,1,0,0,0,0,0
637,165625,0,0,0,0,0,0,0,1,0,0,0,0,0
638,165885,0,0,0,0,0,0,0,1,0,0,0,0,0
639,166145,0,0,0,0,0,0,0,1,0,0,0,0,0
640,166406,0,0,0,0,0,0,0,1,0,0,0,0,0
641,166666,0,0,0,0,0,0,0,1,0,0,0,0,0
642,166927,0,0,0,0,0,0,0,1,0,0,0,0,0
643,167187,0,0,0,0,0,0,0,1,0,0,0,0,0
644,167447,0,0,0,0,0,0,0,1,0,0,0,0,0
645,167708,0,0,0,0,0,0,0,1,0,0,0,0,0
646,167968,0,0,0,0,0,0,0,1,0,0,0,0,0
647,168229,0,0,0,0,0,0,0,1,0,0,0,0,0
648,168489,0,0,0,0,0,0,0,1,0,0,0,0,0
649,168750,0,0,0,0,0,0,0,1,0,0,0,0,0
650,169010,0,0,0,0,0,0,0,1,0,0,0,0,0
651,169270,0,0,0,0,0,0,0,1,0,0,0,0,0
652,169531,0,0,0,0,0,0,0,1,0,0,0,0,0
653,169791,0,0,0,0,0,0,0,1,0,0,0,0,0
654,170052,0,0,0,0,0,0,0,1,0,0,0,0,0
655,170312,0,0,0,0,0,0,0,1,0,0,0,0,0
656,170572,0,0,0,0,0,0,0,1,0,0,0,0,0
657,170833,0,0,0,0,0,0,0,1,0,0,0,0,0
658,171093,0,0,0,0,0,0,0,1,0,0,0,0,0
659,171354,0,0,0,0,0,0,0,1,0,0,0,0,0
660,171614,0,0,0,0,0,0,0,1,0,0,0,0,0
661,171875,0,0,0,0,0,0,0,1,0,0,0,0,0
662,172135,0,0,0,0,0,0,0,1,0,0,0,0,0
663,172395,0,0,0,0,0,0,0,1,0,0,0,0,0
664,172656,0,0,0,0,0,0,0,1,0,0,0,0,0
665,172916,0,0,0,0,0,0,0,1,0,0,0,0,0
666,173177,0,0,0,0,0,0,0,1,0,0,0,0,0
667,173437,0,0,0,0,0,0,0,1,0,0,0,0,0
668,173697,0,0,0,0,0,0,0,1,0,0,0,0,0
669,173958,0,0,0,0,0,0,0,1,0,0,0,0,0
670,174218,0,0,0,0,0,0,0,1,0,0,0,0,0
671,174479,0,0,0,0,0,0,0,1,0,0,0,0,0
672,174739,0,0,0,0,0,0,0,1,0,0,0,0,0
673,175000,0,0,0,0,0,0,0,1,0,0,0,0,0
674,175260,0,0,0,0,0,0,0,1,0,0,0,0,0
675,175520,0,0,0,0,0,0,0,1,0,0,0,0,0
676,175781,0,0,0,0,0,0,0,1,0,0,0,0,0
677,176041,0,0,0,0,0,0,0,1,0,0,0,0,0
678,176302,0,0,0,0,0,0,0,1,0,0,0,0,0
679,176562,0,0,0,0,0,0,0,1,0,0,0,0,0
680,176822,0,0,0,0,0,0,0,1,0,0,0,0,0
681,177083,0,0,0,0,0,0,0,1,0,0,0,0,0
682,177343,0,0,0,0,0,0,0,1,0,0,0,0,0
683,177604,0,0,0,0,0,0,0,1,0,0,0,0,0
684,177864,0,0,0,0,0,0,0,1,0,0,0,0,0
685,178125,0,0,0,0,0,0,0,1,0,0,0,0,0
686,178385,0,0,0,0,0,0,0,1,0,0,0,0,0
687,178645,0,0,0,0,0,0,0,1,0,0,0,0,0
688,178906,0,0,0,0,0,0,0,1,0,0,0,0,0
689,179166,0,0,0,0,0,0,0,1,0,0,0,0,0
690,179427,0,0,0,0,0,0,0,1,0,0,0,0,0
691,179687,0,0,0,0,0,0,0,1,0,0,0,0,0
692,179947,0,0,0,0,0,0,0,1,0,0,0,0,0
693,180208,0,0,0,0,0,0,0,1,0,0,0,0,0
694,180468,0,0,0,0,0,0,0,1,0,0,0,0,0
695,180729,0,0,0,0,0,0,0,1,0,0,0,0,0
696,180989,0,0,0,0,0,0,0,1,0,0,0,0,0
697,181250,0,0,0,0,0,0,0,1,0,0,0,0,0
698,181510,0,0,0,0,0,0,0,1,0,0,0,0,0
699,181770,0,0,0,0,0,0,0,1,0,0,0,0,0
700,182031,0,0,0,0,0,0,0,1,0,0,0,0,0
701,182291,0,0,0,0,0,0,0,1,0,0,0,0,0
702,182552,0,0,0,0,0,0,0,1,0,0,0,0,0
703,182812,0,0,0,0,0,0,0,1,0,0,0,0,0
704,183072,0,0,0,0,0,0,0,1,0,0,0,0,0
705,183333,0,0,0,0,0,0,0,1,0,0,0,0,0
706,183593,0,0,0,0,0,0,0,1,0,0,0,0,0
707,183854,0,0,0,0,0,0,0,1,0,0,0,0,0
708,184114,0,0,0,0,0,0,0,1,0,0,0,0,0
709,184375,0,0,0,0,0,0,0,1,0,0,0,0,0
710,184635,0,0,0,0,0,0,0,1,0,0,0,0,0
711,184895,0,0,0,0,0,0,0,1,0,0,0,0,0
712,185156,0,0,0,0,0,0,0,1,0,0,0,0,0
713,185416,0,0,0,0,0,0,0,1,0,0,0,0,0
714,185677,0,0,0,0,0,0,0,1,0,0,0,0,0
715,185937,0,0,0,0,0,0,0,1,0,0,0,0,0
716,186197,0,0,0,0,0,0,0,1,0,0,0,0,0
717,186458,0,0,0,0,0,0,0,1,0,0,0,0,0
718,186718,0,0,0,0,0,0,0,1,0,0,0,0,0
719,186979,0,0,0,0,0,0,0,1,0,0,0,0,0
720,187239,0,0,0,0,0,0,0,1,0,0,0,0,0
721,187500,0,0,0,0,0,0,0,1,0,0,0,0,0
722,187760,0,0,0,0,0,0,0,1,0,0,0,0,0
723,188020,0,0,0,0,0,0,0,1,0,0,0,0,0
724,188281,0,0,0,0,0,0,0,1,0,0,0,0,0
725,188541,0,0,0,0,0,0,0,1,0,0,0,0,0
726,188802,0,0,0,0,0,0,0,1,0,0,0,0,0
727,189062,0,0,0,0,0,0,0,1,0,0,0,0,0
728,189322,0,0,0,0,0,0,0,1,0,0,0,0,0
729,189583,0,0,0,0,0,0,0,1,0,0,0,0,0
730,189843,0,0,0,0,0,0,0,1,0,0,0,0,0
731,190104,0,0,0,0,0,0,0,1,0,0,0,0,0
732,190364,0,0,0,0,0,0,0,1,0,0,0,0,0
733,190625,0,0,0,0,0,0,0,1,0,0,0,0,0
734,190885,0,0,0,0,0,0,0,1,0,0,0,0,0
735,191145,0,0,0,0,0,0,0,1,0,0,0,0,0
736,191406,0,0,0,0,0,0,0,1,0,0,0,0,0
737,191666,0,0,0,0,0,0,0,1,0,0,0,0,0
738,191927,0,0,0,0,0,0,0,1,0,0,0,0,0
739,192187,0,0,0,0,0,0,0,1,0,0,0,0,0
740,192447,0,0,0,0,0,0,0,1,0,0,0,0,0
741,192708,0,0,0,0,0,0,0,1,0,0,0,0,0
742,192968,0,0,0,0,0,0,0,1,0,0,0,0,0
743,193229,0,0,0,0,0,0,0,1,0,0,0,0,0
744,193489,0,0,0,0,0,0,0,1,0,0,0,0,0
745,193750,0,0,0,0,0,0,0,1,0,0,0,0,0
746,194010,0,0,0,0,0,0,0,1,0,0,0,0,0
747,194270,0,0,0,0,0,0,0,1,0,0,0,0,0
748,194531,0,0,0,0,0,0,0,1,0,0,0,0,0
749,194791,0,0,0,0,0,0,0,1,0,0,0,0,0
750,195052,0,0,0,0,0,0,0,1,0,0,0,0,0
751,195312,0,0,0,0,0,0,0,1,0,0,0,0,0
752,195572,0,0,0,0,0,0,0,1,0,0,0,0,0
753,195833,0,0,0,0,0,0,0,1,0,0,0,0,0
754,196093,0,0,0,0,0,0,0,1,0,0,0,0,0
755,196354,0,0,0,0,0,0,0,1,0,0,0,0,0
756,196614,0,0,0,0,0,0,0,1,0,0,0,0,0
757,196875,0,0,0,0,0,0,0,1,0,0,0,0,0
758,197135,0,0,0,0,0,0,0,1,0,0,0,0,0
759,197395,0,0,0,0,0,0,0,1,0,0,0,0,0
760,197656,0,0,0,0,0,0,0,1,0,0,0,0,0
761,197916,0,0,0,0,0,0,0,1,0,0,0,0,0
762,198177,0,0,0,0,0,0,0,1,0,0,0,0,0
763,198437,0,0,0,0,0,0,0,1,0,0,0,0,0
764,198697,0,0,0,0,0,0,0,1,0,0,0,0,0
765,198958,0,0,0,0,0,0,0,1,0,0,0,0,0
766,199218,0,0,0,0,0,0,0,1,0,0,0,0,0
767,199479,0,0,0,0,0,0,0,1,0,0,0,0,0
768,199739,0,0,0,0,0,0,0,1,0,0,0,0,0
769,200000,0,0,0,0,0,0,0,1,0,0,0,0,0
770,200260,0,0,0,0,0,0,0,1,0,0,0,0,0
771,200520,0,0,0,0,0,0,0,1,0,0,0,0,0
772,200781,0,0,0,0,0,0,0,1,0,0,0,0,0
773,201041,0,0,0,0,0,0,0,1,0,0,0,0,0
774,201302,0,0,0,0,0,0,0,1,0,0,0,0,0
775,201562,0,0,0,0,0,0,0,1,0,0,0,0,0
776,201822,0,0,0,0,0,0,0,1,0,0,0,0,0
777,202083,0,0,0,0,0,0,0,1,0,0,0,0,0
778,202343,0,0,0,0,0,0,0,1,0,0,0,0,0
779,202604,0,0,0,0,0,0,0,1,0,0,0,0,0
780,202864,0,0,0,0,0,0,0,1,0,0,0,0,0
781,203125,0,0,0,0,0,0,0,1,0,0,0,0,0
782,203385,0,0,0,0,0,0,0,1,0,0,0,0,0
783,203645,0,0,0,0,0,0,0,1,0,0,0,0,0
784,203906,0,0,0,0,0,0,0,1,0,0,0,0,0
785,204166,0,0,0,0,0,0,0,1,0,0,0,0,0
786,204427,0,0,0,0,0,0,0,1,0,0,0,0,0
787,204687,0,0,0,0,0,0,0,1,0,0,0,0,0
788,204947,0,0,0,0,0,0,0,1,0,0,0,0,0
789,205208,0,0,0,0,0,0,0,1,0,0,0,0,0
790,205468,0,0,0,0,0,0,0,1,0,0,0,0,0
791,205729,0,0,0,0,0,0,0,1,0,0,0,0,0
792,205989,0,0,0,0,0,0,0,1,0,0,0,0,0
793,206250,0,0,0,0,0,0,0,1,0,0,0,0,0
794,206510,0,0,0,0,0,0,0,1,0,0,0,0,0
795,206770,0,0,0,0,0,0,0,1,0,0,0,0,0
796,207031,0,0,0,0,0,0,0,1,0,0,0,0,0
797,207291,0,0,0,0,0,0,0,1,0,0,0,0,0
798,207552,0,0,0,0,0,0,0,1,0,0,0,0,0
799,207812,0,0,0,0,0,0,0,1,0,0,0,0,0
800,208072,0,0,0,0,0,0,0,1,0,0,0,0,0
801,208333,0,0,0,0,0,0,0,1,0,0,0,0,0
802,208593,0,0,0,0,0,0,0,1,0,0,0,0,0
803,208854,0,0,0,0,0,0,0,1,0,0,0,0,0
804,209114,0,0,0,0,0,0,0,1,0,0,0,0,0
805,209375,0,0,0,0,0,0,0,1,0,0,0,0,0
806,209635,0,0,0,0,0,0,0,1,0,0,0,0,0
807,209895,0,0,0,0,0,0,0,1,0,0,0,0,0
808,210156,0,0,0,0,0,0,0,1,0,0,0,0,0
809,210416,0,0,0,0,0,0,0,1,0,0,0,0,0
810,210677,0,0,0,0,0,0,0,1,0,0,0,0,0
811,210937,0,0,0,0,0,0,0,1,0,0,0,0,0
812,211197,0,0,0,0,0,0,0,1,0,0,0,0,0
813,211458,0,0,0,0,0,0,0,1,0,0,0,0,0
814,211718,0,0,0,0,0,0,0,1,0,0,0,0,0
815,211979,0,0,0,0,0,0,0,1,0,0,0,0,0
816,212239,0,0,0,0,0,0,0,1,0,0,0,0,0
817,212500,0,0,0,0,0,0,0,1,0,0,0,0,0
818,212760,0,0,0,0,0,0,0,1,0,0,0,0,0
819,213020,0,0,0,0,0,0,0,1,0,0,0,0,0
820,213281,0,0,0,0,0,0,0,1,0,0,0,0,0
821,213541,0,0,0,0,0,0,0,1,0,0,0,0,0
822,213802,0,0,0,0,0,0,0,1,0,0,0,0,0
823,214062,0,0,0,0,0,0,0,1,0,0,0,0,0
824,214322,0,0,0,0,0,0,0,1,0,0,0,0,0
825,214583,0,0,0,0,0,0,0,1,0,0,0,0,0
826,214843,0,0,0,0,0,0,0,1,0,0,0,0,0
827,215104,0,0,0,0,0,0,0,1,0,0,0,0,0
828,215364,0,0,0,0,0,0,0,1,0,0,0,0,0
829,215625,0,0,0,0,0,0,0,1,0,0,0,0,0
830,215885,0,0,0,0,0,0,0,1,0,0,0,0,0
831,216145,0,0,0,0,0,0,0,1,0,0,0,0,0
832,216406,0,0,0,0,0,0,0,1,0,0,0,0,0
833,216666,0,0,0,0,0,0,0,1,0,0,0,0,0
834,216927,0,0,0,0,0,0,0,1,0,0,0,0,0
835,217187,0,0,0,0,0,0,0,1,0,0,0,0,0
836,217447,0,0,0,0,0,0,0,1,0,0,0,0,0
837,217708,0,0,0,0,0,0,0,1,0,0,0,0,0
838,217968,0,0,0,0,0,0,0,1,0,0,0,0,0
839,218229,0,0,0,0,0,0,0,1,0,0,0,0,0
840,218489,0,0,0,0,0,0,0,1,0,0,0,0,0
841,218750,0,0,0,0,0,0,0,1,0,0,0,0,0
842,219010,0,0,0,0,0,0,0,1,0,0,0,0,0
843,219270,0,0,0,0,0,0,0,1,0,0,0,0,0
844,219531,0,0,0,0,0,0,0,1,0,0,0,0,0
845,219791,0,0,0,0,0,0,0,1,0,0,0,0,0
846,220052,0,0,0,0,0,0,0,1,0,0,0,0,0
847,220312,0,0,0,0,0,0,0,1,0,0,0,0,0
848,220572,0,0,0,0,0,0,0,1,0,0,0,0,0
849,220833,0,0,0,0,0,0,0,1,0,0,0,0,0
850,221093,0,0,0,0,0,0,0,1,0,0,0,0,0
851,221354,0,0,0,0,0,0,0,1,0,0,0,0,0
852,221614,0,0,0,0,0,0,0,1,0,0,0,0,0
853,221875,0,0,0,0,0,0,0,1,0,0,0,0,0
854,222135,0,0,0,0,0,0,0,1,0,0,0,0,0
855,222395,0,0,0,0,0,0,0,1,0,0,0,0,0
856,222656,0,0,0,0,0,0,0,1,0,0,0,0,0
857,222916,0,0,0,0,0,0,0,1,0,0,0,0,0
858,223177,0,0,0,0,0,0,0,1,0,0,0,0,0
859,223437,0,0,0,0,0,0,0,1,0,0,0,0,0
860,223697,0,0,0,0,0,0,0,1,0,0,0,0,0
861,223958,0,0,0,0,0,0,0,1,0,0,0,0,0
862,224218,0,0,0,0,0,0,0,1,0,0,0,0,0
863,224479,0,0,0,0,0,0,0,1,0,0,0,0,0
864,224739,0,0,0,0,0,0,0,1,0,0,0,0,0
865,225000,0,0,0,0,0,0,0,1,0,0,0,0,0
866,225260,0,0,0,0,0,0,0,1,0,0,0,0,0
867,225520,0,0,0,0,0,0,0,1,0,0,0,0,0
868,225781,0,0,0,0,0,0,0,1,0,0,0,0,0
869,226041,0,0,0,0,0,0,0,1,0,0,0,0,0
870,226302,0,0,0,0,0,0,0,1,0,0,0,0,0
871,226562,0,0,0,0,0,0,0,1,0,0,0,0,0
872,226822,0,0,0,0,0,0,0,1,0,0,0,0,0
873,227083,0,0,0,0,0,0,0,1,0,0,0,0,0
874,227343,0,0,0,0,0,0,0,1,0,0,0,0,0
875,227604,0,0,0,0,0,0,0,1,0,0,0,0,0
876,227864,0,0,0,0,0,0,0,1,0,0,0,0,0
877,228125,0,0,0,0,0,0,0,1,0,0,0,0,0
878,228385,0,0,0,0,0,0,0,1,0,0,0,0,0
879,228645,0,0,0,0,0,0,0,1,0,0,0,0,0
880,228906,0,0,0,0,0,0,0,1,0,0,0,0,0
881,229166,0,0,0,0,0,0,0,1,0,0,0,0,0
882,229427,0,0,0,0,0,0,0,1,0,0,0,0,0
883,229687,0,0,0,0,0,0,0,1,0,0,0,0,0
884,229947,0,0,0,0,0,0,0,1,0,0,0,0,0
885,230208,0,0,0,0,0,0,0,1,0,0,0,0,0
886,230468,0,0,0,0,0,0,0,1,0,0,0,0,0
887,230729,0,0,0,0,0,0,0,1,0,0,0,0,0
888,230989,0,0,0,0,0,0,0,1,0,0,0,0,0
889,231250,0,0,0,0,0,0,0,1,0,0,0,0,0
890,231510,0,0,0,0,0,0,0,1,0,0,0,0,0
891,231770,0,0,0,0,0,0,0,1,0,0,0,0,0
892,232031,0,0,0,0,0,0,0,1,0,0,0,0,0
893,232291,0,0,0,0,0,0,0,1,0,0,0,0,0
894,232552,0,0,0,0,0,0,0,1,0,0,0,0,0
895,232812,0,0,0,0,0,0,0,1,0,0,0,0,0
896,233072,0,0,0,0,0,0,0,1,0,0,0,0,0
897,233333,0,0,0,0,0,0,0,1,0,0,0,0,0
898,233593,0,0,0,0,0,0,0,1,0,0,0,0,0
899,233854,0,0,0,0,0,0,0,1,0,0,0,0,0
900,234114,0,0,0,0,0,0,0,1,0,0,0,0,0
901,234375,0,0,0,0,0,0,0,1,0,0,0,0,0
902,234635,0,0,0,0,0,0,0,1,0,0,0,0,0
903,234895,0,0,0,0,0,0,0,1,0,0,0,0,0
904,235156,0,0,0,0,0,0,0,1,0,0,0,0,0
905,235416,0,0,0,0,0,0,0,1,0,0,0,0,0
906,235677,0,0,0,0,0,0,0,1,0,0,0,0,0
907,235937,0,0,0,0,0,0,0,1,0,0,0,0,0
908,236197,0,0,0,0,0,0,0,1,0,0,0,0,0
909,236458,0,0,0,0,0,0,0,1,0,0,0,0,0
910,236718,0,0,0,0,0,0,0,1,0,0,0,0,0
911,236979,0,0,0,0,0,0,0,1,0,0,0,0,0
912,237239,0,0,0,0,0,0,0,1,0,0,0,0,0
913,237500,0,0,0,0,0,0,0,1,0,0,0,0,0
914,237760,0,0,0,0,0,0,0,1,0,0,0,0,0
915,238020,0,0,0,0,0,0,0,1,0,0,0,0,0
916,238281,0,0,0,0,0,0,0,1,0,0,0,0,0
917,238541,0,0,0,0,0,0,0,1,0,0,0,0,0
918,238802,0,0,0,0,0,0,0,1,0,0,0,0,0
919,239062,0,0,0,0,0,0,0,1,0,0,0,0,0
920,239322,0,0,0,0,0,0,0,1,0,0,0,0,0
921,239583,0,0,0,0,0,0,0,1,0,0,0,0,0
922,239843,0,0,0,0,0,0,0,1,0,0,0,0,0
923,240104,0,0,0,0,0,0,0,1,0,0,0,0,0
924,240364,0,0,0,0,0,0,0,1,0,0,0,0,0
925,240625,0,0,0,0,0,0,0,1,0,0,0,0,0
926,240885,0,0,0,0,0,0,0,1,0,0,0,0,0
927,241145,0,0,0,0,0,0,0,1,0,0,0,0,0
928,241406,0,0,0,0,0,0,0,1,0,0,0,0,0
929,241666,0,0,0,0,0,0,0,1,0,0,0,0,0
930,241927,0,0,0,0,0,0,0,1,0,0,0,0,0
931,242187,0,0,0,0,0,0,0,1,0,0,0,0,0
932,242447,0,0,0,0,0,0,0,1,0,0,0,0,0
933,242708,0,0,0,0,0,0,0,1,0,0,0,0,0
934,242968,0,0,0,0,0,0,0,1,0,0,0,0,0
935,243229,0,0,0,0,0,0,0,1,0,0,0,0,0
936,243489,0,0,0,0,0,0,0,1,0,0,0,0,0
937,243750,0,0,0,0,0,0,0,1,0,0,0,0,0
938,244010,0,0,0,0,0,0,0,1,0,0,0,0,0
939,244270,0,0,0,0,0,0,0,1,0,0,0,0,0
940,244531,0,0,0,0,0,0,0,1,0,0,0,0,0
941,244791,0,0,0,0,0,0,0,1,0,0,0,0,0
942,245052,0,0,0,0,0,0,0,1,0,0,0,0,0
943,245312,0,0,0,0,0,0,0,1,0,0,0,0,0
944,245572,0,0,0,0,0,0,0,1,0,0,0,0,0
945,245833,0,0,0,0,0,0,0,1,0,0,0,0,0
946,246093,0,0,0,0,0,0,0,1,0,0,0,0,0
947,246354,0,0,0,0,0,0,0,1,0,0,0,0,0
948,246614,0,0,0,0,0,0,0,1,0,0,0,0,0
949,246875,0,0,0,0,0,0,0,1,0,0,0,0,0
950,247135,0,0,0,0,0,0,0,1,0,0,0,0,0
951,247395,0,0,0,0,0,0,0,1,0,0,0,0,0
952,247656,0,0,0,0,0,0,0,1,0,0,0,0,0
953,247916,0,0,0,0,0,0,0,1,0,0,0,0,0
954,248177,0,0,0,0,0,0,0,1,0,0,0,0,0
955,248437,0,0,0,0,0,0,0,1,0,0,0,0,0
956,248697,0,0,0,0,0,0,0,1,0,0,0,0,0
957,248958,0,0,0,0,0,0,0,1,0,0,0,0,0
958,249218,0,0,0,0,0,0,0,1,0,0,0,0,0
959,249479,0,0,0,0,0,0,0,1,0,0,0,0,0
960,249739,0,0,0,0,0,0,0,1,0,0,0,0,0
961,250000,0,0,0,0,0,0,0,1,0,0,0,0,0
962,250260,0,0,0,0,0,0,0,1,0,0,0,0,0
963,250520,0,0,0,0,0,0,0,1,0,0,0,0,0
964,250781,0,0,0,0,0,0,0,1,0,0,0,0,0
965,251041,0,0,0,0,0,0,0,1,0,0,0,0,0
966,251302,0,0,0,0,0,0,0,1,0,0,0,0,0
967,251562,0,0,0,0,0,0,0,1,0,0,0,0,0
968,251822,0,0,0,0,0,0,0,1,0,0,0,0,0
969,252083,0,0,0,0,0,0,0,1,0,0,0,0,0
970,252343,0,0,0,0,0,0,0,1,0,0,0,0,0
971,252604,0,0,0,0,0,0,0,1,0,0,0,0,0
972,252864,0,0,0,0,0,0,0,1,0,0,0,0,0
973,253125,0,0,0,0,0,0,0,1,0,0,0,0,0
974,253385,0,0,0,0,0,0,0,1,0,0,0,0,0
975,253645,0,0,0,0,0,0,0,1,0,0,0,0,0
976,253906,0,0,0,0,0,0,0,1,0,0,0,0,0
977,254166,0,0,0,0,0,0,0,1,0,0,0,0,0
978,254427,0,0,0,0,0,0,0,1,0,0,0,0,0
979,254687,0,0,0,0,0,0,0,1,0,0,0,0,0
980,254947,0,0,0,0,0,0,0,1,0,0,0,0,0
981,255208,0,0,0,0,0,0,0,1,0,0,0,0,0
982,255468,0,0,0,0,0,0,0,1,0,0,0,0,0
983,255729,0,0,0,0,0,0,0,1,0,0,0,0,0
984,255989,0,0,0,0,0,0,0,1,0,0,0,0,0
985,256249,0,0,0,0,0,0,0,1,0,0,0,0,0
986,256510,0,0,0,0,0,0,0,1,0,0,0,0,0
987,256770,0,0,0,0,0,0,0,1,0,0,0,0,0
988,257031,0,0,0,0,0,0,0,1,0,0,0,0,0
989,257291,0,0,0,0,0,0,0,1,0,0,0,0,0
990,257552,0,0,0,0,0,0,0,1,0,0,0,0,0
991,257812,0,0,0,0,0,0,0,1,0,0,0,0,0
992,258072,0,0,0,0,0,0,0,1,0,0,0,0,0
993,258333,0,0,0,0,0,0,0,1,0,0,0,0,0
994,258593,0,0,0,0,0,0,0,1,0,0,0,0,0
995,258854,0,0,0,0,0,0,0,1,0,0,0,0,0
996,259114,0,0,0,0,0,0,0,1,0,0,0,0,0
997,259375,0,0,0,0,0,0,0,1,0,0,0,0,0
998,259635,0,0,0,0,0,0,0,1,0,0,0,0,0
999,259895,0,0,0,0,0,0,0,1,0,0,0,0,0
1000,260156,0,0,0,0,0,0,0,1,0,0,0,0,0
1001,260416,0,0,0,0,0,0,0,1,0,0,0,0,0
1002,260677,0,0,0,0,0,0,0,1,0,0,0,0,0
1003,260937,0,0,0,0,0,0,0,1,0,0,0,0,0
1004,261197,0,0,0,0,0,0,0,1,0,0,0,0,0
1005,261458,0,0,0,0,0,0,0,1,0,0,0,0,0
1006,261718,0,0,0,0,0,0,0,1,0,0,0,0,0
1007,261979,0,0,0,0,0,0,0,1,0,0,0,0,0
1008,262239,0,0,0,0,0,0,0,1,0,0,0,0,0
1009,262500,0,0,0,0,0,0,0,1,0,0,0,0,0
1010,262760,0,0,0,0,0,0,0,1,0,0,0,0,0
1011,263020,0,0,0,0,0,0,0,1,0,0,0,0,0
1012,263281,0,0,0,0,0,0,0,1,0,0,0,0,0
1013,263541,0,0,0,0,0,0,0,1,0,0,0,0,0
1014,263802,0,0,0,0,0,0,0,1,0,0,0,0,0
1015,264062,0,0,0,0,0,0,0,1,0,0,0,0,0
1016,264322,0,0,0,0,0,0,0,1,0,0,0,0,0
1017,264583,0,0,0,0,0,0,0,1,0,0,0,0,0
1018,264843,0,0,0,0,0,0,0,1,0,0,0,0,0
1019,265104,0,0,0,0,0,0,0,1,0,0,0,0,0
1020,265364,0,0,0,0,0,0,0,1,0,0,0,0,0
1021,265625,0,0,0,0,0,0,0,1,0,0,0,0,0
1022,265885,0,0,0,0,0,0,0,1,0,0,0,0,0
1023,266145,0,0,0,0,0,0,0,1,0,0,0,0,0
1024,266406,0,0,0,0,0,0,0,1,0,0,0,0,0
1025,266666,0,0,0,0,0,0,0,1,0,0,0,0,0
1026,266927,0,0,0,0,0,0,0,1,0,0,0,0,0
1027,267187,0,0,0,0,0,0,0,1,0,0,0,0,0
1028,267447,0,0,0,0,0,0,0,1,0,0,0,0,0
1029,267708,0,0,0,0,0,0,0,1,0,0,0,0,0
1030,267968,0,0,0,0,0,0,0,1,0,0,0,0,0
1031,268229,0,0,0,0,0,0,0,1,0,0,0,0,0
1032,268489,0,0,0,0,0,0,0,1,0,0,0,0,0
1033,268750,0,0,0,0,0,0,0,1,0,0,0,0,0
1034,269010,0,0,0,0,0,0,0,1,0,0,0,0,0
1035,269270,0,0,0,0,0,0,0,1,0,0,0,0,0
1036,269531,0,0,0,0,0,0,0,1,0,0,0,0,0
1037,269791,0,0,0,0,0,0,0,1,0,0,0,0,0
1038,270052,0,0,0,0,0,0,0,1,0,0,0,0,0
1039,270312,0,0,0,0,0,0,0,1,0,0,0,0,0
1040,270572,0,0,0,0,0,0,0,1,0,0,0,0,0
1041,270833,0,0,0,0,0,0,0,1,0,0,0,0,0
1042,271093,0,0,0,0,0,0,0,1,0,0,0,0,0
1043,271354,0,0,0,0,0,0,0,1,0,0,0,0,0
1044,271614,0,0,0,0,0,0,0,1,0,0,0,0,0
1045,271875,0,0,0,0,0,0,0,1,0,0,0,0,0
1046,272135,0,0,0,0,0,0,0,1,0,0,0,0,0
1047,272395,0,0,0,0,0,0,0,1,0,0,0,0,0
1048,272656,0,0,0,0,0,0,0,1,0,0,0,0,0
1049,272916,0,0,0,0,0,0,0,1,0,0,0,0,0
1050,273177,0,0,0,0,0,0,0,1,0,0,0,0,0
1051,273437,0,0,0,0,0,0,0,1,0,0,0,0,0
1052,273697,0,0,0,0,0,0,0,1,0,0,0,0,0
1053,273958,0,0,0,0,0,0,0,1,0,0,0,0,0
1054,274218,0,0,0,0,0,0,0,1,0,0,0,0,0
1055,274479,0,0,0,0,0,0,0,1,0,0,0,0,0
1056,274739,0,0,0,0,0,0,0,1,0,0,0,0,0
1057,275000,0,0,0,0,0,0,0,1,0,0,0,0,0
1058,275260,0,0,0,0,0,0,0,1,0,0,0,0,0
1059,275520,0,0,0,0,0,0,0,1,0,0,0,0,0
1060,275781,0,0,0,0,0,0,0,1,0,0,0,0,0
1061,276041,0,0,0,0,0,0,0,1,0,0,0,0,0
1062,276302,0,0,0,0,0,0,0,1,0,0,0,0,0
1063,276562,0,0,0,0,0,0,0,1,0,0,0,0,0
1064,276822,0,0,0,0,0,0,0,1,0,0,0,0,0
1065,277083,0,0,0,0,0,0,0,1,0,0,0,0,0
1066,277343,0,0,0,0,0,0,0,1,0,0,0,0,0
1067,277604,0,0,0,0,0,0,0,1,0,0,0,0,0
1068,277864,0,0,0,0,0,0,0,1,0,0,0,0,0
1069,278125,0,0,0,0,0,0,0,1,0,0,0,0,0
1070,278385,0,0,0,0,0,0,0,1,0,0,0,0,0
1071,278645,0,0,0,0,0,0,0,1,0,0,0,0,0
1072,278906,0,0,0,0,0,0,0,1,0,0,0,0,0
1073,279166,0,0,0,0,0,0,0,1,0,0,0,0,0
1074,279427,0,0,0,0,0,0,0,1,0,0,0,0,0
1075,279687,0,0,0,0,0,0,0,1,0,0,0,0,0
1076,279947,0,0,0,0,0,0,0,1,0,0,0,0,0
1077,280208,0,0,0,0,0,0,0,1,0,0,0,0,0
1078,280468,0,0,0,0,0,0,0,1,0,0,0,0,0
1079,280729,0,0,0,0,0,0,0,1,0,0,0,0,0
1080,280989,0,0,0,0,0,0,0,1,0,0,0,0,0
1081,281250,0,0,0,0,0,0,0,1,0,0,0,0,0
1082,281510,0,0,0,0,0,0,0,1,0,0,0,0,0
1083,281770,0,0,0,0,0,0,0,1,0,0,0,0,0
1084,282031,0,0,0,0,0,0,0,1,0,0,0,0,0
1085,282291,0,0,0,0,0,0,0,1,0,0,0,0,0
1086,282552,0,0,0,0,0,0,0,1,0,0,0,0,0
1087,282812,0,0,0,0,0,0,0,1,0,0,0,0,0
1088,283072,0,0,0,0,0,0,0,1,0,0,0,0,0
1089,283333,0,0,0,0,0,0,0,1,0,0,0,0,0
1090,283593,0,0,0,0,0,0,0,1,0,0,0,0,0
1091,283854,0,0,0,0,0,0,0,1,0,0,0,0,0
1092,284114,0,0,0,0,0,0,0,1,0,0,0,0,0
1093,284375,0,0,0,0,0,0,0,1,0,0,0,0,0
1094,284635,0,0,0,0,0,0,0,1,0,0,0,0,0
1095,284895,0,0,0,0,0,0,0,1,0,0,0,0,0
1096,285156,0,0,0,0,0,0,0,1,0,0,0,0,0
1097,285416,0,0,0,0,0,0,0,1,0,0,0,0,0
1098,285677,0,0,0,0,0,0,0,1,0,0,0,0,0
1099,285937,0,0,0,0,0,0,0,1,0,0,0,0,0
1100,286197,0,0,0,0,0,0,0,1,0,0,0,0,0
1101,286458,0,0,0,0,0,0,0,1,0,0,0,0,0
1102,286718,0,0,0,0,0,0,0,1,0,0,0,0,0
1103,286979,0,0,0,0,0,0,0,1,0,0,0,0,0
1104,287239,0,0,0,0,0,0,0,1,0,0,0,0,0
1105,287500,0,0,0,0,0,0,0,1,0,0,0,0,0
1106,287760,0,0,0,0,0,0,0,1,0,0,0,0,0
1107,288020,0,0,0,0,0,0,0,1,0,0,0,0,0
1108,288281,0,0,0,0,0,0,0,1,0,0,0,0,0
1109,288541,0,0,0,0,0,0,0,1,0,0,0,0,0
1110,288802,0,0,0,0,0,0,0,1,0,0,0,0,0
1111,289062,0,0,0,0,0,0,0,1,0,0,0,0,0
1112,289322,0,0,0,0,0,0,0,1,0,0,0,0,0
1113,289583,0,0,0,0,0,0,0,1,0,0,0,0,0
1114,289843,0,0,0,0,0,0,0,1,0,0,0,0,0
1115,290104,0,0,0,0,0,0,0,1,0,0,0,0,0
1116,290364,0,0,0,0,0,0,0,1,0,0,0,0,0
1117,290625,0,0,0,0,0,0,0,1,0,0,0,0,0
1118,290885,0,0,0,0,0,0,0,1,0,0,0,0,0
1119,291145,0,0,0,0,0,0,0,1,0,0,0,0,0
1120,291406,0,0,0,0,0,0,0,1,0,0,0,0,0
1121,291666,0,0,0,0,0,0,0,1,0,0,0,0,0
1122,291927,0,0,0,0,0,0,0,1,0,0,0,0,0
1123,292187,0,0,0,0,0,0,0,1,0,0,0,0,0
1124,292447,0,0,0,0,0,0,0,1,0,0,0,0,0
1125,292708,0,0,0,0,0,0,0,1,0,0,0,0,0
1126,292968,0,0,0,0,0,0,0,1,0,0,0,0,0
1127,293229,0,0,0,0,0,0,0,1,0,0,0,0,0
1128,293489,0,0,0,0,0,0,0,1,0,0,0,0,0
1129,293750,0,0,0,0,0,0,0,1,0,0,0,0,0
1130,294010,0,0,0,0,0,0,0,1,0,0,0,0,0
1131,294270,0,0,0,0,0,0,0,1,0,0,0,0,0
1132,294531,0,0,0,0,0,0,0,1,0,0,0,0,0
1133,294791,0,0,0,0,0,0,0,1,0,0,0,0,0
1134,295052,0,0,0,0,0,0,0,1,0,0,0,0,0
1135,295312,0,0,0,0,0,0,0,1,0,0,0,0,0
1136,295572,0,0,0,0,0,0,0,1,0,0,0,0,0
1137,295833,0,0,0,0,0,0,0,1,0,0,0,0,0
1138,296093,0,0,0,0,0,0,0,1,0,0,0,0,0
1139,296354,0,0,0,0,0,0,0,1,0,0,0,0,0
1140,296614,0,0,0,0,0,0,0,1,0,0,0,0,0
1141,296875,0,0,0,0,0,0,0,1,0,0,0,0,0
