1,0,0,-386,386,0,0,-25024,25024,0,0,0,0,1,0
2,1041,170,-441,271,0,11058,-28648,17590,0,0,0,0,1,0
3,2083,315,-430,115,0,20432,-27910,7479,0,0,0,0,1,0
4,3125,411,-353,-58,0,26696,-22924,-3772,0,0,0,0,1,0
5,4166,445,-223,-223,0,28895,-14448,-14448,0,0,0,0,1,0
6,5208,411,-58,-353,0,26696,-3772,-22924,0,0,0,0,1,0
7,6250,315,115,-430,0,20432,7479,-27910,0,0,0,0,1,0
8,7291,170,271,-441,0,11058,17590,-28648,0,0,0,0,1,0
9,8333,0,386,-386,0,0,25024,-25024,0,0,0,0,1,0
10,9375,-170,441,-271,0,-11058,28648,-17590,0,0,0,0,1,0
11,10416,-315,430,-115,0,-20432,27910,-7479,0,0,0,0,1,0
12,11458,-411,353,58,0,-26696,22924,3772,0,0,0,0,1,0
13,12500,-445,223,223,0,-28895,14448,14448,0,0,0,0,1,0
14,13541,-411,58,353,0,-26696,3772,22924,0,0,0,0,1,0
15,14583,-315,-115,430,0,-20432,-7479,27910,0,0,0,0,1,0
16,15625,-170,-271,441,0,-11058,-17590,28648,0,0,0,0,1,0
17,16666,0,-386,386,0,0,-25024,25024,0,0,0,0,1,0
18,17708,170,-441,271,0,11058,-28648,17590,0,0,0,0,1,0
19,18750,315,-430,115,0,20432,-27910,7479,0,0,0,0,1,0
20,19791,411,-353,-58,0,26696,-22924,-3772,0,0,0,0,1,0
21,20833,445,-223,-223,0,28895,-14448,-14448,0,0,0,0,1,0
22,21875,411,-58,-353,0,26696,-3772,-22924,0,0,0,0,1,0
23,22916,315,115,-430,0,20432,7479,-27910,0,0,0,0,1,0
24,23958,170,271,-441,0,11058,17590,-28648,0,0,0,0,1,0
25,25000,0,386,-386,0,0,25024,-25024,0,0,0,0,1,0
26,26041,-170,441,-271,0,-11058,28648,-17590,0,0,0,0,1,0
27,27083,-315,430,-115,0,-20432,27910,-7479,0,0,0,0,1,0
28,28125,-411,353,58,0,-26696,22924,3772,0,0,0,0,1,0
29,29166,-445,223,223,0,-28895,14448,14448,0,0,0,0,1,0
30,30208,-411,58,353,0,-26696,3772,22924,0,0,0,0,1,0
31,31250,-315,-115,430,0,-20432,-7479,27910,0,0,0,0,1,0
32,32291,-170,-271,441,0,-11058,-17590,28648,0,0,0,0,1,0
33,33333,0,-386,386,0,0,-25024,25024,0,0,0,0,1,0
34,34375,170,-441,271,0,11058,-28648,17590,0,0,0,0,1,0
35,35416,315,-430,115,0,20432,-27910,7479,0,0,0,0,1,0
36,36458,411,-353,-58,0,26696,-22924,-3772,0,0,0,0,1,0
37,37500,445,-223,-223,0,28895,-14448,-14448,0,0,0,0,1,0
38,38541,411,-58,-353,0,26696,-3772,-22924,0,0,0,0,1,0
39,39583,315,115,-430,0,20432,7479,-27910,0,0,0,0,1,0
40,40625,170,271,-441,0,11058,17590,-28648,0,0,0,0,1,0
41,41666,0,386,-386,0,0,25024,-25024,0,0,0,0,1,0
42,42708,-170,441,-271,0,-11058,28648,-17590,0,0,0,0,1,0
43,43750,-315,430,-115,0,-20432,27910,-7479,0,0,0,0,1,0
44,44791,-411,353,58,0,-26696,22924,3772,0,0,0,0,1,0
45,45833,-445,223,223,0,-28895,14448,14448,0,0,0,0,1,0
46,46875,-411,58,353,0,-26696,3772,22924,0,0,0,0,1,0
47,47916,-315,-115,430,0,-20432,-7479,27910,0,0,0,0,1,0
48,48958,-170,-271,441,0,-11058,-17590,28648,0,0,0,0,1,0
49,50000,0,-386,29098,28712,0,-27026,2502,0,1,0,0,1,0
50,51041,170,-441,22251,21980,11942,-30940,1759,0,1,0,0,1,0
51,52083,315,-430,14103,13988,22066,-30143,748,0,1,0,0,1,0
52,53125,411,-353,5815,5873,28831,-24758,-377,0,1,0,0,1,0
53,54166,445,-223,-1429,-1207,31207,-15603,-1445,0,1,0,0,1,0
54,55208,411,-58,-6601,-6248,28831,-4073,-2292,0,1,0,0,1,0
55,56250,315,115,-8984,-8554,22066,8077,-2791,0,1,0,0,1,0
56,57291,170,271,-8284,-7843,11942,18997,-2865,0,1,0,0,1,0
57,58333,0,386,-4675,-4289,0,27026,-2502,0,1,0,0,1,0
58,59375,-170,441,1232,1503,-11942,30940,-1759,0,1,0,0,1,0
59,60416,-315,430,8475,8590,-22066,30143,-748,0,1,0,0,1,0
60,61458,-411,353,15894,15835,-28831,24758,377,0,1,0,0,1,0
61,62500,-445,223,22302,22079,-31207,15603,1445,0,1,0,0,1,0
62,63541,-411,58,26670,26316,-28831,4073,2292,0,1,0,0,1,0
63,64583,-315,-115,28280,27850,-22066,-8077,2791,0,1,0,0,1,0
64,65625,-170,-271,26837,26396,-11942,-18997,2865,0,1,0,0,1,0
65,66666,0,-386,22513,22128,0,-27026,2502,0,1,0,0,1,0
66,67708,170,-441,15920,15649,11942,-30940,1759,0,1,0,0,1,0
67,68750,315,-430,8016,7901,22066,-30143,748,0,1,0,0,1,0
68,69791,411,-353,-38,20,28831,-24758,-377,0,1,0,0,1,0
69,70833,445,-223,-7056,-6834,31207,-15603,-1445,0,1,0,0,1,0
70,71875,411,-58,-12011,-11658,28831,-4073,-2292,0,1,0,0,1,0
71,72916,315,115,-14186,-13756,22066,8077,-2791,0,1,0,0,1,0
72,73958,170,271,-13286,-12845,11942,18997,-2865,0,1,0,0,1,0
73,75000,0,386,-9484,-9099,0,27026,-2502,0,1,0,0,1,0
74,76041,-170,441,-3392,-3121,-11942,30940,-1759,0,1,0,0,1,0
75,77083,-315,430,4029,4144,-22066,30143,-748,0,1,0,0,1,0
76,78125,-411,353,11619,11561,-28831,24758,377,0,1,0,0,1,0
77,79166,-445,223,18192,17969,-31207,15603,1445,0,1,0,0,1,0
78,80208,-411,58,22718,22364,-28831,4073,2292,0,1,0,0,1,0
79,81250,0,0,0,0,0,0,0,1,0,0,0,0,0
80,82291,0,0,0,0,0,0,0,1,0,0,0,0,0
81,83333,0,0,0,0,0,0,0,1,0,0,0,0,0
82,84375,0,0,0,0,0,0,0,1,0,0,0,0,0
83,85416,0,0,0,0,0,0,0,1,0,0,0,0,0
84,86458,0,0,0,0,0,0,0,1,0,0,0,0,0
85,87500,0,0,0,0,0,0,0,1,0,0,0,0,0
86,88541,0,0,0,0,0,0,0,1,0,0,0,0,0
87,89583,0,0,0,0,0,0,0,1,0,0,0,0,0
88,90625,0,0,0,0,0,0,0,1,0,0,0,0,0
89,91666,0,0,0,0,0,0,0,1,0,0,0,0,0
90,92708,0,0,0,0,0,0,0,1,0,0,0,0,0
91,93750,0,0,0,0,0,0,0,1,0,0,0,0,0
92,94791,0,0,0,0,0,0,0,1,0,0,0,0,0
93,95833,0,0,0,0,0,0,0,1,0,0,0,0,0
94,96875,0,0,0,0,0,0,0,1,0,0,0,0,0
95,97916,0,0,0,0,0,0,0,1,0,0,0,0,0
96,98958,0,0,0,0,0,0,0,1,0,0,0,0,0
97,100000,0,0,0,0,0,0,0,1,0,0,0,0,0
98,101041,0,0,0,0,0,0,0,1,0,0,0,0,0
99,102083,0,0,0,0,0,0,0,1,0,0,0,0,0
100,103125,0,0,0,0,0,0,0,1,0,0,0,0,0
101,104166,0,0,0,0,0,0,0,1,0,0,0,0,0
102,105208,0,0,0,0,0,0,0,1,0,0,0,0,0
103,106250,0,0,0,0,0,0,0,1,0,0,0,0,0
104,107291,0,0,0,0,0,0,0,1,0,0,0,0,0
105,108333,0,0,0,0,0,0,0,1,0,0,0,0,0
106,109375,0,0,0,0,0,0,0,1,0,0,0,0,0
107,110416,0,0,0,0,0,0,0,1,0,0,0,0,0
108,111458,0,0,0,0,0,0,0,1,0,0,0,0,0
109,112500,0,0,0,0,0,0,0,1,0,0,0,0,0
110,113541,0,0,0,0,0,0,0,1,0,0,0,0,0
111,114583,0,0,0,0,0,0,0,1,0,0,0,0,0
112,115625,0,0,0,0,0,0,0,1,0,0,0,0,0
113,116666,0,0,0,0,0,0,0,1,0,0,0,0,0
114,117708,0,0,0,0,0,0,0,1,0,0,0,0,0
115,118750,0,0,0,0,0,0,0,1,0,0,0,0,0
116,119791,0,0,0,0,0,0,0,1,0,0,0,0,0
117,120833,0,0,0,0,0,0,0,1,0,0,0,0,0
118,121875,0,0,0,0,0,0,0,1,0,0,0,0,0
119,122916,0,0,0,0,0,0,0,1,0,0,0,0,0
120,123958,0,0,0,0,0,0,0,1,0,0,0,0,0
121,125000,0,0,0,0,0,0,0,1,0,0,0,0,0
122,126041,0,0,0,0,0,0,0,1,0,0,0,0,0
123,127083,0,0,0,0,0,0,0,1,0,0,0,0,0
124,128124,0,0,0,0,0,0,0,1,0,0,0,0,0
125,129166,0,0,0,0,0,0,0,1,0,0,0,0,0
126,130208,0,0,0,0,0,0,0,1,0,0,0,0,0
127,131250,0,0,0,0,0,0,0,1,0,0,0,0,0
128,132291,0,0,0,0,0,0,0,1,0,0,0,0,0
129,133333,0,0,0,0,0,0,0,1,0,0,0,0,0
130,134375,0,0,0,0,0,0,0,1,0,0,0,0,0
131,135416,0,0,0,0,0,0,0,1,0,0,0,0,0
132,136458,0,0,0,0,0,0,0,1,0,0,0,0,0
133,137500,0,0,0,0,0,0,0,1,0,0,0,0,0
134,138541,0,0,0,0,0,0,0,1,0,0,0,0,0
135,139583,0,0,0,0,0,0,0,1,0,0,0,0,0
136,140625,0,0,0,0,0,0,0,1,0,0,0,0,0
137,141666,0,0,0,0,0,0,0,1,0,0,0,0,0
138,142708,0,0,0,0,0,0,0,1,0,0,0,0,0
139,143750,0,0,0,0,0,0,0,1,0,0,0,0,0
140,144791,0,0,0,0,0,0,0,1,0,0,0,0,0
141,145833,0,0,0,0,0,0,0,1,0,0,0,0,0
142,146875,0,0,0,0,0,0,0,1,0,0,0,0,0
143,147916,0,0,0,0,0,0,0,1,0,0,0,0,0
144,148958,0,0,0,0,0,0,0,1,0,0,0,0,0
145,150000,0,0,0,0,0,0,0,1,0,0,0,0,0
146,151041,0,0,0,0,0,0,0,1,0,0,0,0,0
147,152083,0,0,0,0,0,0,0,1,0,0,0,0,0
148,153125,0,0,0,0,0,0,0,1,0,0,0,0,0
149,154166,0,0,0,0,0,0,0,1,0,0,0,0,0
150,155208,0,0,0,0,0,0,0,1,0,0,0,0,0
151,156250,0,0,0,0,0,0,0,1,0,0,0,0,0
152,157291,0,0,0,0,0,0,0,1,0,0,0,0,0
153,158333,0,0,0,0,0,0,0,1,0,0,0,0,0
154,159375,0,0,0,0,0,0,0,1,0,0,0,0,0
155,160416,0,0,0,0,0,0,0,1,0,0,0,0,0
156,161458,0,0,0,0,0,0,0,1,0,0,0,0,0
157,162500,0,0,0,0,0,0,0,1,0,0,0,0,0
158,163541,0,0,0,0,0,0,0,1,0,0,0,0,0
159,164583,0,0,0,0,0,0,0,1,0,0,0,0,0
160,165625,0,0,0,0,0,0,0,1,0,0,0,0,0
161,166666,0,0,0,0,0,0,0,1,0,0,0,0,0
162,167708,0,0,0,0,0,0,0,1,0,0,0,0,0
163,168750,0,0,0,0,0,0,0,1,0,0,0,0,0
164,169791,0,0,0,0,0,0,0,1,0,0,0,0,0
165,170833,0,0,0,0,0,0,0,1,0,0,0,0,0
166,171875,0,0,0,0,0,0,0,1,0,0,0,0,0
167,172916,0,0,0,0,0,0,0,1,0,0,0,0,0
168,173958,0,0,0,0,0,0,0,1,0,0,0,0,0
169,175000,0,0,0,0,0,0,0,1,0,0,0,0,0
170,176041,0,0,0,0,0,0,0,1,0,0,0,0,0
171,177083,0,0,0,0,0,0,0,1,0,0,0,0,0
172,178125,0,0,0,0,0,0,0,1,0,0,0,0,0
173,179166,0,0,0,0,0,0,0,1,0,0,0,0,0
174,180208,0,0,0,0,0,0,0,1,0,0,0,0,0
175,181250,0,0,0,0,0,0,0,1,0,0,0,0,0
176,182291,0,0,0,0,0,0,0,1,0,0,0,0,0
177,183333,0,0,0,0,0,0,0,1,0,0,0,0,0
178,184375,0,0,0,0,0,0,0,1,0,0,0,0,0
179,185416,0,0,0,0,0,0,0,1,0,0,0,0,0
180,186458,0,0,0,0,0,0,0,1,0,0,0,0,0
181,187500,0,0,0,0,0,0,0,1,0,0,0,0,0
182,188541,0,0,0,0,0,0,0,1,0,0,0,0,0
183,189583,0,0,0,0,0,0,0,1,0,0,0,0,0
184,190625,0,0,0,0,0,0,0,1,0,0,0,0,0
185,191666,0,0,0,0,0,0,0,1,0,0,0,0,0
186,192708,0,0,0,0,0,0,0,1,0,0,0,0,0
187,193750,0,0,0,0,0,0,0,1,0,0,0,0,0
188,194791,0,0,0,0,0,0,0,1,0,0,0,0,0
189,195833,0,0,0,0,0,0,0,1,0,0,0,0,0
190,196875,0,0,0,0,0,0,0,1,0,0,0,0,0
191,197916,0,0,0,0,0,0,0,1,0,0,0,0,0
192,198958,0,0,0,0,0,0,0,1,0,0,0,0,0
193,200000,0,0,0,0,0,0,0,1,0,0,0,0,0
194,201041,0,0,0,0,0,0,0,1,0,0,0,0,0
195,202083,0,0,0,0,0,0,0,1,0,0,0,0,0
196,203125,0,0,0,0,0,0,0,1,0,0,0,0,0
197,204166,0,0,0,0,0,0,0,1,0,0,0,0,0
198,205208,0,0,0,0,0,0,0,1,0,0,0,0,0
199,206250,0,0,0,0,0,0,0,1,0,0,0,0,0
200,207291,0,0,0,0,0,0,0,1,0,0,0,0,0
201,208333,0,0,0,0,0,0,0,1,0,0,0,0,0
202,209375,0,0,0,0,0,0,0,1,0,0,0,0,0
203,210416,0,0,0,0,0,0,0,1,0,0,0,0,0
204,211458,0,0,0,0,0,0,0,1,0,0,0,0,0
205,212500,0,0,0,0,0,0,0,1,0,0,0,0,0
206,213541,0,0,0,0,0,0,0,1,0,0,0,0,0
207,214583,0,0,0,0,0,0,0,1,0,0,0,0,0
208,215625,0,0,0,0,0,0,0,1,0,0,0,0,0
209,216666,0,0,0,0,0,0,0,1,0,0,0,0,0
210,217708,0,0,0,0,0,0,0,1,0,0,0,0,0
211,218750,0,0,0,0,0,0,0,1,0,0,0,0,0
212,219791,0,0,0,0,0,0,0,1,0,0,0,0,0
213,220833,0,0,0,0,0,0,0,1,0,0,0,0,0
214,221875,0,0,0,0,0,0,0,1,0,0,0,0,0
215,222916,0,0,0,0,0,0,0,1,0,0,0,0,0
216,223958,0,0,0,0,0,0,0,1,0,0,0,0,0
217,225000,0,0,0,0,0,0,0,1,0,0,0,0,0
218,226041,0,0,0,0,0,0,0,1,0,0,0,0,0
219,227083,0,0,0,0,0,0,0,1,0,0,0,0,0
220,228125,0,0,0,0,0,0,0,1,0,0,0,0,0
221,229166,0,0,0,0,0,0,0,1,0,0,0,0,0
222,230208,0,0,0,0,0,0,0,1,0,0,0,0,0
223,231250,0,0,0,0,0,0,0,1,0,0,0,0,0
224,232291,0,0,0,0,0,0,0,1,0,0,0,0,0
225,233333,0,0,0,0,0,0,0,1,0,0,0,0,0
226,234375,0,0,0,0,0,0,0,1,0,0,0,0,0
227,235416,0,0,0,0,0,0,0,1,0,0,0,0,0
228,236458,0,0,0,0,0,0,0,1,0,0,0,0,0
229,237500,0,0,0,0,0,0,0,1,0,0,0,0,0
230,238541,0,0,0,0,0,0,0,1,0,0,0,0,0
231,239583,0,0,0,0,0,0,0,1,0,0,0,0,0
232,240625,0,0,0,0,0,0,0,1,0,0,0,0,0
233,241666,0,0,0,0,0,0,0,1,0,0,0,0,0
234,242708,0,0,0,0,0,0,0,1,0,0,0,0,0
235,243750,0,0,0,0,0,0,0,1,0,0,0,0,0
236,244791,0,0,0,0,0,0,0,1,0,0,0,0,0
237,245833,0,0,0,0,0,0,0,1,0,0,0,0,0
238,246875,0,0,0,0,0,0,0,1,0,0,0,0,0
239,247916,0,0,0,0,0,0,0,1,0,0,0,0,0
240,248958,0,0,0,0,0,0,0,1,0,0,0,0,0
241,250000,0,0,0,0,0,0,0,1,0,0,0,0,0
242,251041,0,0,0,0,0,0,0,1,0,0,0,0,0
243,252083,0,0,0,0,0,0,0,1,0,0,0,0,0
244,253125,0,0,0,0,0,0,0,1,0,0,0,0,0
245,254166,0,0,0,0,0,0,0,1,0,0,0,0,0
246,255208,0,0,0,0,0,0,0,1,0,0,0,0,0
247,256249,0,0,0,0,0,0,0,1,0,0,0,0,0
248,257291,0,0,0,0,0,0,0,1,0,0,0,0,0
249,258333,0,0,0,0,0,0,0,1,0,0,0,0,0
250,259375,0,0,0,0,0,0,0,1,0,0,0,0,0
251,260416,0,0,0,0,0,0,0,1,0,0,0,0,0
252,261458,0,0,0,0,0,0,0,1,0,0,0,0,0
253,262500,0,0,0,0,0,0,0,1,0,0,0,0,0
254,263541,0,0,0,0,0,0,0,1,0,0,0,0,0
255,264583,0,0,0,0,0,0,0,1,0,0,0,0,0
256,265625,0,0,0,0,0,0,0,1,0,0,0,0,0
257,266666,0,0,0,0,0,0,0,1,0,0,0,0,0
258,267708,0,0,0,0,0,0,0,1,0,0,0,0,0
259,268750,0,0,0,0,0,0,0,1,0,0,0,0,0
260,269791,0,0,0,0,0,0,0,1,0,0,0,0,0
261,270833,0,0,0,0,0,0,0,1,0,0,0,0,0
262,271875,0,0,0,0,0,0,0,1,0,0,0,0,0
263,272916,0,0,0,0,0,0,0,1,0,0,0,0,0
264,273958,0,0,0,0,0,0,0,1,0,0,0,0,0
265,275000,0,0,0,0,0,0,0,1,0,0,0,0,0
266,276041,0,0,0,0,0,0,0,1,0,0,0,0,0
267,277083,0,0,0,0,0,0,0,1,0,0,0,0,0
268,278125,0,0,0,0,0,0,0,1,0,0,0,0,0
269,279166,0,0,0,0,0,0,0,1,0,0,0,0,0
270,280208,0,0,0,0,0,0,0,1,0,0,0,0,0
271,281250,0,0,0,0,0,0,0,1,0,0,0,0,0
272,282291,0,0,0,0,0,0,0,1,0,0,0,0,0
273,283333,0,0,0,0,0,0,0,1,0,0,0,0,0
274,284375,0,0,0,0,0,0,0,1,0,0,0,0,0
275,285416,0,0,0,0,0,0,0,1,0,0,0,0,0
276,286458,0,0,0,0,0,0,0,1,0,0,0,0,0
277,287500,0,0,0,0,0,0,0,1,0,0,0,0,0
278,288541,0,0,0,0,0,0,0,1,0,0,0,0,0
279,289583,0,0,0,0,0,0,0,1,0,0,0,0,0
280,290625,0,0,0,0,0,0,0,1,0,0,0,0,0
281,291666,0,0,0,0,0,0,0,1,0,0,0,0,0
282,292708,0,0,0,0,0,0,0,1,0,0,0,0,0
283,293750,0,0,0,0,0,0,0,1,0,0,0,0,0
284,294791,0,0,0,0,0,0,0,1,0,0,0,0,0
285,295833,0,0,0,0,0,0,0,1,0,0,0,0,0
286,296875,0,0,0,0,0,0,0,1,0,0,0,0,0
287,297916,0,0,0,0,0,0,0,1,0,0,0,0,0
288,298958,0,0,0,0,0,0,0,1,0,0,0,0,0
289,300000,0,0,0,0,0,0,0,1,0,0,0,0,0
290,301041,0,0,0,0,0,0,0,1,0,0,0,0,0
291,302083,0,0,0,0,0,0,0,1,0,0,0,0,0
292,303125,0,0,0,0,0,0,0,1,0,0,0,0,0
293,304166,0,0,0,0,0,0,0,1,0,0,0,0,0
294,305208,0,0,0,0,0,0,0,1,0,0,0,0,0
295,306250,0,0,0,0,0,0,0,1,0,0,0,0,0
296,307291,0,0,0,0,0,0,0,1,0,0,0,0,0
297,308333,0,0,0,0,0,0,0,1,0,0,0,0,0
298,309375,0,0,0,0,0,0,0,1,0,0,0,0,0
299,310416,0,0,0,0,0,0,0,1,0,0,0,0,0
300,311458,0,0,0,0,0,0,0,1,0,0,0,0,0
301,312500,0,0,0,0,0,0,0,1,0,0,0,0,0
302,313541,0,0,0,0,0,0,0,1,0,0,0,0,0
303,314583,0,0,0,0,0,0,0,1,0,0,0,0,0
304,315625,0,0,0,0,0,0,0,1,0,0,0,0,0
305,316666,0,0,0,0,0,0,0,1,0,0,0,0,0
306,317708,0,0,0,0,0,0,0,1,0,0,0,0,0
307,318750,0,0,0,0,0,0,0,1,0,0,0,0,0
308,319791,0,0,0,0,0,0,0,1,0,0,0,0,0
309,320833,0,0,0,0,0,0,0,1,0,0,0,0,0
310,321875,0,0,0,0,0,0,0,1,0,0,0,0,0
311,322916,0,0,0,0,0,0,0,1,0,0,0,0,0
312,323958,0,0,0,0,0,0,0,1,0,0,0,0,0
313,325000,0,0,0,0,0,0,0,1,0,0,0,0,0
314,326041,0,0,0,0,0,0,0,1,0,0,0,0,0
315,327083,0,0,0,0,0,0,0,1,0,0,0,0,0
316,328125,0,0,0,0,0,0,0,1,0,0,0,0,0
317,329166,0,0,0,0,0,0,0,1,0,0,0,0,0
318,330208,0,0,0,0,0,0,0,1,0,0,0,0,0
319,331250,0,0,0,0,0,0,0,1,0,0,0,0,0
320,332291,0,0,0,0,0,0,0,1,0,0,0,0,0
321,333333,0,0,0,0,0,0,0,1,0,0,0,0,0
322,334375,0,0,0,0,0,0,0,1,0,0,0,0,0
323,335416,0,0,0,0,0,0,0,1,0,0,0,0,0
324,336458,0,0,0,0,0,0,0,1,0,0,0,0,0
325,337500,0,0,0,0,0,0,0,1,0,0,0,0,0
326,338541,0,0,0,0,0,0,0,1,0,0,0,0,0
327,339583,0,0,0,0,0,0,0,1,0,0,0,0,0
328,340625,0,0,0,0,0,0,0,1,0,0,0,0,0
329,341666,0,0,0,0,0,0,0,1,0,0,0,0,0
330,342708,0,0,0,0,0,0,0,1,0,0,0,0,0
331,343750,0,0,0,0,0,0,0,1,0,0,0,0,0
332,344791,0,0,0,0,0,0,0,1,0,0,0,0,0
333,345833,0,0,0,0,0,0,0,1,0,0,0,0,0
334,346875,0,0,0,0,0,0,0,1,0,0,0,0,0
335,347916,0,0,0,0,0,0,0,1,0,0,0,0,0
336,348958,0,0,0,0,0,0,0,1,0,0,0,0,0
337,350000,0,0,0,0,0,0,0,1,0,0,0,0,0
338,351041,0,0,0,0,0,0,0,1,0,0,0,0,0
339,352083,0,0,0,0,0,0,0,1,0,0,0,0,0
340,353125,0,0,0,0,0,0,0,1,0,0,0,0,0
341,354166,0,0,0,0,0,0,0,1,0,0,0,0,0
342,355208,0,0,0,0,0,0,0,1,0,0,0,0,0
343,356250,0,0,0,0,0,0,0,1,0,0,0,0,0
344,357291,0,0,0,0,0,0,0,1,0,0,0,0,0
345,358333,0,0,0,0,0,0,0,1,0,0,0,0,0
346,359375,0,0,0,0,0,0,0,1,0,0,0,0,0
347,360416,0,0,0,0,0,0,0,1,0,0,0,0,0
348,361458,0,0,0,0,0,0,0,1,0,0,0,0,0
349,362500,0,0,0,0,0,0,0,1,0,0,0,0,0
350,363541,0,0,0,0,0,0,0,1,0,0,0,0,0
351,364583,0,0,0,0,0,0,0,1,0,0,0,0,0
352,365625,0,0,0,0,0,0,0,1,0,0,0,0,0
353,366666,0,0,0,0,0,0,0,1,0,0,0,0,0
354,367708,0,0,0,0,0,0,0,1,0,0,0,0,0
355,368750,0,0,0,0,0,0,0,1,0,0,0,0,0
356,369791,0,0,0,0,0,0,0,1,0,0,0,0,0
357,370833,0,0,0,0,0,0,0,1,0,0,0,0,0
358,371875,0,0,0,0,0,0,0,1,0,0,0,0,0
359,372916,0,0,0,0,0,0,0,1,0,0,0,0,0
360,373958,0,0,0,0,0,0,0,1,0,0,0,0,0
361,375000,0,0,0,0,0,0,0,1,0,0,0,0,0
362,376041,0,0,0,0,0,0,0,1,0,0,0,0,0
363,377083,0,0,0,0,0,0,0,1,0,0,0,0,0
364,378125,0,0,0,0,0,0,0,1,0,0,0,0,0
365,379166,0,0,0,0,0,0,0,1,0,0,0,0,0
366,380208,0,0,0,0,0,0,0,1,0,0,0,0,0
367,381250,0,0,0,0,0,0,0,1,0,0,0,0,0
368,382291,0,0,0,0,0,0,0,1,0,0,0,0,0
369,383333,0,0,0,0,0,0,0,1,0,0,0,0,0
370,384375,0,0,0,0,0,0,0,1,0,0,0,0,0
371,385416,0,0,0,0,0,0,0,1,0,0,0,0,0
372,386458,0,0,0,0,0,0,0,1,0,0,0,0,0
373,387500,0,0,0,0,0,0,0,1,0,0,0,0,0
374,388541,0,0,0,0,0,0,0,1,0,0,0,0,0
375,389583,0,0,0,0,0,0,0,1,0,0,0,0,0
376,390625,0,0,0,0,0,0,0,1,0,0,0,0,0
377,391666,0,0,0,0,0,0,0,1,0,0,0,0,0
378,392708,0,0,0,0,0,0,0,1,0,0,0,0,0
379,393750,0,0,0,0,0,0,0,1,0,0,0,0,0
380,394791,0,0,0,0,0,0,0,1,0,0,0,0,0
381,395833,0,0,0,0,0,0,0,1,0,0,0,0,0
382,396875,0,0,0,0,0,0,0,1,0,0,0,0,0
383,397916,0,0,0,0,0,0,0,1,0,0,0,0,0
384,398958,0,0,0,0,0,0,0,1,0,0,0,0,0
385,400000,0,0,0,0,0,0,0,1,0,0,0,0,0
386,401041,0,0,0,0,0,0,0,1,0,0,0,0,0
387,402083,0,0,0,0,0,0,0,1,0,0,0,0,0
388,403125,0,0,0,0,0,0,0,1,0,0,0,0,0
389,404166,0,0,0,0,0,0,0,1,0,0,0,0,0
390,405208,0,0,0,0,0,0,0,1,0,0,0,0,0
391,406250,0,0,0,0,0,0,0,1,0,0,0,0,0
392,407291,0,0,0,0,0,0,0,1,0,0,0,0,0
393,408333,0,0,0,0,0,0,0,1,0,0,0,0,0
394,409375,0,0,0,0,0,0,0,1,0,0,0,0,0
395,410416,0,0,0,0,0,0,0,1,0,0,0,0,0
396,411458,0,0,0,0,0,0,0,1,0,0,0,0,0
397,412500,0,0,0,0,0,0,0,1,0,0,0,0,0
398,413541,0,0,0,0,0,0,0,1,0,0,0,0,0
399,414583,0,0,0,0,0,0,0,1,0,0,0,0,0
400,415625,0,0,0,0,0,0,0,1,0,0,0,0,0
401,416666,0,0,0,0,0,0,0,1,0,0,0,0,0
402,417708,0,0,0,0,0,0,0,1,0,0,0,0,0
403,418750,0,0,0,0,0,0,0,1,0,0,0,0,0
404,419791,0,0,0,0,0,0,0,1,0,0,0,0,0
405,420833,0,0,0,0,0,0,0,1,0,0,0,0,0
406,421875,0,0,0,0,0,0,0,1,0,0,0,0,0
407,422916,0,0,0,0,0,0,0,1,0,0,0,0,0
408,423958,0,0,0,0,0,0,0,1,0,0,0,0,0
409,425000,0,0,0,0,0,0,0,1,0,0,0,0,0
410,426041,0,0,0,0,0,0,0,1,0,0,0,0,0
411,427083,0,0,0,0,0,0,0,1,0,0,0,0,0
412,428125,0,0,0,0,0,0,0,1,0,0,0,0,0
413,429166,0,0,0,0,0,0,0,1,0,0,0,0,0
414,430208,0,0,0,0,0,0,0,1,0,0,0,0,0
415,431250,0,0,0,0,0,0,0,1,0,0,0,0,0
416,432291,0,0,0,0,0,0,0,1,0,0,0,0,0
417,433333,0,0,0,0,0,0,0,1,0,0,0,0,0
418,434375,0,0,0,0,0,0,0,1,0,0,0,0,0
419,435416,0,0,0,0,0,0,0,1,0,0,0,0,0
420,436458,0,0,0,0,0,0,0,1,0,0,0,0,0
421,437500,0,0,0,0,0,0,0,1,0,0,0,0,0
422,438541,0,0,0,0,0,0,0,1,0,0,0,0,0
423,439583,0,0,0,0,0,0,0,1,0,0,0,0,0
424,440625,0,0,0,0,0,0,0,1,0,0,0,0,0
425,441666,0,0,0,0,0,0,0,1,0,0,0,0,0
426,442708,0,0,0,0,0,0,0,1,0,0,0,0,0
427,443750,0,0,0,0,0,0,0,1,0,0,0,0,0
428,444791,0,0,0,0,0,0,0,1,0,0,0,0,0
429,445833,0,0,0,0,0,0,0,1,0,0,0,0,0
430,446875,0,0,0,0,0,0,0,1,0,0,0,0,0
431,447916,0,0,0,0,0,0,0,1,0,0,0,0,0
432,448958,0,0,0,0,0,0,0,1,0,0,0,0,0
433,450000,0,0,0,0,0,0,0,1,0,0,0,0,0
434,451041,0,0,0,0,0,0,0,1,0,0,0,0,0
435,452083,0,0,0,0,0,0,0,1,0,0,0,0,0
436,453125,0,0,0,0,0,0,0,1,0,0,0,0,0
437,454166,0,0,0,0,0,0,0,1,0,0,0,0,0
438,455208,0,0,0,0,0,0,0,1,0,0,0,0,0
439,456250,0,0,0,0,0,0,0,1,0,0,0,0,0
440,457291,0,0,0,0,0,0,0,1,0,0,0,0,0
441,458333,0,0,0,0,0,0,0,1,0,0,0,0,0
442,459375,0,0,0,0,0,0,0,1,0,0,0,0,0
443,460416,0,0,0,0,0,0,0,1,0,0,0,0,0
444,461458,0,0,0,0,0,0,0,1,0,0,0,0,0
445,462500,0,0,0,0,0,0,0,1,0,0,0,0,0
446,463541,0,0,0,0,0,0,0,1,0,0,0,0,0
447,464583,0,0,0,0,0,0,0,1,0,0,0,0,0
448,465625,0,0,0,0,0,0,0,1,0,0,0,0,0
449,466666,0,0,0,0,0,0,0,1,0,0,0,0,0
450,467708,0,0,0,0,0,0,0,1,0,0,0,0,0
451,468750,0,0,0,0,0,0,0,1,0,0,0,0,0
452,469791,0,0,0,0,0,0,0,1,0,0,0,0,0
453,470833,0,0,0,0,0,0,0,1,0,0,0,0,0
454,471875,0,0,0,0,0,0,0,1,0,0,0,0,0
455,472916,0,0,0,0,0,0,0,1,0,0,0,0,0
456,473958,0,0,0,0,0,0,0,1,0,0,0,0,0
457,475000,0,0,0,0,0,0,0,1,0,0,0,0,0
458,476041,0,0,0,0,0,0,0,1,0,0,0,0,0
459,477083,0,0,0,0,0,0,0,1,0,0,0,0,0
460,478125,0,0,0,0,0,0,0,1,0,0,0,0,0
461,479166,0,0,0,0,0,0,0,1,0,0,0,0,0
462,480208,0,0,0,0,0,0,0,1,0,0,0,0,0
463,481250,0,0,0,0,0,0,0,1,0,0,0,0,0
464,482291,0,0,0,0,0,0,0,1,0,0,0,0,0
465,483333,0,0,0,0,0,0,0,1,0,0,0,0,0
466,484375,0,0,0,0,0,0,0,1,0,0,0,0,0
467,485416,0,0,0,0,0,0,0,1,0,0,0,0,0
468,486458,0,0,0,0,0,0,0,1,0,0,0,0,0
469,487500,0,0,0,0,0,0,0,1,0,0,0,0,0
470,488541,0,0,0,0,0,0,0,1,0,0,0,0,0
471,489583,0,0,0,0,0,0,0,1,0,0,0,0,0
472,490625,0,0,0,0,0,0,0,1,0,0,0,0,0
473,491666,0,0,0,0,0,0,0,1,0,0,0,0,0
474,492708,0,0,0,0,0,0,0,1,0,0,0,0,0
475,493750,0,0,0,0,0,0,0,1,0,0,0,0,0
476,494791,0,0,0,0,0,0,0,1,0,0,0,0,0
477,495833,0,0,0,0,0,0,0,1,0,0,0,0,0
478,496875,0,0,0,0,0,0,0,1,0,0,0,0,0
479,497916,0,0,0,0,0,0,0,1,0,0,0,0,0
480,498958,0,0,0,0,0,0,0,1,0,0,0,0,0
481,500000,0,0,0,0,0,0,0,1,0,0,0,0,0
482,501041,0,0,0,0,0,0,0,1,0,0,0,0,0
483,502083,0,0,0,0,0,0,0,1,0,0,0,0,0
484,503125,0,0,0,0,0,0,0,1,0,0,0,0,0
485,504166,0,0,0,0,0,0,0,1,0,0,0,0,0
486,505208,0,0,0,0,0,0,0,1,0,0,0,0,0
487,506250,0,0,0,0,0,0,0,1,0,0,0,0,0
488,507291,0,0,0,0,0,0,0,1,0,0,0,0,0
489,508333,0,0,0,0,0,0,0,1,0,0,0,0,0
490,509375,0,0,0,0,0,0,0,1,0,0,0,0,0
491,510416,0,0,0,0,0,0,0,1,0,0,0,0,0
492,511458,0,0,0,0,0,0,0,1,0,0,0,0,0
493,512499,0,0,0,0,0,0,0,1,0,0,0,0,0
494,513541,0,0,0,0,0,0,0,1,0,0,0,0,0
495,514583,0,0,0,0,0,0,0,1,0,0,0,0,0
496,515625,0,0,0,0,0,0,0,1,0,0,0,0,0
497,516666,0,0,0,0,0,0,0,1,0,0,0,0,0
498,517708,0,0,0,0,0,0,0,1,0,0,0,0,0
499,518750,0,0,0,0,0,0,0,1,0,0,0,0,0
500,519791,0,0,0,0,0,0,0,1,0,0,0,0,0
501,520833,0,0,0,0,0,0,0,1,0,0,0,0,0
502,521875,0,0,0,0,0,0,0,1,0,0,0,0,0
503,522916,0,0,0,0,0,0,0,1,0,0,0,0,0
504,523958,0,0,0,0,0,0,0,1,0,0,0,0,0
505,525000,0,0,0,0,0,0,0,1,0,0,0,0,0
506,526041,0,0,0,0,0,0,0,1,0,0,0,0,0
507,527083,0,0,0,0,0,0,0,1,0,0,0,0,0
508,528125,0,0,0,0,0,0,0,1,0,0,0,0,0
509,529166,0,0,0,0,0,0,0,1,0,0,0,0,0
510,530208,0,0,0,0,0,0,0,1,0,0,0,0,0
511,531250,0,0,0,0,0,0,0,1,0,0,0,0,0
512,532291,0,0,0,0,0,0,0,1,0,0,0,0,0
513,533333,0,0,0,0,0,0,0,1,0,0,0,0,0
514,534375,0,0,0,0,0,0,0,1,0,0,0,0,0
515,535416,0,0,0,0,0,0,0,1,0,0,0,0,0
516,536458,0,0,0,0,0,0,0,1,0,0,0,0,0
517,537500,0,0,0,0,0,0,0,1,0,0,0,0,0
518,538541,0,0,0,0,0,0,0,1,0,0,0,0,0
519,539583,0,0,0,0,0,0,0,1,0,0,0,0,0
520,540625,0,0,0,0,0,0,0,1,0,0,0,0,0
521,541666,0,0,0,0,0,0,0,1,0,0,0,0,0
522,542708,0,0,0,0,0,0,0,1,0,0,0,0,0
523,543750,0,0,0,0,0,0,0,1,0,0,0,0,0
524,544791,0,0,0,0,0,0,0,1,0,0,0,0,0
525,545833,0,0,0,0,0,0,0,1,0,0,0,0,0
526,546875,0,0,0,0,0,0,0,1,0,0,0,0,0
527,547916,0,0,0,0,0,0,0,1,0,0,0,0,0
528,548958,0,0,0,0,0,0,0,1,0,0,0,0,0
529,550000,0,0,0,0,0,0,0,1,0,0,0,0,0
530,551041,0,0,0,0,0,0,0,1,0,0,0,0,0
531,552083,0,0,0,0,0,0,0,1,0,0,0,0,0
532,553125,0,0,0,0,0,0,0,1,0,0,0,0,0
533,554166,0,0,0,0,0,0,0,1,0,0,0,0,0
534,555208,0,0,0,0,0,0,0,1,0,0,0,0,0
535,556250,0,0,0,0,0,0,0,1,0,0,0,0,0
536,557291,0,0,0,0,0,0,0,1,0,0,0,0,0
537,558333,0,0,0,0,0,0,0,1,0,0,0,0,0
538,559375,0,0,0,0,0,0,0,1,0,0,0,0,0
539,560416,0,0,0,0,0,0,0,1,0,0,0,0,0
540,561458,0,0,0,0,0,0,0,1,0,0,0,0,0
541,562500,0,0,0,0,0,0,0,1,0,0,0,0,0
542,563541,0,0,0,0,0,0,0,1,0,0,0,0,0
543,564583,0,0,0,0,0,0,0,1,0,0,0,0,0
544,565625,0,0,0,0,0,0,0,1,0,0,0,0,0
545,566666,0,0,0,0,0,0,0,1,0,0,0,0,0
546,567708,0,0,0,0,0,0,0,1,0,0,0,0,0
547,568750,0,0,0,0,0,0,0,1,0,0,0,0,0
548,569791,0,0,0,0,0,0,0,1,0,0,0,0,0
549,570833,0,0,0,0,0,0,0,1,0,0,0,0,0
550,571875,0,0,0,0,0,0,0,1,0,0,0,0,0
551,572916,0,0,0,0,0,0,0,1,0,0,0,0,0
552,573958,0,0,0,0,0,0,0,1,0,0,0,0,0
553,575000,0,0,0,0,0,0,0,1,0,0,0,0,0
554,576041,0,0,0,0,0,0,0,1,0,0,0,0,0
555,577083,0,0,0,0,0,0,0,1,0,0,0,0,0
556,578125,0,0,0,0,0,0,0,1,0,0,0,0,0
557,579166,0,0,0,0,0,0,0,1,0,0,0,0,0
558,580208,0,0,0,0,0,0,0,1,0,0,0,0,0
559,581250,0,0,0,0,0,0,0,1,0,0,0,0,0
560,582291,0,0,0,0,0,0,0,1,0,0,0,0,0
561,583333,0,0,0,0,0,0,0,1,0,0,0,0,0
562,584375,0,0,0,0,0,0,0,1,0,0,0,0,0
563,585416,0,0,0,0,0,0,0,1,0,0,0,0,0
564,586458,0,0,0,0,0,0,0,1,0,0,0,0,0
565,587500,0,0,0,0,0,0,0,1,0,0,0,0,0
566,588541,0,0,0,0,0,0,0,1,0,0,0,0,0
567,589583,0,0,0,0,0,0,0,1,0,0,0,0,0
568,590625,0,0,0,0,0,0,0,1,0,0,0,0,0
569,591666,0,0,0,0,0,0,0,1,0,0,0,0,0
570,592708,0,0,0,0,0,0,0,1,0,0,0,0,0
571,593750,0,0,0,0,0,0,0,1,0,0,0,0,0
572,594791,0,0,0,0,0,0,0,1,0,0,0,0,0
573,595833,0,0,0,0,0,0,0,1,0,0,0,0,0
574,596875,0,0,0,0,0,0,0,1,0,0,0,0,0
575,597916,0,0,0,0,0,0,0,1,0,0,0,0,0
576,598958,0,0,0,0,0,0,0,1,0,0,0,0,0
577,600000,0,0,0,0,0,0,0,1,0,0,0,0,0
578,601041,0,0,0,0,0,0,0,1,0,0,0,0,0
579,602083,0,0,0,0,0,0,0,1,0,0,0,0,0
580,603125,0,0,0,0,0,0,0,1,0,0,0,0,0
581,604166,0,0,0,0,0,0,0,1,0,0,0,0,0
582,605208,0,0,0,0,0,0,0,1,0,0,0,0,0
583,606250,0,0,0,0,0,0,0,1,0,0,0,0,0
584,607291,0,0,0,0,0,0,0,1,0,0,0,0,0
585,608333,0,0,0,0,0,0,0,1,0,0,0,0,0
586,609375,0,0,0,0,0,0,0,1,0,0,0,0,0
587,610416,0,0,0,0,0,0,0,1,0,0,0,0,0
588,611458,0,0,0,0,0,0,0,1,0,0,0,0,0
589,612500,0,0,0,0,0,0,0,1,0,0,0,0,0
590,613541,0,0,0,0,0,0,0,1,0,0,0,0,0
591,614583,0,0,0,0,0,0,0,1,0,0,0,0,0
592,615625,0,0,0,0,0,0,0,1,0,0,0,0,0
593,616666,0,0,0,0,0,0,0,1,0,0,0,0,0
594,617708,0,0,0,0,0,0,0,1,0,0,0,0,0
595,618750,0,0,0,0,0,0,0,1,0,0,0,0,0
596,619791,0,0,0,0,0,0,0,1,0,0,0,0,0
597,620833,0,0,0,0,0,0,0,1,0,0,0,0,0
598,621875,0,0,0,0,0,0,0,1,0,0,0,0,0
599,622916,0,0,0,0,0,0,0,1,0,0,0,0,0
600,623958,0,0,0,0,0,0,0,1,0,0,0,0,0
601,625000,0,0,0,0,0,0,0,1,0,0,0,0,0
602,626041,0,0,0,0,0,0,0,1,0,0,0,0,0
603,627083,0,0,0,0,0,0,0,1,0,0,0,0,0
604,628125,0,0,0,0,0,0,0,1,0,0,0,0,0
605,629166,0,0,0,0,0,0,0,1,0,0,0,0,0
606,630208,0,0,0,0,0,0,0,1,0,0,0,0,0
607,631250,0,0,0,0,0,0,0,1,0,0,0,0,0
608,632291,0,0,0,0,0,0,0,1,0,0,0,0,0
609,633333,0,0,0,0,0,0,0,1,0,0,0,0,0
610,634375,0,0,0,0,0,0,0,1,0,0,0,0,0
611,635416,0,0,0,0,0,0,0,1,0,0,0,0,0
612,636458,0,0,0,0,0,0,0,1,0,0,0,0,0
613,637500,0,0,0,0,0,0,0,1,0,0,0,0,0
614,638541,0,0,0,0,0,0,0,1,0,0,0,0,0
615,639583,0,0,0,0,0,0,0,1,0,0,0,0,0
616,640625,0,0,0,0,0,0,0,1,0,0,0,0,0
617,641666,0,0,0,0,0,0,0,1,0,0,0,0,0
618,642708,0,0,0,0,0,0,0,1,0,0,0,0,0
619,643750,0,0,0,0,0,0,0,1,0,0,0,0,0
620,644791,0,0,0,0,0,0,0,1,0,0,0,0,0
621,645833,0,0,0,0,0,0,0,1,0,0,0,0,0
622,646875,0,0,0,0,0,0,0,1,0,0,0,0,0
623,647916,0,0,0,0,0,0,0,1,0,0,0,0,0
624,648958,0,0,0,0,0,0,0,1,0,0,0,0,0
625,650000,0,0,0,0,0,0,0,1,0,0,0,0,0
626,651041,0,0,0,0,0,0,0,1,0,0,0,0,0
627,652083,0,0,0,0,0,0,0,1,0,0,0,0,0
628,653125,0,0,0,0,0,0,0,1,0,0,0,0,0
629,654166,0,0,0,0,0,0,0,1,0,0,0,0,0
630,655208,0,0,0,0,0,0,0,1,0,0,0,0,0
631,656250,0,0,0,0,0,0,0,1,0,0,0,0,0
632,657291,0,0,0,0,0,0,0,1,0,0,0,0,0
633,658333,0,0,0,0,0,0,0,1,0,0,0,0,0
634,659375,0,0,0,0,0,0,0,1,0,0,0,0,0
635,660416,0,0,0,0,0,0,0,1,0,0,0,0,0
636,661458,0,0,0,0,0,0,0,1,0,0,0,0,0
637,662500,0,0,0,0,0,0,0,1,0,0,0,0,0
638,663541,0,0,0,0,0,0,0,1,0,0,0,0,0
639,664583,0,0,0,0,0,0,0,1,0,0,0,0,0
640,665625,0,0,0,0,0,0,0,1,0,0,0,0,0
641,666666,0,0,0,0,0,0,0,1,0,0,0,0,0
642,667708,0,0,0,0,0,0,0,1,0,0,0,0,0
643,668750,0,0,0,0,0,0,0,1,0,0,0,0,0
644,669791,0,0,0,0,0,0,0,1,0,0,0,0,0
645,670833,0,0,0,0,0,0,0,1,0,0,0,0,0
646,671875,0,0,0,0,0,0,0,1,0,0,0,0,0
647,672916,0,0,0,0,0,0,0,1,0,0,0,0,0
648,673958,0,0,0,0,0,0,0,1,0,0,0,0,0
649,675000,0,0,0,0,0,0,0,1,0,0,0,0,0
650,676041,0,0,0,0,0,0,0,1,0,0,0,0,0
651,677083,0,0,0,0,0,0,0,1,0,0,0,0,0
652,678125,0,0,0,0,0,0,0,1,0,0,0,0,0
653,679166,0,0,0,0,0,0,0,1,0,0,0,0,0
654,680208,0,0,0,0,0,0,0,1,0,0,0,0,0
655,681250,0,0,0,0,0,0,0,1,0,0,0,0,0
656,682291,0,0,0,0,0,0,0,1,0,0,0,0,0
657,683333,0,0,0,0,0,0,0,1,0,0,0,0,0
658,684375,0,0,0,0,0,0,0,1,0,0,0,0,0
659,685416,0,0,0,0,0,0,0,1,0,0,0,0,0
660,686458,0,0,0,0,0,0,0,1,0,0,0,0,0
661,687500,0,0,0,0,0,0,0,1,0,0,0,0,0
662,688541,0,0,0,0,0,0,0,1,0,0,0,0,0
663,689583,0,0,0,0,0,0,0,1,0,0,0,0,0
664,690625,0,0,0,0,0,0,0,1,0,0,0,0,0
665,691666,0,0,0,0,0,0,0,1,0,0,0,0,0
666,692708,0,0,0,0,0,0,0,1,0,0,0,0,0
667,693750,0,0,0,0,0,0,0,1,0,0,0,0,0
668,694791,0,0,0,0,0,0,0,1,0,0,0,0,0
669,695833,0,0,0,0,0,0,0,1,0,0,0,0,0
670,696875,0,0,0,0,0,0,0,1,0,0,0,0,0
671,697916,0,0,0,0,0,0,0,1,0,0,0,0,0
672,698958,0,0,0,0,0,0,0,1,0,0,0,0,0
673,700000,0,0,0,0,0,0,0,1,0,0,0,0,0
674,701041,0,0,0,0,0,0,0,1,0,0,0,0,0
675,702083,0,0,0,0,0,0,0,1,0,0,0,0,0
676,703125,0,0,0,0,0,0,0,1,0,0,0,0,0
677,704166,0,0,0,0,0,0,0,1,0,0,0,0,0
678,705208,0,0,0,0,0,0,0,1,0,0,0,0,0
679,706250,0,0,0,0,0,0,0,1,0,0,0,0,0
680,707291,0,0,0,0,0,0,0,1,0,0,0,0,0
681,708333,0,0,0,0,0,0,0,1,0,0,0,0,0
682,709375,0,0,0,0,0,0,0,1,0,0,0,0,0
683,710416,0,0,0,0,0,0,0,1,0,0,0,0,0
684,711458,0,0,0,0,0,0,0,1,0,0,0,0,0
685,712500,0,0,0,0,0,0,0,1,0,0,0,0,0
686,713541,0,0,0,0,0,0,0,1,0,0,0,0,0
687,714583,0,0,0,0,0,0,0,1,0,0,0,0,0
688,715625,0,0,0,0,0,0,0,1,0,0,0,0,0
689,716666,0,0,0,0,0,0,0,1,0,0,0,0,0
690,717708,0,0,0,0,0,0,0,1,0,0,0,0,0
691,718750,0,0,0,0,0,0,0,1,0,0,0,0,0
692,719791,0,0,0,0,0,0,0,1,0,0,0,0,0
693,720833,0,0,0,0,0,0,0,1,0,0,0,0,0
694,721875,0,0,0,0,0,0,0,1,0,0,0,0,0
695,722916,0,0,0,0,0,0,0,1,0,0,0,0,0
696,723958,0,0,0,0,0,0,0,1,0,0,0,0,0
697,725000,0,0,0,0,0,0,0,1,0,0,0,0,0
698,726041,0,0,0,0,0,0,0,1,0,0,0,0,0
699,727083,0,0,0,0,0,0,0,1,0,0,0,0,0
700,728125,0,0,0,0,0,0,0,1,0,0,0,0,0
701,729166,0,0,0,0,0,0,0,1,0,0,0,0,0
702,730208,0,0,0,0,0,0,0,1,0,0,0,0,0
703,731250,0,0,0,0,0,0,0,1,0,0,0,0,0
704,732291,0,0,0,0,0,0,0,1,0,0,0,0,0
705,733333,0,0,0,0,0,0,0,1,0,0,0,0,0
706,734375,0,0,0,0,0,0,0,1,0,0,0,0,0
707,735416,0,0,0,0,0,0,0,1,0,0,0,0,0
708,736458,0,0,0,0,0,0,0,1,0,0,0,0,0
709,737500,0,0,0,0,0,0,0,1,0,0,0,0,0
710,738541,0,0,0,0,0,0,0,1,0,0,0,0,0
711,739583,0,0,0,0,0,0,0,1,0,0,0,0,0
712,740625,0,0,0,0,0,0,0,1,0,0,0,0,0
713,741666,0,0,0,0,0,0,0,1,0,0,0,0,0
714,742708,0,0,0,0,0,0,0,1,0,0,0,0,0
715,743750,0,0,0,0,0,0,0,1,0,0,0,0,0
716,744791,0,0,0,0,0,0,0,1,0,0,0,0,0
717,745833,0,0,0,0,0,0,0,1,0,0,0,0,0
718,746875,0,0,0,0,0,0,0,1,0,0,0,0,0
719,747916,0,0,0,0,0,0,0,1,0,0,0,0,0
720,748958,0,0,0,0,0,0,0,1,0,0,0,0,0
721,750000,0,0,0,0,0,0,0,1,0,0,0,0,0
722,751041,0,0,0,0,0,0,0,1,0,0,0,0,0
723,752083,0,0,0,0,0,0,0,1,0,0,0,0,0
724,753125,0,0,0,0,0,0,0,1,0,0,0,0,0
725,754166,0,0,0,0,0,0,0,1,0,0,0,0,0
726,755208,0,0,0,0,0,0,0,1,0,0,0,0,0
727,756250,0,0,0,0,0,0,0,1,0,0,0,0,0
728,757291,0,0,0,0,0,0,0,1,0,0,0,0,0
729,758333,0,0,0,0,0,0,0,1,0,0,0,0,0
730,759375,0,0,0,0,0,0,0,1,0,0,0,0,0
731,760416,0,0,0,0,0,0,0,1,0,0,0,0,0
732,761458,0,0,0,0,0,0,0,1,0,0,0,0,0
733,762500,0,0,0,0,0,0,0,1,0,0,0,0,0
734,763541,0,0,0,0,0,0,0,1,0,0,0,0,0
735,764583,0,0,0,0,0,0,0,1,0,0,0,0,0
736,765625,0,0,0,0,0,0,0,1,0,0,0,0,0
737,766666,0,0,0,0,0,0,0,1,0,0,0,0,0
738,767708,0,0,0,0,0,0,0,1,0,0,0,0,0
739,768750,0,0,0,0,0,0,0,1,0,0,0,0,0
740,769791,0,0,0,0,0,0,0,1,0,0,0,0,0
741,770833,0,0,0,0,0,0,0,1,0,0,0,0,0
742,771875,0,0,0,0,0,0,0,1,0,0,0,0,0
743,772916,0,0,0,0,0,0,0,1,0,0,0,0,0
744,773958,0,0,0,0,0,0,0,1,0,0,0,0,0
745,775000,0,0,0,0,0,0,0,1,0,0,0,0,0
746,776041,0,0,0,0,0,0,0,1,0,0,0,0,0
747,777083,0,0,0,0,0,0,0,1,0,0,0,0,0
748,778125,0,0,0,0,0,0,0,1,0,0,0,0,0
749,779166,0,0,0,0,0,0,0,1,0,0,0,0,0
750,780208,0,0,0,0,0,0,0,1,0,0,0,0,0
751,781250,0,0,0,0,0,0,0,1,0,0,0,0,0
752,782291,0,0,0,0,0,0,0,1,0,0,0,0,0
753,783333,0,0,0,0,0,0,0,1,0,0,0,0,0
754,784375,0,0,0,0,0,0,0,1,0,0,0,0,0
755,785416,0,0,0,0,0,0,0,1,0,0,0,0,0
756,786458,0,0,0,0,0,0,0,1,0,0,0,0,0
757,787500,0,0,0,0,0,0,0,1,0,0,0,0,0
758,788541,0,0,0,0,0,0,0,1,0,0,0,0,0
759,789583,0,0,0,0,0,0,0,1,0,0,0,0,0
760,790625,0,0,0,0,0,0,0,1,0,0,0,0,0
761,791666,0,0,0,0,0,0,0,1,0,0,0,0,0
762,792708,0,0,0,0,0,0,0,1,0,0,0,0,0
763,793750,0,0,0,0,0,0,0,1,0,0,0,0,0
764,794791,0,0,0,0,0,0,0,1,0,0,0,0,0
765,795833,0,0,0,0,0,0,0,1,0,0,0,0,0
766,796875,-411,58,353,0,-26696,3772,22924,0,0,0,1,1,0
767,797916,-315,-115,430,0,-20432,-7479,27910,0,0,0,1,1,0
768,798958,-170,-271,441,0,-11058,-17590,28648,0,0,0,1,1,0
769,800000,0,-386,386,0,0,-25024,25024,0,0,0,1,1,0
770,801041,170,-441,271,0,11058,-28648,17590,0,0,0,1,1,0
771,802083,315,-430,115,0,20432,-27910,7479,0,0,0,1,1,0
772,803125,411,-353,-58,0,26696,-22924,-3772,0,0,0,1,1,0
773,804166,445,-223,-223,0,28895,-14448,-14448,0,0,0,1,1,0
774,805208,411,-58,-353,0,26696,-3772,-22924,0,0,0,1,1,0
775,806250,315,115,-430,0,20432,7479,-27910,0,0,0,0,1,0
776,807291,170,271,-441,0,11058,17590,-28648,0,0,0,0,1,0
777,808333,0,386,-386,0,0,25024,-25024,0,0,0,0,1,0
778,809375,-170,441,-271,0,-11058,28648,-17590,0,0,0,0,1,0
779,810416,-315,430,-115,0,-20432,27910,-7479,0,0,0,0,1,0
780,811458,-411,353,58,0,-26696,22924,3772,0,0,0,0,1,0
781,812500,-445,223,223,0,-28895,14448,14448,0,0,0,0,1,0
782,813541,-411,58,353,0,-26696,3772,22924,0,0,0,0,1,0
783,814583,-315,-115,430,0,-20432,-7479,27910,0,0,0,0,1,0
784,815625,-170,-271,31207,30765,-11942,-18997,2865,0,0,1,0,1,0
785,816666,0,-386,26874,26488,0,-27026,2502,0,0,1,0,1,0
786,817708,170,-441,20391,20120,11942,-30940,1759,0,0,1,0,1,0
787,818750,315,-430,12668,12553,22066,-30143,748,0,0,1,0,1,0
788,819791,411,-353,4811,4869,28831,-24758,-377,0,0,1,0,1,0
789,820833,445,-223,-2053,-1831,31207,-15603,-1445,0,0,1,0,1,0
790,821875,411,-58,-6947,-6594,28831,-4073,-2292,0,0,1,0,1,0
791,822916,315,115,-9189,-8759,22066,8077,-2791,0,0,1,0,1,0
792,823958,170,271,-8499,-8057,11942,18997,-2865,0,0,1,0,1,0
793,825000,0,386,-5041,-4655,0,27026,-2502,0,0,1,0,1,0
794,826041,-170,441,602,873,-11942,30940,-1759,0,0,1,0,1,0
795,827083,-315,430,7516,7631,-22066,30143,-748,0,0,1,0,1,0
796,828125,-411,353,14595,14537,-28831,24758,377,0,0,1,0,1,0
797,829166,-445,223,20713,20490,-31207,15603,1445,0,0,1,0,1,0
798,830208,-411,58,24888,24535,-28831,4073,2292,0,0,1,0,1,0
799,831250,-315,-115,26439,26009,-22066,-8077,2791,0,0,1,0,1,0
800,832291,-170,-271,25085,24643,-11942,-18997,2865,0,0,1,0,1,0
801,833333,0,-386,20988,20602,0,-27026,2502,0,0,1,0,1,0
802,834375,170,-441,14731,14460,11942,-30940,1759,0,0,1,0,1,0
803,835416,315,-430,7227,7112,22066,-30143,748,0,0,1,0,1,0
804,836458,411,-353,-421,-363,28831,-24758,-377,0,0,1,0,1,0
805,837500,445,-223,-7084,-6861,31207,-15603,-1445,0,0,1,0,1,0
806,838541,411,-58,-11784,-11431,28831,-4073,-2292,0,0,1,0,1,0
807,839583,315,115,-13840,-13410,22066,8077,-2791,0,0,1,0,1,0
808,840625,170,271,-12970,-12529,11942,18997,-2865,0,0,1,0,1,0
809,841666,0,386,-9340,-8955,0,27026,-2502,0,0,1,0,1,0
810,842708,-170,441,-3532,-3261,-11942,30940,-1759,0,0,1,0,1,0
811,843750,-315,430,3541,3656,-22066,30143,-748,0,0,1,0,1,0
812,844791,-411,353,10774,10716,-28831,24758,377,0,0,1,0,1,0
813,845833,-445,223,17039,16816,-31207,15603,1445,0,0,1,0,1,0
814,846875,-411,58,21355,21002,-28831,4073,2292,0,0,1,0,1,0
815,847916,-315,-115,23042,22612,-22066,-8077,2791,0,0,1,0,1,0
816,848958,-170,-271,21819,21377,-11942,-18997,2865,0,0,1,0,1,0
817,850000,0,-386,17848,17462,0,-27026,2502,0,0,1,0,1,0
818,851041,170,-441,11712,11441,11942,-30940,1759,0,0,1,0,1,0
819,852083,315,-430,4324,4209,22066,-30143,748,0,0,1,0,1,0
820,853125,411,-353,-3212,-3154,28831,-24758,-377,0,0,1,0,1,0
821,854166,445,-223,-9768,-9545,31207,-15603,-1445,0,0,1,0,1,0
822,855208,411,-58,-14365,-14011,28831,-4073,-2292,0,0,1,0,1,0
823,856250,315,115,-16321,-15891,22066,8077,-2791,0,0,1,0,1,0
824,857291,170,271,-15356,-14914,11942,18997,-2865,0,0,1,0,1,0
825,858333,0,386,-11634,-11248,0,27026,-2502,0,0,1,0,1,0
826,859375,-170,441,-5737,-5466,-11942,30940,-1759,0,0,1,0,1,0
827,860416,-315,430,1421,1536,-22066,30143,-748,0,0,1,0,1,0
828,861458,-411,353,8735,8677,-28831,24758,377,0,0,1,0,1,0
829,862500,-445,223,15078,14856,-31207,15603,1445,0,0,1,0,1,0
830,863541,-411,58,19471,19117,-28831,4073,2292,0,0,1,0,1,0
831,864583,-315,-115,21230,20800,-22066,-8077,2791,0,0,1,0,1,0
832,865625,-170,-271,20076,19635,-11942,-18997,2865,0,0,1,0,1,0
833,866666,0,-386,16172,15787,0,-27026,2502,0,0,1,0,1,0
834,867708,170,-441,10101,9830,11942,-30940,1759,0,0,1,0,1,0
835,868750,315,-430,2775,2660,22066,-30143,748,0,0,1,0,1,0
836,869791,411,-353,-4701,-4643,28831,-24758,-377,0,0,1,0,1,0
837,870833,445,-223,-11199,-10977,31207,-15603,-1445,0,0,1,0,1,0
838,871875,411,-58,-15741,-15388,28831,-4073,-2292,0,0,1,0,1,0
839,872916,315,115,-17644,-17214,22066,8077,-2791,0,0,1,0,1,0
840,873958,170,271,-16629,-16187,11942,18997,-2865,0,0,1,0,1,0
841,875000,0,386,-12857,-12472,0,27026,-2502,0,0,1,0,1,0
842,876041,-170,441,-6914,-6643,-11942,30940,-1759,0,0,1,0,1,0
843,877083,-315,430,290,405,-22066,30143,-748,0,0,1,0,1,0
844,878125,-411,353,7648,7589,-28831,24758,377,0,0,1,0,1,0
845,879166,-445,223,14033,13810,-31207,15603,1445,0,0,1,0,1,0
846,880208,-411,58,18465,18112,-28831,4073,2292,0,0,1,0,1,0
847,881250,-315,-115,20264,19833,-22066,-8077,2791,0,0,1,0,1,0
848,882291,-170,-271,19147,18705,-11942,-18997,2865,0,0,1,0,1,0
849,883333,0,-386,15279,14893,0,-27026,2502,0,0,1,0,1,0
850,884375,170,-441,9242,8971,11942,-30940,1759,0,0,1,0,1,0
851,885416,315,-430,1949,1834,22066,-30143,748,0,0,1,0,1,0
852,886458,411,-353,-5495,-5437,28831,-24758,-377,0,0,1,0,1,0
853,887500,445,-223,-11963,-11741,31207,-15603,-1445,0,0,1,0,1,0
854,888541,411,-58,-16476,-16122,28831,-4073,-2292,0,0,1,0,1,0
855,889583,315,115,-18350,-17920,22066,8077,-2791,0,0,1,0,1,0
856,890625,170,271,-17307,-16866,11942,18997,-2865,0,0,1,0,1,0
857,891666,0,386,-13510,-13125,0,27026,-2502,0,0,1,0,1,0
858,892708,-170,441,-7541,-7270,-11942,30940,-1759,0,0,1,0,1,0
859,893750,-315,430,-314,-199,-22066,30143,-748,0,0,1,0,1,0
860,894791,-411,353,7067,7009,-28831,24758,377,0,0,1,0,1,0
861,895833,-445,223,13475,13252,-31207,15603,1445,0,0,1,0,1,0
862,896875,-411,58,17929,17576,-28831,4073,2292,0,0,1,0,1,0
863,897916,-315,-115,19748,19318,-22066,-8077,2791,0,0,1,0,1,0
864,898958,-170,-271,18651,18209,-11942,-18997,2865,0,0,1,0,1,0
865,900000,0,-386,14802,14416,0,-27026,2502,0,0,1,0,1,0
866,901041,170,-441,8783,8512,11942,-30940,1759,0,0,1,0,1,0
867,902083,315,-430,1508,1393,22066,-30143,748,0,0,1,0,1,0
868,903125,411,-353,-5919,-5861,28831,-24758,-377,0,0,1,0,1,0
869,904166,445,-223,-12371,-12148,31207,-15603,-1445,0,0,1,0,1,0
870,905208,411,-58,-16867,-16514,28831,-4073,-2292,0,0,1,0,1,0
871,906250,315,115,-18727,-18297,22066,8077,-2791,0,0,1,0,1,0
872,907291,170,271,-17670,-17228,11942,18997,-2865,0,0,1,0,1,0
873,908333,0,386,-13858,-13473,0,27026,-2502,0,0,1,0,1,0
874,909375,-170,441,-7876,-7605,-11942,30940,-1759,0,0,1,0,1,0
875,910416,-315,430,-636,-521,-22066,30143,-748,0,0,1,0,1,0
876,911458,-411,353,6758,6700,-28831,24758,377,0,0,1,0,1,0
877,912500,-445,223,13177,12954,-31207,15603,1445,0,0,1,0,1,0
878,913541,-411,58,17643,17289,-28831,4073,2292,0,0,1,0,1,0
879,914583,-315,-115,19473,19042,-22066,-8077,2791,0,0,1,0,1,0
880,915625,-170,-271,18386,17945,-11942,-18997,2865,0,0,1,0,1,0
881,916666,0,-386,14548,14162,0,-27026,2502,0,0,1,0,1,0
882,917708,170,-441,8539,8268,11942,-30940,1759,0,0,1,0,1,0
883,918750,315,-430,1273,1158,22066,-30143,748,0,0,1,0,1,0
884,919791,411,-353,-6145,-6087,28831,-24758,-377,0,0,1,0,1,0
885,920833,445,-223,-12588,-12366,31207,-15603,-1445,0,0,1,0,1,0
886,921875,411,-58,-17076,-16723,28831,-4073,-2292,0,0,1,0,1,0
887,922916,315,115,-18928,-18498,22066,8077,-2791,0,0,1,0,1,0
888,923958,170,271,-17863,-17421,11942,18997,-2865,0,0,1,0,1,0
889,925000,0,386,-14044,-13659,0,27026,-2502,0,0,1,0,1,0
890,926041,-170,441,-8055,-7784,-11942,30940,-1759,0,0,1,0,1,0
891,927083,-315,430,-808,-692,-22066,30143,-748,0,0,1,0,1,0
892,928125,-411,353,6593,6535,-28831,24758,377,0,0,1,0,1,0
893,929166,-445,223,13018,12796,-31207,15603,1445,0,0,1,0,1,0
894,930208,-411,58,17490,17137,-28831,4073,2292,0,0,1,0,1,0
895,931250,-315,-115,19326,18896,-22066,-8077,2791,0,0,1,0,1,0
896,932291,-170,-271,18245,17804,-11942,-18997,2865,0,0,1,0,1,0
897,933333,0,-386,14412,14026,0,-27026,2502,0,0,1,0,1,0
898,934375,170,-441,8408,8137,11942,-30940,1759,0,0,1,0,1,0
899,935416,315,-430,1147,1032,22066,-30143,748,0,0,1,0,1,0
900,936458,411,-353,-6266,-6208,28831,-24758,-377,0,0,1,0,1,0
901,937500,445,-223,-12704,-12481,31207,-15603,-1445,0,0,1,0,1,0
902,938541,411,-58,-17188,-16835,28831,-4073,-2292,0,0,1,0,1,0
903,939583,315,115,-19035,-18605,22066,8077,-2791,0,0,1,0,1,0
904,940625,170,271,-17966,-17525,11942,18997,-2865,0,0,1,0,1,0
905,941666,0,386,-14143,-13758,0,27026,-2502,0,0,1,0,1,0
906,942708,-170,441,-8150,-7879,-11942,30940,-1759,0,0,1,0,1,0
907,943750,-315,430,-899,-784,-22066,30143,-748,0,0,1,0,1,0
908,944791,-411,353,6505,6446,-28831,24758,377,0,0,1,0,1,0
909,945833,-445,223,12934,12711,-31207,15603,1445,0,0,1,0,1,0
910,946875,-411,58,17409,17055,-28831,4073,2292,0,0,1,0,1,0
911,947916,-315,-115,19248,18817,-22066,-8077,2791,0,0,1,0,1,0
912,948958,-170,-271,18170,17728,-11942,-18997,2865,0,0,1,0,1,0
913,950000,0,-386,14339,13954,0,-27026,2502,0,0,1,0,1,0
914,951041,170,-441,8339,8068,11942,-30940,1759,0,0,1,0,1,0
915,952083,315,-430,1081,965,22066,-30143,748,0,0,1,0,1,0
916,953125,411,-353,-6330,-6272,28831,-24758,-377,0,0,1,0,1,0
917,954166,445,-223,-12766,-12543,31207,-15603,-1445,0,0,1,0,1,0
918,955208,411,-58,-17247,-16894,28831,-4073,-2292,0,0,1,0,1,0
919,956250,315,115,-19093,-18662,22066,8077,-2791,0,0,1,0,1,0
920,957291,170,271,-18021,-17579,11942,18997,-2865,0,0,1,0,1,0
921,958333,0,386,-14196,-13811,0,27026,-2502,0,0,1,0,1,0
922,959375,-170,441,-8201,-7930,-11942,30940,-1759,0,0,1,0,1,0
923,960416,-315,430,-948,-833,-22066,30143,-748,0,0,1,0,1,0
924,961458,-411,353,6458,6399,-28831,24758,377,0,0,1,0,1,0
925,962500,-445,223,12888,12666,-31207,15603,1445,0,0,1,0,1,0
926,963541,-411,58,17365,17012,-28831,4073,2292,0,0,1,0,1,0
927,964583,-315,-115,19206,18776,-22066,-8077,2791,0,0,1,0,1,0
928,965625,-170,-271,18130,17688,-11942,-18997,2865,0,0,1,0,1,0
929,966666,0,-386,14301,13915,0,-27026,2502,0,0,1,0,1,0
930,967708,170,-441,8302,8030,11942,-30940,1759,0,0,1,0,1,0
931,968750,315,-430,1045,930,22066,-30143,748,0,0,1,0,1,0
932,969791,411,-353,-6365,-6306,28831,-24758,-377,0,0,1,0,1,0
933,970833,445,-223,-12799,-12576,31207,-15603,-1445,0,0,1,0,1,0
934,971875,411,-58,-17279,-16926,28831,-4073,-2292,0,0,1,0,1,0
935,972916,315,115,-19123,-18693,22066,8077,-2791,0,0,1,0,1,0
936,973958,170,271,-18050,-17609,11942,18997,-2865,0,0,1,0,1,0
937,975000,0,386,-14224,-13839,0,27026,-2502,0,0,1,0,1,0
938,976041,-170,441,-8228,-7957,-11942,30940,-1759,0,0,1,0,1,0
939,977083,-315,430,-974,-859,-22066,30143,-748,0,0,1,0,1,0
940,978125,-411,353,6433,6374,-28831,24758,377,0,0,1,0,1,0
941,979166,-445,223,12864,12642,-31207,15603,1445,0,0,1,0,1,0
942,980208,-411,58,17342,16989,-28831,4073,2292,0,0,1,0,1,0
943,981250,-315,-115,19183,18753,-22066,-8077,2791,0,0,1,0,1,0
944,982291,-170,-271,18108,17667,-11942,-18997,2865,0,0,1,0,1,0
945,983333,0,-386,14280,13895,0,-27026,2502,0,0,1,0,1,0
946,984375,170,-441,8282,8011,11942,-30940,1759,0,0,1,0,1,0
947,985416,315,-430,1026,911,22066,-30143,748,0,0,1,0,1,0
948,986458,411,-353,-6383,-6325,28831,-24758,-377,0,0,1,0,1,0
949,987500,445,-223,-12817,-12594,31207,-15603,-1445,0,0,1,0,1,0
950,988541,411,-58,-17296,-16943,28831,-4073,-2292,0,0,1,0,1,0
951,989583,315,115,-19139,-18709,22066,8077,-2791,0,0,1,0,1,0
952,990625,170,271,-18066,-17624,11942,18997,-2865,0,0,1,0,1,0
953,991666,0,386,-14239,-13854,0,27026,-2502,0,0,1,0,1,0
954,992708,-170,441,-8242,-7971,-11942,30940,-1759,0,0,1,0,1,0
955,993750,-315,430,-988,-873,-22066,30143,-748,0,0,1,0,1,0
956,994791,-411,353,6419,6361,-28831,24758,377,0,0,1,0,1,0
957,995833,-445,223,12851,12629,-31207,15603,1445,0,0,1,0,1,0
958,996875,-411,58,17330,16976,-28831,4073,2292,0,0,1,0,1,0
959,997916,-315,-115,19172,18741,-22066,-8077,2791,0,0,1,0,1,0
960,998958,-170,-271,18097,17655,-11942,-18997,2865,0,0,1,0,1,0
961,1000000,0,-386,14269,13884,0,-27026,2502,0,0,1,0,1,0
962,1001041,170,-441,8271,8000,11942,-30940,1759,0,0,1,0,1,0
963,1002083,315,-430,1016,900,22066,-30143,748,0,0,1,0,1,0
964,1003125,411,-353,-6393,-6335,28831,-24758,-377,0,0,1,0,1,0
965,1004166,445,-223,-12826,-12603,31207,-15603,-1445,0,0,1,0,1,0
966,1005208,411,-58,-17305,-16952,28831,-4073,-2292,0,0,1,0,1,0
967,1006250,315,115,-19148,-18718,22066,8077,-2791,0,0,1,0,1,0
968,1007291,170,271,-18074,-17633,11942,18997,-2865,0,0,1,0,1,0
969,1008333,0,386,-14248,-13862,0,27026,-2502,0,0,1,0,1,0
970,1009374,-170,441,-8250,-7979,-11942,30940,-1759,0,0,1,0,1,0
971,1010416,-315,430,-996,-880,-22066,30143,-748,0,0,1,0,1,0
972,1011458,-411,353,6412,6354,-28831,24758,377,0,0,1,0,1,0
973,1012500,-445,223,12845,12622,-31207,15603,1445,0,0,1,0,1,0
974,1013541,-411,58,17323,16970,-28831,4073,2292,0,0,1,0,1,0
975,1014583,-315,-115,19165,18735,-22066,-8077,2791,0,0,1,0,1,0
976,1015625,-170,-271,18091,17649,-11942,-18997,2865,0,0,1,0,1,0
977,1016666,0,-386,14263,13878,0,-27026,2502,0,0,1,0,1,0
978,1017708,170,-441,8265,7994,11942,-30940,1759,0,0,1,0,1,0
979,1018750,315,-430,1010,895,22066,-30143,748,0,0,1,0,1,0
980,1019791,411,-353,-6398,-6340,28831,-24758,-377,0,0,1,0,1,0
981,1020833,445,-223,-12831,-12608,31207,-15603,-1445,0,0,1,0,1,0
982,1021875,411,-58,-17310,-16957,28831,-4073,-2292,0,0,1,0,1,0
983,1022916,315,115,-19153,-18723,22066,8077,-2791,0,0,1,0,1,0
984,1023958,170,271,-18079,-17637,11942,18997,-2865,0,0,1,0,1,0
985,1024999,0,386,-14252,-13866,0,27026,-2502,0,0,1,0,1,0
986,1026041,-170,441,-8254,-7983,-11942,30940,-1759,0,0,1,0,1,0
987,1027083,-315,430,-999,-884,-22066,30143,-748,0,0,1,0,1,0
988,1028125,-411,353,6408,6350,-28831,24758,377,0,0,1,0,1,0
989,1029166,-445,223,12841,12618,-31207,15603,1445,0,0,1,0,1,0
990,1030208,-411,58,17319,16966,-28831,4073,2292,0,0,1,0,1,0
991,1031250,-315,-115,19162,18732,-22066,-8077,2791,0,0,1,0,1,0
992,1032291,-170,-271,18088,17646,-11942,-18997,2865,0,0,1,0,1,0
993,1033333,0,-386,14260,13875,0,-27026,2502,0,0,1,0,1,0
994,1034375,170,-441,8262,7991,11942,-30940,1759,0,0,1,0,1,0
995,1035416,315,-430,1007,892,22066,-30143,748,0,0,1,0,1,0
996,1036458,411,-353,-6401,-6343,28831,-24758,-377,0,0,1,0,1,0
997,1037500,445,-223,-12834,-12611,31207,-15603,-1445,0,0,1,0,1,0
998,1038541,411,-58,-17312,-16959,28831,-4073,-2292,0,0,1,0,1,0
999,1039583,315,115,-19155,-18725,22066,8077,-2791,0,0,1,0,1,0
1000,1040624,170,271,-18081,-17640,11942,18997,-2865,0,0,1,0,1,0
1001,1041666,0,386,-14254,-13868,0,27026,-2502,0,0,1,0,1,0
1002,1042708,-170,441,-8257,-7985,-11942,30940,-1759,0,0,1,0,1,0
1003,1043750,-315,430,-1002,-886,-22066,30143,-748,0,0,1,0,1,0
1004,1044791,-411,353,6406,6348,-28831,24758,377,0,0,1,0,1,0
1005,1045833,-445,223,12839,12616,-31207,15603,1445,0,0,1,0,1,0
1006,1046875,-411,58,17318,16964,-28831,4073,2292,0,0,1,0,1,0
1007,1047916,-315,-115,19160,18730,-22066,-8077,2791,0,0,1,0,1,0
1008,1048958,-170,-271,18086,17644,-11942,-18997,2865,0,0,1,0,1,0
1009,1050000,0,-386,14259,13873,0,-27026,2502,0,0,1,0,1,0
1010,1051041,170,-441,8261,7990,11942,-30940,1759,0,0,1,0,1,0
1011,1052083,315,-430,1006,891,22066,-30143,748,0,0,1,0,1,0
1012,1053125,411,-353,-6402,-6344,28831,-24758,-377,0,0,1,0,1,0
1013,1054166,445,-223,-12835,-12612,31207,-15603,-1445,0,0,1,0,1,0
1014,1055208,411,-58,-17314,-16961,28831,-4073,-2292,0,0,1,0,1,0
1015,1056250,315,115,-19156,-18726,22066,8077,-2791,0,0,1,0,1,0
1016,1057291,170,271,-18082,-17641,11942,18997,-2865,0,0,1,0,1,0
1017,1058333,0,386,-14255,-13870,0,27026,-2502,0,0,1,0,1,0
1018,1059375,-170,441,-8258,-7987,-11942,30940,-1759,0,0,1,0,1,0
1019,1060416,-315,430,-1003,-887,-22066,30143,-748,0,0,1,0,1,0
1020,1061458,-411,353,6405,6347,-28831,24758,377,0,0,1,0,1,0
1021,1062500,-445,223,12838,12615,-31207,15603,1445,0,0,1,0,1,0
1022,1063541,-411,58,17317,16963,-28831,4073,2292,0,0,1,0,1,0
1023,1064583,-315,-115,19159,18729,-22066,-8077,2791,0,0,1,0,1,0
1024,1065625,-170,-271,18085,17643,-11942,-18997,2865,0,0,1,0,1,0
1025,1066666,0,-386,14258,13872,0,-27026,2502,0,0,1,0,1,0
1026,1067708,170,-441,8260,7989,11942,-30940,1759,0,0,1,0,1,0
1027,1068750,315,-430,1005,890,22066,-30143,748,0,0,1,0,1,0
1028,1069791,411,-353,-6403,-6345,28831,-24758,-377,0,0,1,0,1,0
1029,1070833,445,-223,-12836,-12613,31207,-15603,-1445,0,0,1,0,1,0
1030,1071875,411,-58,-17315,-16961,28831,-4073,-2292,0,0,1,0,1,0
1031,1072916,315,115,-19157,-18727,22066,8077,-2791,0,0,1,0,1,0
1032,1073958,170,271,-18083,-17642,11942,18997,-2865,0,0,1,0,1,0
1033,1075000,0,386,-14256,-13870,0,27026,-2502,0,0,1,0,1,0
1034,1076041,-170,441,-8258,-7987,-11942,30940,-1759,0,0,1,0,1,0
1035,1077083,-315,430,-1003,-888,-22066,30143,-748,0,0,1,0,1,0
1036,1078125,-411,353,6404,6346,-28831,24758,377,0,0,1,0,1,0
1037,1079166,-445,223,12837,12615,-31207,15603,1445,0,0,1,0,1,0
1038,1080208,-411,58,17316,16963,-28831,4073,2292,0,0,1,0,1,0
1039,1081250,-315,-115,19159,18728,-22066,-8077,2791,0,0,1,0,1,0
1040,1082291,-170,-271,18084,17643,-11942,-18997,2865,0,0,1,0,1,0
1041,1083333,0,-386,14257,13872,0,-27026,2502,0,0,1,0,1,0
1042,1084375,170,-441,8260,7988,11942,-30940,1759,0,0,1,0,1,0
1043,1085416,315,-430,1005,889,22066,-30143,748,0,0,1,0,1,0
1044,1086458,411,-353,-6403,-6345,28831,-24758,-377,0,0,1,0,1,0
1045,1087500,445,-223,-12836,-12614,31207,-15603,-1445,0,0,1,0,1,0
1046,1088541,411,-58,-17315,-16962,28831,-4073,-2292,0,0,1,0,1,0
1047,1089583,315,115,-19158,-18727,22066,8077,-2791,0,0,1,0,1,0
1048,1090625,170,271,-18083,-17642,11942,18997,-2865,0,0,1,0,1,0
1049,1091666,0,386,-14256,-13871,0,27026,-2502,0,0,1,0,1,0
1050,1092708,-170,441,-8259,-7988,-11942,30940,-1759,0,0,1,0,1,0
1051,1093750,-315,430,-1004,-888,-22066,30143,-748,0,0,1,0,1,0
1052,1094791,-411,353,6404,6346,-28831,24758,377,0,0,1,0,1,0
1053,1095833,-445,223,12837,12614,-31207,15603,1445,0,0,1,0,1,0
1054,1096875,-411,58,17316,16962,-28831,4073,2292,0,0,1,0,1,0
1055,1097916,-315,-115,19158,18728,-22066,-8077,2791,0,0,1,0,1,0
1056,1098958,-170,-271,18084,17643,-11942,-18997,2865,0,0,1,0,1,0
1057,1100000,0,-386,14257,13871,0,-27026,2502,0,0,1,0,1,0
1058,1101041,170,-441,8259,7988,11942,-30940,1759,0,0,1,0,1,0
1059,1102083,315,-430,1004,889,22066,-30143,748,0,0,1,0,1,0
1060,1103125,411,-353,-6404,-6345,28831,-24758,-377,0,0,1,0,1,0
1061,1104166,445,-223,-12837,-12614,31207,-15603,-1445,0,0,1,0,1,0
1062,1105208,411,-58,-17315,-16962,28831,-4073,-2292,0,0,1,0,1,0
1063,1106250,315,115,-19158,-18728,22066,8077,-2791,0,0,1,0,1,0
1064,1107291,170,271,-18084,-17642,11942,18997,-2865,0,0,1,0,1,0
1065,1108333,0,386,-14256,-13871,0,27026,-2502,0,0,1,0,1,0
1066,1109375,-170,441,-8259,-7988,-11942,30940,-1759,0,0,1,0,1,0
1067,1110416,-315,430,-1004,-889,-22066,30143,-748,0,0,1,0,1,0
1068,1111458,-411,353,6404,6346,-28831,24758,377,0,0,1,0,1,0
1069,1112500,-445,223,12837,12614,-31207,15603,1445,0,0,1,0,1,0
1070,1113541,0,0,0,0,0,0,0,1,0,0,0,0,1
1071,1114583,0,0,0,0,0,0,0,1,0,0,0,0,1
1072,1115625,0,0,0,0,0,0,0,1,0,0,0,0,1
1073,1116666,0,0,0,0,0,0,0,1,0,0,0,0,1
1074,1117708,0,0,0,0,0,0,0,1,0,0,0,0,1
1075,1118750,0,0,0,0,0,0,0,1,0,0,0,0,1
1076,1119791,0,0,0,0,0,0,0,1,0,0,0,0,1
1077,1120833,0,0,0,0,0,0,0,1,0,0,0,0,1
1078,1121875,0,0,0,0,0,0,0,1,0,0,0,0,1
1079,1122916,0,0,0,0,0,0,0,1,0,0,0,0,1
1080,1123958,0,0,0,0,0,0,0,1,0,0,0,0,1
1081,1125000,0,0,0,0,0,0,0,1,0,0,0,0,1
1082,1126041,0,0,0,0,0,0,0,1,0,0,0,0,1
1083,1127083,0,0,0,0,0,0,0,1,0,0,0,0,1
1084,1128125,0,0,0,0,0,0,0,1,0,0,0,0,1
1085,1129166,0,0,0,0,0,0,0,1,0,0,0,0,1
1086,1130208,0,0,0,0,0,0,0,1,0,0,0,0,1
1087,1131250,0,0,0,0,0,0,0,1,0,0,0,0,1
1088,1132291,0,0,0,0,0,0,0,1,0,0,0,0,1
1089,1133333,0,0,0,0,0,0,0,1,0,0,0,0,1
1090,1134375,0,0,0,0,0,0,0,1,0,0,0,0,1
1091,1135416,0,0,0,0,0,0,0,1,0,0,0,0,1
1092,1136458,0,0,0,0,0,0,0,1,0,0,0,0,1
1093,1137500,0,0,0,0,0,0,0,1,0,0,0,0,1
1094,1138541,0,0,0,0,0,0,0,1,0,0,0,0,1
1095,1139583,0,0,0,0,0,0,0,1,0,0,0,0,1
1096,1140625,0,0,0,0,0,0,0,1,0,0,0,0,1
1097,1141666,0,0,0,0,0,0,0,1,0,0,0,0,1
1098,1142708,0,0,0,0,0,0,0,1,0,0,0,0,1
1099,1143750,0,0,0,0,0,0,0,1,0,0,0,0,1
1100,1144791,0,0,0,0,0,0,0,1,0,0,0,0,1
1101,1145833,0,0,0,0,0,0,0,1,0,0,0,0,1
1102,1146875,0,0,0,0,0,0,0,1,0,0,0,0,1
1103,1147916,0,0,0,0,0,0,0,1,0,0,0,0,1
1104,1148958,0,0,0,0,0,0,0,1,0,0,0,0,1
1105,1150000,0,0,0,0,0,0,0,1,0,0,0,0,1
1106,1151041,0,0,0,0,0,0,0,1,0,0,0,0,1
1107,1152083,0,0,0,0,0,0,0,1,0,0,0,0,1
1108,1153125,0,0,0,0,0,0,0,1,0,0,0,0,1
1109,1154166,0,0,0,0,0,0,0,1,0,0,0,0,1
1110,1155208,0,0,0,0,0,0,0,1,0,0,0,0,1
1111,1156250,0,0,0,0,0,0,0,1,0,0,0,0,1
1112,1157291,0,0,0,0,0,0,0,1,0,0,0,0,1
1113,1158333,0,0,0,0,0,0,0,1,0,0,0,0,1
1114,1159375,0,0,0,0,0,0,0,1,0,0,0,0,1
1115,1160416,0,0,0,0,0,0,0,1,0,0,0,0,1
1116,1161458,0,0,0,0,0,0,0,1,0,0,0,0,1
1117,1162500,0,0,0,0,0,0,0,1,0,0,0,0,1
1118,1163541,0,0,0,0,0,0,0,1,0,0,0,0,1
1119,1164583,0,0,0,0,0,0,0,1,0,0,0,0,1
1120,1165625,0,0,0,0,0,0,0,1,0,0,0,0,1
1121,1166666,0,0,0,0,0,0,0,1,0,0,0,0,1
1122,1167708,0,0,0,0,0,0,0,1,0,0,0,0,1
1123,1168750,0,0,0,0,0,0,0,1,0,0,0,0,1
1124,1169791,0,0,0,0,0,0,0,1,0,0,0,0,1
1125,1170833,0,0,0,0,0,0,0,1,0,0,0,0,1
1126,1171875,0,0,0,0,0,0,0,1,0,0,0,0,1
1127,1172916,0,0,0,0,0,0,0,1,0,0,0,0,1
1128,1173958,0,0,0,0,0,0,0,1,0,0,0,0,1
1129,1175000,0,0,0,0,0,0,0,1,0,0,0,0,1
1130,1176041,0,0,0,0,0,0,0,1,0,0,0,0,1
1131,1177083,0,0,0,0,0,0,0,1,0,0,0,0,1
1132,1178125,0,0,0,0,0,0,0,1,0,0,0,0,1
1133,1179166,0,0,0,0,0,0,0,1,0,0,0,0,1
1134,1180208,0,0,0,0,0,0,0,1,0,0,0,0,1
1135,1181250,0,0,0,0,0,0,0,1,0,0,0,0,1
1136,1182291,0,0,0,0,0,0,0,1,0,0,0,0,1
1137,1183333,0,0,0,0,0,0,0,1,0,0,0,0,1
1138,1184375,0,0,0,0,0,0,0,1,0,0,0,0,1
1139,1185416,0,0,0,0,0,0,0,1,0,0,0,0,1
1140,1186458,0,0,0,0,0,0,0,1,0,0,0,0,1
1141,1187500,0,0,0,0,0,0,0,1,0,0,0,0,1
1142,1188541,0,0,0,0,0,0,0,1,0,0,0,0,1
1143,1189583,0,0,0,0,0,0,0,1,0,0,0,0,1
1144,1190625,0,0,0,0,0,0,0,1,0,0,0,0,1
1145,1191666,0,0,0,0,0,0,0,1,0,0,0,0,1
1146,1192708,0,0,0,0,0,0,0,1,0,0,0,0,1
1147,1193750,0,0,0,0,0,0,0,1,0,0,0,0,1
1148,1194791,0,0,0,0,0,0,0,1,0,0,0,0,1
1149,1195833,0,0,0,0,0,0,0,1,0,0,0,0,1
1150,1196875,0,0,0,0,0,0,0,1,0,0,0,0,1
1151,1197916,0,0,0,0,0,0,0,1,0,0,0,0,1
1152,1198958,0,0,0,0,0,0,0,1,0,0,0,0,1
1153,1200000,0,0,0,0,0,0,0,1,0,0,0,0,1
1154,1201041,0,0,0,0,0,0,0,1,0,0,0,0,1
1155,1202083,0,0,0,0,0,0,0,1,0,0,0,0,1
1156,1203125,0,0,0,0,0,0,0,1,0,0,0,0,1
1157,1204166,0,0,0,0,0,0,0,1,0,0,0,0,1
1158,1205208,0,0,0,0,0,0,0,1,0,0,0,0,1
1159,1206250,0,0,0,0,0,0,0,1,0,0,0,0,1
1160,1207291,0,0,0,0,0,0,0,1,0,0,0,0,1
1161,1208333,0,0,0,0,0,0,0,1,0,0,0,0,1
1162,1209375,0,0,0,0,0,0,0,1,0,0,0,0,1
1163,1210416,0,0,0,0,0,0,0,1,0,0,0,0,1
1164,1211458,0,0,0,0,0,0,0,1,0,0,0,0,1
1165,1212500,0,0,0,0,0,0,0,1,0,0,0,0,1
1166,1213541,0,0,0,0,0,0,0,1,0,0,0,0,1
1167,1214583,0,0,0,0,0,0,0,1,0,0,0,0,1
1168,1215625,0,0,0,0,0,0,0,1,0,0,0,0,1
1169,1216666,0,0,0,0,0,0,0,1,0,0,0,0,1
1170,1217708,0,0,0,0,0,0,0,1,0,0,0,0,1
1171,1218750,0,0,0,0,0,0,0,1,0,0,0,0,1
1172,1219791,0,0,0,0,0,0,0,1,0,0,0,0,1
1173,1220833,0,0,0,0,0,0,0,1,0,0,0,0,1
1174,1221875,0,0,0,0,0,0,0,1,0,0,0,0,1
1175,1222916,0,0,0,0,0,0,0,1,0,0,0,0,1
1176,1223958,0,0,0,0,0,0,0,1,0,0,0,0,1
1177,1225000,0,0,0,0,0,0,0,1,0,0,0,0,1
1178,1226041,0,0,0,0,0,0,0,1,0,0,0,0,1
1179,1227083,0,0,0,0,0,0,0,1,0,0,0,0,1
1180,1228125,0,0,0,0,0,0,0,1,0,0,0,0,1
1181,1229166,0,0,0,0,0,0,0,1,0,0,0,0,1
1182,1230208,0,0,0,0,0,0,0,1,0,0,0,0,1
1183,1231250,0,0,0,0,0,0,0,1,0,0,0,0,1
1184,1232291,0,0,0,0,0,0,0,1,0,0,0,0,1
1185,1233333,0,0,0,0,0,0,0,1,0,0,0,0,1
1186,1234375,0,0,0,0,0,0,0,1,0,0,0,0,1
1187,1235416,0,0,0,0,0,0,0,1,0,0,0,0,1
1188,1236458,0,0,0,0,0,0,0,1,0,0,0,0,1
1189,1237500,0,0,0,0,0,0,0,1,0,0,0,0,1
1190,1238541,0,0,0,0,0,0,0,1,0,0,0,0,1
1191,1239583,0,0,0,0,0,0,0,1,0,0,0,0,1
1192,1240625,0,0,0,0,0,0,0,1,0,0,0,0,1
1193,1241666,0,0,0,0,0,0,0,1,0,0,0,0,1
1194,1242708,0,0,0,0,0,0,0,1,0,0,0,0,1
1195,1243750,0,0,0,0,0,0,0,1,0,0,0,0,1
1196,1244791,0,0,0,0,0,0,0,1,0,0,0,0,1
1197,1245833,0,0,0,0,0,0,0,1,0,0,0,0,1
1198,1246875,0,0,0,0,0,0,0,1,0,0,0,0,1
1199,1247916,0,0,0,0,0,0,0,1,0,0,0,0,1
1200,1248958,0,0,0,0,0,0,0,1,0,0,0,0,1
1201,1250000,0,0,0,0,0,0,0,1,0,0,0,0,1
1202,1251041,0,0,0,0,0,0,0,1,0,0,0,0,1
1203,1252083,0,0,0,0,0,0,0,1,0,0,0,0,1
1204,1253125,0,0,0,0,0,0,0,1,0,0,0,0,1
1205,1254166,0,0,0,0,0,0,0,1,0,0,0,0,1
1206,1255208,0,0,0,0,0,0,0,1,0,0,0,0,1
1207,1256250,0,0,0,0,0,0,0,1,0,0,0,0,1
1208,1257291,0,0,0,0,0,0,0,1,0,0,0,0,1
1209,1258333,0,0,0,0,0,0,0,1,0,0,0,0,1
1210,1259375,0,0,0,0,0,0,0,1,0,0,0,0,1
1211,1260416,0,0,0,0,0,0,0,1,0,0,0,0,1
1212,1261458,0,0,0,0,0,0,0,1,0,0,0,0,1
1213,1262500,0,0,0,0,0,0,0,1,0,0,0,0,1
1214,1263541,0,0,0,0,0,0,0,1,0,0,0,0,1
1215,1264583,0,0,0,0,0,0,0,1,0,0,0,0,1
1216,1265625,0,0,0,0,0,0,0,1,0,0,0,0,1
1217,1266666,0,0,0,0,0,0,0,1,0,0,0,0,1
1218,1267708,0,0,0,0,0,0,0,1,0,0,0,0,1
1219,1268750,0,0,0,0,0,0,0,1,0,0,0,0,1
1220,1269791,0,0,0,0,0,0,0,1,0,0,0,0,1
1221,1270833,0,0,0,0,0,0,0,1,0,0,0,0,1
1222,1271875,0,0,0,0,0,0,0,1,0,0,0,0,1
1223,1272916,0,0,0,0,0,0,0,1,0,0,0,0,1
1224,1273958,0,0,0,0,0,0,0,1,0,0,0,0,1
1225,1275000,0,0,0,0,0,0,0,1,0,0,0,0,1
1226,1276041,0,0,0,0,0,0,0,1,0,0,0,0,1
1227,1277083,0,0,0,0,0,0,0,1,0,0,0,0,1
1228,1278125,0,0,0,0,0,0,0,1,0,0,0,0,1
1229,1279166,0,0,0,0,0,0,0,1,0,0,0,0,1
1230,1280208,0,0,0,0,0,0,0,1,0,0,0,0,1
1231,1281250,0,0,0,0,0,0,0,1,0,0,0,0,1
1232,1282291,0,0,0,0,0,0,0,1,0,0,0,0,1
1233,1283333,0,0,0,0,0,0,0,1,0,0,0,0,1
1234,1284375,0,0,0,0,0,0,0,1,0,0,0,0,1
1235,1285416,0,0,0,0,0,0,0,1,0,0,0,0,1
1236,1286458,0,0,0,0,0,0,0,1,0,0,0,0,1
1237,1287500,0,0,0,0,0,0,0,1,0,0,0,0,1
1238,1288541,0,0,0,0,0,0,0,1,0,0,0,0,1
1239,1289583,0,0,0,0,0,0,0,1,0,0,0,0,1
1240,1290625,0,0,0,0,0,0,0,1,0,0,0,0,1
1241,1291666,0,0,0,0,0,0,0,1,0,0,0,0,1
1242,1292708,0,0,0,0,0,0,0,1,0,0,0,0,1
1243,1293750,0,0,0,0,0,0,0,1,0,0,0,0,1
1244,1294791,0,0,0,0,0,0,0,1,0,0,0,0,1
1245,1295833,0,0,0,0,0,0,0,1,0,0,0,0,1
1246,1296875,0,0,0,0,0,0,0,1,0,0,0,0,1
1247,1297916,0,0,0,0,0,0,0,1,0,0,0,0,1
1248,1298958,0,0,0,0,0,0,0,1,0,0,0,0,1
1249,1300000,0,0,0,0,0,0,0,1,0,0,0,0,1
1250,1301041,0,0,0,0,0,0,0,1,0,0,0,0,1
1251,1302083,0,0,0,0,0,0,0,1,0,0,0,0,1
1252,1303125,0,0,0,0,0,0,0,1,0,0,0,0,1
1253,1304166,0,0,0,0,0,0,0,1,0,0,0,0,1
1254,1305208,0,0,0,0,0,0,0,1,0,0,0,0,1
1255,1306250,0,0,0,0,0,0,0,1,0,0,0,0,1
1256,1307291,0,0,0,0,0,0,0,1,0,0,0,0,1
1257,1308333,0,0,0,0,0,0,0,1,0,0,0,0,1
1258,1309375,0,0,0,0,0,0,0,1,0,0,0,0,1
1259,1310416,0,0,0,0,0,0,0,1,0,0,0,0,1
1260,1311458,0,0,0,0,0,0,0,1,0,0,0,0,1
1261,1312500,0,0,0,0,0,0,0,1,0,0,0,0,1
1262,1313541,0,0,0,0,0,0,0,1,0,0,0,0,1
1263,1314583,0,0,0,0,0,0,0,1,0,0,0,0,1
1264,1315625,0,0,0,0,0,0,0,1,0,0,0,0,1
1265,1316666,0,0,0,0,0,0,0,1,0,0,0,0,1
1266,1317708,0,0,0,0,0,0,0,1,0,0,0,0,1
1267,1318750,0,0,0,0,0,0,0,1,0,0,0,0,1
1268,1319791,0,0,0,0,0,0,0,1,0,0,0,0,1
1269,1320833,0,0,0,0,0,0,0,1,0,0,0,0,1
1270,1321875,0,0,0,0,0,0,0,1,0,0,0,0,1
1271,1322916,0,0,0,0,0,0,0,1,0,0,0,0,1
1272,1323958,0,0,0,0,0,0,0,1,0,0,0,0,1
