1,0,0,-1559,1559,0,0,-25024,25024,0,0,0,0,1,0
2,520,351,-1705,1354,0,5637,-27362,21724,0,0,0,0,1,0
3,1041,689,-1785,1096,0,11058,-28648,17590,0,0,0,0,1,0
4,1562,1000,-1797,796,0,16053,-28833,12780,0,0,0,0,1,0
5,2083,1273,-1739,466,0,20432,-27910,7479,0,0,0,0,1,0
6,2604,1497,-1615,118,0,24025,-25915,1890,0,0,0,0,1,0
7,3125,1664,-1428,-235,0,26696,-22924,-3772,0,0,0,0,1,0
8,3645,1766,-1187,-579,0,28340,-19052,-9288,0,0,0,0,1,0
9,4166,1801,-900,-900,0,28895,-14448,-14448,0,0,0,0,1,0
10,4687,1766,-579,-1187,0,28340,-9288,-19052,0,0,0,0,1,0
11,5208,1664,-235,-1428,0,26696,-3772,-22924,0,0,0,0,1,0
12,5729,1497,118,-1615,0,24025,1890,-25915,0,0,0,0,1,0
13,6250,1273,466,-1739,0,20432,7479,-27910,0,0,0,0,1,0
14,6770,1000,796,-1797,0,16053,12780,-28833,0,0,0,0,1,0
15,7291,689,1096,-1785,0,11058,17590,-28648,0,0,0,0,1,0
16,7812,351,1354,-1705,0,5637,21724,-27362,0,0,0,0,1,0
17,8333,0,1559,-1559,0,0,25024,-25024,0,0,0,0,1,0
18,8854,-351,1705,-1354,0,-5637,27362,-21724,0,0,0,0,1,0
19,9375,-689,1785,-1096,0,-11058,28648,-17590,0,0,0,0,1,0
20,9895,-1000,1797,-796,0,-16053,28833,-12780,0,0,0,0,1,0
21,10416,-1273,1739,-466,0,-20432,27910,-7479,0,0,0,0,1,0
22,10937,-1497,1615,-118,0,-24025,25915,-1890,0,0,0,0,1,0
23,11458,-1664,1428,235,0,-26696,22924,3772,0,0,0,0,1,0
24,11979,-1766,1187,579,0,-28340,19052,9288,0,0,0,0,1,0
25,12500,-1801,900,900,0,-28895,14448,14448,0,0,0,0,1,0
26,13020,-1766,579,1187,0,-28340,9288,19052,0,0,0,0,1,0
27,13541,-1664,235,1428,0,-26696,3772,22924,0,0,0,0,1,0
28,14062,-1497,-118,1615,0,-24025,-1890,25915,0,0,0,0,1,0
29,14583,-1273,-466,1739,0,-20432,-7479,27910,0,0,0,0,1,0
30,15104,-1000,-796,1797,0,-16053,-12780,28833,0,0,0,0,1,0
31,15625,-689,-1096,1785,0,-11058,-17590,28648,0,0,0,0,1,0
32,16145,-351,-1354,1705,0,-5637,-21724,27362,0,0,0,0,1,0
33,16666,0,-1559,1559,0,0,-25024,25024,0,0,0,0,1,0
34,17187,351,-1705,1354,0,5637,-27362,21724,0,0,0,0,1,0
35,17708,689,-1785,1096,0,11058,-28648,17590,0,0,0,0,1,0
36,18229,1000,-1797,796,0,16053,-28833,12780,0,0,0,0,1,0
37,18750,1273,-1739,466,0,20432,-27910,7479,0,0,0,0,1,0
38,19270,1497,-1615,118,0,24025,-25915,1890,0,0,0,0,1,0
39,19791,1664,-1428,-235,0,26696,-22924,-3772,0,0,0,0,1,0
40,20312,1766,-1187,-579,0,28340,-19052,-9288,0,0,0,0,1,0
41,20833,1801,-900,-900,0,28895,-14448,-14448,0,0,0,0,1,0
42,21354,1766,-579,-1187,0,28340,-9288,-19052,0,0,0,0,1,0
43,21875,1664,-235,-1428,0,26696,-3772,-22924,0,0,0,0,1,0
44,22395,1497,118,-1615,0,24025,1890,-25915,0,0,0,0,1,0
45,22916,1273,466,-1739,0,20432,7479,-27910,0,0,0,0,1,0
46,23437,1000,796,-1797,0,16053,12780,-28833,0,0,0,0,1,0
47,23958,689,1096,-1785,0,11058,17590,-28648,0,0,0,0,1,0
48,24479,351,1354,-1705,0,5637,21724,-27362,0,0,0,0,1,0
49,25000,0,1559,-1559,0,0,25024,-25024,0,0,0,0,1,0
50,25520,-351,1705,-1354,0,-5637,27362,-21724,0,0,0,0,1,0
51,26041,-689,1785,-1096,0,-11058,28648,-17590,0,0,0,0,1,0
52,26562,-1000,1797,-796,0,-16053,28833,-12780,0,0,0,0,1,0
53,27083,-1273,1739,-466,0,-20432,27910,-7479,0,0,0,0,1,0
54,27604,-1497,1615,-118,0,-24025,25915,-1890,0,0,0,0,1,0
55,28125,-1664,1428,235,0,-26696,22924,3772,0,0,0,0,1,0
56,28645,-1766,1187,579,0,-28340,19052,9288,0,0,0,0,1,0
57,29166,-1801,900,900,0,-28895,14448,14448,0,0,0,0,1,0
58,29687,-1766,579,1187,0,-28340,9288,19052,0,0,0,0,1,0
59,30208,-1664,235,1428,0,-26696,3772,22924,0,0,0,0,1,0
60,30729,-1497,-118,1615,0,-24025,-1890,25915,0,0,0,0,1,0
61,31250,-1273,-466,1739,0,-20432,-7479,27910,0,0,0,0,1,0
62,31770,-1000,-796,1797,0,-16053,-12780,28833,0,0,0,0,1,0
63,32291,-689,-1096,1785,0,-11058,-17590,28648,0,0,0,0,1,0
64,32812,-351,-1354,1705,0,-5637,-21724,27362,0,0,0,0,1,0
65,33333,0,-1559,1559,0,0,-25024,25024,0,0,0,0,1,0
66,33854,351,-1705,1354,0,5637,-27362,21724,0,0,0,0,1,0
67,34375,689,-1785,1096,0,11058,-28648,17590,0,0,0,0,1,0
68,34895,1000,-1797,796,0,16053,-28833,12780,0,0,0,0,1,0
69,35416,1273,-1739,466,0,20432,-27910,7479,0,0,0,0,1,0
70,35937,1497,-1615,118,0,24025,-25915,1890,0,0,0,0,1,0
71,36458,1664,-1428,-235,0,26696,-22924,-3772,0,0,0,0,1,0
72,36979,1766,-1187,-579,0,28340,-19052,-9288,0,0,0,0,1,0
73,37500,1801,-900,-900,0,28895,-14448,-14448,0,0,0,0,1,0
74,38020,1766,-579,-1187,0,28340,-9288,-19052,0,0,0,0,1,0
75,38541,1664,-235,-1428,0,26696,-3772,-22924,0,0,0,0,1,0
76,39062,1497,118,-1615,0,24025,1890,-25915,0,0,0,0,1,0
77,39583,1273,466,-1739,0,20432,7479,-27910,0,0,0,0,1,0
78,40104,1000,796,-1797,0,16053,12780,-28833,0,0,0,0,1,0
79,40625,689,1096,-1785,0,11058,17590,-28648,0,0,0,0,1,0
80,41145,351,1354,-1705,0,5637,21724,-27362,0,0,0,0,1,0
81,41666,0,1559,-1559,0,0,25024,-25024,0,0,0,0,1,0
82,42187,-351,1705,-1354,0,-5637,27362,-21724,0,0,0,0,1,0
83,42708,-689,1785,-1096,0,-11058,28648,-17590,0,0,0,0,1,0
84,43229,-1000,1797,-796,0,-16053,28833,-12780,0,0,0,0,1,0
85,43750,-1273,1739,-466,0,-20432,27910,-7479,0,0,0,0,1,0
86,44270,-1497,1615,-118,0,-24025,25915,-1890,0,0,0,0,1,0
87,44791,-1664,1428,235,0,-26696,22924,3772,0,0,0,0,1,0
88,45312,-1766,1187,579,0,-28340,19052,9288,0,0,0,0,1,0
89,45833,-1801,900,900,0,-28895,14448,14448,0,0,0,0,1,0
90,46354,-1766,579,1187,0,-28340,9288,19052,0,0,0,0,1,0
91,46875,-1664,235,1428,0,-26696,3772,22924,0,0,0,0,1,0
92,47395,-1497,-118,1615,0,-24025,-1890,25915,0,0,0,0,1,0
93,47916,-1273,-466,1739,0,-20432,-7479,27910,0,0,0,0,1,0
94,48437,-1000,-796,1797,0,-16053,-12780,28833,0,0,0,0,1,0
95,48958,-689,-1096,1785,0,-11058,-17590,28648,0,0,0,0,1,0
96,49479,-351,-1354,1705,0,-5637,-21724,27362,0,0,0,0,1,0
97,50000,0,-1559,31207,29647,0,-27026,2502,0,0,0,0,1,0
98,50520,351,-1705,27781,26427,6088,-29551,2172,0,0,0,0,1,0
99,51041,689,-1785,23863,22767,11942,-30940,1759,0,0,0,0,1,0
100,51562,1000,-1797,19594,18797,17337,-31140,1278,0,0,0,0,1,0
101,52083,1273,-1739,15125,14659,22066,-30143,748,0,0,0,0,1,0
102,52604,1497,-1615,10619,10501,25947,-27988,189,0,0,0,0,1,0
103,53125,1664,-1428,6236,6471,28831,-24758,-377,0,0,0,0,1,0
104,53645,1766,-1187,2137,2716,30607,-20576,-929,0,0,0,0,1,0
105,54166,1801,-900,-1533,-633,31207,-15603,-1445,0,0,0,0,1,0
106,54687,1766,-579,-4641,-3454,30607,-10031,-1905,0,0,0,0,1,0
107,55208,1664,-235,-7079,-5651,28831,-4073,-2292,0,0,0,0,1,0
108,55729,1497,118,-8762,-7147,25947,2041,-2592,0,0,0,0,1,0
109,56250,1273,466,-9635,-7896,22066,8077,-2791,0,0,0,0,1,0
110,56770,1000,796,-9673,-7877,17337,13802,-2883,0,0,0,0,1,0
111,57291,689,1096,-8885,-7100,11942,18997,-2865,0,0,0,0,1,0
112,57812,351,1354,-7309,-5604,6088,23462,-2736,0,0,0,0,1,0
113,58333,0,1559,-5014,-3454,0,27026,-2502,0,0,0,0,1,0
114,58854,-351,1705,-2097,-743,-6088,29551,-2172,0,0,0,0,1,0
115,59375,-689,1785,1321,2417,-11942,30940,-1759,0,0,0,0,1,0
116,59895,-1000,1797,5101,5897,-17337,31140,-1278,0,0,0,0,1,0
117,60416,-1273,1739,9089,9555,-22066,30143,-748,0,0,0,0,1,0
118,60937,-1497,1615,13125,13243,-25947,27988,-189,0,0,0,0,1,0
119,61458,-1664,1428,17046,16811,-28831,24758,377,0,0,0,0,1,0
120,61979,-1766,1187,20692,20114,-30607,20576,929,0,0,0,0,1,0
121,62500,-1801,900,23918,23018,-31207,15603,1445,0,0,0,0,1,0
122,63020,-1766,579,26592,25404,-30607,10031,1905,0,0,0,0,1,0
123,63541,-1664,235,28603,27174,-28831,4073,2292,0,0,0,0,1,0
124,64062,-1497,-118,29867,28252,-25947,-2041,2592,0,0,0,0,1,0
125,64583,-1273,-466,30330,28590,-22066,-8077,2791,0,0,0,0,1,0
126,65104,-1000,-796,29966,28169,-17337,-13802,2883,0,0,0,0,1,0
127,65625,-689,-1096,28783,26997,-11942,-18997,2865,0,0,0,0,1,0
128,66145,-351,-1354,26819,25114,-6088,-23462,2736,0,0,0,0,1,0
129,66666,0,-1559,24145,22586,0,-27026,2502,0,0,0,0,1,0
130,67187,351,-1705,20857,19503,6088,-29551,2172,0,0,0,0,1,0
131,67708,689,-1785,17074,15978,11942,-30940,1759,0,0,0,0,1,0
132,68229,1000,-1797,12936,12140,17337,-31140,1278,0,0,0,0,1,0
133,68750,637,-870,233,0,20432,-27910,7479,0,0,0,0,1,0
134,69270,749,-807,59,0,24025,-25915,1890,0,0,0,0,1,0
135,69791,832,-714,-118,0,26696,-22924,-3772,0,0,0,0,1,0
136,70312,883,-594,-289,0,28340,-19052,-9288,0,0,0,0,1,0
137,70833,900,-450,-450,0,28895,-14448,-14448,0,0,0,0,1,0
138,71354,883,-289,-594,0,28340,-9288,-19052,0,0,0,0,1,0
139,71875,832,-118,-714,0,26696,-3772,-22924,0,0,0,0,1,0
140,72395,749,59,-807,0,24025,1890,-25915,0,0,0,0,1,0
141,72916,637,233,-870,0,20432,7479,-27910,0,0,0,0,1,0
142,73437,500,398,-898,0,16053,12780,-28833,0,0,0,0,1,0
143,73958,345,548,-893,0,11058,17590,-28648,0,0,0,0,1,0
144,74479,176,677,-853,0,5637,21724,-27362,0,0,0,0,1,0
145,75000,0,780,-780,0,0,25024,-25024,0,0,0,0,1,0
146,75520,-176,853,-677,0,-5637,27362,-21724,0,0,0,0,1,0
147,76041,-345,893,-548,0,-11058,28648,-17590,0,0,0,0,1,0
148,76562,-500,898,-398,0,-16053,28833,-12780,0,0,0,0,1,0
149,77083,-637,870,-233,0,-20432,27910,-7479,0,0,0,0,1,0
150,77604,-749,807,-59,0,-24025,25915,-1890,0,0,0,0,1,0
151,78125,-832,714,118,0,-26696,22924,3772,0,0,0,0,1,0
152,78645,-883,594,289,0,-28340,19052,9288,0,0,0,0,1,0
153,79166,-900,450,450,0,-28895,14448,14448,0,0,0,0,1,0
154,79687,-883,289,594,0,-28340,9288,19052,0,0,0,0,1,0
155,80208,-832,118,714,0,-26696,3772,22924,0,0,0,0,1,0
156,80729,-749,-59,807,0,-24025,-1890,25915,0,0,0,0,1,0
157,81250,-637,-233,870,0,-20432,-7479,27910,0,0,0,0,1,0
158,81770,-500,-398,898,0,-16053,-12780,28833,0,0,0,0,1,0
159,82291,-345,-548,893,0,-11058,-17590,28648,0,0,0,0,1,0
160,82812,-176,-677,853,0,-5637,-21724,27362,0,0,0,0,1,0
161,83333,0,-780,780,0,0,-25024,25024,0,0,0,0,1,0
162,83854,176,-853,677,0,5637,-27362,21724,0,0,0,0,1,0
163,84375,345,-893,548,0,11058,-28648,17590,0,0,0,0,1,0
164,84895,500,-898,398,0,16053,-28833,12780,0,0,0,0,1,0
165,85416,637,-870,233,0,20432,-27910,7479,0,0,0,0,1,0
166,85937,749,-807,59,0,24025,-25915,1890,0,0,0,0,1,0
167,86458,832,-714,-118,0,26696,-22924,-3772,0,0,0,0,1,0
168,86979,883,-594,-289,0,28340,-19052,-9288,0,0,0,0,1,0
169,87500,900,-450,-450,0,28895,-14448,-14448,0,0,0,0,1,0
170,88020,883,-289,-594,0,28340,-9288,-19052,0,0,0,0,1,0
171,88541,832,-118,-714,0,26696,-3772,-22924,0,0,0,0,1,0
172,89062,749,59,-807,0,24025,1890,-25915,0,0,0,0,1,0
173,89583,637,233,-870,0,20432,7479,-27910,0,0,0,0,1,0
174,90104,500,398,-898,0,16053,12780,-28833,0,0,0,0,1,0
175,90625,345,548,-893,0,11058,17590,-28648,0,0,0,0,1,0
176,91145,176,677,-853,0,5637,21724,-27362,0,0,0,0,1,0
177,91666,0,780,-780,0,0,25024,-25024,0,0,0,0,1,0
178,92187,-176,853,-677,0,-5637,27362,-21724,0,0,0,0,1,0
179,92708,-345,893,-548,0,-11058,28648,-17590,0,0,0,0,1,0
180,93229,-500,898,-398,0,-16053,28833,-12780,0,0,0,0,1,0
181,93750,-637,870,-233,0,-20432,27910,-7479,0,0,0,0,1,0
182,94270,-749,807,-59,0,-24025,25915,-1890,0,0,0,0,1,0
183,94791,-832,714,118,0,-26696,22924,3772,0,0,0,0,1,0
184,95312,-883,594,289,0,-28340,19052,9288,0,0,0,0,1,0
185,95833,-900,450,450,0,-28895,14448,14448,0,0,0,0,1,0
186,96354,-883,289,594,0,-28340,9288,19052,0,0,0,0,1,0
187,96875,-832,118,714,0,-26696,3772,22924,0,0,0,0,1,0
188,97395,-749,-59,807,0,-24025,-1890,25915,0,0,0,0,1,0
189,97916,-637,-233,870,0,-20432,-7479,27910,0,0,0,0,1,0
190,98437,-500,-398,898,0,-16053,-12780,28833,0,0,0,0,1,0
191,98958,-345,-548,893,0,-11058,-17590,28648,0,0,0,0,1,0
192,99479,-176,-677,853,0,-5637,-21724,27362,0,0,0,0,1,0
193,100000,0,-780,780,0,0,-25024,25024,0,0,0,0,1,0
194,100520,176,-853,677,0,5637,-27362,21724,0,0,0,0,1,0
195,101041,345,-893,548,0,11058,-28648,17590,0,0,0,0,1,0
196,101562,500,-898,398,0,16053,-28833,12780,0,0,0,0,1,0
197,102083,637,-870,233,0,20432,-27910,7479,0,0,0,0,1,0
198,102604,749,-807,59,0,24025,-25915,1890,0,0,0,0,1,0
199,103125,832,-714,-118,0,26696,-22924,-3772,0,0,0,0,1,0
200,103645,883,-594,-289,0,28340,-19052,-9288,0,0,0,0,1,0
201,104166,900,-450,-450,0,28895,-14448,-14448,0,0,0,0,1,0
202,104687,883,-289,-594,0,28340,-9288,-19052,0,0,0,0,1,0
203,105208,832,-118,-714,0,26696,-3772,-22924,0,0,0,0,1,0
204,105729,749,59,-807,0,24025,1890,-25915,0,0,0,0,1,0
205,106250,637,233,-870,0,20432,7479,-27910,0,0,0,0,1,0
206,106770,500,398,-898,0,16053,12780,-28833,0,0,0,0,1,0
207,107291,345,548,-893,0,11058,17590,-28648,0,0,0,0,1,0
208,107812,176,677,-853,0,5637,21724,-27362,0,0,0,0,1,0
209,108333,0,780,-780,0,0,25024,-25024,0,0,0,0,1,0
210,108854,-176,853,-677,0,-5637,27362,-21724,0,0,0,0,1,0
211,109375,-345,893,-548,0,-11058,28648,-17590,0,0,0,0,1,0
212,109895,-500,898,-398,0,-16053,28833,-12780,0,0,0,0,1,0
213,110416,-637,870,-233,0,-20432,27910,-7479,0,0,0,0,1,0
214,110937,-749,807,-59,0,-24025,25915,-1890,0,0,0,0,1,0
215,111458,-832,714,118,0,-26696,22924,3772,0,0,0,0,1,0
216,111979,-883,594,289,0,-28340,19052,9288,0,0,0,0,1,0
217,112500,-900,450,450,0,-28895,14448,14448,0,0,0,0,1,0
218,113020,-883,289,594,0,-28340,9288,19052,0,0,0,0,1,0
219,113541,-832,118,714,0,-26696,3772,22924,0,0,0,0,1,0
220,114062,-749,-59,807,0,-24025,-1890,25915,0,0,0,0,1,0
221,114583,-637,-233,870,0,-20432,-7479,27910,0,0,0,0,1,0
222,115104,-500,-398,898,0,-16053,-12780,28833,0,0,0,0,1,0
223,115625,-345,-548,893,0,-11058,-17590,28648,0,0,0,0,1,0
224,116145,-176,-677,853,0,-5637,-21724,27362,0,0,0,0,1,0
225,116666,0,-780,780,0,0,-25024,25024,0,0,0,0,1,0
226,117187,176,-853,677,0,5637,-27362,21724,0,0,0,0,1,0
227,117708,345,-893,548,0,11058,-28648,17590,0,0,0,0,1,0
228,118229,500,-898,398,0,16053,-28833,12780,0,0,0,0,1,0
229,118750,637,-870,233,0,20432,-27910,7479,0,0,0,0,1,0
230,119270,749,-807,59,0,24025,-25915,1890,0,0,0,0,1,0
231,119791,832,-714,-118,0,26696,-22924,-3772,0,0,0,0,1,0
232,120312,883,-594,-289,0,28340,-19052,-9288,0,0,0,0,1,0
233,120833,900,-450,-450,0,28895,-14448,-14448,0,0,0,0,1,0
234,121354,883,-289,-594,0,28340,-9288,-19052,0,0,0,0,1,0
235,121875,832,-118,-714,0,26696,-3772,-22924,0,0,0,0,1,0
236,122395,749,59,-807,0,24025,1890,-25915,0,0,0,0,1,0
237,122916,637,233,-870,0,20432,7479,-27910,0,0,0,0,1,0
238,123437,500,398,-898,0,16053,12780,-28833,0,0,0,0,1,0
239,123958,345,548,-893,0,11058,17590,-28648,0,0,0,0,1,0
240,124479,176,677,-853,0,5637,21724,-27362,0,0,0,0,1,0
241,125000,0,780,-780,0,0,25024,-25024,0,0,0,0,1,0
242,125520,-176,853,-677,0,-5637,27362,-21724,0,0,0,0,1,0
243,126041,-345,893,-548,0,-11058,28648,-17590,0,0,0,0,1,0
244,126562,-500,898,-398,0,-16053,28833,-12780,0,0,0,0,1,0
245,127083,-637,870,-233,0,-20432,27910,-7479,0,0,0,0,1,0
246,127604,-749,807,-59,0,-24025,25915,-1890,0,0,0,0,1,0
247,128124,-832,714,118,0,-26696,22924,3772,0,0,0,0,1,0
248,128645,-883,594,289,0,-28340,19052,9288,0,0,0,0,1,0
249,129166,-900,450,450,0,-28895,14448,14448,0,0,0,0,1,0
250,129687,-883,289,594,0,-28340,9288,19052,0,0,0,0,1,0
251,130208,-832,118,714,0,-26696,3772,22924,0,0,0,0,1,0
252,130729,-749,-59,807,0,-24025,-1890,25915,0,0,0,0,1,0
253,131250,-637,-233,870,0,-20432,-7479,27910,0,0,0,0,1,0
254,131770,-500,-398,898,0,-16053,-12780,28833,0,0,0,0,1,0
255,132291,-345,-548,893,0,-11058,-17590,28648,0,0,0,0,1,0
256,132812,-176,-677,853,0,-5637,-21724,27362,0,0,0,0,1,0
257,133333,0,-780,780,0,0,-25024,25024,0,0,0,0,1,0
258,133854,176,-853,677,0,5637,-27362,21724,0,0,0,0,1,0
259,134375,345,-893,548,0,11058,-28648,17590,0,0,0,0,1,0
260,134895,500,-898,398,0,16053,-28833,12780,0,0,0,0,1,0
261,135416,637,-870,233,0,20432,-27910,7479,0,0,0,0,1,0
262,135937,749,-807,59,0,24025,-25915,1890,0,0,0,0,1,0
263,136458,832,-714,-118,0,26696,-22924,-3772,0,0,0,0,1,0
264,136979,883,-594,-289,0,28340,-19052,-9288,0,0,0,0,1,0
265,137500,900,-450,-450,0,28895,-14448,-14448,0,0,0,0,1,0
266,138020,883,-289,-594,0,28340,-9288,-19052,0,0,0,0,1,0
267,138541,832,-118,-714,0,26696,-3772,-22924,0,0,0,0,1,0
268,139062,749,59,-807,0,24025,1890,-25915,0,0,0,0,1,0
269,139583,637,233,-870,0,20432,7479,-27910,0,0,0,0,1,0
270,140104,500,398,-898,0,16053,12780,-28833,0,0,0,0,1,0
271,140625,345,548,-893,0,11058,17590,-28648,0,0,0,0,1,0
272,141145,176,677,-853,0,5637,21724,-27362,0,0,0,0,1,0
273,141666,0,780,-780,0,0,25024,-25024,0,0,0,0,1,0
274,142187,-176,853,-677,0,-5637,27362,-21724,0,0,0,0,1,0
275,142708,-345,893,-548,0,-11058,28648,-17590,0,0,0,0,1,0
276,143229,-500,898,-398,0,-16053,28833,-12780,0,0,0,0,1,0
277,143750,-637,870,-233,0,-20432,27910,-7479,0,0,0,0,1,0
278,144270,-749,807,-59,0,-24025,25915,-1890,0,0,0,0,1,0
279,144791,-832,714,118,0,-26696,22924,3772,0,0,0,0,1,0
280,145312,-883,594,289,0,-28340,19052,9288,0,0,0,0,1,0
281,145833,-900,450,450,0,-28895,14448,14448,0,0,0,0,1,0
282,146354,-883,289,594,0,-28340,9288,19052,0,0,0,0,1,0
283,146875,-832,118,714,0,-26696,3772,22924,0,0,0,0,1,0
284,147395,-749,-59,807,0,-24025,-1890,25915,0,0,0,0,1,0
285,147916,-637,-233,870,0,-20432,-7479,27910,0,0,0,0,1,0
286,148437,-500,-398,898,0,-16053,-12780,28833,0,0,0,0,1,0
287,148958,-345,-548,893,0,-11058,-17590,28648,0,0,0,0,1,0
288,149479,-176,-677,853,0,-5637,-21724,27362,0,0,0,0,1,0
289,150000,0,-780,780,0,0,-25024,25024,0,0,0,0,1,0
290,150520,176,-853,677,0,5637,-27362,21724,0,0,0,0,1,0
291,151041,345,-893,548,0,11058,-28648,17590,0,0,0,0,1,0
292,151562,500,-898,398,0,16053,-28833,12780,0,0,0,0,1,0
293,152083,637,-870,233,0,20432,-27910,7479,0,0,0,0,1,0
294,152604,749,-807,59,0,24025,-25915,1890,0,0,0,0,1,0
295,153125,832,-714,-118,0,26696,-22924,-3772,0,0,0,0,1,0
296,153645,883,-594,-289,0,28340,-19052,-9288,0,0,0,0,1,0
297,154166,900,-450,-450,0,28895,-14448,-14448,0,0,0,0,1,0
298,154687,883,-289,-594,0,28340,-9288,-19052,0,0,0,0,1,0
299,155208,832,-118,-714,0,26696,-3772,-22924,0,0,0,0,1,0
300,155729,749,59,-807,0,24025,1890,-25915,0,0,0,0,1,0
301,156250,637,233,-870,0,20432,7479,-27910,0,0,0,0,1,0
302,156770,500,398,-898,0,16053,12780,-28833,0,0,0,0,1,0
303,157291,345,548,-893,0,11058,17590,-28648,0,0,0,0,1,0
304,157812,176,677,-853,0,5637,21724,-27362,0,0,0,0,1,0
305,158333,0,780,-780,0,0,25024,-25024,0,0,0,0,1,0
306,158854,-176,853,-677,0,-5637,27362,-21724,0,0,0,0,1,0
307,159375,-345,893,-548,0,-11058,28648,-17590,0,0,0,0,1,0
308,159895,-500,898,-398,0,-16053,28833,-12780,0,0,0,0,1,0
309,160416,-637,870,-233,0,-20432,27910,-7479,0,0,0,0,1,0
310,160937,-749,807,-59,0,-24025,25915,-1890,0,0,0,0,1,0
311,161458,-832,714,118,0,-26696,22924,3772,0,0,0,0,1,0
312,161979,-883,594,289,0,-28340,19052,9288,0,0,0,0,1,0
313,162500,-900,450,450,0,-28895,14448,14448,0,0,0,0,1,0
314,163020,-883,289,594,0,-28340,9288,19052,0,0,0,0,1,0
315,163541,-832,118,714,0,-26696,3772,22924,0,0,0,0,1,0
316,164062,-749,-59,807,0,-24025,-1890,25915,0,0,0,0,1,0
317,164583,-637,-233,870,0,-20432,-7479,27910,0,0,0,0,1,0
318,165104,-500,-398,898,0,-16053,-12780,28833,0,0,0,0,1,0
319,165625,-345,-548,893,0,-11058,-17590,28648,0,0,0,0,1,0
320,166145,-176,-677,853,0,-5637,-21724,27362,0,0,0,0,1,0
321,166666,0,-780,780,0,0,-25024,25024,0,0,0,0,1,0
322,167187,176,-853,677,0,5637,-27362,21724,0,0,0,0,1,0
323,167708,345,-893,548,0,11058,-28648,17590,0,0,0,0,1,0
324,168229,500,-898,398,0,16053,-28833,12780,0,0,0,0,1,0
325,168750,637,-870,233,0,20432,-27910,7479,0,0,0,0,1,0
326,169270,749,-807,59,0,24025,-25915,1890,0,0,0,0,1,0
327,169791,832,-714,-118,0,26696,-22924,-3772,0,0,0,0,1,0
328,170312,883,-594,-289,0,28340,-19052,-9288,0,0,0,0,1,0
329,170833,900,-450,-450,0,28895,-14448,-14448,0,0,0,0,1,0
330,171354,883,-289,-594,0,28340,-9288,-19052,0,0,0,0,1,0
331,171875,832,-118,-714,0,26696,-3772,-22924,0,0,0,0,1,0
332,172395,749,59,-807,0,24025,1890,-25915,0,0,0,0,1,0
333,172916,637,233,-870,0,20432,7479,-27910,0,0,0,0,1,0
334,173437,500,398,-898,0,16053,12780,-28833,0,0,0,0,1,0
335,173958,345,548,-893,0,11058,17590,-28648,0,0,0,0,1,0
336,174479,176,677,-853,0,5637,21724,-27362,0,0,0,0,1,0
337,175000,0,780,-780,0,0,25024,-25024,0,0,0,0,1,0
338,175520,-176,853,-677,0,-5637,27362,-21724,0,0,0,0,1,0
339,176041,-345,893,-548,0,-11058,28648,-17590,0,0,0,0,1,0
340,176562,-500,898,-398,0,-16053,28833,-12780,0,0,0,0,1,0
341,177083,-637,870,-233,0,-20432,27910,-7479,0,0,0,0,1,0
342,177604,-749,807,-59,0,-24025,25915,-1890,0,0,0,0,1,0
343,178125,-832,714,118,0,-26696,22924,3772,0,0,0,0,1,0
344,178645,-883,594,289,0,-28340,19052,9288,0,0,0,0,1,0
345,179166,-900,450,450,0,-28895,14448,14448,0,0,0,0,1,0
346,179687,-883,289,594,0,-28340,9288,19052,0,0,0,0,1,0
347,180208,-832,118,714,0,-26696,3772,22924,0,0,0,0,1,0
348,180729,-749,-59,807,0,-24025,-1890,25915,0,0,0,0,1,0
349,181250,-637,-233,870,0,-20432,-7479,27910,0,0,0,0,1,0
350,181770,-500,-398,898,0,-16053,-12780,28833,0,0,0,0,1,0
351,182291,-345,-548,893,0,-11058,-17590,28648,0,0,0,0,1,0
352,182812,-176,-677,853,0,-5637,-21724,27362,0,0,0,0,1,0
353,183333,0,-780,780,0,0,-25024,25024,0,0,0,0,1,0
354,183854,176,-853,677,0,5637,-27362,21724,0,0,0,0,1,0
355,184375,345,-893,548,0,11058,-28648,17590,0,0,0,0,1,0
356,184895,500,-898,398,0,16053,-28833,12780,0,0,0,0,1,0
357,185416,637,-870,233,0,20432,-27910,7479,0,0,0,0,1,0
358,185937,749,-807,59,0,24025,-25915,1890,0,0,0,0,1,0
359,186458,832,-714,-118,0,26696,-22924,-3772,0,0,0,0,1,0
360,186979,883,-594,-289,0,28340,-19052,-9288,0,0,0,0,1,0
361,187500,900,-450,-450,0,28895,-14448,-14448,0,0,0,0,1,0
362,188020,883,-289,-594,0,28340,-9288,-19052,0,0,0,0,1,0
363,188541,832,-118,-714,0,26696,-3772,-22924,0,0,0,0,1,0
364,189062,749,59,-807,0,24025,1890,-25915,0,0,0,0,1,0
365,189583,637,233,-870,0,20432,7479,-27910,0,0,0,0,1,0
366,190104,500,398,-898,0,16053,12780,-28833,0,0,0,0,1,0
367,190625,345,548,-893,0,11058,17590,-28648,0,0,0,0,1,0
368,191145,176,677,-853,0,5637,21724,-27362,0,0,0,0,1,0
369,191666,0,780,-780,0,0,25024,-25024,0,0,0,0,1,0
370,192187,-176,853,-677,0,-5637,27362,-21724,0,0,0,0,1,0
371,192708,-345,893,-548,0,-11058,28648,-17590,0,0,0,0,1,0
372,193229,-500,898,-398,0,-16053,28833,-12780,0,0,0,0,1,0
373,193750,-637,870,-233,0,-20432,27910,-7479,0,0,0,0,1,0
374,194270,-749,807,-59,0,-24025,25915,-1890,0,0,0,0,1,0
375,194791,-832,714,118,0,-26696,22924,3772,0,0,0,0,1,0
376,195312,-883,594,289,0,-28340,19052,9288,0,0,0,0,1,0
377,195833,-900,450,450,0,-28895,14448,14448,0,0,0,0,1,0
378,196354,-883,289,594,0,-28340,9288,19052,0,0,0,0,1,0
379,196875,-832,118,714,0,-26696,3772,22924,0,0,0,0,1,0
380,197395,-749,-59,807,0,-24025,-1890,25915,0,0,0,0,1,0
381,197916,-637,-233,870,0,-20432,-7479,27910,0,0,0,0,1,0
382,198437,-500,-398,898,0,-16053,-12780,28833,0,0,0,0,1,0
383,198958,-345,-548,893,0,-11058,-17590,28648,0,0,0,0,1,0
384,199479,-176,-677,853,0,-5637,-21724,27362,0,0,0,0,1,0
385,200000,0,-780,780,0,0,-25024,25024,0,0,0,0,1,0
386,200520,176,-853,677,0,5637,-27362,21724,0,0,0,0,1,0
387,201041,345,-893,548,0,11058,-28648,17590,0,0,0,0,1,0
388,201562,500,-898,398,0,16053,-28833,12780,0,0,0,0,1,0
389,202083,637,-870,233,0,20432,-27910,7479,0,0,0,0,1,0
390,202604,749,-807,59,0,24025,-25915,1890,0,0,0,0,1,0
391,203125,832,-714,-118,0,26696,-22924,-3772,0,0,0,0,1,0
392,203645,883,-594,-289,0,28340,-19052,-9288,0,0,0,0,1,0
393,204166,900,-450,-450,0,28895,-14448,-14448,0,0,0,0,1,0
394,204687,883,-289,-594,0,28340,-9288,-19052,0,0,0,0,1,0
395,205208,832,-118,-714,0,26696,-3772,-22924,0,0,0,0,1,0
396,205729,749,59,-807,0,24025,1890,-25915,0,0,0,0,1,0
397,206250,637,233,-870,0,20432,7479,-27910,0,0,0,0,1,0
398,206770,500,398,-898,0,16053,12780,-28833,0,0,0,0,1,0
399,207291,345,548,-893,0,11058,17590,-28648,0,0,0,0,1,0
400,207812,176,677,-853,0,5637,21724,-27362,0,0,0,0,1,0
401,208333,0,780,-780,0,0,25024,-25024,0,0,0,0,1,0
402,208854,-176,853,-677,0,-5637,27362,-21724,0,0,0,0,1,0
403,209375,-345,893,-548,0,-11058,28648,-17590,0,0,0,0,1,0
404,209895,-500,898,-398,0,-16053,28833,-12780,0,0,0,0,1,0
405,210416,-637,870,-233,0,-20432,27910,-7479,0,0,0,0,1,0
406,210937,-749,807,-59,0,-24025,25915,-1890,0,0,0,0,1,0
407,211458,-832,714,118,0,-26696,22924,3772,0,0,0,0,1,0
408,211979,-883,594,289,0,-28340,19052,9288,0,0,0,0,1,0
409,212500,-900,450,450,0,-28895,14448,14448,0,0,0,0,1,0
410,213020,-883,289,594,0,-28340,9288,19052,0,0,0,0,1,0
411,213541,-832,118,714,0,-26696,3772,22924,0,0,0,0,1,0
412,214062,-749,-59,807,0,-24025,-1890,25915,0,0,0,0,1,0
413,214583,-637,-233,870,0,-20432,-7479,27910,0,0,0,0,1,0
414,215104,-500,-398,898,0,-16053,-12780,28833,0,0,0,0,1,0
415,215625,-345,-548,893,0,-11058,-17590,28648,0,0,0,0,1,0
416,216145,-176,-677,853,0,-5637,-21724,27362,0,0,0,0,1,0
417,216666,0,-780,780,0,0,-25024,25024,0,0,0,0,1,0
418,217187,176,-853,677,0,5637,-27362,21724,0,0,0,0,1,0
419,217708,345,-893,548,0,11058,-28648,17590,0,0,0,0,1,0
420,218229,500,-898,398,0,16053,-28833,12780,0,0,0,0,1,0
421,218750,637,-870,233,0,20432,-27910,7479,0,0,0,0,1,0
422,219270,749,-807,59,0,24025,-25915,1890,0,0,0,0,1,0
423,219791,832,-714,-118,0,26696,-22924,-3772,0,0,0,0,1,0
424,220312,883,-594,-289,0,28340,-19052,-9288,0,0,0,0,1,0
425,220833,900,-450,-450,0,28895,-14448,-14448,0,0,0,0,1,0
426,221354,883,-289,-594,0,28340,-9288,-19052,0,0,0,0,1,0
427,221875,832,-118,-714,0,26696,-3772,-22924,0,0,0,0,1,0
428,222395,749,59,-807,0,24025,1890,-25915,0,0,0,0,1,0
429,222916,637,233,-870,0,20432,7479,-27910,0,0,0,0,1,0
430,223437,500,398,-898,0,16053,12780,-28833,0,0,0,0,1,0
431,223958,345,548,-893,0,11058,17590,-28648,0,0,0,0,1,0
432,224479,176,677,-853,0,5637,21724,-27362,0,0,0,0,1,0
433,225000,0,780,-780,0,0,25024,-25024,0,0,0,0,1,0
434,225520,-176,853,-677,0,-5637,27362,-21724,0,0,0,0,1,0
435,226041,-345,893,-548,0,-11058,28648,-17590,0,0,0,0,1,0
436,226562,-500,898,-398,0,-16053,28833,-12780,0,0,0,0,1,0
437,227083,-637,870,-233,0,-20432,27910,-7479,0,0,0,0,1,0
438,227604,-749,807,-59,0,-24025,25915,-1890,0,0,0,0,1,0
439,228125,-832,714,118,0,-26696,22924,3772,0,0,0,0,1,0
440,228645,-883,594,289,0,-28340,19052,9288,0,0,0,0,1,0
441,229166,-900,450,450,0,-28895,14448,14448,0,0,0,0,1,0
442,229687,-883,289,594,0,-28340,9288,19052,0,0,0,0,1,0
443,230208,-832,118,714,0,-26696,3772,22924,0,0,0,0,1,0
444,230729,-749,-59,807,0,-24025,-1890,25915,0,0,0,0,1,0
445,231250,-637,-233,870,0,-20432,-7479,27910,0,0,0,0,1,0
446,231770,-500,-398,898,0,-16053,-12780,28833,0,0,0,0,1,0
447,232291,-345,-548,893,0,-11058,-17590,28648,0,0,0,0,1,0
448,232812,-176,-677,853,0,-5637,-21724,27362,0,0,0,0,1,0
449,233333,0,-780,780,0,0,-25024,25024,0,0,0,0,1,0
450,233854,176,-853,677,0,5637,-27362,21724,0,0,0,0,1,0
451,234375,345,-893,548,0,11058,-28648,17590,0,0,0,0,1,0
452,234895,500,-898,398,0,16053,-28833,12780,0,0,0,0,1,0
453,235416,637,-870,233,0,20432,-27910,7479,0,0,0,0,1,0
454,235937,749,-807,59,0,24025,-25915,1890,0,0,0,0,1,0
455,236458,832,-714,-118,0,26696,-22924,-3772,0,0,0,0,1,0
456,236979,883,-594,-289,0,28340,-19052,-9288,0,0,0,0,1,0
457,237500,900,-450,-450,0,28895,-14448,-14448,0,0,0,0,1,0
458,238020,883,-289,-594,0,28340,-9288,-19052,0,0,0,0,1,0
459,238541,832,-118,-714,0,26696,-3772,-22924,0,0,0,0,1,0
460,239062,749,59,-807,0,24025,1890,-25915,0,0,0,0,1,0
461,239583,637,233,-870,0,20432,7479,-27910,0,0,0,0,1,0
462,240104,500,398,-898,0,16053,12780,-28833,0,0,0,0,1,0
463,240625,345,548,-893,0,11058,17590,-28648,0,0,0,0,1,0
464,241145,176,677,-853,0,5637,21724,-27362,0,0,0,0,1,0
465,241666,0,780,-780,0,0,25024,-25024,0,0,0,0,1,0
466,242187,-176,853,-677,0,-5637,27362,-21724,0,0,0,0,1,0
467,242708,-345,893,-548,0,-11058,28648,-17590,0,0,0,0,1,0
468,243229,-500,898,-398,0,-16053,28833,-12780,0,0,0,0,1,0
469,243750,-637,870,-233,0,-20432,27910,-7479,0,0,0,0,1,0
470,244270,-749,807,-59,0,-24025,25915,-1890,0,0,0,0,1,0
471,244791,-832,714,118,0,-26696,22924,3772,0,0,0,0,1,0
472,245312,-883,594,289,0,-28340,19052,9288,0,0,0,0,1,0
473,245833,-900,450,450,0,-28895,14448,14448,0,0,0,0,1,0
474,246354,-883,289,594,0,-28340,9288,19052,0,0,0,0,1,0
475,246875,-832,118,714,0,-26696,3772,22924,0,0,0,0,1,0
476,247395,-749,-59,807,0,-24025,-1890,25915,0,0,0,0,1,0
477,247916,-637,-233,870,0,-20432,-7479,27910,0,0,0,0,1,0
478,248437,-500,-398,898,0,-16053,-12780,28833,0,0,0,0,1,0
479,248958,-345,-548,893,0,-11058,-17590,28648,0,0,0,0,1,0
480,249479,-176,-677,853,0,-5637,-21724,27362,0,0,0,0,1,0
481,250000,0,-780,780,0,0,-25024,25024,0,0,0,0,1,0
482,250520,176,-853,677,0,5637,-27362,21724,0,0,0,0,1,0
483,251041,345,-893,548,0,11058,-28648,17590,0,0,0,0,1,0
484,251562,500,-898,398,0,16053,-28833,12780,0,0,0,0,1,0
485,252083,637,-870,233,0,20432,-27910,7479,0,0,0,0,1,0
486,252604,749,-807,59,0,24025,-25915,1890,0,0,0,0,1,0
487,253125,832,-714,-118,0,26696,-22924,-3772,0,0,0,0,1,0
488,253645,883,-594,-289,0,28340,-19052,-9288,0,0,0,0,1,0
489,254166,900,-450,-450,0,28895,-14448,-14448,0,0,0,0,1,0
490,254687,883,-289,-594,0,28340,-9288,-19052,0,0,0,0,1,0
491,255208,832,-118,-714,0,26696,-3772,-22924,0,0,0,0,1,0
492,255729,749,59,-807,0,24025,1890,-25915,0,0,0,0,1,0
493,256249,637,233,-870,0,20432,7479,-27910,0,0,0,0,1,0
494,256770,500,398,-898,0,16053,12780,-28833,0,0,0,0,1,0
495,257291,345,548,-893,0,11058,17590,-28648,0,0,0,0,1,0
496,257812,176,677,-853,0,5637,21724,-27362,0,0,0,0,1,0
497,258333,0,780,-780,0,0,25024,-25024,0,0,0,0,1,0
498,258854,-176,853,-677,0,-5637,27362,-21724,0,0,0,0,1,0
499,259375,-345,893,-548,0,-11058,28648,-17590,0,0,0,0,1,0
500,259895,-500,898,-398,0,-16053,28833,-12780,0,0,0,0,1,0
501,260416,-637,870,-233,0,-20432,27910,-7479,0,0,0,0,1,0
502,260937,-749,807,-59,0,-24025,25915,-1890,0,0,0,0,1,0
503,261458,-832,714,118,0,-26696,22924,3772,0,0,0,0,1,0
504,261979,-883,594,289,0,-28340,19052,9288,0,0,0,0,1,0
505,262500,-900,450,450,0,-28895,14448,14448,0,0,0,0,1,0
506,263020,-883,289,594,0,-28340,9288,19052,0,0,0,0,1,0
507,263541,-832,118,714,0,-26696,3772,22924,0,0,0,0,1,0
508,264062,-749,-59,807,0,-24025,-1890,25915,0,0,0,0,1,0
509,264583,-637,-233,870,0,-20432,-7479,27910,0,0,0,0,1,0
510,265104,-500,-398,898,0,-16053,-12780,28833,0,0,0,0,1,0
511,265625,-345,-548,893,0,-11058,-17590,28648,0,0,0,0,1,0
512,266145,-176,-677,853,0,-5637,-21724,27362,0,0,0,0,1,0
513,266666,0,-780,780,0,0,-25024,25024,0,0,0,0,1,0
514,267187,176,-853,677,0,5637,-27362,21724,0,0,0,0,1,0
515,267708,345,-893,548,0,11058,-28648,17590,0,0,0,0,1,0
516,268229,500,-898,398,0,16053,-28833,12780,0,0,0,0,1,0
517,268750,637,-870,233,0,20432,-27910,7479,0,0,0,0,1,0
518,269270,749,-807,59,0,24025,-25915,1890,0,0,0,0,1,0
519,269791,832,-714,-118,0,26696,-22924,-3772,0,0,0,0,1,0
520,270312,883,-594,-289,0,28340,-19052,-9288,0,0,0,0,1,0
521,270833,900,-450,-450,0,28895,-14448,-14448,0,0,0,0,1,0
522,271354,883,-289,-594,0,28340,-9288,-19052,0,0,0,0,1,0
523,271875,832,-118,-714,0,26696,-3772,-22924,0,0,0,0,1,0
524,272395,749,59,-807,0,24025,1890,-25915,0,0,0,0,1,0
525,272916,637,233,-870,0,20432,7479,-27910,0,0,0,0,1,0
526,273437,500,398,-898,0,16053,12780,-28833,0,0,0,0,1,0
527,273958,345,548,-893,0,11058,17590,-28648,0,0,0,0,1,0
528,274479,176,677,-853,0,5637,21724,-27362,0,0,0,0,1,0
529,275000,0,780,-780,0,0,25024,-25024,0,0,0,0,1,0
530,275520,-176,853,-677,0,-5637,27362,-21724,0,0,0,0,1,0
531,276041,-345,893,-548,0,-11058,28648,-17590,0,0,0,0,1,0
532,276562,-500,898,-398,0,-16053,28833,-12780,0,0,0,0,1,0
533,277083,-637,870,-233,0,-20432,27910,-7479,0,0,0,0,1,0
534,277604,-749,807,-59,0,-24025,25915,-1890,0,0,0,0,1,0
535,278125,-832,714,118,0,-26696,22924,3772,0,0,0,0,1,0
536,278645,-883,594,289,0,-28340,19052,9288,0,0,0,0,1,0
537,279166,-900,450,450,0,-28895,14448,14448,0,0,0,0,1,0
538,279687,-883,289,594,0,-28340,9288,19052,0,0,0,0,1,0
539,280208,-832,118,714,0,-26696,3772,22924,0,0,0,0,1,0
540,280729,-749,-59,807,0,-24025,-1890,25915,0,0,0,0,1,0
541,281250,-637,-233,870,0,-20432,-7479,27910,0,0,0,0,1,0
542,281770,-500,-398,898,0,-16053,-12780,28833,0,0,0,0,1,0
