1,0,0,-580,580,0,0,-25037,25037,0,0,0,0,1,0
2,260,66,-610,545,0,2834,-26334,23500,0,0,0,0,1,0
3,520,131,-634,504,0,5640,-27376,21736,0,0,0,0,1,0
4,781,194,-653,458,0,8392,-28155,19763,0,0,0,0,1,0
5,1041,256,-664,408,0,11064,-28663,17600,0,0,0,0,1,0
6,1302,316,-670,354,0,13628,-28895,15267,0,0,0,0,1,0
7,1562,372,-669,296,0,16062,-28849,12787,0,0,0,0,1,0
8,1822,425,-661,236,0,18341,-28524,10184,0,0,0,0,1,0
9,2083,474,-647,173,0,20443,-27925,7483,0,0,0,0,1,0
10,2343,518,-627,109,0,22348,-27058,4709,0,0,0,0,1,0
11,2604,557,-601,44,0,24038,-25929,1891,0,0,0,0,1,0
12,2864,591,-569,-22,0,25497,-24551,-946,0,0,0,0,1,0
13,3125,619,-532,-87,0,26710,-22936,-3774,0,0,0,0,1,0
14,3385,641,-489,-152,0,27666,-21101,-6565,0,0,0,0,1,0
15,3645,657,-442,-215,0,28355,-19062,-9293,0,0,0,0,1,0
16,3906,667,-390,-277,0,28771,-16840,-11932,0,0,0,0,1,0
17,4166,670,-335,-335,0,28911,-14455,-14455,0,0,0,0,1,0
18,4427,667,-277,-390,0,28771,-11932,-16840,0,0,0,0,1,0
19,4687,657,-215,-442,0,28355,-9293,-19062,0,0,0,0,1,0
20,4947,641,-152,-489,0,27666,-6565,-21101,0,0,0,0,1,0
21,5208,619,-87,-532,0,26710,-3774,-22936,0,0,0,0,1,0
22,5468,591,-22,-569,0,25497,-946,-24551,0,0,0,0,1,0
23,5729,557,44,-601,0,24038,1891,-25929,0,0,0,0,1,0
24,5989,518,109,-627,0,22348,4709,-27058,0,0,0,0,1,0
25,6250,474,173,-647,0,20443,7483,-27925,0,0,0,0,1,0
26,6510,425,236,-661,0,18341,10184,-28524,0,0,0,0,1,0
27,6770,372,296,-669,0,16062,12787,-28849,0,0,0,0,1,0
28,7031,316,354,-670,0,13628,15267,-28895,0,0,0,0,1,0
29,7291,256,408,-664,0,11064,17600,-28663,0,0,0,0,1,0
30,7552,194,458,-653,0,8392,19763,-28155,0,0,0,0,1,0
31,7812,131,504,-634,0,5640,21736,-27376,0,0,0,0,1,0
32,8072,66,545,-610,0,2834,23500,-26334,0,0,0,0,1,0
33,8333,0,580,-580,0,0,25037,-25037,0,0,0,0,1,0
34,8593,-66,610,-545,0,-2834,26334,-23500,0,0,0,0,1,0
35,8854,-131,634,-504,0,-5640,27376,-21736,0,0,0,0,1,0
36,9114,-194,653,-458,0,-8392,28155,-19763,0,0,0,0,1,0
37,9375,-256,664,-408,0,-11064,28663,-17600,0,0,0,0,1,0
38,9635,-316,670,-354,0,-13628,28895,-15267,0,0,0,0,1,0
39,9895,-372,669,-296,0,-16062,28849,-12787,0,0,0,0,1,0
40,10156,-425,661,-236,0,-18341,28524,-10184,0,0,0,0,1,0
41,10416,-474,647,-173,0,-20443,27925,-7483,0,0,0,0,1,0
42,10677,-518,627,-109,0,-22348,27058,-4709,0,0,0,0,1,0
43,10937,-557,601,-44,0,-24038,25929,-1891,0,0,0,0,1,0
44,11197,-591,569,22,0,-25497,24551,946,0,0,0,0,1,0
45,11458,-619,532,87,0,-26710,22936,3774,0,0,0,0,1,0
46,11718,-641,489,152,0,-27666,21101,6565,0,0,0,0,1,0
47,11979,-657,442,215,0,-28355,19062,9293,0,0,0,0,1,0
48,12239,-667,390,277,0,-28771,16840,11932,0,0,0,0,1,0
49,12500,-670,335,335,0,-28911,14455,14455,0,0,0,0,1,0
50,12760,-667,277,390,0,-28771,11932,16840,0,0,0,0,1,0
51,13020,-657,215,442,0,-28355,9293,19062,0,0,0,0,1,0
52,13281,-641,152,489,0,-27666,6565,21101,0,0,0,0,1,0
53,13541,-619,87,532,0,-26710,3774,22936,0,0,0,0,1,0
54,13802,-591,22,569,0,-25497,946,24551,0,0,0,0,1,0
55,14062,-557,-44,601,0,-24038,-1891,25929,0,0,0,0,1,0
56,14322,-518,-109,627,0,-22348,-4709,27058,0,0,0,0,1,0
57,14583,-474,-173,647,0,-20443,-7483,27925,0,0,0,0,1,0
58,14843,-425,-236,661,0,-18341,-10184,28524,0,0,0,0,1,0
59,15104,-372,-296,669,0,-16062,-12787,28849,0,0,0,0,1,0
60,15364,-316,-354,670,0,-13628,-15267,28895,0,0,0,0,1,0
61,15625,-256,-408,664,0,-11064,-17600,28663,0,0,0,0,1,0
62,15885,-194,-458,653,0,-8392,-19763,28155,0,0,0,0,1,0
63,16145,-131,-504,634,0,-5640,-21736,27376,0,0,0,0,1,0
64,16406,-66,-545,610,0,-2834,-23500,26334,0,0,0,0,1,0
65,16666,0,-580,580,0,0,-25037,25037,0,0,0,0,1,0
66,16927,66,-610,545,0,2834,-26334,23500,0,0,0,0,1,0
67,17187,131,-634,504,0,5640,-27376,21736,0,0,0,0,1,0
68,17447,194,-653,458,0,8392,-28155,19763,0,0,0,0,1,0
69,17708,256,-664,408,0,11064,-28663,17600,0,0,0,0,1,0
70,17968,316,-670,354,0,13628,-28895,15267,0,0,0,0,1,0
71,18229,372,-669,296,0,16062,-28849,12787,0,0,0,0,1,0
72,18489,425,-661,236,0,18341,-28524,10184,0,0,0,0,1,0
73,18750,474,-647,173,0,20443,-27925,7483,0,0,0,0,1,0
74,19010,518,-627,109,0,22348,-27058,4709,0,0,0,0,1,0
75,19270,557,-601,44,0,24038,-25929,1891,0,0,0,0,1,0
76,19531,591,-569,-22,0,25497,-24551,-946,0,0,0,0,1,0
77,19791,619,-532,-87,0,26710,-22936,-3774,0,0,0,0,1,0
78,20052,641,-489,-152,0,27666,-21101,-6565,0,0,0,0,1,0
79,20312,657,-442,-215,0,28355,-19062,-9293,0,0,0,0,1,0
80,20572,667,-390,-277,0,28771,-16840,-11932,0,0,0,0,1,0
81,20833,670,-335,-335,0,28911,-14455,-14455,0,0,0,0,1,0
82,21093,667,-277,-390,0,28771,-11932,-16840,0,0,0,0,1,0
83,21354,657,-215,-442,0,28355,-9293,-19062,0,0,0,0,1,0
84,21614,641,-152,-489,0,27666,-6565,-21101,0,0,0,0,1,0
85,21875,619,-87,-532,0,26710,-3774,-22936,0,0,0,0,1,0
86,22135,591,-22,-569,0,25497,-946,-24551,0,0,0,0,1,0
87,22395,557,44,-601,0,24038,1891,-25929,0,0,0,0,1,0
88,22656,518,109,-627,0,22348,4709,-27058,0,0,0,0,1,0
89,22916,474,173,-647,0,20443,7483,-27925,0,0,0,0,1,0
90,23177,425,236,-661,0,18341,10184,-28524,0,0,0,0,1,0
91,23437,372,296,-669,0,16062,12787,-28849,0,0,0,0,1,0
92,23697,316,354,-670,0,13628,15267,-28895,0,0,0,0,1,0
93,23958,256,408,-664,0,11064,17600,-28663,0,0,0,0,1,0
94,24218,194,458,-653,0,8392,19763,-28155,0,0,0,0,1,0
95,24479,131,504,-634,0,5640,21736,-27376,0,0,0,0,1,0
96,24739,66,545,-610,0,2834,23500,-26334,0,0,0,0,1,0
97,25000,0,580,-580,0,0,25037,-25037,0,0,0,0,1,0
98,25260,-66,610,-545,0,-2834,26334,-23500,0,0,0,0,1,0
99,25520,-131,634,-504,0,-5640,27376,-21736,0,0,0,0,1,0
100,25781,-194,653,-458,0,-8392,28155,-19763,0,0,0,0,1,0
101,26041,-256,664,-408,0,-11064,28663,-17600,0,0,0,0,1,0
102,26302,-316,670,-354,0,-13628,28895,-15267,0,0,0,0,1,0
103,26562,-372,669,-296,0,-16062,28849,-12787,0,0,0,0,1,0
104,26822,-425,661,-236,0,-18341,28524,-10184,0,0,0,0,1,0
105,27083,-474,647,-173,0,-20443,27925,-7483,0,0,0,0,1,0
106,27343,-518,627,-109,0,-22348,27058,-4709,0,0,0,0,1,0
107,27604,-557,601,-44,0,-24038,25929,-1891,0,0,0,0,1,0
108,27864,-591,569,22,0,-25497,24551,946,0,0,0,0,1,0
109,28125,-619,532,87,0,-26710,22936,3774,0,0,0,0,1,0
110,28385,-641,489,152,0,-27666,21101,6565,0,0,0,0,1,0
111,28645,-657,442,215,0,-28355,19062,9293,0,0,0,0,1,0
112,28906,-667,390,277,0,-28771,16840,11932,0,0,0,0,1,0
113,29166,-670,335,335,0,-28911,14455,14455,0,0,0,0,1,0
114,29427,-667,277,390,0,-28771,11932,16840,0,0,0,0,1,0
115,29687,-657,215,442,0,-28355,9293,19062,0,0,0,0,1,0
116,29947,-641,152,489,0,-27666,6565,21101,0,0,0,0,1,0
117,30208,-619,87,532,0,-26710,3774,22936,0,0,0,0,1,0
118,30468,-591,22,569,0,-25497,946,24551,0,0,0,0,1,0
119,30729,-557,-44,601,0,-24038,-1891,25929,0,0,0,0,1,0
120,30989,-518,-109,627,0,-22348,-4709,27058,0,0,0,0,1,0
121,31250,-474,-173,647,0,-20443,-7483,27925,0,0,0,0,1,0
122,31510,-425,-236,661,0,-18341,-10184,28524,0,0,0,0,1,0
123,31770,-372,-296,669,0,-16062,-12787,28849,0,0,0,0,1,0
124,32031,-316,-354,670,0,-13628,-15267,28895,0,0,0,0,1,0
125,32291,-256,-408,664,0,-11064,-17600,28663,0,0,0,0,1,0
126,32552,-194,-458,653,0,-8392,-19763,28155,0,0,0,0,1,0
127,32812,-131,-504,634,0,-5640,-21736,27376,0,0,0,0,1,0
128,33072,-66,-545,610,0,-2834,-23500,26334,0,0,0,0,1,0
129,33333,0,-580,580,0,0,-25037,25037,0,0,0,0,1,0
130,33593,66,-610,545,0,2834,-26334,23500,0,0,0,0,1,0
131,33854,131,-634,504,0,5640,-27376,21736,0,0,0,0,1,0
132,34114,194,-653,458,0,8392,-28155,19763,0,0,0,0,1,0
133,34375,256,-664,408,0,11064,-28663,17600,0,0,0,0,1,0
134,34635,316,-670,354,0,13628,-28895,15267,0,0,0,0,1,0
135,34895,372,-669,296,0,16062,-28849,12787,0,0,0,0,1,0
136,35156,425,-661,236,0,18341,-28524,10184,0,0,0,0,1,0
137,35416,474,-647,173,0,20443,-27925,7483,0,0,0,0,1,0
138,35677,518,-627,109,0,22348,-27058,4709,0,0,0,0,1,0
139,35937,557,-601,44,0,24038,-25929,1891,0,0,0,0,1,0
140,36197,591,-569,-22,0,25497,-24551,-946,0,0,0,0,1,0
141,36458,619,-532,-87,0,26710,-22936,-3774,0,0,0,0,1,0
142,36718,641,-489,-152,0,27666,-21101,-6565,0,0,0,0,1,0
143,36979,657,-442,-215,0,28355,-19062,-9293,0,0,0,0,1,0
144,37239,667,-390,-277,0,28771,-16840,-11932,0,0,0,0,1,0
145,37500,670,-335,-335,0,28911,-14455,-14455,0,0,0,0,1,0
146,37760,667,-277,-390,0,28771,-11932,-16840,0,0,0,0,1,0
147,38020,657,-215,-442,0,28355,-9293,-19062,0,0,0,0,1,0
148,38281,641,-152,-489,0,27666,-6565,-21101,0,0,0,0,1,0
149,38541,619,-87,-532,0,26710,-3774,-22936,0,0,0,0,1,0
150,38802,591,-22,-569,0,25497,-946,-24551,0,0,0,0,1,0
151,39062,557,44,-601,0,24038,1891,-25929,0,0,0,0,1,0
152,39322,518,109,-627,0,22348,4709,-27058,0,0,0,0,1,0
153,39583,474,173,-647,0,20443,7483,-27925,0,0,0,0,1,0
154,39843,425,236,-661,0,18341,10184,-28524,0,0,0,0,1,0
155,40104,372,296,-669,0,16062,12787,-28849,0,0,0,0,1,0
156,40364,316,354,-670,0,13628,15267,-28895,0,0,0,0,1,0
157,40625,256,408,-664,0,11064,17600,-28663,0,0,0,0,1,0
158,40885,194,458,-653,0,8392,19763,-28155,0,0,0,0,1,0
159,41145,131,504,-634,0,5640,21736,-27376,0,0,0,0,1,0
160,41406,66,545,-610,0,2834,23500,-26334,0,0,0,0,1,0
161,41666,0,580,-580,0,0,25037,-25037,0,0,0,0,1,0
162,41927,-66,610,-545,0,-2834,26334,-23500,0,0,0,0,1,0
163,42187,-131,634,-504,0,-5640,27376,-21736,0,0,0,0,1,0
164,42447,-194,653,-458,0,-8392,28155,-19763,0,0,0,0,1,0
165,42708,-256,664,-408,0,-11064,28663,-17600,0,0,0,0,1,0
166,42968,-316,670,-354,0,-13628,28895,-15267,0,0,0,0,1,0
167,43229,-372,669,-296,0,-16062,28849,-12787,0,0,0,0,1,0
168,43489,-425,661,-236,0,-18341,28524,-10184,0,0,0,0,1,0
169,43750,-474,647,-173,0,-20443,27925,-7483,0,0,0,0,1,0
170,44010,-518,627,-109,0,-22348,27058,-4709,0,0,0,0,1,0
171,44270,-557,601,-44,0,-24038,25929,-1891,0,0,0,0,1,0
172,44531,-591,569,22,0,-25497,24551,946,0,0,0,0,1,0
173,44791,-619,532,87,0,-26710,22936,3774,0,0,0,0,1,0
174,45052,-641,489,152,0,-27666,21101,6565,0,0,0,0,1,0
175,45312,-657,442,215,0,-28355,19062,9293,0,0,0,0,1,0
176,45572,-667,390,277,0,-28771,16840,11932,0,0,0,0,1,0
177,45833,-670,335,335,0,-28911,14455,14455,0,0,0,0,1,0
178,46093,-667,277,390,0,-28771,11932,16840,0,0,0,0,1,0
179,46354,-657,215,442,0,-28355,9293,19062,0,0,0,0,1,0
180,46614,-641,152,489,0,-27666,6565,21101,0,0,0,0,1,0
181,46875,-619,87,532,0,-26710,3774,22936,0,0,0,0,1,0
182,47135,-591,22,569,0,-25497,946,24551,0,0,0,0,1,0
183,47395,-557,-44,601,0,-24038,-1891,25929,0,0,0,0,1,0
184,47656,-518,-109,627,0,-22348,-4709,27058,0,0,0,0,1,0
185,47916,-474,-173,647,0,-20443,-7483,27925,0,0,0,0,1,0
186,48177,-425,-236,661,0,-18341,-10184,28524,0,0,0,0,1,0
187,48437,-372,-296,669,0,-16062,-12787,28849,0,0,0,0,1,0
188,48697,-316,-354,670,0,-13628,-15267,28895,0,0,0,0,1,0
189,48958,-256,-408,664,0,-11064,-17600,28663,0,0,0,0,1,0
190,49218,-194,-458,653,0,-8392,-19763,28155,0,0,0,0,1,0
191,49479,-131,-504,634,0,-5640,-21736,27376,0,0,0,0,1,0
192,49739,-66,-545,610,0,-2834,-23500,26334,0,0,0,0,1,0
193,50000,17571,-580,580,17571,0,-27040,27040,0,0,0,0,1,0
194,50260,19274,-610,545,19209,283,-28440,25380,0,0,0,0,1,0
195,50520,20923,-634,504,20792,564,-29566,23475,0,0,0,0,1,0
196,50781,22499,-653,458,22305,839,-30408,21344,0,0,0,0,1,0
197,51041,23987,-664,408,23730,1106,-30956,19008,0,0,0,0,1,0
198,51302,25370,-670,354,25054,1363,-31207,16488,0,0,0,0,1,0
199,51562,26635,-669,296,26262,1606,-31157,13810,0,0,0,0,1,0
200,51822,27767,-661,236,27342,1834,-30806,10998,0,0,0,0,1,0
201,52083,28754,-647,173,28281,2044,-30159,8081,0,0,0,0,1,0
202,52343,29587,-627,109,29069,2235,-29222,5086,0,0,0,0,1,0
203,52604,30255,-601,44,29698,2404,-28003,2042,0,0,0,0,1,0
204,52864,30752,-569,-22,30161,2550,-26515,-1022,0,0,0,0,1,0
205,53125,31070,-532,-87,30451,2671,-24771,-4075,0,0,0,0,1,0
206,53385,31207,-489,-152,30565,2767,-22789,-7090,0,0,0,0,1,0
207,53645,31159,-442,-215,30501,2836,-20587,-10036,0,0,0,0,1,0
208,53906,30925,-390,-277,30258,2877,-18187,-12886,0,0,0,0,1,0
209,54166,30508,-335,-335,29838,2891,-15612,-15612,0,0,0,0,1,0
210,54427,29909,-277,-390,29242,2877,-12886,-18187,0,0,0,0,1,0
211,54687,29134,-215,-442,28477,2836,-10036,-20587,0,0,0,0,1,0
212,54947,28189,-152,-489,27547,2767,-7090,-22789,0,0,0,0,1,0
213,55208,27081,-87,-532,26462,2671,-4075,-24771,0,0,0,0,1,0
214,55468,25821,-22,-569,25230,2550,-1022,-26515,0,0,0,0,1,0
215,55729,24420,44,-601,23863,2404,2042,-28003,0,0,0,0,1,0
216,55989,22889,109,-627,22371,2235,5086,-29222,0,0,0,0,1,0
217,56250,21244,173,-647,20770,2044,8081,-30159,0,0,0,0,1,0
218,56510,19497,236,-661,19072,1834,10998,-30806,0,0,0,0,1,0
219,56770,17666,296,-669,17294,1606,13810,-31157,0,0,0,0,1,0
220,57031,15768,354,-670,15452,1363,16488,-31207,0,0,0,0,1,0
221,57291,13818,408,-664,13561,1106,19008,-30956,0,0,0,0,1,0
222,57552,11835,458,-653,11641,839,21344,-30408,0,0,0,0,1,0
223,57812,9838,504,-634,9707,564,23475,-29566,0,0,0,0,1,0
224,58072,7844,545,-610,7778,283,25380,-28440,0,0,0,0,1,0
225,58333,5871,580,-580,5871,0,27040,-27040,0,0,0,0,1,0
226,58593,3938,610,-545,4004,-283,28440,-25380,0,0,0,0,1,0
227,58854,2063,634,-504,2194,-564,29566,-23475,0,0,0,0,1,0
228,59114,262,653,-458,457,-839,30408,-21344,0,0,0,0,1,0
229,59375,-1448,664,-408,-1191,-1106,30956,-19008,0,0,0,0,1,0
230,59635,-3051,670,-354,-2735,-1363,31207,-16488,0,0,0,0,1,0
231,59895,-4534,669,-296,-4161,-1606,31157,-13810,0,0,0,0,1,0
232,60156,-5882,661,-236,-5457,-1834,30806,-10998,0,0,0,0,1,0
233,60416,-7083,647,-173,-6610,-2044,30159,-8081,0,0,0,0,1,0
234,60677,-8128,627,-109,-7610,-2235,29222,-5086,0,0,0,0,1,0
235,60937,-9006,601,-44,-8449,-2404,28003,-2042,0,0,0,0,1,0
236,61197,-9710,569,22,-9119,-2550,26515,1022,0,0,0,0,1,0
237,61458,-10234,532,87,-9615,-2671,24771,4075,0,0,0,0,1,0
238,61718,-10574,489,152,-9932,-2767,22789,7090,0,0,0,0,1,0
239,61979,-10727,442,215,-10070,-2836,20587,10036,0,0,0,0,1,0
240,62239,-10693,390,277,-10027,-2877,18187,12886,0,0,0,0,1,0
241,62500,-10474,335,335,-9804,-2891,15612,15612,0,0,0,0,1,0
242,62760,-10071,277,390,-9404,-2877,12886,18187,0,0,0,0,1,0
243,63020,-9489,215,442,-8832,-2836,10036,20587,0,0,0,0,1,0
244,63281,-8736,152,489,-8095,-2767,7090,22789,0,0,0,0,1,0
245,63541,-7818,87,532,-7199,-2671,4075,24771,0,0,0,0,1,0
246,63802,-6747,22,569,-6156,-2550,1022,26515,0,0,0,0,1,0
247,64062,-5532,-44,601,-4974,-2404,-2042,28003,0,0,0,0,1,0
248,64322,-4186,-109,627,-3668,-2235,-5086,29222,0,0,0,0,1,0
249,64583,-2723,-173,647,-2249,-2044,-8081,30159,0,0,0,0,1,0
250,64843,-1157,-236,661,-732,-1834,-10998,30806,0,0,0,0,1,0
251,65104,494,-296,669,867,-1606,-13810,31157,0,0,0,0,1,0
252,65364,2216,-354,670,2532,-1363,-16488,31207,0,0,0,0,1,0
253,65625,3990,-408,664,4246,-1106,-19008,30956,0,0,0,0,1,0
254,65885,5799,-458,653,5993,-839,-21344,30408,0,0,0,0,1,0
255,66145,7624,-504,634,7755,-564,-23475,29566,0,0,0,0,1,0
256,66406,9447,-545,610,9513,-283,-25380,28440,0,0,0,0,1,0
257,66666,11251,-580,580,11251,0,-27040,27040,0,0,0,0,1,0
258,66927,13016,-610,545,12951,283,-28440,25380,0,0,0,0,1,0
259,67187,14726,-634,504,14595,564,-29566,23475,0,0,0,0,1,0
260,67447,16363,-653,458,16168,839,-30408,21344,0,0,0,0,1,0
261,67708,17910,-664,408,17654,1106,-30956,19008,0,0,0,0,1,0
262,67968,19353,-670,354,19037,1363,-31207,16488,0,0,0,0,1,0
263,68229,20676,-669,296,20304,1606,-31157,13810,0,0,0,0,1,0
264,68489,21867,-661,236,21442,1834,-30806,10998,0,0,0,0,1,0
265,68750,22912,-647,173,22438,2044,-30159,8081,0,0,0,0,1,0
266,69010,23802,-627,109,23284,2235,-29222,5086,0,0,0,0,1,0
267,69270,24526,-601,44,23969,2404,-28003,2042,0,0,0,0,1,0
268,69531,25079,-569,-22,24488,2550,-26515,-1022,0,0,0,0,1,0
269,69791,25453,-532,-87,24834,2671,-24771,-4075,0,0,0,0,1,0
270,70052,25644,-489,-152,25003,2767,-22789,-7090,0,0,0,0,1,0
271,70312,25650,-442,-215,24993,2836,-20587,-10036,0,0,0,0,1,0
272,70572,25471,-390,-277,24804,2877,-18187,-12886,0,0,0,0,1,0
273,70833,25107,-335,-335,24437,2891,-15612,-15612,0,0,0,0,1,0
274,71093,24561,-277,-390,23894,2877,-12886,-18187,0,0,0,0,1,0
275,71354,23838,-215,-442,23181,2836,-10036,-20587,0,0,0,0,1,0
276,71614,22944,-152,-489,22303,2767,-7090,-22789,0,0,0,0,1,0
277,71875,21888,-87,-532,21269,2671,-4075,-24771,0,0,0,0,1,0
278,72135,20679,-22,-569,20088,2550,-1022,-26515,0,0,0,0,1,0
279,72395,19328,44,-601,18770,2404,2042,-28003,0,0,0,0,1,0
280,72656,259,55,-314,0,22348,4709,-27058,0,0,0,0,1,0
281,72916,237,87,-324,0,20443,7483,-27925,0,0,0,0,1,0
282,73177,213,118,-331,0,18341,10184,-28524,0,0,0,0,1,0
283,73437,186,148,-334,0,16062,12787,-28849,0,0,0,0,1,0
284,73697,158,177,-335,0,13628,15267,-28895,0,0,0,0,1,0
285,73958,128,204,-332,0,11064,17600,-28663,0,0,0,0,1,0
286,74218,97,229,-326,0,8392,19763,-28155,0,0,0,0,1,0
287,74479,65,252,-317,0,5640,21736,-27376,0,0,0,0,1,0
288,74739,33,272,-305,0,2834,23500,-26334,0,0,0,0,1,0
289,75000,0,290,-290,0,0,25037,-25037,0,0,0,0,1,0
290,75260,-33,305,-272,0,-2834,26334,-23500,0,0,0,0,1,0
291,75520,-65,317,-252,0,-5640,27376,-21736,0,0,0,0,1,0
292,75781,-97,326,-229,0,-8392,28155,-19763,0,0,0,0,1,0
293,76041,-128,332,-204,0,-11064,28663,-17600,0,0,0,0,1,0
294,76302,-158,335,-177,0,-13628,28895,-15267,0,0,0,0,1,0
295,76562,-186,334,-148,0,-16062,28849,-12787,0,0,0,0,1,0
296,76822,-213,331,-118,0,-18341,28524,-10184,0,0,0,0,1,0
297,77083,-237,324,-87,0,-20443,27925,-7483,0,0,0,0,1,0
298,77343,-259,314,-55,0,-22348,27058,-4709,0,0,0,0,1,0
299,77604,-279,300,-22,0,-24038,25929,-1891,0,0,0,0,1,0
300,77864,-295,284,11,0,-25497,24551,946,0,0,0,0,1,0
301,78125,-310,266,44,0,-26710,22936,3774,0,0,0,0,1,0
302,78385,-321,245,76,0,-27666,21101,6565,0,0,0,0,1,0
303,78645,-329,221,108,0,-28355,19062,9293,0,0,0,0,1,0
304,78906,-333,195,138,0,-28771,16840,11932,0,0,0,0,1,0
305,79166,-335,168,168,0,-28911,14455,14455,0,0,0,0,1,0
306,79427,-333,138,195,0,-28771,11932,16840,0,0,0,0,1,0
307,79687,-329,108,221,0,-28355,9293,19062,0,0,0,0,1,0
308,79947,-321,76,245,0,-27666,6565,21101,0,0,0,0,1,0
309,80208,-310,44,266,0,-26710,3774,22936,0,0,0,0,1,0
310,80468,-295,11,284,0,-25497,946,24551,0,0,0,0,1,0
311,80729,-279,-22,300,0,-24038,-1891,25929,0,0,0,0,1,0
312,80989,-259,-55,314,0,-22348,-4709,27058,0,0,0,0,1,0
313,81250,-237,-87,324,0,-20443,-7483,27925,0,0,0,0,1,0
314,81510,-213,-118,331,0,-18341,-10184,28524,0,0,0,0,1,0
315,81770,-186,-148,334,0,-16062,-12787,28849,0,0,0,0,1,0
316,82031,-158,-177,335,0,-13628,-15267,28895,0,0,0,0,1,0
317,82291,-128,-204,332,0,-11064,-17600,28663,0,0,0,0,1,0
318,82552,-97,-229,326,0,-8392,-19763,28155,0,0,0,0,1,0
319,82812,-65,-252,317,0,-5640,-21736,27376,0,0,0,0,1,0
320,83072,-33,-272,305,0,-2834,-23500,26334,0,0,0,0,1,0
321,83333,0,-290,290,0,0,-25037,25037,0,0,0,0,1,0
322,83593,33,-305,272,0,2834,-26334,23500,0,0,0,0,1,0
323,83854,65,-317,252,0,5640,-27376,21736,0,0,0,0,1,0
324,84114,97,-326,229,0,8392,-28155,19763,0,0,0,0,1,0
325,84375,128,-332,204,0,11064,-28663,17600,0,0,0,0,1,0
326,84635,158,-335,177,0,13628,-28895,15267,0,0,0,0,1,0
327,84895,186,-334,148,0,16062,-28849,12787,0,0,0,0,1,0
328,85156,213,-331,118,0,18341,-28524,10184,0,0,0,0,1,0
329,85416,237,-324,87,0,20443,-27925,7483,0,0,0,0,1,0
330,85677,259,-314,55,0,22348,-27058,4709,0,0,0,0,1,0
331,85937,279,-300,22,0,24038,-25929,1891,0,0,0,0,1,0
332,86197,295,-284,-11,0,25497,-24551,-946,0,0,0,0,1,0
333,86458,310,-266,-44,0,26710,-22936,-3774,0,0,0,0,1,0
334,86718,321,-245,-76,0,27666,-21101,-6565,0,0,0,0,1,0
335,86979,329,-221,-108,0,28355,-19062,-9293,0,0,0,0,1,0
336,87239,333,-195,-138,0,28771,-16840,-11932,0,0,0,0,1,0
337,87500,335,-168,-168,0,28911,-14455,-14455,0,0,0,0,1,0
338,87760,333,-138,-195,0,28771,-11932,-16840,0,0,0,0,1,0
339,88020,329,-108,-221,0,28355,-9293,-19062,0,0,0,0,1,0
340,88281,321,-76,-245,0,27666,-6565,-21101,0,0,0,0,1,0
341,88541,310,-44,-266,0,26710,-3774,-22936,0,0,0,0,1,0
342,88802,295,-11,-284,0,25497,-946,-24551,0,0,0,0,1,0
343,89062,279,22,-300,0,24038,1891,-25929,0,0,0,0,1,0
344,89322,259,55,-314,0,22348,4709,-27058,0,0,0,0,1,0
345,89583,237,87,-324,0,20443,7483,-27925,0,0,0,0,1,0
346,89843,213,118,-331,0,18341,10184,-28524,0,0,0,0,1,0
347,90104,186,148,-334,0,16062,12787,-28849,0,0,0,0,1,0
348,90364,158,177,-335,0,13628,15267,-28895,0,0,0,0,1,0
349,90625,128,204,-332,0,11064,17600,-28663,0,0,0,0,1,0
350,90885,97,229,-326,0,8392,19763,-28155,0,0,0,0,1,0
351,91145,65,252,-317,0,5640,21736,-27376,0,0,0,0,1,0
352,91406,33,272,-305,0,2834,23500,-26334,0,0,0,0,1,0
353,91666,0,290,-290,0,0,25037,-25037,0,0,0,0,1,0
354,91927,-33,305,-272,0,-2834,26334,-23500,0,0,0,0,1,0
355,92187,-65,317,-252,0,-5640,27376,-21736,0,0,0,0,1,0
356,92447,-97,326,-229,0,-8392,28155,-19763,0,0,0,0,1,0
357,92708,-128,332,-204,0,-11064,28663,-17600,0,0,0,0,1,0
358,92968,-158,335,-177,0,-13628,28895,-15267,0,0,0,0,1,0
359,93229,-186,334,-148,0,-16062,28849,-12787,0,0,0,0,1,0
360,93489,-213,331,-118,0,-18341,28524,-10184,0,0,0,0,1,0
361,93750,-237,324,-87,0,-20443,27925,-7483,0,0,0,0,1,0
362,94010,-259,314,-55,0,-22348,27058,-4709,0,0,0,0,1,0
363,94270,-279,300,-22,0,-24038,25929,-1891,0,0,0,0,1,0
364,94531,-295,284,11,0,-25497,24551,946,0,0,0,0,1,0
365,94791,-310,266,44,0,-26710,22936,3774,0,0,0,0,1,0
366,95052,-321,245,76,0,-27666,21101,6565,0,0,0,0,1,0
367,95312,-329,221,108,0,-28355,19062,9293,0,0,0,0,1,0
368,95572,-333,195,138,0,-28771,16840,11932,0,0,0,0,1,0
369,95833,-335,168,168,0,-28911,14455,14455,0,0,0,0,1,0
370,96093,-333,138,195,0,-28771,11932,16840,0,0,0,0,1,0
371,96354,-329,108,221,0,-28355,9293,19062,0,0,0,0,1,0
372,96614,-321,76,245,0,-27666,6565,21101,0,0,0,0,1,0
373,96875,-310,44,266,0,-26710,3774,22936,0,0,0,0,1,0
374,97135,-295,11,284,0,-25497,946,24551,0,0,0,0,1,0
375,97395,-279,-22,300,0,-24038,-1891,25929,0,0,0,0,1,0
376,97656,-259,-55,314,0,-22348,-4709,27058,0,0,0,0,1,0
377,97916,-237,-87,324,0,-20443,-7483,27925,0,0,0,0,1,0
378,98177,-213,-118,331,0,-18341,-10184,28524,0,0,0,0,1,0
379,98437,-186,-148,334,0,-16062,-12787,28849,0,0,0,0,1,0
380,98697,-158,-177,335,0,-13628,-15267,28895,0,0,0,0,1,0
381,98958,-128,-204,332,0,-11064,-17600,28663,0,0,0,0,1,0
382,99218,-97,-229,326,0,-8392,-19763,28155,0,0,0,0,1,0
383,99479,-65,-252,317,0,-5640,-21736,27376,0,0,0,0,1,0
384,99739,-33,-272,305,0,-2834,-23500,26334,0,0,0,0,1,0
385,100000,0,-290,290,0,0,-25037,25037,0,0,0,0,1,0
386,100260,33,-305,272,0,2834,-26334,23500,0,0,0,0,1,0
387,100520,65,-317,252,0,5640,-27376,21736,0,0,0,0,1,0
388,100781,97,-326,229,0,8392,-28155,19763,0,0,0,0,1,0
389,101041,128,-332,204,0,11064,-28663,17600,0,0,0,0,1,0
390,101302,158,-335,177,0,13628,-28895,15267,0,0,0,0,1,0
391,101562,186,-334,148,0,16062,-28849,12787,0,0,0,0,1,0
392,101822,213,-331,118,0,18341,-28524,10184,0,0,0,0,1,0
393,102083,237,-324,87,0,20443,-27925,7483,0,0,0,0,1,0
394,102343,259,-314,55,0,22348,-27058,4709,0,0,0,0,1,0
395,102604,279,-300,22,0,24038,-25929,1891,0,0,0,0,1,0
396,102864,295,-284,-11,0,25497,-24551,-946,0,0,0,0,1,0
397,103125,310,-266,-44,0,26710,-22936,-3774,0,0,0,0,1,0
398,103385,321,-245,-76,0,27666,-21101,-6565,0,0,0,0,1,0
399,103645,329,-221,-108,0,28355,-19062,-9293,0,0,0,0,1,0
400,103906,333,-195,-138,0,28771,-16840,-11932,0,0,0,0,1,0
401,104166,335,-168,-168,0,28911,-14455,-14455,0,0,0,0,1,0
402,104427,333,-138,-195,0,28771,-11932,-16840,0,0,0,0,1,0
403,104687,329,-108,-221,0,28355,-9293,-19062,0,0,0,0,1,0
404,104947,321,-76,-245,0,27666,-6565,-21101,0,0,0,0,1,0
405,105208,310,-44,-266,0,26710,-3774,-22936,0,0,0,0,1,0
406,105468,295,-11,-284,0,25497,-946,-24551,0,0,0,0,1,0
407,105729,279,22,-300,0,24038,1891,-25929,0,0,0,0,1,0
408,105989,259,55,-314,0,22348,4709,-27058,0,0,0,0,1,0
409,106250,237,87,-324,0,20443,7483,-27925,0,0,0,0,1,0
410,106510,213,118,-331,0,18341,10184,-28524,0,0,0,0,1,0
411,106770,186,148,-334,0,16062,12787,-28849,0,0,0,0,1,0
412,107031,158,177,-335,0,13628,15267,-28895,0,0,0,0,1,0
413,107291,128,204,-332,0,11064,17600,-28663,0,0,0,0,1,0
414,107552,97,229,-326,0,8392,19763,-28155,0,0,0,0,1,0
415,107812,65,252,-317,0,5640,21736,-27376,0,0,0,0,1,0
416,108072,33,272,-305,0,2834,23500,-26334,0,0,0,0,1,0
417,108333,0,290,-290,0,0,25037,-25037,0,0,0,0,1,0
418,108593,-33,305,-272,0,-2834,26334,-23500,0,0,0,0,1,0
419,108854,-65,317,-252,0,-5640,27376,-21736,0,0,0,0,1,0
420,109114,-97,326,-229,0,-8392,28155,-19763,0,0,0,0,1,0
421,109375,-128,332,-204,0,-11064,28663,-17600,0,0,0,0,1,0
422,109635,-158,335,-177,0,-13628,28895,-15267,0,0,0,0,1,0
423,109895,-186,334,-148,0,-16062,28849,-12787,0,0,0,0,1,0
424,110156,-213,331,-118,0,-18341,28524,-10184,0,0,0,0,1,0
425,110416,-237,324,-87,0,-20443,27925,-7483,0,0,0,0,1,0
426,110677,-259,314,-55,0,-22348,27058,-4709,0,0,0,0,1,0
427,110937,-279,300,-22,0,-24038,25929,-1891,0,0,0,0,1,0
428,111197,-295,284,11,0,-25497,24551,946,0,0,0,0,1,0
429,111458,-310,266,44,0,-26710,22936,3774,0,0,0,0,1,0
430,111718,-321,245,76,0,-27666,21101,6565,0,0,0,0,1,0
431,111979,-329,221,108,0,-28355,19062,9293,0,0,0,0,1,0
432,112239,-333,195,138,0,-28771,16840,11932,0,0,0,0,1,0
433,112500,-335,168,168,0,-28911,14455,14455,0,0,0,0,1,0
434,112760,-333,138,195,0,-28771,11932,16840,0,0,0,0,1,0
435,113020,-329,108,221,0,-28355,9293,19062,0,0,0,0,1,0
436,113281,-321,76,245,0,-27666,6565,21101,0,0,0,0,1,0
437,113541,-310,44,266,0,-26710,3774,22936,0,0,0,0,1,0
438,113802,-295,11,284,0,-25497,946,24551,0,0,0,0,1,0
439,114062,-279,-22,300,0,-24038,-1891,25929,0,0,0,0,1,0
440,114322,-259,-55,314,0,-22348,-4709,27058,0,0,0,0,1,0
441,114583,-237,-87,324,0,-20443,-7483,27925,0,0,0,0,1,0
442,114843,-213,-118,331,0,-18341,-10184,28524,0,0,0,0,1,0
443,115104,-186,-148,334,0,-16062,-12787,28849,0,0,0,0,1,0
444,115364,-158,-177,335,0,-13628,-15267,28895,0,0,0,0,1,0
445,115625,-128,-204,332,0,-11064,-17600,28663,0,0,0,0,1,0
446,115885,-97,-229,326,0,-8392,-19763,28155,0,0,0,0,1,0
447,116145,-65,-252,317,0,-5640,-21736,27376,0,0,0,0,1,0
448,116406,-33,-272,305,0,-2834,-23500,26334,0,0,0,0,1,0
449,116666,0,-290,290,0,0,-25037,25037,0,0,0,0,1,0
450,116927,33,-305,272,0,2834,-26334,23500,0,0,0,0,1,0
451,117187,65,-317,252,0,5640,-27376,21736,0,0,0,0,1,0
452,117447,97,-326,229,0,8392,-28155,19763,0,0,0,0,1,0
453,117708,128,-332,204,0,11064,-28663,17600,0,0,0,0,1,0
454,117968,158,-335,177,0,13628,-28895,15267,0,0,0,0,1,0
455,118229,186,-334,148,0,16062,-28849,12787,0,0,0,0,1,0
456,118489,213,-331,118,0,18341,-28524,10184,0,0,0,0,1,0
457,118750,237,-324,87,0,20443,-27925,7483,0,0,0,0,1,0
458,119010,259,-314,55,0,22348,-27058,4709,0,0,0,0,1,0
459,119270,279,-300,22,0,24038,-25929,1891,0,0,0,0,1,0
460,119531,295,-284,-11,0,25497,-24551,-946,0,0,0,0,1,0
461,119791,310,-266,-44,0,26710,-22936,-3774,0,0,0,0,1,0
462,120052,321,-245,-76,0,27666,-21101,-6565,0,0,0,0,1,0
463,120312,329,-221,-108,0,28355,-19062,-9293,0,0,0,0,1,0
464,120572,333,-195,-138,0,28771,-16840,-11932,0,0,0,0,1,0
465,120833,335,-168,-168,0,28911,-14455,-14455,0,0,0,0,1,0
466,121093,333,-138,-195,0,28771,-11932,-16840,0,0,0,0,1,0
467,121354,329,-108,-221,0,28355,-9293,-19062,0,0,0,0,1,0
468,121614,321,-76,-245,0,27666,-6565,-21101,0,0,0,0,1,0
469,121875,310,-44,-266,0,26710,-3774,-22936,0,0,0,0,1,0
470,122135,295,-11,-284,0,25497,-946,-24551,0,0,0,0,1,0
471,122395,279,22,-300,0,24038,1891,-25929,0,0,0,0,1,0
472,122656,259,55,-314,0,22348,4709,-27058,0,0,0,0,1,0
473,122916,237,87,-324,0,20443,7483,-27925,0,0,0,0,1,0
474,123177,213,118,-331,0,18341,10184,-28524,0,0,0,0,1,0
475,123437,186,148,-334,0,16062,12787,-28849,0,0,0,0,1,0
476,123697,158,177,-335,0,13628,15267,-28895,0,0,0,0,1,0
477,123958,128,204,-332,0,11064,17600,-28663,0,0,0,0,1,0
478,124218,97,229,-326,0,8392,19763,-28155,0,0,0,0,1,0
479,124479,65,252,-317,0,5640,21736,-27376,0,0,0,0,1,0
480,124739,33,272,-305,0,2834,23500,-26334,0,0,0,0,1,0
481,125000,0,290,-290,0,0,25037,-25037,0,0,0,0,1,0
482,125260,-33,305,-272,0,-2834,26334,-23500,0,0,0,0,1,0
483,125520,-65,317,-252,0,-5640,27376,-21736,0,0,0,0,1,0
484,125781,-97,326,-229,0,-8392,28155,-19763,0,0,0,0,1,0
485,126041,-128,332,-204,0,-11064,28663,-17600,0,0,0,0,1,0
486,126302,-158,335,-177,0,-13628,28895,-15267,0,0,0,0,1,0
487,126562,-186,334,-148,0,-16062,28849,-12787,0,0,0,0,1,0
488,126822,-213,331,-118,0,-18341,28524,-10184,0,0,0,0,1,0
489,127083,-237,324,-87,0,-20443,27925,-7483,0,0,0,0,1,0
490,127343,-259,314,-55,0,-22348,27058,-4709,0,0,0,0,1,0
491,127604,-279,300,-22,0,-24038,25929,-1891,0,0,0,0,1,0
492,127864,-295,284,11,0,-25497,24551,946,0,0,0,0,1,0
493,128124,-310,266,44,0,-26710,22936,3774,0,0,0,0,1,0
494,128385,-321,245,76,0,-27666,21101,6565,0,0,0,0,1,0
495,128645,-329,221,108,0,-28355,19062,9293,0,0,0,0,1,0
496,128906,-333,195,138,0,-28771,16840,11932,0,0,0,0,1,0
497,129166,-335,168,168,0,-28911,14455,14455,0,0,0,0,1,0
498,129427,-333,138,195,0,-28771,11932,16840,0,0,0,0,1,0
499,129687,-329,108,221,0,-28355,9293,19062,0,0,0,0,1,0
500,129947,-321,76,245,0,-27666,6565,21101,0,0,0,0,1,0
501,130208,-310,44,266,0,-26710,3774,22936,0,0,0,0,1,0
502,130468,-295,11,284,0,-25497,946,24551,0,0,0,0,1,0
503,130729,-279,-22,300,0,-24038,-1891,25929,0,0,0,0,1,0
504,130989,-259,-55,314,0,-22348,-4709,27058,0,0,0,0,1,0
505,131250,-237,-87,324,0,-20443,-7483,27925,0,0,0,0,1,0
506,131510,-213,-118,331,0,-18341,-10184,28524,0,0,0,0,1,0
507,131770,-186,-148,334,0,-16062,-12787,28849,0,0,0,0,1,0
508,132031,-158,-177,335,0,-13628,-15267,28895,0,0,0,0,1,0
509,132291,-128,-204,332,0,-11064,-17600,28663,0,0,0,0,1,0
510,132552,-97,-229,326,0,-8392,-19763,28155,0,0,0,0,1,0
511,132812,-65,-252,317,0,-5640,-21736,27376,0,0,0,0,1,0
512,133072,-33,-272,305,0,-2834,-23500,26334,0,0,0,0,1,0
513,133333,0,-290,290,0,0,-25037,25037,0,0,0,0,1,0
514,133593,33,-305,272,0,2834,-26334,23500,0,0,0,0,1,0
515,133854,65,-317,252,0,5640,-27376,21736,0,0,0,0,1,0
516,134114,97,-326,229,0,8392,-28155,19763,0,0,0,0,1,0
517,134375,128,-332,204,0,11064,-28663,17600,0,0,0,0,1,0
518,134635,158,-335,177,0,13628,-28895,15267,0,0,0,0,1,0
519,134895,186,-334,148,0,16062,-28849,12787,0,0,0,0,1,0
520,135156,213,-331,118,0,18341,-28524,10184,0,0,0,0,1,0
521,135416,237,-324,87,0,20443,-27925,7483,0,0,0,0,1,0
522,135677,259,-314,55,0,22348,-27058,4709,0,0,0,0,1,0
523,135937,279,-300,22,0,24038,-25929,1891,0,0,0,0,1,0
524,136197,295,-284,-11,0,25497,-24551,-946,0,0,0,0,1,0
525,136458,310,-266,-44,0,26710,-22936,-3774,0,0,0,0,1,0
526,136718,321,-245,-76,0,27666,-21101,-6565,0,0,0,0,1,0
527,136979,329,-221,-108,0,28355,-19062,-9293,0,0,0,0,1,0
528,137239,333,-195,-138,0,28771,-16840,-11932,0,0,0,0,1,0
529,137500,335,-168,-168,0,28911,-14455,-14455,0,0,0,0,1,0
530,137760,333,-138,-195,0,28771,-11932,-16840,0,0,0,0,1,0
531,138020,329,-108,-221,0,28355,-9293,-19062,0,0,0,0,1,0
532,138281,321,-76,-245,0,27666,-6565,-21101,0,0,0,0,1,0
533,138541,310,-44,-266,0,26710,-3774,-22936,0,0,0,0,1,0
534,138802,295,-11,-284,0,25497,-946,-24551,0,0,0,0,1,0
535,139062,279,22,-300,0,24038,1891,-25929,0,0,0,0,1,0
536,139322,259,55,-314,0,22348,4709,-27058,0,0,0,0,1,0
537,139583,237,87,-324,0,20443,7483,-27925,0,0,0,0,1,0
538,139843,213,118,-331,0,18341,10184,-28524,0,0,0,0,1,0
539,140104,186,148,-334,0,16062,12787,-28849,0,0,0,0,1,0
540,140364,158,177,-335,0,13628,15267,-28895,0,0,0,0,1,0
541,140625,128,204,-332,0,11064,17600,-28663,0,0,0,0,1,0
542,140885,97,229,-326,0,8392,19763,-28155,0,0,0,0,1,0
543,141145,65,252,-317,0,5640,21736,-27376,0,0,0,0,1,0
544,141406,33,272,-305,0,2834,23500,-26334,0,0,0,0,1,0
545,141666,0,290,-290,0,0,25037,-25037,0,0,0,0,1,0
546,141927,-33,305,-272,0,-2834,26334,-23500,0,0,0,0,1,0
547,142187,-65,317,-252,0,-5640,27376,-21736,0,0,0,0,1,0
548,142447,-97,326,-229,0,-8392,28155,-19763,0,0,0,0,1,0
549,142708,-128,332,-204,0,-11064,28663,-17600,0,0,0,0,1,0
550,142968,-158,335,-177,0,-13628,28895,-15267,0,0,0,0,1,0
551,143229,-186,334,-148,0,-16062,28849,-12787,0,0,0,0,1,0
552,143489,-213,331,-118,0,-18341,28524,-10184,0,0,0,0,1,0
553,143750,-237,324,-87,0,-20443,27925,-7483,0,0,0,0,1,0
554,144010,-259,314,-55,0,-22348,27058,-4709,0,0,0,0,1,0
555,144270,-279,300,-22,0,-24038,25929,-1891,0,0,0,0,1,0
556,144531,-295,284,11,0,-25497,24551,946,0,0,0,0,1,0
557,144791,-310,266,44,0,-26710,22936,3774,0,0,0,0,1,0
558,145052,-321,245,76,0,-27666,21101,6565,0,0,0,0,1,0
559,145312,-329,221,108,0,-28355,19062,9293,0,0,0,0,1,0
560,145572,-333,195,138,0,-28771,16840,11932,0,0,0,0,1,0
561,145833,-335,168,168,0,-28911,14455,14455,0,0,0,0,1,0
562,146093,-333,138,195,0,-28771,11932,16840,0,0,0,0,1,0
563,146354,-329,108,221,0,-28355,9293,19062,0,0,0,0,1,0
564,146614,-321,76,245,0,-27666,6565,21101,0,0,0,0,1,0
565,146875,-310,44,266,0,-26710,3774,22936,0,0,0,0,1,0
566,147135,-295,11,284,0,-25497,946,24551,0,0,0,0,1,0
567,147395,-279,-22,300,0,-24038,-1891,25929,0,0,0,0,1,0
568,147656,-259,-55,314,0,-22348,-4709,27058,0,0,0,0,1,0
569,147916,-237,-87,324,0,-20443,-7483,27925,0,0,0,0,1,0
570,148177,-213,-118,331,0,-18341,-10184,28524,0,0,0,0,1,0
571,148437,-186,-148,334,0,-16062,-12787,28849,0,0,0,0,1,0
572,148697,-158,-177,335,0,-13628,-15267,28895,0,0,0,0,1,0
573,148958,-128,-204,332,0,-11064,-17600,28663,0,0,0,0,1,0
574,149218,-97,-229,326,0,-8392,-19763,28155,0,0,0,0,1,0
575,149479,-65,-252,317,0,-5640,-21736,27376,0,0,0,0,1,0
576,149739,-33,-272,305,0,-2834,-23500,26334,0,0,0,0,1,0
577,150000,0,-290,290,0,0,-25037,25037,0,0,0,0,1,0
578,150260,33,-305,272,0,2834,-26334,23500,0,0,0,0,1,0
579,150520,65,-317,252,0,5640,-27376,21736,0,0,0,0,1,0
580,150781,97,-326,229,0,8392,-28155,19763,0,0,0,0,1,0
581,151041,128,-332,204,0,11064,-28663,17600,0,0,0,0,1,0
582,151302,158,-335,177,0,13628,-28895,15267,0,0,0,0,1,0
583,151562,186,-334,148,0,16062,-28849,12787,0,0,0,0,1,0
584,151822,213,-331,118,0,18341,-28524,10184,0,0,0,0,1,0
585,152083,237,-324,87,0,20443,-27925,7483,0,0,0,0,1,0
586,152343,259,-314,55,0,22348,-27058,4709,0,0,0,0,1,0
587,152604,279,-300,22,0,24038,-25929,1891,0,0,0,0,1,0
588,152864,295,-284,-11,0,25497,-24551,-946,0,0,0,0,1,0
589,153125,310,-266,-44,0,26710,-22936,-3774,0,0,0,0,1,0
590,153385,321,-245,-76,0,27666,-21101,-6565,0,0,0,0,1,0
591,153645,329,-221,-108,0,28355,-19062,-9293,0,0,0,0,1,0
592,153906,333,-195,-138,0,28771,-16840,-11932,0,0,0,0,1,0
593,154166,335,-168,-168,0,28911,-14455,-14455,0,0,0,0,1,0
594,154427,333,-138,-195,0,28771,-11932,-16840,0,0,0,0,1,0
595,154687,329,-108,-221,0,28355,-9293,-19062,0,0,0,0,1,0
596,154947,321,-76,-245,0,27666,-6565,-21101,0,0,0,0,1,0
597,155208,310,-44,-266,0,26710,-3774,-22936,0,0,0,0,1,0
598,155468,295,-11,-284,0,25497,-946,-24551,0,0,0,0,1,0
599,155729,279,22,-300,0,24038,1891,-25929,0,0,0,0,1,0
600,155989,259,55,-314,0,22348,4709,-27058,0,0,0,0,1,0
601,156250,237,87,-324,0,20443,7483,-27925,0,0,0,0,1,0
602,156510,213,118,-331,0,18341,10184,-28524,0,0,0,0,1,0
603,156770,186,148,-334,0,16062,12787,-28849,0,0,0,0,1,0
604,157031,158,177,-335,0,13628,15267,-28895,0,0,0,0,1,0
605,157291,128,204,-332,0,11064,17600,-28663,0,0,0,0,1,0
606,157552,97,229,-326,0,8392,19763,-28155,0,0,0,0,1,0
607,157812,65,252,-317,0,5640,21736,-27376,0,0,0,0,1,0
608,158072,33,272,-305,0,2834,23500,-26334,0,0,0,0,1,0
609,158333,0,290,-290,0,0,25037,-25037,0,0,0,0,1,0
610,158593,-33,305,-272,0,-2834,26334,-23500,0,0,0,0,1,0
611,158854,-65,317,-252,0,-5640,27376,-21736,0,0,0,0,1,0
612,159114,-97,326,-229,0,-8392,28155,-19763,0,0,0,0,1,0
613,159375,-128,332,-204,0,-11064,28663,-17600,0,0,0,0,1,0
614,159635,-158,335,-177,0,-13628,28895,-15267,0,0,0,0,1,0
615,159895,-186,334,-148,0,-16062,28849,-12787,0,0,0,0,1,0
616,160156,-213,331,-118,0,-18341,28524,-10184,0,0,0,0,1,0
617,160416,-237,324,-87,0,-20443,27925,-7483,0,0,0,0,1,0
618,160677,-259,314,-55,0,-22348,27058,-4709,0,0,0,0,1,0
619,160937,-279,300,-22,0,-24038,25929,-1891,0,0,0,0,1,0
620,161197,-295,284,11,0,-25497,24551,946,0,0,0,0,1,0
621,161458,-310,266,44,0,-26710,22936,3774,0,0,0,0,1,0
622,161718,-321,245,76,0,-27666,21101,6565,0,0,0,0,1,0
623,161979,-329,221,108,0,-28355,19062,9293,0,0,0,0,1,0
624,162239,-333,195,138,0,-28771,16840,11932,0,0,0,0,1,0
625,162500,-335,168,168,0,-28911,14455,14455,0,0,0,0,1,0
626,162760,-333,138,195,0,-28771,11932,16840,0,0,0,0,1,0
627,163020,-329,108,221,0,-28355,9293,19062,0,0,0,0,1,0
628,163281,-321,76,245,0,-27666,6565,21101,0,0,0,0,1,0
629,163541,-310,44,266,0,-26710,3774,22936,0,0,0,0,1,0
630,163802,-295,11,284,0,-25497,946,24551,0,0,0,0,1,0
631,164062,-279,-22,300,0,-24038,-1891,25929,0,0,0,0,1,0
632,164322,-259,-55,314,0,-22348,-4709,27058,0,0,0,0,1,0
633,164583,-237,-87,324,0,-20443,-7483,27925,0,0,0,0,1,0
634,164843,-213,-118,331,0,-18341,-10184,28524,0,0,0,0,1,0
635,165104,-186,-148,334,0,-16062,-12787,28849,0,0,0,0,1,0
636,165364,-158,-177,335,0,-13628,-15267,28895,0,0,0,0,1,0
637,165625,-128,-204,332,0,-11064,-17600,28663,0,0,0,0,1,0
638,165885,-97,-229,326,0,-8392,-19763,28155,0,0,0,0,1,0
639,166145,-65,-252,317,0,-5640,-21736,27376,0,0,0,0,1,0
640,166406,-33,-272,305,0,-2834,-23500,26334,0,0,0,0,1,0
641,166666,0,-290,290,0,0,-25037,25037,0,0,0,0,1,0
642,166927,33,-305,272,0,2834,-26334,23500,0,0,0,0,1,0
643,167187,65,-317,252,0,5640,-27376,21736,0,0,0,0,1,0
644,167447,97,-326,229,0,8392,-28155,19763,0,0,0,0,1,0
645,167708,128,-332,204,0,11064,-28663,17600,0,0,0,0,1,0
646,167968,158,-335,177,0,13628,-28895,15267,0,0,0,0,1,0
647,168229,186,-334,148,0,16062,-28849,12787,0,0,0,0,1,0
648,168489,213,-331,118,0,18341,-28524,10184,0,0,0,0,1,0
649,168750,237,-324,87,0,20443,-27925,7483,0,0,0,0,1,0
650,169010,259,-314,55,0,22348,-27058,4709,0,0,0,0,1,0
651,169270,279,-300,22,0,24038,-25929,1891,0,0,0,0,1,0
652,169531,295,-284,-11,0,25497,-24551,-946,0,0,0,0,1,0
653,169791,310,-266,-44,0,26710,-22936,-3774,0,0,0,0,1,0
654,170052,321,-245,-76,0,27666,-21101,-6565,0,0,0,0,1,0
655,170312,329,-221,-108,0,28355,-19062,-9293,0,0,0,0,1,0
656,170572,333,-195,-138,0,28771,-16840,-11932,0,0,0,0,1,0
657,170833,335,-168,-168,0,28911,-14455,-14455,0,0,0,0,1,0
658,171093,333,-138,-195,0,28771,-11932,-16840,0,0,0,0,1,0
659,171354,329,-108,-221,0,28355,-9293,-19062,0,0,0,0,1,0
660,171614,321,-76,-245,0,27666,-6565,-21101,0,0,0,0,1,0
661,171875,310,-44,-266,0,26710,-3774,-22936,0,0,0,0,1,0
662,172135,295,-11,-284,0,25497,-946,-24551,0,0,0,0,1,0
663,172395,279,22,-300,0,24038,1891,-25929,0,0,0,0,1,0
664,172656,259,55,-314,0,22348,4709,-27058,0,0,0,0,1,0
665,172916,237,87,-324,0,20443,7483,-27925,0,0,0,0,1,0
666,173177,213,118,-331,0,18341,10184,-28524,0,0,0,0,1,0
667,173437,186,148,-334,0,16062,12787,-28849,0,0,0,0,1,0
668,173697,158,177,-335,0,13628,15267,-28895,0,0,0,0,1,0
669,173958,128,204,-332,0,11064,17600,-28663,0,0,0,0,1,0
670,174218,97,229,-326,0,8392,19763,-28155,0,0,0,0,1,0
671,174479,65,252,-317,0,5640,21736,-27376,0,0,0,0,1,0
672,174739,33,272,-305,0,2834,23500,-26334,0,0,0,0,1,0
673,175000,0,290,-290,0,0,25037,-25037,0,0,0,0,1,0
674,175260,-33,305,-272,0,-2834,26334,-23500,0,0,0,0,1,0
675,175520,-65,317,-252,0,-5640,27376,-21736,0,0,0,0,1,0
676,175781,-97,326,-229,0,-8392,28155,-19763,0,0,0,0,1,0
677,176041,-128,332,-204,0,-11064,28663,-17600,0,0,0,0,1,0
678,176302,-158,335,-177,0,-13628,28895,-15267,0,0,0,0,1,0
679,176562,-186,334,-148,0,-16062,28849,-12787,0,0,0,0,1,0
680,176822,-213,331,-118,0,-18341,28524,-10184,0,0,0,0,1,0
681,177083,-237,324,-87,0,-20443,27925,-7483,0,0,0,0,1,0
682,177343,-259,314,-55,0,-22348,27058,-4709,0,0,0,0,1,0
683,177604,-279,300,-22,0,-24038,25929,-1891,0,0,0,0,1,0
684,177864,-295,284,11,0,-25497,24551,946,0,0,0,0,1,0
685,178125,-310,266,44,0,-26710,22936,3774,0,0,0,0,1,0
686,178385,-321,245,76,0,-27666,21101,6565,0,0,0,0,1,0
687,178645,-329,221,108,0,-28355,19062,9293,0,0,0,0,1,0
688,178906,-333,195,138,0,-28771,16840,11932,0,0,0,0,1,0
689,179166,-335,168,168,0,-28911,14455,14455,0,0,0,0,1,0
690,179427,-333,138,195,0,-28771,11932,16840,0,0,0,0,1,0
691,179687,-329,108,221,0,-28355,9293,19062,0,0,0,0,1,0
692,179947,-321,76,245,0,-27666,6565,21101,0,0,0,0,1,0
693,180208,-310,44,266,0,-26710,3774,22936,0,0,0,0,1,0
694,180468,-295,11,284,0,-25497,946,24551,0,0,0,0,1,0
695,180729,-279,-22,300,0,-24038,-1891,25929,0,0,0,0,1,0
696,180989,-259,-55,314,0,-22348,-4709,27058,0,0,0,0,1,0
697,181250,-237,-87,324,0,-20443,-7483,27925,0,0,0,0,1,0
698,181510,-213,-118,331,0,-18341,-10184,28524,0,0,0,0,1,0
699,181770,-186,-148,334,0,-16062,-12787,28849,0,0,0,0,1,0
700,182031,-158,-177,335,0,-13628,-15267,28895,0,0,0,0,1,0
701,182291,-128,-204,332,0,-11064,-17600,28663,0,0,0,0,1,0
702,182552,-97,-229,326,0,-8392,-19763,28155,0,0,0,0,1,0
703,182812,-65,-252,317,0,-5640,-21736,27376,0,0,0,0,1,0
704,183072,-33,-272,305,0,-2834,-23500,26334,0,0,0,0,1,0
705,183333,0,-290,290,0,0,-25037,25037,0,0,0,0,1,0
706,183593,33,-305,272,0,2834,-26334,23500,0,0,0,0,1,0
707,183854,65,-317,252,0,5640,-27376,21736,0,0,0,0,1,0
708,184114,97,-326,229,0,8392,-28155,19763,0,0,0,0,1,0
709,184375,128,-332,204,0,11064,-28663,17600,0,0,0,0,1,0
710,184635,158,-335,177,0,13628,-28895,15267,0,0,0,0,1,0
711,184895,186,-334,148,0,16062,-28849,12787,0,0,0,0,1,0
712,185156,213,-331,118,0,18341,-28524,10184,0,0,0,0,1,0
713,185416,237,-324,87,0,20443,-27925,7483,0,0,0,0,1,0
714,185677,259,-314,55,0,22348,-27058,4709,0,0,0,0,1,0
715,185937,279,-300,22,0,24038,-25929,1891,0,0,0,0,1,0
716,186197,295,-284,-11,0,25497,-24551,-946,0,0,0,0,1,0
717,186458,310,-266,-44,0,26710,-22936,-3774,0,0,0,0,1,0
718,186718,321,-245,-76,0,27666,-21101,-6565,0,0,0,0,1,0
719,186979,329,-221,-108,0,28355,-19062,-9293,0,0,0,0,1,0
720,187239,333,-195,-138,0,28771,-16840,-11932,0,0,0,0,1,0
721,187500,335,-168,-168,0,28911,-14455,-14455,0,0,0,0,1,0
722,187760,333,-138,-195,0,28771,-11932,-16840,0,0,0,0,1,0
723,188020,329,-108,-221,0,28355,-9293,-19062,0,0,0,0,1,0
724,188281,321,-76,-245,0,27666,-6565,-21101,0,0,0,0,1,0
725,188541,310,-44,-266,0,26710,-3774,-22936,0,0,0,0,1,0
726,188802,295,-11,-284,0,25497,-946,-24551,0,0,0,0,1,0
727,189062,279,22,-300,0,24038,1891,-25929,0,0,0,0,1,0
728,189322,259,55,-314,0,22348,4709,-27058,0,0,0,0,1,0
729,189583,237,87,-324,0,20443,7483,-27925,0,0,0,0,1,0
730,189843,213,118,-331,0,18341,10184,-28524,0,0,0,0,1,0
731,190104,186,148,-334,0,16062,12787,-28849,0,0,0,0,1,0
732,190364,158,177,-335,0,13628,15267,-28895,0,0,0,0,1,0
733,190625,128,204,-332,0,11064,17600,-28663,0,0,0,0,1,0
734,190885,97,229,-326,0,8392,19763,-28155,0,0,0,0,1,0
735,191145,65,252,-317,0,5640,21736,-27376,0,0,0,0,1,0
736,191406,33,272,-305,0,2834,23500,-26334,0,0,0,0,1,0
737,191666,0,290,-290,0,0,25037,-25037,0,0,0,0,1,0
738,191927,-33,305,-272,0,-2834,26334,-23500,0,0,0,0,1,0
739,192187,-65,317,-252,0,-5640,27376,-21736,0,0,0,0,1,0
740,192447,-97,326,-229,0,-8392,28155,-19763,0,0,0,0,1,0
741,192708,-128,332,-204,0,-11064,28663,-17600,0,0,0,0,1,0
742,192968,-158,335,-177,0,-13628,28895,-15267,0,0,0,0,1,0
743,193229,-186,334,-148,0,-16062,28849,-12787,0,0,0,0,1,0
744,193489,-213,331,-118,0,-18341,28524,-10184,0,0,0,0,1,0
745,193750,-237,324,-87,0,-20443,27925,-7483,0,0,0,0,1,0
746,194010,-259,314,-55,0,-22348,27058,-4709,0,0,0,0,1,0
747,194270,-279,300,-22,0,-24038,25929,-1891,0,0,0,0,1,0
748,194531,-295,284,11,0,-25497,24551,946,0,0,0,0,1,0
749,194791,-310,266,44,0,-26710,22936,3774,0,0,0,0,1,0
750,195052,-321,245,76,0,-27666,21101,6565,0,0,0,0,1,0
751,195312,-329,221,108,0,-28355,19062,9293,0,0,0,0,1,0
752,195572,-333,195,138,0,-28771,16840,11932,0,0,0,0,1,0
753,195833,-335,168,168,0,-28911,14455,14455,0,0,0,0,1,0
754,196093,-333,138,195,0,-28771,11932,16840,0,0,0,0,1,0
755,196354,-329,108,221,0,-28355,9293,19062,0,0,0,0,1,0
756,196614,-321,76,245,0,-27666,6565,21101,0,0,0,0,1,0
757,196875,-310,44,266,0,-26710,3774,22936,0,0,0,0,1,0
758,197135,-295,11,284,0,-25497,946,24551,0,0,0,0,1,0
759,197395,-279,-22,300,0,-24038,-1891,25929,0,0,0,0,1,0
760,197656,-259,-55,314,0,-22348,-4709,27058,0,0,0,0,1,0
761,197916,-237,-87,324,0,-20443,-7483,27925,0,0,0,0,1,0
762,198177,-213,-118,331,0,-18341,-10184,28524,0,0,0,0,1,0
763,198437,-186,-148,334,0,-16062,-12787,28849,0,0,0,0,1,0
764,198697,-158,-177,335,0,-13628,-15267,28895,0,0,0,0,1,0
765,198958,-128,-204,332,0,-11064,-17600,28663,0,0,0,0,1,0
766,199218,-97,-229,326,0,-8392,-19763,28155,0,0,0,0,1,0
767,199479,-65,-252,317,0,-5640,-21736,27376,0,0,0,0,1,0
768,199739,-33,-272,305,0,-2834,-23500,26334,0,0,0,0,1,0
769,200000,0,-290,290,0,0,-25037,25037,0,0,0,0,1,0
770,200260,33,-305,272,0,2834,-26334,23500,0,0,0,0,1,0
771,200520,65,-317,252,0,5640,-27376,21736,0,0,0,0,1,0
772,200781,97,-326,229,0,8392,-28155,19763,0,0,0,0,1,0
773,201041,128,-332,204,0,11064,-28663,17600,0,0,0,0,1,0
774,201302,158,-335,177,0,13628,-28895,15267,0,0,0,0,1,0
775,201562,186,-334,148,0,16062,-28849,12787,0,0,0,0,1,0
776,201822,213,-331,118,0,18341,-28524,10184,0,0,0,0,1,0
777,202083,237,-324,87,0,20443,-27925,7483,0,0,0,0,1,0
778,202343,259,-314,55,0,22348,-27058,4709,0,0,0,0,1,0
779,202604,279,-300,22,0,24038,-25929,1891,0,0,0,0,1,0
780,202864,295,-284,-11,0,25497,-24551,-946,0,0,0,0,1,0
781,203125,310,-266,-44,0,26710,-22936,-3774,0,0,0,0,1,0
782,203385,321,-245,-76,0,27666,-21101,-6565,0,0,0,0,1,0
783,203645,329,-221,-108,0,28355,-19062,-9293,0,0,0,0,1,0
784,203906,333,-195,-138,0,28771,-16840,-11932,0,0,0,0,1,0
785,204166,335,-168,-168,0,28911,-14455,-14455,0,0,0,0,1,0
786,204427,333,-138,-195,0,28771,-11932,-16840,0,0,0,0,1,0
787,204687,329,-108,-221,0,28355,-9293,-19062,0,0,0,0,1,0
788,204947,321,-76,-245,0,27666,-6565,-21101,0,0,0,0,1,0
789,205208,310,-44,-266,0,26710,-3774,-22936,0,0,0,0,1,0
790,205468,295,-11,-284,0,25497,-946,-24551,0,0,0,0,1,0
791,205729,279,22,-300,0,24038,1891,-25929,0,0,0,0,1,0
792,205989,259,55,-314,0,22348,4709,-27058,0,0,0,0,1,0
793,206250,237,87,-324,0,20443,7483,-27925,0,0,0,0,1,0
794,206510,213,118,-331,0,18341,10184,-28524,0,0,0,0,1,0
795,206770,186,148,-334,0,16062,12787,-28849,0,0,0,0,1,0
796,207031,158,177,-335,0,13628,15267,-28895,0,0,0,0,1,0
797,207291,128,204,-332,0,11064,17600,-28663,0,0,0,0,1,0
798,207552,97,229,-326,0,8392,19763,-28155,0,0,0,0,1,0
799,207812,65,252,-317,0,5640,21736,-27376,0,0,0,0,1,0
800,208072,33,272,-305,0,2834,23500,-26334,0,0,0,0,1,0
801,208333,0,290,-290,0,0,25037,-25037,0,0,0,0,1,0
802,208593,-33,305,-272,0,-2834,26334,-23500,0,0,0,0,1,0
803,208854,-65,317,-252,0,-5640,27376,-21736,0,0,0,0,1,0
804,209114,-97,326,-229,0,-8392,28155,-19763,0,0,0,0,1,0
805,209375,-128,332,-204,0,-11064,28663,-17600,0,0,0,0,1,0
806,209635,-158,335,-177,0,-13628,28895,-15267,0,0,0,0,1,0
807,209895,-186,334,-148,0,-16062,28849,-12787,0,0,0,0,1,0
808,210156,-213,331,-118,0,-18341,28524,-10184,0,0,0,0,1,0
809,210416,-237,324,-87,0,-20443,27925,-7483,0,0,0,0,1,0
810,210677,-259,314,-55,0,-22348,27058,-4709,0,0,0,0,1,0
811,210937,-279,300,-22,0,-24038,25929,-1891,0,0,0,0,1,0
812,211197,-295,284,11,0,-25497,24551,946,0,0,0,0,1,0
813,211458,-310,266,44,0,-26710,22936,3774,0,0,0,0,1,0
814,211718,-321,245,76,0,-27666,21101,6565,0,0,0,0,1,0
815,211979,-329,221,108,0,-28355,19062,9293,0,0,0,0,1,0
816,212239,-333,195,138,0,-28771,16840,11932,0,0,0,0,1,0
817,212500,-335,168,168,0,-28911,14455,14455,0,0,0,0,1,0
818,212760,-333,138,195,0,-28771,11932,16840,0,0,0,0,1,0
819,213020,-329,108,221,0,-28355,9293,19062,0,0,0,0,1,0
820,213281,-321,76,245,0,-27666,6565,21101,0,0,0,0,1,0
821,213541,-310,44,266,0,-26710,3774,22936,0,0,0,0,1,0
822,213802,-295,11,284,0,-25497,946,24551,0,0,0,0,1,0
823,214062,-279,-22,300,0,-24038,-1891,25929,0,0,0,0,1,0
824,214322,-259,-55,314,0,-22348,-4709,27058,0,0,0,0,1,0
825,214583,-237,-87,324,0,-20443,-7483,27925,0,0,0,0,1,0
826,214843,-213,-118,331,0,-18341,-10184,28524,0,0,0,0,1,0
827,215104,-186,-148,334,0,-16062,-12787,28849,0,0,0,0,1,0
828,215364,-158,-177,335,0,-13628,-15267,28895,0,0,0,0,1,0
829,215625,-128,-204,332,0,-11064,-17600,28663,0,0,0,0,1,0
830,215885,-97,-229,326,0,-8392,-19763,28155,0,0,0,0,1,0
831,216145,-65,-252,317,0,-5640,-21736,27376,0,0,0,0,1,0
832,216406,-33,-272,305,0,-2834,-23500,26334,0,0,0,0,1,0
833,216666,0,-290,290,0,0,-25037,25037,0,0,0,0,1,0
834,216927,33,-305,272,0,2834,-26334,23500,0,0,0,0,1,0
835,217187,65,-317,252,0,5640,-27376,21736,0,0,0,0,1,0
836,217447,97,-326,229,0,8392,-28155,19763,0,0,0,0,1,0
837,217708,128,-332,204,0,11064,-28663,17600,0,0,0,0,1,0
838,217968,158,-335,177,0,13628,-28895,15267,0,0,0,0,1,0
839,218229,186,-334,148,0,16062,-28849,12787,0,0,0,0,1,0
840,218489,213,-331,118,0,18341,-28524,10184,0,0,0,0,1,0
841,218750,237,-324,87,0,20443,-27925,7483,0,0,0,0,1,0
842,219010,259,-314,55,0,22348,-27058,4709,0,0,0,0,1,0
843,219270,279,-300,22,0,24038,-25929,1891,0,0,0,0,1,0
844,219531,295,-284,-11,0,25497,-24551,-946,0,0,0,0,1,0
845,219791,310,-266,-44,0,26710,-22936,-3774,0,0,0,0,1,0
846,220052,321,-245,-76,0,27666,-21101,-6565,0,0,0,0,1,0
847,220312,329,-221,-108,0,28355,-19062,-9293,0,0,0,0,1,0
848,220572,333,-195,-138,0,28771,-16840,-11932,0,0,0,0,1,0
849,220833,335,-168,-168,0,28911,-14455,-14455,0,0,0,0,1,0
850,221093,333,-138,-195,0,28771,-11932,-16840,0,0,0,0,1,0
851,221354,329,-108,-221,0,28355,-9293,-19062,0,0,0,0,1,0
852,221614,321,-76,-245,0,27666,-6565,-21101,0,0,0,0,1,0
853,221875,310,-44,-266,0,26710,-3774,-22936,0,0,0,0,1,0
854,222135,295,-11,-284,0,25497,-946,-24551,0,0,0,0,1,0
855,222395,279,22,-300,0,24038,1891,-25929,0,0,0,0,1,0
856,222656,259,55,-314,0,22348,4709,-27058,0,0,0,0,1,0
857,222916,237,87,-324,0,20443,7483,-27925,0,0,0,0,1,0
858,223177,213,118,-331,0,18341,10184,-28524,0,0,0,0,1,0
859,223437,186,148,-334,0,16062,12787,-28849,0,0,0,0,1,0
860,223697,158,177,-335,0,13628,15267,-28895,0,0,0,0,1,0
861,223958,128,204,-332,0,11064,17600,-28663,0,0,0,0,1,0
862,224218,97,229,-326,0,8392,19763,-28155,0,0,0,0,1,0
863,224479,65,252,-317,0,5640,21736,-27376,0,0,0,0,1,0
864,224739,33,272,-305,0,2834,23500,-26334,0,0,0,0,1,0
865,225000,0,290,-290,0,0,25037,-25037,0,0,0,0,1,0
866,225260,-33,305,-272,0,-2834,26334,-23500,0,0,0,0,1,0
867,225520,-65,317,-252,0,-5640,27376,-21736,0,0,0,0,1,0
868,225781,-97,326,-229,0,-8392,28155,-19763,0,0,0,0,1,0
869,226041,-128,332,-204,0,-11064,28663,-17600,0,0,0,0,1,0
870,226302,-158,335,-177,0,-13628,28895,-15267,0,0,0,0,1,0
871,226562,-186,334,-148,0,-16062,28849,-12787,0,0,0,0,1,0
872,226822,-213,331,-118,0,-18341,28524,-10184,0,0,0,0,1,0
873,227083,-237,324,-87,0,-20443,27925,-7483,0,0,0,0,1,0
874,227343,-259,314,-55,0,-22348,27058,-4709,0,0,0,0,1,0
875,227604,-279,300,-22,0,-24038,25929,-1891,0,0,0,0,1,0
876,227864,-295,284,11,0,-25497,24551,946,0,0,0,0,1,0
877,228125,-310,266,44,0,-26710,22936,3774,0,0,0,0,1,0
878,228385,-321,245,76,0,-27666,21101,6565,0,0,0,0,1,0
879,228645,-329,221,108,0,-28355,19062,9293,0,0,0,0,1,0
880,228906,-333,195,138,0,-28771,16840,11932,0,0,0,0,1,0
881,229166,-335,168,168,0,-28911,14455,14455,0,0,0,0,1,0
882,229427,-333,138,195,0,-28771,11932,16840,0,0,0,0,1,0
883,229687,-329,108,221,0,-28355,9293,19062,0,0,0,0,1,0
884,229947,-321,76,245,0,-27666,6565,21101,0,0,0,0,1,0
885,230208,-310,44,266,0,-26710,3774,22936,0,0,0,0,1,0
886,230468,-295,11,284,0,-25497,946,24551,0,0,0,0,1,0
887,230729,-279,-22,300,0,-24038,-1891,25929,0,0,0,0,1,0
888,230989,-259,-55,314,0,-22348,-4709,27058,0,0,0,0,1,0
889,231250,-237,-87,324,0,-20443,-7483,27925,0,0,0,0,1,0
890,231510,-213,-118,331,0,-18341,-10184,28524,0,0,0,0,1,0
891,231770,-186,-148,334,0,-16062,-12787,28849,0,0,0,0,1,0
892,232031,-158,-177,335,0,-13628,-15267,28895,0,0,0,0,1,0
893,232291,-128,-204,332,0,-11064,-17600,28663,0,0,0,0,1,0
894,232552,-97,-229,326,0,-8392,-19763,28155,0,0,0,0,1,0
895,232812,-65,-252,317,0,-5640,-21736,27376,0,0,0,0,1,0
896,233072,-33,-272,305,0,-2834,-23500,26334,0,0,0,0,1,0
897,233333,0,-290,290,0,0,-25037,25037,0,0,0,0,1,0
898,233593,33,-305,272,0,2834,-26334,23500,0,0,0,0,1,0
899,233854,65,-317,252,0,5640,-27376,21736,0,0,0,0,1,0
900,234114,97,-326,229,0,8392,-28155,19763,0,0,0,0,1,0
901,234375,128,-332,204,0,11064,-28663,17600,0,0,0,0,1,0
902,234635,158,-335,177,0,13628,-28895,15267,0,0,0,0,1,0
903,234895,186,-334,148,0,16062,-28849,12787,0,0,0,0,1,0
904,235156,213,-331,118,0,18341,-28524,10184,0,0,0,0,1,0
905,235416,237,-324,87,0,20443,-27925,7483,0,0,0,0,1,0
906,235677,259,-314,55,0,22348,-27058,4709,0,0,0,0,1,0
907,235937,279,-300,22,0,24038,-25929,1891,0,0,0,0,1,0
908,236197,295,-284,-11,0,25497,-24551,-946,0,0,0,0,1,0
909,236458,310,-266,-44,0,26710,-22936,-3774,0,0,0,0,1,0
910,236718,321,-245,-76,0,27666,-21101,-6565,0,0,0,0,1,0
911,236979,329,-221,-108,0,28355,-19062,-9293,0,0,0,0,1,0
912,237239,333,-195,-138,0,28771,-16840,-11932,0,0,0,0,1,0
913,237500,335,-168,-168,0,28911,-14455,-14455,0,0,0,0,1,0
914,237760,333,-138,-195,0,28771,-11932,-16840,0,0,0,0,1,0
915,238020,329,-108,-221,0,28355,-9293,-19062,0,0,0,0,1,0
916,238281,321,-76,-245,0,27666,-6565,-21101,0,0,0,0,1,0
917,238541,310,-44,-266,0,26710,-3774,-22936,0,0,0,0,1,0
918,238802,295,-11,-284,0,25497,-946,-24551,0,0,0,0,1,0
919,239062,279,22,-300,0,24038,1891,-25929,0,0,0,0,1,0
920,239322,259,55,-314,0,22348,4709,-27058,0,0,0,0,1,0
921,239583,237,87,-324,0,20443,7483,-27925,0,0,0,0,1,0
922,239843,213,118,-331,0,18341,10184,-28524,0,0,0,0,1,0
923,240104,186,148,-334,0,16062,12787,-28849,0,0,0,0,1,0
924,240364,158,177,-335,0,13628,15267,-28895,0,0,0,0,1,0
925,240625,128,204,-332,0,11064,17600,-28663,0,0,0,0,1,0
926,240885,97,229,-326,0,8392,19763,-28155,0,0,0,0,1,0
927,241145,65,252,-317,0,5640,21736,-27376,0,0,0,0,1,0
928,241406,33,272,-305,0,2834,23500,-26334,0,0,0,0,1,0
929,241666,0,290,-290,0,0,25037,-25037,0,0,0,0,1,0
930,241927,-33,305,-272,0,-2834,26334,-23500,0,0,0,0,1,0
931,242187,-65,317,-252,0,-5640,27376,-21736,0,0,0,0,1,0
932,242447,-97,326,-229,0,-8392,28155,-19763,0,0,0,0,1,0
933,242708,-128,332,-204,0,-11064,28663,-17600,0,0,0,0,1,0
934,242968,-158,335,-177,0,-13628,28895,-15267,0,0,0,0,1,0
935,243229,-186,334,-148,0,-16062,28849,-12787,0,0,0,0,1,0
936,243489,-213,331,-118,0,-18341,28524,-10184,0,0,0,0,1,0
937,243750,-237,324,-87,0,-20443,27925,-7483,0,0,0,0,1,0
938,244010,-259,314,-55,0,-22348,27058,-4709,0,0,0,0,1,0
939,244270,-279,300,-22,0,-24038,25929,-1891,0,0,0,0,1,0
940,244531,-295,284,11,0,-25497,24551,946,0,0,0,0,1,0
941,244791,-310,266,44,0,-26710,22936,3774,0,0,0,0,1,0
942,245052,-321,245,76,0,-27666,21101,6565,0,0,0,0,1,0
943,245312,-329,221,108,0,-28355,19062,9293,0,0,0,0,1,0
944,245572,-333,195,138,0,-28771,16840,11932,0,0,0,0,1,0
945,245833,-335,168,168,0,-28911,14455,14455,0,0,0,0,1,0
946,246093,-333,138,195,0,-28771,11932,16840,0,0,0,0,1,0
947,246354,-329,108,221,0,-28355,9293,19062,0,0,0,0,1,0
948,246614,-321,76,245,0,-27666,6565,21101,0,0,0,0,1,0
949,246875,-310,44,266,0,-26710,3774,22936,0,0,0,0,1,0
950,247135,-295,11,284,0,-25497,946,24551,0,0,0,0,1,0
951,247395,-279,-22,300,0,-24038,-1891,25929,0,0,0,0,1,0
952,247656,-259,-55,314,0,-22348,-4709,27058,0,0,0,0,1,0
953,247916,-237,-87,324,0,-20443,-7483,27925,0,0,0,0,1,0
954,248177,-213,-118,331,0,-18341,-10184,28524,0,0,0,0,1,0
955,248437,-186,-148,334,0,-16062,-12787,28849,0,0,0,0,1,0
956,248697,-158,-177,335,0,-13628,-15267,28895,0,0,0,0,1,0
957,248958,-128,-204,332,0,-11064,-17600,28663,0,0,0,0,1,0
958,249218,-97,-229,326,0,-8392,-19763,28155,0,0,0,0,1,0
959,249479,-65,-252,317,0,-5640,-21736,27376,0,0,0,0,1,0
960,249739,-33,-272,305,0,-2834,-23500,26334,0,0,0,0,1,0
961,250000,0,-290,290,0,0,-25037,25037,0,0,0,0,1,0
962,250260,33,-305,272,0,2834,-26334,23500,0,0,0,0,1,0
963,250520,65,-317,252,0,5640,-27376,21736,0,0,0,0,1,0
964,250781,97,-326,229,0,8392,-28155,19763,0,0,0,0,1,0
965,251041,128,-332,204,0,11064,-28663,17600,0,0,0,0,1,0
966,251302,158,-335,177,0,13628,-28895,15267,0,0,0,0,1,0
967,251562,186,-334,148,0,16062,-28849,12787,0,0,0,0,1,0
968,251822,213,-331,118,0,18341,-28524,10184,0,0,0,0,1,0
969,252083,237,-324,87,0,20443,-27925,7483,0,0,0,0,1,0
970,252343,259,-314,55,0,22348,-27058,4709,0,0,0,0,1,0
971,252604,279,-300,22,0,24038,-25929,1891,0,0,0,0,1,0
972,252864,295,-284,-11,0,25497,-24551,-946,0,0,0,0,1,0
973,253125,310,-266,-44,0,26710,-22936,-3774,0,0,0,0,1,0
974,253385,321,-245,-76,0,27666,-21101,-6565,0,0,0,0,1,0
975,253645,329,-221,-108,0,28355,-19062,-9293,0,0,0,0,1,0
976,253906,333,-195,-138,0,28771,-16840,-11932,0,0,0,0,1,0
977,254166,335,-168,-168,0,28911,-14455,-14455,0,0,0,0,1,0
978,254427,333,-138,-195,0,28771,-11932,-16840,0,0,0,0,1,0
979,254687,329,-108,-221,0,28355,-9293,-19062,0,0,0,0,1,0
980,254947,321,-76,-245,0,27666,-6565,-21101,0,0,0,0,1,0
981,255208,310,-44,-266,0,26710,-3774,-22936,0,0,0,0,1,0
982,255468,295,-11,-284,0,25497,-946,-24551,0,0,0,0,1,0
983,255729,279,22,-300,0,24038,1891,-25929,0,0,0,0,1,0
984,255989,259,55,-314,0,22348,4709,-27058,0,0,0,0,1,0
985,256249,237,87,-324,0,20443,7483,-27925,0,0,0,0,1,0
986,256510,213,118,-331,0,18341,10184,-28524,0,0,0,0,1,0
987,256770,186,148,-334,0,16062,12787,-28849,0,0,0,0,1,0
988,257031,158,177,-335,0,13628,15267,-28895,0,0,0,0,1,0
989,257291,128,204,-332,0,11064,17600,-28663,0,0,0,0,1,0
990,257552,97,229,-326,0,8392,19763,-28155,0,0,0,0,1,0
991,257812,65,252,-317,0,5640,21736,-27376,0,0,0,0,1,0
992,258072,33,272,-305,0,2834,23500,-26334,0,0,0,0,1,0
993,258333,0,290,-290,0,0,25037,-25037,0,0,0,0,1,0
994,258593,-33,305,-272,0,-2834,26334,-23500,0,0,0,0,1,0
995,258854,-65,317,-252,0,-5640,27376,-21736,0,0,0,0,1,0
996,259114,-97,326,-229,0,-8392,28155,-19763,0,0,0,0,1,0
997,259375,-128,332,-204,0,-11064,28663,-17600,0,0,0,0,1,0
998,259635,-158,335,-177,0,-13628,28895,-15267,0,0,0,0,1,0
999,259895,-186,334,-148,0,-16062,28849,-12787,0,0,0,0,1,0
1000,260156,-213,331,-118,0,-18341,28524,-10184,0,0,0,0,1,0
1001,260416,-237,324,-87,0,-20443,27925,-7483,0,0,0,0,1,0
1002,260677,-259,314,-55,0,-22348,27058,-4709,0,0,0,0,1,0
1003,260937,-279,300,-22,0,-24038,25929,-1891,0,0,0,0,1,0
1004,261197,-295,284,11,0,-25497,24551,946,0,0,0,0,1,0
1005,261458,-310,266,44,0,-26710,22936,3774,0,0,0,0,1,0
1006,261718,-321,245,76,0,-27666,21101,6565,0,0,0,0,1,0
1007,261979,-329,221,108,0,-28355,19062,9293,0,0,0,0,1,0
1008,262239,-333,195,138,0,-28771,16840,11932,0,0,0,0,1,0
1009,262500,-335,168,168,0,-28911,14455,14455,0,0,0,0,1,0
1010,262760,-333,138,195,0,-28771,11932,16840,0,0,0,0,1,0
1011,263020,-329,108,221,0,-28355,9293,19062,0,0,0,0,1,0
1012,263281,-321,76,245,0,-27666,6565,21101,0,0,0,0,1,0
1013,263541,-310,44,266,0,-26710,3774,22936,0,0,0,0,1,0
1014,263802,-295,11,284,0,-25497,946,24551,0,0,0,0,1,0
1015,264062,-279,-22,300,0,-24038,-1891,25929,0,0,0,0,1,0
1016,264322,-259,-55,314,0,-22348,-4709,27058,0,0,0,0,1,0
1017,264583,-237,-87,324,0,-20443,-7483,27925,0,0,0,0,1,0
1018,264843,-213,-118,331,0,-18341,-10184,28524,0,0,0,0,1,0
1019,265104,-186,-148,334,0,-16062,-12787,28849,0,0,0,0,1,0
1020,265364,-158,-177,335,0,-13628,-15267,28895,0,0,0,0,1,0
1021,265625,-128,-204,332,0,-11064,-17600,28663,0,0,0,0,1,0
1022,265885,-97,-229,326,0,-8392,-19763,28155,0,0,0,0,1,0
1023,266145,-65,-252,317,0,-5640,-21736,27376,0,0,0,0,1,0
1024,266406,-33,-272,305,0,-2834,-23500,26334,0,0,0,0,1,0
1025,266666,0,-290,290,0,0,-25037,25037,0,0,0,0,1,0
1026,266927,33,-305,272,0,2834,-26334,23500,0,0,0,0,1,0
1027,267187,65,-317,252,0,5640,-27376,21736,0,0,0,0,1,0
1028,267447,97,-326,229,0,8392,-28155,19763,0,0,0,0,1,0
1029,267708,128,-332,204,0,11064,-28663,17600,0,0,0,0,1,0
1030,267968,158,-335,177,0,13628,-28895,15267,0,0,0,0,1,0
1031,268229,186,-334,148,0,16062,-28849,12787,0,0,0,0,1,0
1032,268489,213,-331,118,0,18341,-28524,10184,0,0,0,0,1,0
1033,268750,237,-324,87,0,20443,-27925,7483,0,0,0,0,1,0
1034,269010,259,-314,55,0,22348,-27058,4709,0,0,0,0,1,0
1035,269270,279,-300,22,0,24038,-25929,1891,0,0,0,0,1,0
1036,269531,295,-284,-11,0,25497,-24551,-946,0,0,0,0,1,0
1037,269791,310,-266,-44,0,26710,-22936,-3774,0,0,0,0,1,0
1038,270052,321,-245,-76,0,27666,-21101,-6565,0,0,0,0,1,0
1039,270312,329,-221,-108,0,28355,-19062,-9293,0,0,0,0,1,0
1040,270572,333,-195,-138,0,28771,-16840,-11932,0,0,0,0,1,0
1041,270833,335,-168,-168,0,28911,-14455,-14455,0,0,0,0,1,0
1042,271093,333,-138,-195,0,28771,-11932,-16840,0,0,0,0,1,0
1043,271354,329,-108,-221,0,28355,-9293,-19062,0,0,0,0,1,0
1044,271614,321,-76,-245,0,27666,-6565,-21101,0,0,0,0,1,0
1045,271875,310,-44,-266,0,26710,-3774,-22936,0,0,0,0,1,0
1046,272135,295,-11,-284,0,25497,-946,-24551,0,0,0,0,1,0
1047,272395,279,22,-300,0,24038,1891,-25929,0,0,0,0,1,0
1048,272656,259,55,-314,0,22348,4709,-27058,0,0,0,0,1,0
1049,272916,237,87,-324,0,20443,7483,-27925,0,0,0,0,1,0
1050,273177,213,118,-331,0,18341,10184,-28524,0,0,0,0,1,0
1051,273437,186,148,-334,0,16062,12787,-28849,0,0,0,0,1,0
1052,273697,158,177,-335,0,13628,15267,-28895,0,0,0,0,1,0
1053,273958,128,204,-332,0,11064,17600,-28663,0,0,0,0,1,0
1054,274218,97,229,-326,0,8392,19763,-28155,0,0,0,0,1,0
1055,274479,65,252,-317,0,5640,21736,-27376,0,0,0,0,1,0
1056,274739,33,272,-305,0,2834,23500,-26334,0,0,0,0,1,0
1057,275000,0,290,-290,0,0,25037,-25037,0,0,0,0,1,0
1058,275260,-33,305,-272,0,-2834,26334,-23500,0,0,0,0,1,0
1059,275520,-65,317,-252,0,-5640,27376,-21736,0,0,0,0,1,0
1060,275781,-97,326,-229,0,-8392,28155,-19763,0,0,0,0,1,0
1061,276041,-128,332,-204,0,-11064,28663,-17600,0,0,0,0,1,0
1062,276302,-158,335,-177,0,-13628,28895,-15267,0,0,0,0,1,0
1063,276562,-186,334,-148,0,-16062,28849,-12787,0,0,0,0,1,0
1064,276822,-213,331,-118,0,-18341,28524,-10184,0,0,0,0,1,0
1065,277083,-237,324,-87,0,-20443,27925,-7483,0,0,0,0,1,0
1066,277343,-259,314,-55,0,-22348,27058,-4709,0,0,0,0,1,0
1067,277604,-279,300,-22,0,-24038,25929,-1891,0,0,0,0,1,0
1068,277864,-295,284,11,0,-25497,24551,946,0,0,0,0,1,0
1069,278125,-310,266,44,0,-26710,22936,3774,0,0,0,0,1,0
1070,278385,-321,245,76,0,-27666,21101,6565,0,0,0,0,1,0
1071,278645,-329,221,108,0,-28355,19062,9293,0,0,0,0,1,0
1072,278906,-333,195,138,0,-28771,16840,11932,0,0,0,0,1,0
1073,279166,-335,168,168,0,-28911,14455,14455,0,0,0,0,1,0
1074,279427,-333,138,195,0,-28771,11932,16840,0,0,0,0,1,0
1075,279687,-329,108,221,0,-28355,9293,19062,0,0,0,0,1,0
1076,279947,-321,76,245,0,-27666,6565,21101,0,0,0,0,1,0
1077,280208,-310,44,266,0,-26710,3774,22936,0,0,0,0,1,0
1078,280468,-295,11,284,0,-25497,946,24551,0,0,0,0,1,0
1079,280729,-279,-22,300,0,-24038,-1891,25929,0,0,0,0,1,0
1080,280989,-259,-55,314,0,-22348,-4709,27058,0,0,0,0,1,0
1081,281250,-237,-87,324,0,-20443,-7483,27925,0,0,0,0,1,0
1082,281510,-213,-118,331,0,-18341,-10184,28524,0,0,0,0,1,0
1083,281770,-186,-148,334,0,-16062,-12787,28849,0,0,0,0,1,0
1084,282031,-158,-177,335,0,-13628,-15267,28895,0,0,0,0,1,0
1085,282291,-128,-204,332,0,-11064,-17600,28663,0,0,0,0,1,0
1086,282552,-97,-229,326,0,-8392,-19763,28155,0,0,0,0,1,0
1087,282812,-65,-252,317,0,-5640,-21736,27376,0,0,0,0,1,0
1088,283072,-33,-272,305,0,-2834,-23500,26334,0,0,0,0,1,0
1089,283333,0,-290,290,0,0,-25037,25037,0,0,0,0,1,0
1090,283593,33,-305,272,0,2834,-26334,23500,0,0,0,0,1,0
1091,283854,65,-317,252,0,5640,-27376,21736,0,0,0,0,1,0
1092,284114,97,-326,229,0,8392,-28155,19763,0,0,0,0,1,0
1093,284375,128,-332,204,0,11064,-28663,17600,0,0,0,0,1,0
1094,284635,158,-335,177,0,13628,-28895,15267,0,0,0,0,1,0
1095,284895,186,-334,148,0,16062,-28849,12787,0,0,0,0,1,0
1096,285156,213,-331,118,0,18341,-28524,10184,0,0,0,0,1,0
1097,285416,237,-324,87,0,20443,-27925,7483,0,0,0,0,1,0
1098,285677,259,-314,55,0,22348,-27058,4709,0,0,0,0,1,0
1099,285937,279,-300,22,0,24038,-25929,1891,0,0,0,0,1,0
1100,286197,295,-284,-11,0,25497,-24551,-946,0,0,0,0,1,0
1101,286458,310,-266,-44,0,26710,-22936,-3774,0,0,0,0,1,0
1102,286718,321,-245,-76,0,27666,-21101,-6565,0,0,0,0,1,0
1103,286979,329,-221,-108,0,28355,-19062,-9293,0,0,0,0,1,0
1104,287239,333,-195,-138,0,28771,-16840,-11932,0,0,0,0,1,0
1105,287500,335,-168,-168,0,28911,-14455,-14455,0,0,0,0,1,0
1106,287760,333,-138,-195,0,28771,-11932,-16840,0,0,0,0,1,0
1107,288020,329,-108,-221,0,28355,-9293,-19062,0,0,0,0,1,0
1108,288281,321,-76,-245,0,27666,-6565,-21101,0,0,0,0,1,0
1109,288541,310,-44,-266,0,26710,-3774,-22936,0,0,0,0,1,0
1110,288802,295,-11,-284,0,25497,-946,-24551,0,0,0,0,1,0
1111,289062,279,22,-300,0,24038,1891,-25929,0,0,0,0,1,0
1112,289322,259,55,-314,0,22348,4709,-27058,0,0,0,0,1,0
1113,289583,237,87,-324,0,20443,7483,-27925,0,0,0,0,1,0
1114,289843,213,118,-331,0,18341,10184,-28524,0,0,0,0,1,0
1115,290104,186,148,-334,0,16062,12787,-28849,0,0,0,0,1,0
1116,290364,158,177,-335,0,13628,15267,-28895,0,0,0,0,1,0
1117,290625,128,204,-332,0,11064,17600,-28663,0,0,0,0,1,0
1118,290885,97,229,-326,0,8392,19763,-28155,0,0,0,0,1,0
1119,291145,65,252,-317,0,5640,21736,-27376,0,0,0,0,1,0
1120,291406,33,272,-305,0,2834,23500,-26334,0,0,0,0,1,0
1121,291666,0,290,-290,0,0,25037,-25037,0,0,0,0,1,0
1122,291927,-33,305,-272,0,-2834,26334,-23500,0,0,0,0,1,0
1123,292187,-65,317,-252,0,-5640,27376,-21736,0,0,0,0,1,0
1124,292447,-97,326,-229,0,-8392,28155,-19763,0,0,0,0,1,0
1125,292708,-128,332,-204,0,-11064,28663,-17600,0,0,0,0,1,0
1126,292968,-158,335,-177,0,-13628,28895,-15267,0,0,0,0,1,0
1127,293229,-186,334,-148,0,-16062,28849,-12787,0,0,0,0,1,0
1128,293489,-213,331,-118,0,-18341,28524,-10184,0,0,0,0,1,0
1129,293750,-237,324,-87,0,-20443,27925,-7483,0,0,0,0,1,0
1130,294010,-259,314,-55,0,-22348,27058,-4709,0,0,0,0,1,0
1131,294270,-279,300,-22,0,-24038,25929,-1891,0,0,0,0,1,0
1132,294531,-295,284,11,0,-25497,24551,946,0,0,0,0,1,0
1133,294791,-310,266,44,0,-26710,22936,3774,0,0,0,0,1,0
1134,295052,-321,245,76,0,-27666,21101,6565,0,0,0,0,1,0
1135,295312,-329,221,108,0,-28355,19062,9293,0,0,0,0,1,0
1136,295572,-333,195,138,0,-28771,16840,11932,0,0,0,0,1,0
1137,295833,-335,168,168,0,-28911,14455,14455,0,0,0,0,1,0
1138,296093,-333,138,195,0,-28771,11932,16840,0,0,0,0,1,0
1139,296354,-329,108,221,0,-28355,9293,19062,0,0,0,0,1,0
1140,296614,-321,76,245,0,-27666,6565,21101,0,0,0,0,1,0
1141,296875,-310,44,266,0,-26710,3774,22936,0,0,0,0,1,0
1142,297135,-295,11,284,0,-25497,946,24551,0,0,0,0,1,0
1143,297395,-279,-22,300,0,-24038,-1891,25929,0,0,0,0,1,0
1144,297656,-259,-55,314,0,-22348,-4709,27058,0,0,0,0,1,0
1145,297916,-237,-87,324,0,-20443,-7483,27925,0,0,0,0,1,0
1146,298177,-213,-118,331,0,-18341,-10184,28524,0,0,0,0,1,0
1147,298437,-186,-148,334,0,-16062,-12787,28849,0,0,0,0,1,0
1148,298697,-158,-177,335,0,-13628,-15267,28895,0,0,0,0,1,0
1149,298958,-128,-204,332,0,-11064,-17600,28663,0,0,0,0,1,0
1150,299218,-97,-229,326,0,-8392,-19763,28155,0,0,0,0,1,0
1151,299479,-65,-252,317,0,-5640,-21736,27376,0,0,0,0,1,0
1152,299739,-33,-272,305,0,-2834,-23500,26334,0,0,0,0,1,0
1153,300000,0,-290,290,0,0,-25037,25037,0,0,0,0,1,0
1154,300260,33,-305,272,0,2834,-26334,23500,0,0,0,0,1,0
1155,300520,65,-317,252,0,5640,-27376,21736,0,0,0,0,1,0
1156,300781,97,-326,229,0,8392,-28155,19763,0,0,0,0,1,0
1157,301041,128,-332,204,0,11064,-28663,17600,0,0,0,0,1,0
1158,301302,158,-335,177,0,13628,-28895,15267,0,0,0,0,1,0
1159,301562,186,-334,148,0,16062,-28849,12787,0,0,0,0,1,0
1160,301822,213,-331,118,0,18341,-28524,10184,0,0,0,0,1,0
1161,302083,237,-324,87,0,20443,-27925,7483,0,0,0,0,1,0
1162,302343,259,-314,55,0,22348,-27058,4709,0,0,0,0,1,0
1163,302604,279,-300,22,0,24038,-25929,1891,0,0,0,0,1,0
1164,302864,295,-284,-11,0,25497,-24551,-946,0,0,0,0,1,0
1165,303125,310,-266,-44,0,26710,-22936,-3774,0,0,0,0,1,0
1166,303385,321,-245,-76,0,27666,-21101,-6565,0,0,0,0,1,0
1167,303645,329,-221,-108,0,28355,-19062,-9293,0,0,0,0,1,0
1168,303906,333,-195,-138,0,28771,-16840,-11932,0,0,0,0,1,0
1169,304166,335,-168,-168,0,28911,-14455,-14455,0,0,0,0,1,0
1170,304427,333,-138,-195,0,28771,-11932,-16840,0,0,0,0,1,0
1171,304687,329,-108,-221,0,28355,-9293,-19062,0,0,0,0,1,0
1172,304947,321,-76,-245,0,27666,-6565,-21101,0,0,0,0,1,0
1173,305208,310,-44,-266,0,26710,-3774,-22936,0,0,0,0,1,0
1174,305468,295,-11,-284,0,25497,-946,-24551,0,0,0,0,1,0
1175,305729,279,22,-300,0,24038,1891,-25929,0,0,0,0,1,0
1176,305989,259,55,-314,0,22348,4709,-27058,0,0,0,0,1,0
1177,306250,237,87,-324,0,20443,7483,-27925,0,0,0,0,1,0
1178,306510,213,118,-331,0,18341,10184,-28524,0,0,0,0,1,0
1179,306770,186,148,-334,0,16062,12787,-28849,0,0,0,0,1,0
1180,307031,158,177,-335,0,13628,15267,-28895,0,0,0,0,1,0
1181,307291,128,204,-332,0,11064,17600,-28663,0,0,0,0,1,0
1182,307552,97,229,-326,0,8392,19763,-28155,0,0,0,0,1,0
1183,307812,65,252,-317,0,5640,21736,-27376,0,0,0,0,1,0
1184,308072,33,272,-305,0,2834,23500,-26334,0,0,0,0,1,0
1185,308333,0,290,-290,0,0,25037,-25037,0,0,0,0,1,0
1186,308593,-33,305,-272,0,-2834,26334,-23500,0,0,0,0,1,0
1187,308854,-65,317,-252,0,-5640,27376,-21736,0,0,0,0,1,0
1188,309114,-97,326,-229,0,-8392,28155,-19763,0,0,0,0,1,0
1189,309375,-128,332,-204,0,-11064,28663,-17600,0,0,0,0,1,0
1190,309635,-158,335,-177,0,-13628,28895,-15267,0,0,0,0,1,0
1191,309895,-186,334,-148,0,-16062,28849,-12787,0,0,0,0,1,0
1192,310156,-213,331,-118,0,-18341,28524,-10184,0,0,0,0,1,0
1193,310416,-237,324,-87,0,-20443,27925,-7483,0,0,0,0,1,0
1194,310677,-259,314,-55,0,-22348,27058,-4709,0,0,0,0,1,0
1195,310937,-279,300,-22,0,-24038,25929,-1891,0,0,0,0,1,0
1196,311197,-295,284,11,0,-25497,24551,946,0,0,0,0,1,0
1197,311458,-310,266,44,0,-26710,22936,3774,0,0,0,0,1,0
1198,311718,-321,245,76,0,-27666,21101,6565,0,0,0,0,1,0
1199,311979,-329,221,108,0,-28355,19062,9293,0,0,0,0,1,0
1200,312239,-333,195,138,0,-28771,16840,11932,0,0,0,0,1,0
1201,312500,-335,168,168,0,-28911,14455,14455,0,0,0,0,1,0
1202,312760,-333,138,195,0,-28771,11932,16840,0,0,0,0,1,0
1203,313020,-329,108,221,0,-28355,9293,19062,0,0,0,0,1,0
1204,313281,-321,76,245,0,-27666,6565,21101,0,0,0,0,1,0
1205,313541,-310,44,266,0,-26710,3774,22936,0,0,0,0,1,0
1206,313802,-295,11,284,0,-25497,946,24551,0,0,0,0,1,0
1207,314062,-279,-22,300,0,-24038,-1891,25929,0,0,0,0,1,0
1208,314322,-259,-55,314,0,-22348,-4709,27058,0,0,0,0,1,0
1209,314583,-237,-87,324,0,-20443,-7483,27925,0,0,0,0,1,0
1210,314843,-213,-118,331,0,-18341,-10184,28524,0,0,0,0,1,0
1211,315104,-186,-148,334,0,-16062,-12787,28849,0,0,0,0,1,0
1212,315364,-158,-177,335,0,-13628,-15267,28895,0,0,0,0,1,0
1213,315625,-128,-204,332,0,-11064,-17600,28663,0,0,0,0,1,0
1214,315885,-97,-229,326,0,-8392,-19763,28155,0,0,0,0,1,0
1215,316145,-65,-252,317,0,-5640,-21736,27376,0,0,0,0,1,0
1216,316406,-33,-272,305,0,-2834,-23500,26334,0,0,0,0,1,0
1217,316666,0,-290,290,0,0,-25037,25037,0,0,0,0,1,0
1218,316927,33,-305,272,0,2834,-26334,23500,0,0,0,0,1,0
1219,317187,65,-317,252,0,5640,-27376,21736,0,0,0,0,1,0
1220,317447,97,-326,229,0,8392,-28155,19763,0,0,0,0,1,0
1221,317708,128,-332,204,0,11064,-28663,17600,0,0,0,0,1,0
1222,317968,158,-335,177,0,13628,-28895,15267,0,0,0,0,1,0
1223,318229,186,-334,148,0,16062,-28849,12787,0,0,0,0,1,0
1224,318489,213,-331,118,0,18341,-28524,10184,0,0,0,0,1,0
1225,318750,237,-324,87,0,20443,-27925,7483,0,0,0,0,1,0
1226,319010,259,-314,55,0,22348,-27058,4709,0,0,0,0,1,0
1227,319270,279,-300,22,0,24038,-25929,1891,0,0,0,0,1,0
1228,319531,295,-284,-11,0,25497,-24551,-946,0,0,0,0,1,0
1229,319791,310,-266,-44,0,26710,-22936,-3774,0,0,0,0,1,0
1230,320052,321,-245,-76,0,27666,-21101,-6565,0,0,0,0,1,0
1231,320312,329,-221,-108,0,28355,-19062,-9293,0,0,0,0,1,0
1232,320572,333,-195,-138,0,28771,-16840,-11932,0,0,0,0,1,0
1233,320833,335,-168,-168,0,28911,-14455,-14455,0,0,0,0,1,0
1234,321093,333,-138,-195,0,28771,-11932,-16840,0,0,0,0,1,0
1235,321354,329,-108,-221,0,28355,-9293,-19062,0,0,0,0,1,0
1236,321614,321,-76,-245,0,27666,-6565,-21101,0,0,0,0,1,0
1237,321875,310,-44,-266,0,26710,-3774,-22936,0,0,0,0,1,0
1238,322135,295,-11,-284,0,25497,-946,-24551,0,0,0,0,1,0
1239,322395,279,22,-300,0,24038,1891,-25929,0,0,0,0,1,0
1240,322656,259,55,-314,0,22348,4709,-27058,0,0,0,0,1,0
1241,322916,237,87,-324,0,20443,7483,-27925,0,0,0,0,1,0
1242,323177,213,118,-331,0,18341,10184,-28524,0,0,0,0,1,0
1243,323437,186,148,-334,0,16062,12787,-28849,0,0,0,0,1,0
1244,323697,158,177,-335,0,13628,15267,-28895,0,0,0,0,1,0
1245,323958,128,204,-332,0,11064,17600,-28663,0,0,0,0,1,0
1246,324218,97,229,-326,0,8392,19763,-28155,0,0,0,0,1,0
1247,324479,65,252,-317,0,5640,21736,-27376,0,0,0,0,1,0
1248,324739,33,272,-305,0,2834,23500,-26334,0,0,0,0,1,0
1249,325000,0,290,-290,0,0,25037,-25037,0,0,0,0,1,0
1250,325260,-33,305,-272,0,-2834,26334,-23500,0,0,0,0,1,0
1251,325520,-65,317,-252,0,-5640,27376,-21736,0,0,0,0,1,0
1252,325781,-97,326,-229,0,-8392,28155,-19763,0,0,0,0,1,0
1253,326041,-128,332,-204,0,-11064,28663,-17600,0,0,0,0,1,0
1254,326302,-158,335,-177,0,-13628,28895,-15267,0,0,0,0,1,0
1255,326562,-186,334,-148,0,-16062,28849,-12787,0,0,0,0,1,0
1256,326822,-213,331,-118,0,-18341,28524,-10184,0,0,0,0,1,0
1257,327083,-237,324,-87,0,-20443,27925,-7483,0,0,0,0,1,0
1258,327343,-259,314,-55,0,-22348,27058,-4709,0,0,0,0,1,0
1259,327604,-279,300,-22,0,-24038,25929,-1891,0,0,0,0,1,0
1260,327864,-295,284,11,0,-25497,24551,946,0,0,0,0,1,0
1261,328125,-310,266,44,0,-26710,22936,3774,0,0,0,0,1,0
1262,328385,-321,245,76,0,-27666,21101,6565,0,0,0,0,1,0
1263,328645,-329,221,108,0,-28355,19062,9293,0,0,0,0,1,0
1264,328906,-333,195,138,0,-28771,16840,11932,0,0,0,0,1,0
1265,329166,-335,168,168,0,-28911,14455,14455,0,0,0,0,1,0
1266,329427,-333,138,195,0,-28771,11932,16840,0,0,0,0,1,0
1267,329687,-329,108,221,0,-28355,9293,19062,0,0,0,0,1,0
1268,329947,-321,76,245,0,-27666,6565,21101,0,0,0,0,1,0
1269,330208,-310,44,266,0,-26710,3774,22936,0,0,0,0,1,0
1270,330468,-295,11,284,0,-25497,946,24551,0,0,0,0,1,0
1271,330729,-279,-22,300,0,-24038,-1891,25929,0,0,0,0,1,0
1272,330989,-259,-55,314,0,-22348,-4709,27058,0,0,0,0,1,0
1273,331250,-237,-87,324,0,-20443,-7483,27925,0,0,0,0,1,0
1274,331510,-213,-118,331,0,-18341,-10184,28524,0,0,0,0,1,0
1275,331770,-186,-148,334,0,-16062,-12787,28849,0,0,0,0,1,0
1276,332031,-158,-177,335,0,-13628,-15267,28895,0,0,0,0,1,0
1277,332291,-128,-204,332,0,-11064,-17600,28663,0,0,0,0,1,0
1278,332552,-97,-229,326,0,-8392,-19763,28155,0,0,0,0,1,0
1279,332812,-65,-252,317,0,-5640,-21736,27376,0,0,0,0,1,0
1280,333072,-33,-272,305,0,-2834,-23500,26334,0,0,0,0,1,0
1281,333333,0,-290,290,0,0,-25037,25037,0,0,0,0,1,0
1282,333593,33,-305,272,0,2834,-26334,23500,0,0,0,0,1,0
1283,333854,65,-317,252,0,5640,-27376,21736,0,0,0,0,1,0
1284,334114,97,-326,229,0,8392,-28155,19763,0,0,0,0,1,0
1285,334375,128,-332,204,0,11064,-28663,17600,0,0,0,0,1,0
1286,334635,158,-335,177,0,13628,-28895,15267,0,0,0,0,1,0
1287,334895,186,-334,148,0,16062,-28849,12787,0,0,0,0,1,0
1288,335156,213,-331,118,0,18341,-28524,10184,0,0,0,0,1,0
1289,335416,237,-324,87,0,20443,-27925,7483,0,0,0,0,1,0
1290,335677,259,-314,55,0,22348,-27058,4709,0,0,0,0,1,0
1291,335937,279,-300,22,0,24038,-25929,1891,0,0,0,0,1,0
1292,336197,295,-284,-11,0,25497,-24551,-946,0,0,0,0,1,0
1293,336458,310,-266,-44,0,26710,-22936,-3774,0,0,0,0,1,0
1294,336718,321,-245,-76,0,27666,-21101,-6565,0,0,0,0,1,0
1295,336979,329,-221,-108,0,28355,-19062,-9293,0,0,0,0,1,0
1296,337239,333,-195,-138,0,28771,-16840,-11932,0,0,0,0,1,0
1297,337500,335,-168,-168,0,28911,-14455,-14455,0,0,0,0,1,0
1298,337760,333,-138,-195,0,28771,-11932,-16840,0,0,0,0,1,0
1299,338020,329,-108,-221,0,28355,-9293,-19062,0,0,0,0,1,0
1300,338281,321,-76,-245,0,27666,-6565,-21101,0,0,0,0,1,0
1301,338541,310,-44,-266,0,26710,-3774,-22936,0,0,0,0,1,0
1302,338802,295,-11,-284,0,25497,-946,-24551,0,0,0,0,1,0
1303,339062,279,22,-300,0,24038,1891,-25929,0,0,0,0,1,0
1304,339322,259,55,-314,0,22348,4709,-27058,0,0,0,0,1,0
1305,339583,237,87,-324,0,20443,7483,-27925,0,0,0,0,1,0
1306,339843,213,118,-331,0,18341,10184,-28524,0,0,0,0,1,0
1307,340104,186,148,-334,0,16062,12787,-28849,0,0,0,0,1,0
1308,340364,158,177,-335,0,13628,15267,-28895,0,0,0,0,1,0
1309,340625,128,204,-332,0,11064,17600,-28663,0,0,0,0,1,0
1310,340885,97,229,-326,0,8392,19763,-28155,0,0,0,0,1,0
1311,341145,65,252,-317,0,5640,21736,-27376,0,0,0,0,1,0
1312,341406,33,272,-305,0,2834,23500,-26334,0,0,0,0,1,0
1313,341666,0,290,-290,0,0,25037,-25037,0,0,0,0,1,0
1314,341927,-33,305,-272,0,-2834,26334,-23500,0,0,0,0,1,0
1315,342187,-65,317,-252,0,-5640,27376,-21736,0,0,0,0,1,0
1316,342447,-97,326,-229,0,-8392,28155,-19763,0,0,0,0,1,0
1317,342708,-128,332,-204,0,-11064,28663,-17600,0,0,0,0,1,0
1318,342968,-158,335,-177,0,-13628,28895,-15267,0,0,0,0,1,0
1319,343229,-186,334,-148,0,-16062,28849,-12787,0,0,0,0,1,0
1320,343489,-213,331,-118,0,-18341,28524,-10184,0,0,0,0,1,0
1321,343750,-237,324,-87,0,-20443,27925,-7483,0,0,0,0,1,0
1322,344010,-259,314,-55,0,-22348,27058,-4709,0,0,0,0,1,0
1323,344270,-279,300,-22,0,-24038,25929,-1891,0,0,0,0,1,0
1324,344531,-295,284,11,0,-25497,24551,946,0,0,0,0,1,0
1325,344791,-310,266,44,0,-26710,22936,3774,0,0,0,0,1,0
1326,345052,-321,245,76,0,-27666,21101,6565,0,0,0,0,1,0
1327,345312,-329,221,108,0,-28355,19062,9293,0,0,0,0,1,0
1328,345572,-333,195,138,0,-28771,16840,11932,0,0,0,0,1,0
1329,345833,-335,168,168,0,-28911,14455,14455,0,0,0,0,1,0
1330,346093,-333,138,195,0,-28771,11932,16840,0,0,0,0,1,0
1331,346354,-329,108,221,0,-28355,9293,19062,0,0,0,0,1,0
1332,346614,-321,76,245,0,-27666,6565,21101,0,0,0,0,1,0
1333,346875,-310,44,266,0,-26710,3774,22936,0,0,0,0,1,0
1334,347135,-295,11,284,0,-25497,946,24551,0,0,0,0,1,0
1335,347395,-279,-22,300,0,-24038,-1891,25929,0,0,0,0,1,0
1336,347656,-259,-55,314,0,-22348,-4709,27058,0,0,0,0,1,0
1337,347916,-237,-87,324,0,-20443,-7483,27925,0,0,0,0,1,0
1338,348177,-213,-118,331,0,-18341,-10184,28524,0,0,0,0,1,0
1339,348437,-186,-148,334,0,-16062,-12787,28849,0,0,0,0,1,0
1340,348697,-158,-177,335,0,-13628,-15267,28895,0,0,0,0,1,0
1341,348958,-128,-204,332,0,-11064,-17600,28663,0,0,0,0,1,0
1342,349218,-97,-229,326,0,-8392,-19763,28155,0,0,0,0,1,0
1343,349479,-65,-252,317,0,-5640,-21736,27376,0,0,0,0,1,0
1344,349739,-33,-272,305,0,-2834,-23500,26334,0,0,0,0,1,0
1345,350000,0,-290,290,0,0,-25037,25037,0,0,0,0,1,0
1346,350260,33,-305,272,0,2834,-26334,23500,0,0,0,0,1,0
1347,350520,65,-317,252,0,5640,-27376,21736,0,0,0,0,1,0
1348,350781,97,-326,229,0,8392,-28155,19763,0,0,0,0,1,0
1349,351041,128,-332,204,0,11064,-28663,17600,0,0,0,0,1,0
1350,351302,158,-335,177,0,13628,-28895,15267,0,0,0,0,1,0
1351,351562,186,-334,148,0,16062,-28849,12787,0,0,0,0,1,0
1352,351822,213,-331,118,0,18341,-28524,10184,0,0,0,0,1,0
1353,352083,237,-324,87,0,20443,-27925,7483,0,0,0,0,1,0
1354,352343,259,-314,55,0,22348,-27058,4709,0,0,0,0,1,0
1355,352604,279,-300,22,0,24038,-25929,1891,0,0,0,0,1,0
1356,352864,295,-284,-11,0,25497,-24551,-946,0,0,0,0,1,0
1357,353125,310,-266,-44,0,26710,-22936,-3774,0,0,0,0,1,0
1358,353385,321,-245,-76,0,27666,-21101,-6565,0,0,0,0,1,0
1359,353645,329,-221,-108,0,28355,-19062,-9293,0,0,0,0,1,0
1360,353906,333,-195,-138,0,28771,-16840,-11932,0,0,0,0,1,0
1361,354166,335,-168,-168,0,28911,-14455,-14455,0,0,0,0,1,0
1362,354427,333,-138,-195,0,28771,-11932,-16840,0,0,0,0,1,0
1363,354687,329,-108,-221,0,28355,-9293,-19062,0,0,0,0,1,0
1364,354947,321,-76,-245,0,27666,-6565,-21101,0,0,0,0,1,0
1365,355208,310,-44,-266,0,26710,-3774,-22936,0,0,0,0,1,0
1366,355468,295,-11,-284,0,25497,-946,-24551,0,0,0,0,1,0
1367,355729,279,22,-300,0,24038,1891,-25929,0,0,0,0,1,0
1368,355989,259,55,-314,0,22348,4709,-27058,0,0,0,0,1,0
1369,356250,237,87,-324,0,20443,7483,-27925,0,0,0,0,1,0
1370,356510,213,118,-331,0,18341,10184,-28524,0,0,0,0,1,0
1371,356770,186,148,-334,0,16062,12787,-28849,0,0,0,0,1,0
1372,357031,158,177,-335,0,13628,15267,-28895,0,0,0,0,1,0
1373,357291,128,204,-332,0,11064,17600,-28663,0,0,0,0,1,0
1374,357552,97,229,-326,0,8392,19763,-28155,0,0,0,0,1,0
1375,357812,65,252,-317,0,5640,21736,-27376,0,0,0,0,1,0
1376,358072,33,272,-305,0,2834,23500,-26334,0,0,0,0,1,0
1377,358333,0,290,-290,0,0,25037,-25037,0,0,0,0,1,0
1378,358593,-33,305,-272,0,-2834,26334,-23500,0,0,0,0,1,0
1379,358854,-65,317,-252,0,-5640,27376,-21736,0,0,0,0,1,0
1380,359114,-97,326,-229,0,-8392,28155,-19763,0,0,0,0,1,0
1381,359375,-128,332,-204,0,-11064,28663,-17600,0,0,0,0,1,0
1382,359635,-158,335,-177,0,-13628,28895,-15267,0,0,0,0,1,0
1383,359895,-186,334,-148,0,-16062,28849,-12787,0,0,0,0,1,0
1384,360156,-213,331,-118,0,-18341,28524,-10184,0,0,0,0,1,0
1385,360416,-237,324,-87,0,-20443,27925,-7483,0,0,0,0,1,0
1386,360677,-259,314,-55,0,-22348,27058,-4709,0,0,0,0,1,0
1387,360937,-279,300,-22,0,-24038,25929,-1891,0,0,0,0,1,0
1388,361197,-295,284,11,0,-25497,24551,946,0,0,0,0,1,0
1389,361458,-310,266,44,0,-26710,22936,3774,0,0,0,0,1,0
1390,361718,-321,245,76,0,-27666,21101,6565,0,0,0,0,1,0
1391,361979,-329,221,108,0,-28355,19062,9293,0,0,0,0,1,0
1392,362239,-333,195,138,0,-28771,16840,11932,0,0,0,0,1,0
1393,362500,-335,168,168,0,-28911,14455,14455,0,0,0,0,1,0
1394,362760,-333,138,195,0,-28771,11932,16840,0,0,0,0,1,0
1395,363020,-329,108,221,0,-28355,9293,19062,0,0,0,0,1,0
1396,363281,-321,76,245,0,-27666,6565,21101,0,0,0,0,1,0
1397,363541,-310,44,266,0,-26710,3774,22936,0,0,0,0,1,0
1398,363802,-295,11,284,0,-25497,946,24551,0,0,0,0,1,0
1399,364062,-279,-22,300,0,-24038,-1891,25929,0,0,0,0,1,0
1400,364322,-259,-55,314,0,-22348,-4709,27058,0,0,0,0,1,0
1401,364583,-237,-87,324,0,-20443,-7483,27925,0,0,0,0,1,0
1402,364843,-213,-118,331,0,-18341,-10184,28524,0,0,0,0,1,0
1403,365104,-186,-148,334,0,-16062,-12787,28849,0,0,0,0,1,0
1404,365364,-158,-177,335,0,-13628,-15267,28895,0,0,0,0,1,0
1405,365625,-128,-204,332,0,-11064,-17600,28663,0,0,0,0,1,0
1406,365885,-97,-229,326,0,-8392,-19763,28155,0,0,0,0,1,0
1407,366145,-65,-252,317,0,-5640,-21736,27376,0,0,0,0,1,0
1408,366406,-33,-272,305,0,-2834,-23500,26334,0,0,0,0,1,0
1409,366666,0,-290,290,0,0,-25037,25037,0,0,0,0,1,0
1410,366927,33,-305,272,0,2834,-26334,23500,0,0,0,0,1,0
1411,367187,65,-317,252,0,5640,-27376,21736,0,0,0,0,1,0
1412,367447,97,-326,229,0,8392,-28155,19763,0,0,0,0,1,0
1413,367708,128,-332,204,0,11064,-28663,17600,0,0,0,0,1,0
1414,367968,158,-335,177,0,13628,-28895,15267,0,0,0,0,1,0
1415,368229,186,-334,148,0,16062,-28849,12787,0,0,0,0,1,0
1416,368489,213,-331,118,0,18341,-28524,10184,0,0,0,0,1,0
1417,368750,237,-324,87,0,20443,-27925,7483,0,0,0,0,1,0
1418,369010,259,-314,55,0,22348,-27058,4709,0,0,0,0,1,0
1419,369270,279,-300,22,0,24038,-25929,1891,0,0,0,0,1,0
1420,369531,295,-284,-11,0,25497,-24551,-946,0,0,0,0,1,0
1421,369791,310,-266,-44,0,26710,-22936,-3774,0,0,0,0,1,0
1422,370052,321,-245,-76,0,27666,-21101,-6565,0,0,0,0,1,0
1423,370312,329,-221,-108,0,28355,-19062,-9293,0,0,0,0,1,0
1424,370572,333,-195,-138,0,28771,-16840,-11932,0,0,0,0,1,0
1425,370833,335,-168,-168,0,28911,-14455,-14455,0,0,0,0,1,0
1426,371093,333,-138,-195,0,28771,-11932,-16840,0,0,0,0,1,0
1427,371354,329,-108,-221,0,28355,-9293,-19062,0,0,0,0,1,0
1428,371614,321,-76,-245,0,27666,-6565,-21101,0,0,0,0,1,0
1429,371875,310,-44,-266,0,26710,-3774,-22936,0,0,0,0,1,0
1430,372135,295,-11,-284,0,25497,-946,-24551,0,0,0,0,1,0
1431,372395,279,22,-300,0,24038,1891,-25929,0,0,0,0,1,0
1432,372656,259,55,-314,0,22348,4709,-27058,0,0,0,0,1,0
1433,372916,237,87,-324,0,20443,7483,-27925,0,0,0,0,1,0
1434,373177,213,118,-331,0,18341,10184,-28524,0,0,0,0,1,0
1435,373437,186,148,-334,0,16062,12787,-28849,0,0,0,0,1,0
1436,373697,158,177,-335,0,13628,15267,-28895,0,0,0,0,1,0
1437,373958,128,204,-332,0,11064,17600,-28663,0,0,0,0,1,0
1438,374218,97,229,-326,0,8392,19763,-28155,0,0,0,0,1,0
1439,374479,65,252,-317,0,5640,21736,-27376,0,0,0,0,1,0
1440,374739,33,272,-305,0,2834,23500,-26334,0,0,0,0,1,0
1441,375000,0,290,-290,0,0,25037,-25037,0,0,0,0,1,0
1442,375260,-33,305,-272,0,-2834,26334,-23500,0,0,0,0,1,0
1443,375520,-65,317,-252,0,-5640,27376,-21736,0,0,0,0,1,0
1444,375781,-97,326,-229,0,-8392,28155,-19763,0,0,0,0,1,0
1445,376041,-128,332,-204,0,-11064,28663,-17600,0,0,0,0,1,0
1446,376302,-158,335,-177,0,-13628,28895,-15267,0,0,0,0,1,0
1447,376562,-186,334,-148,0,-16062,28849,-12787,0,0,0,0,1,0
1448,376822,-213,331,-118,0,-18341,28524,-10184,0,0,0,0,1,0
1449,377083,-237,324,-87,0,-20443,27925,-7483,0,0,0,0,1,0
1450,377343,-259,314,-55,0,-22348,27058,-4709,0,0,0,0,1,0
1451,377604,-279,300,-22,0,-24038,25929,-1891,0,0,0,0,1,0
1452,377864,-295,284,11,0,-25497,24551,946,0,0,0,0,1,0
1453,378125,-310,266,44,0,-26710,22936,3774,0,0,0,0,1,0
1454,378385,-321,245,76,0,-27666,21101,6565,0,0,0,0,1,0
1455,378645,-329,221,108,0,-28355,19062,9293,0,0,0,0,1,0
1456,378906,-333,195,138,0,-28771,16840,11932,0,0,0,0,1,0
1457,379166,-335,168,168,0,-28911,14455,14455,0,0,0,0,1,0
1458,379427,-333,138,195,0,-28771,11932,16840,0,0,0,0,1,0
1459,379687,-329,108,221,0,-28355,9293,19062,0,0,0,0,1,0
1460,379947,-321,76,245,0,-27666,6565,21101,0,0,0,0,1,0
1461,380208,-310,44,266,0,-26710,3774,22936,0,0,0,0,1,0
1462,380468,-295,11,284,0,-25497,946,24551,0,0,0,0,1,0
1463,380729,-279,-22,300,0,-24038,-1891,25929,0,0,0,0,1,0
1464,380989,-259,-55,314,0,-22348,-4709,27058,0,0,0,0,1,0
1465,381250,-237,-87,324,0,-20443,-7483,27925,0,0,0,0,1,0
1466,381510,-213,-118,331,0,-18341,-10184,28524,0,0,0,0,1,0
1467,381770,-186,-148,334,0,-16062,-12787,28849,0,0,0,0,1,0
1468,382031,-158,-177,335,0,-13628,-15267,28895,0,0,0,0,1,0
1469,382291,-128,-204,332,0,-11064,-17600,28663,0,0,0,0,1,0
1470,382552,-97,-229,326,0,-8392,-19763,28155,0,0,0,0,1,0
1471,382812,-65,-252,317,0,-5640,-21736,27376,0,0,0,0,1,0
1472,383072,-33,-272,305,0,-2834,-23500,26334,0,0,0,0,1,0
1473,383333,0,-290,290,0,0,-25037,25037,0,0,0,0,1,0
1474,383593,33,-305,272,0,2834,-26334,23500,0,0,0,0,1,0
1475,383854,65,-317,252,0,5640,-27376,21736,0,0,0,0,1,0
1476,384114,97,-326,229,0,8392,-28155,19763,0,0,0,0,1,0
1477,384375,128,-332,204,0,11064,-28663,17600,0,0,0,0,1,0
1478,384635,158,-335,177,0,13628,-28895,15267,0,0,0,0,1,0
1479,384895,186,-334,148,0,16062,-28849,12787,0,0,0,0,1,0
1480,385156,213,-331,118,0,18341,-28524,10184,0,0,0,0,1,0
1481,385416,237,-324,87,0,20443,-27925,7483,0,0,0,0,1,0
1482,385677,259,-314,55,0,22348,-27058,4709,0,0,0,0,1,0
1483,385937,279,-300,22,0,24038,-25929,1891,0,0,0,0,1,0
