1,0,0,-1040,1040,0,0,-25024,25024,0,0,0,0,1,0
2,520,234,-1138,903,0,5637,-27362,21724,0,0,0,0,1,0
3,1041,460,-1191,731,0,11058,-28648,17590,0,0,0,0,1,0
4,1562,667,-1199,531,0,16053,-28833,12780,0,0,0,0,1,0
5,2083,849,-1160,311,0,20432,-27910,7479,0,0,0,0,1,0
6,2604,999,-1077,79,0,24025,-25915,1890,0,0,0,0,1,0
7,3125,1110,-953,-157,0,26696,-22924,-3772,0,0,0,0,1,0
8,3645,1178,-792,-386,0,28340,-19052,-9288,0,0,0,0,1,0
9,4166,1201,-601,-601,0,28895,-14448,-14448,0,0,0,0,1,0
10,4687,1178,-386,-792,0,28340,-9288,-19052,0,0,0,0,1,0
11,5208,1110,-157,-953,0,26696,-3772,-22924,0,0,0,0,1,0
12,5729,999,79,-1077,0,24025,1890,-25915,0,0,0,0,1,0
13,6250,849,311,-1160,0,20432,7479,-27910,0,0,0,0,1,0
14,6770,667,531,-1199,0,16053,12780,-28833,0,0,0,0,1,0
15,7291,460,731,-1191,0,11058,17590,-28648,0,0,0,0,1,0
16,7812,234,903,-1138,0,5637,21724,-27362,0,0,0,0,1,0
17,8333,0,1040,-1040,0,0,25024,-25024,0,0,0,0,1,0
18,8854,-234,1138,-903,0,-5637,27362,-21724,0,0,0,0,1,0
19,9375,-460,1191,-731,0,-11058,28648,-17590,0,0,0,0,1,0
20,9895,-667,1199,-531,0,-16053,28833,-12780,0,0,0,0,1,0
21,10416,-849,1160,-311,0,-20432,27910,-7479,0,0,0,0,1,0
22,10937,-999,1077,-79,0,-24025,25915,-1890,0,0,0,0,1,0
23,11458,-1110,953,157,0,-26696,22924,3772,0,0,0,0,1,0
24,11979,-1178,792,386,0,-28340,19052,9288,0,0,0,0,1,0
25,12500,-1201,601,601,0,-28895,14448,14448,0,0,0,0,1,0
26,13020,-1178,386,792,0,-28340,9288,19052,0,0,0,0,1,0
27,13541,-1110,157,953,0,-26696,3772,22924,0,0,0,0,1,0
28,14062,-999,-79,1077,0,-24025,-1890,25915,0,0,0,0,1,0
29,14583,-849,-311,1160,0,-20432,-7479,27910,0,0,0,0,1,0
30,15104,-667,-531,1199,0,-16053,-12780,28833,0,0,0,0,1,0
31,15625,-460,-731,1191,0,-11058,-17590,28648,0,0,0,0,1,0
32,16145,-234,-903,1138,0,-5637,-21724,27362,0,0,0,0,1,0
33,16666,0,-1040,1040,0,0,-25024,25024,0,0,0,0,1,0
34,17187,234,-1138,903,0,5637,-27362,21724,0,0,0,0,1,0
35,17708,460,-1191,731,0,11058,-28648,17590,0,0,0,0,1,0
36,18229,667,-1199,531,0,16053,-28833,12780,0,0,0,0,1,0
37,18750,849,-1160,311,0,20432,-27910,7479,0,0,0,0,1,0
38,19270,999,-1077,79,0,24025,-25915,1890,0,0,0,0,1,0
39,19791,1110,-953,-157,0,26696,-22924,-3772,0,0,0,0,1,0
40,20312,1178,-792,-386,0,28340,-19052,-9288,0,0,0,0,1,0
41,20833,1201,-601,-601,0,28895,-14448,-14448,0,0,0,0,1,0
42,21354,1178,-386,-792,0,28340,-9288,-19052,0,0,0,0,1,0
43,21875,1110,-157,-953,0,26696,-3772,-22924,0,0,0,0,1,0
44,22395,999,79,-1077,0,24025,1890,-25915,0,0,0,0,1,0
45,22916,849,311,-1160,0,20432,7479,-27910,0,0,0,0,1,0
46,23437,667,531,-1199,0,16053,12780,-28833,0,0,0,0,1,0
47,23958,460,731,-1191,0,11058,17590,-28648,0,0,0,0,1,0
48,24479,234,903,-1138,0,5637,21724,-27362,0,0,0,0,1,0
49,25000,0,1040,-1040,0,0,25024,-25024,0,0,0,0,1,0
50,25520,-234,1138,-903,0,-5637,27362,-21724,0,0,0,0,1,0
51,26041,-460,1191,-731,0,-11058,28648,-17590,0,0,0,0,1,0
52,26562,-667,1199,-531,0,-16053,28833,-12780,0,0,0,0,1,0
53,27083,-849,1160,-311,0,-20432,27910,-7479,0,0,0,0,1,0
54,27604,-999,1077,-79,0,-24025,25915,-1890,0,0,0,0,1,0
55,28125,-1110,953,157,0,-26696,22924,3772,0,0,0,0,1,0
56,28645,-1178,792,386,0,-28340,19052,9288,0,0,0,0,1,0
57,29166,-1201,601,601,0,-28895,14448,14448,0,0,0,0,1,0
58,29687,-1178,386,792,0,-28340,9288,19052,0,0,0,0,1,0
59,30208,-1110,157,953,0,-26696,3772,22924,0,0,0,0,1,0
60,30729,-999,-79,1077,0,-24025,-1890,25915,0,0,0,0,1,0
61,31250,-849,-311,1160,0,-20432,-7479,27910,0,0,0,0,1,0
62,31770,-667,-531,1199,0,-16053,-12780,28833,0,0,0,0,1,0
63,32291,-460,-731,1191,0,-11058,-17590,28648,0,0,0,0,1,0
64,32812,-234,-903,1138,0,-5637,-21724,27362,0,0,0,0,1,0
65,33333,0,-1040,1040,0,0,-25024,25024,0,0,0,0,1,0
66,33854,234,-1138,903,0,5637,-27362,21724,0,0,0,0,1,0
67,34375,460,-1191,731,0,11058,-28648,17590,0,0,0,0,1,0
68,34895,667,-1199,531,0,16053,-28833,12780,0,0,0,0,1,0
69,35416,849,-1160,311,0,20432,-27910,7479,0,0,0,0,1,0
70,35937,999,-1077,79,0,24025,-25915,1890,0,0,0,0,1,0
71,36458,1110,-953,-157,0,26696,-22924,-3772,0,0,0,0,1,0
72,36979,1178,-792,-386,0,28340,-19052,-9288,0,0,0,0,1,0
73,37500,1201,-601,-601,0,28895,-14448,-14448,0,0,0,0,1,0
74,38020,1178,-386,-792,0,28340,-9288,-19052,0,0,0,0,1,0
75,38541,1110,-157,-953,0,26696,-3772,-22924,0,0,0,0,1,0
76,39062,999,79,-1077,0,24025,1890,-25915,0,0,0,0,1,0
77,39583,849,311,-1160,0,20432,7479,-27910,0,0,0,0,1,0
78,40104,667,531,-1199,0,16053,12780,-28833,0,0,0,0,1,0
79,40625,460,731,-1191,0,11058,17590,-28648,0,0,0,0,1,0
80,41145,234,903,-1138,0,5637,21724,-27362,0,0,0,0,1,0
81,41666,0,1040,-1040,0,0,25024,-25024,0,0,0,0,1,0
82,42187,-234,1138,-903,0,-5637,27362,-21724,0,0,0,0,1,0
83,42708,-460,1191,-731,0,-11058,28648,-17590,0,0,0,0,1,0
84,43229,-667,1199,-531,0,-16053,28833,-12780,0,0,0,0,1,0
85,43750,-849,1160,-311,0,-20432,27910,-7479,0,0,0,0,1,0
86,44270,-999,1077,-79,0,-24025,25915,-1890,0,0,0,0,1,0
87,44791,-1110,953,157,0,-26696,22924,3772,0,0,0,0,1,0
88,45312,-1178,792,386,0,-28340,19052,9288,0,0,0,0,1,0
89,45833,-1201,601,601,0,-28895,14448,14448,0,0,0,0,1,0
90,46354,-1178,386,792,0,-28340,9288,19052,0,0,0,0,1,0
91,46875,-1110,157,953,0,-26696,3772,22924,0,0,0,0,1,0
92,47395,-999,-79,1077,0,-24025,-1890,25915,0,0,0,0,1,0
93,47916,-849,-311,1160,0,-20432,-7479,27910,0,0,0,0,1,0
94,48437,-667,-531,1199,0,-16053,-12780,28833,0,0,0,0,1,0
95,48958,-460,-731,1191,0,-11058,-17590,28648,0,0,0,0,1,0
96,49479,-234,-903,1138,0,-5637,-21724,27362,0,0,0,0,1,0
97,50000,0,-1040,31207,30166,0,-27026,2502,0,0,1,0,1,0
98,50520,234,-1138,27781,26878,6088,-29551,2172,0,0,1,0,1,0
99,51041,460,-1191,23863,23132,11942,-30940,1759,0,0,1,0,1,0
100,51562,667,-1199,19594,19062,17337,-31140,1278,0,0,1,0,1,0
101,52083,849,-1160,15125,14814,22066,-30143,748,0,0,1,0,1,0
102,52604,999,-1077,10619,10540,25947,-27988,189,0,0,1,0,1,0
103,53125,1110,-953,6236,6393,28831,-24758,-377,0,0,1,0,1,0
104,53645,1178,-792,2137,2523,30607,-20576,-929,0,0,1,0,1,0
105,54166,1201,-601,-1533,-932,31207,-15603,-1445,0,0,1,0,1,0
106,54687,1178,-386,-4641,-3849,30607,-10031,-1905,0,0,1,0,1,0
107,55208,1110,-157,-7079,-6126,28831,-4073,-2292,0,0,1,0,1,0
108,55729,999,79,-8762,-7685,25947,2041,-2592,0,0,1,0,1,0
109,56250,849,311,-9635,-8475,22066,8077,-2791,0,0,1,0,1,0
110,56770,667,531,-9673,-8475,17337,13802,-2883,0,0,1,0,1,0
111,57291,460,731,-8885,-7694,11942,18997,-2865,0,0,1,0,1,0
112,57812,234,903,-7309,-6171,6088,23462,-2736,0,0,1,0,1,0
113,58333,0,1040,-5014,-3973,0,27026,-2502,0,0,1,0,1,0
114,58854,-234,1138,-2097,-1194,-6088,29551,-2172,0,0,1,0,1,0
115,59375,-460,1191,1321,2052,-11942,30940,-1759,0,0,1,0,1,0
116,59895,-667,1199,5101,5632,-17337,31140,-1278,0,0,1,0,1,0
117,60416,-849,1160,9089,9400,-22066,30143,-748,0,0,1,0,1,0
118,60937,-999,1077,13125,13204,-25947,27988,-189,0,0,1,0,1,0
119,61458,-1110,953,17046,16889,-28831,24758,377,0,0,1,0,1,0
120,61979,-1178,792,20692,20306,-30607,20576,929,0,0,1,0,1,0
121,62500,-1201,601,23918,23318,-31207,15603,1445,0,0,1,0,1,0
122,63020,-1178,386,26592,25799,-30607,10031,1905,0,0,1,0,1,0
123,63541,-1110,157,28603,27649,-28831,4073,2292,0,0,1,0,1,0
124,64062,-999,-79,29867,28790,-25947,-2041,2592,0,0,1,0,1,0
125,64583,-849,-311,30330,29169,-22066,-8077,2791,0,0,1,0,1,0
126,65104,-667,-531,29966,28767,-17337,-13802,2883,0,0,1,0,1,0
127,65625,-460,-731,28783,27591,-11942,-18997,2865,0,0,1,0,1,0
128,66145,-234,-903,26819,25682,-6088,-23462,2736,0,0,1,0,1,0
129,66666,0,-1040,24145,23105,0,-27026,2502,0,0,1,0,1,0
130,67187,234,-1138,20857,19953,6088,-29551,2172,0,0,1,0,1,0
131,67708,460,-1191,17074,16342,11942,-30940,1759,0,0,1,0,1,0
132,68229,667,-1199,12936,12405,17337,-31140,1278,0,0,1,0,1,0
133,68750,849,-1160,8597,8286,22066,-30143,748,0,0,1,0,1,0
134,69270,999,-1077,4217,4139,25947,-27988,189,0,0,1,0,1,0
135,69791,1110,-953,-40,116,28831,-24758,-377,0,0,1,0,1,0
136,70312,1178,-792,-4018,-3632,30607,-20576,-929,0,0,1,0,1,0
137,70833,1201,-601,-7568,-6967,31207,-15603,-1445,0,0,1,0,1,0
138,71354,1178,-386,-10559,-9767,30607,-10031,-1905,0,0,1,0,1,0
139,71875,1110,-157,-12882,-11929,28831,-4073,-2292,0,0,1,0,1,0
140,72395,999,79,-14452,-13375,25947,2041,-2592,0,0,1,0,1,0
141,72916,849,311,-15214,-14054,22066,8077,-2791,0,0,1,0,1,0
142,73437,667,531,-15144,-13945,17337,13802,-2883,0,0,1,0,1,0
143,73958,460,731,-14249,-13058,11942,18997,-2865,0,0,1,0,1,0
144,74479,234,903,-12569,-11431,6088,23462,-2736,0,0,1,0,1,0
145,75000,0,1040,-10172,-9131,0,27026,-2502,0,0,1,0,1,0
146,75520,-234,1138,-7155,-6251,-6088,29551,-2172,0,0,1,0,1,0
147,76041,-460,1191,-3638,-2907,-11942,30940,-1759,0,0,1,0,1,0
148,76562,-667,1199,238,769,-17337,31140,-1278,0,0,1,0,1,0
149,77083,-849,1160,4321,4632,-22066,30143,-748,0,0,1,0,1,0
150,77604,-999,1077,8450,8528,-25947,27988,-189,0,0,1,0,1,0
151,78125,-1110,953,12461,12304,-28831,24758,377,0,0,1,0,1,0
152,78645,-1178,792,16197,15811,-30607,20576,929,0,0,1,0,1,0
153,79166,-1201,601,19510,18910,-31207,15603,1445,0,0,1,0,1,0
154,79687,-1178,386,22269,21477,-30607,10031,1905,0,0,1,0,1,0
155,80208,-1110,157,24364,23411,-28831,4073,2292,0,0,1,0,1,0
156,80729,-999,-79,25711,24634,-25947,-2041,2592,0,0,1,0,1,0
157,81250,-849,-311,26255,25094,-22066,-8077,2791,0,0,1,0,1,0
158,81770,-667,-531,25970,24771,-17337,-13802,2883,0,0,1,0,1,0
159,82291,-460,-731,24864,23673,-11942,-18997,2865,0,0,1,0,1,0
160,82812,-234,-903,22977,21840,-6088,-23462,2736,0,0,1,0,1,0
161,83333,0,-1040,20378,19338,0,-27026,2502,0,0,1,0,1,0
162,83854,234,-1138,17163,16259,6088,-29551,2172,0,0,1,0,1,0
163,84375,460,-1191,13452,12720,11942,-30940,1759,0,0,1,0,1,0
164,84895,667,-1199,9384,8853,17337,-31140,1278,0,0,1,0,1,0
165,85416,849,-1160,5114,4803,22066,-30143,748,0,0,1,0,1,0
166,85937,999,-1077,802,724,25947,-27988,189,0,0,1,0,1,0
167,86458,1110,-953,-3389,-3232,28831,-24758,-377,0,0,1,0,1,0
168,86979,1178,-792,-7301,-6915,30607,-20576,-929,0,0,1,0,1,0
169,87500,1201,-601,-10787,-10187,31207,-15603,-1445,0,0,1,0,1,0
170,88020,1178,-386,-13716,-12924,30607,-10031,-1905,0,0,1,0,1,0
171,88541,1110,-157,-15978,-15024,28831,-4073,-2292,0,0,1,0,1,0
172,89062,999,79,-17487,-16410,25947,2041,-2592,0,0,1,0,1,0
173,89583,849,311,-18191,-17030,22066,8077,-2791,0,0,1,0,1,0
174,90104,667,531,-18063,-16864,17337,13802,-2883,0,0,1,0,1,0
175,90625,460,731,-17111,-15920,11942,18997,-2865,0,0,1,0,1,0
176,91145,234,903,-15375,-14237,6088,23462,-2736,0,0,1,0,1,0
177,91666,0,1040,-12923,-11883,0,27026,-2502,0,0,1,0,1,0
178,92187,-234,1138,-9853,-8950,-6088,29551,-2172,0,0,1,0,1,0
179,92708,-460,1191,-6284,-5553,-11942,30940,-1759,0,0,1,0,1,0
180,93229,-667,1199,-2356,-1825,-17337,31140,-1278,0,0,1,0,1,0
181,93750,-849,1160,1777,2088,-22066,30143,-748,0,0,1,0,1,0
182,94270,-999,1077,5955,6034,-25947,27988,-189,0,0,1,0,1,0
183,94791,-1110,953,10015,9858,-28831,24758,377,0,0,1,0,1,0
184,95312,-1178,792,13799,13413,-30607,20576,929,0,0,1,0,1,0
185,95833,-1201,601,17159,16558,-31207,15603,1445,0,0,1,0,1,0
186,96354,-1178,386,19963,19171,-30607,10031,1905,0,0,1,0,1,0
187,96875,-1110,157,22103,21150,-28831,4073,2292,0,0,1,0,1,0
188,97395,-999,-79,23494,22417,-25947,-2041,2592,0,0,1,0,1,0
189,97916,-849,-311,24081,22920,-22066,-8077,2791,0,0,1,0,1,0
190,98437,-667,-531,23838,22639,-17337,-13802,2883,0,0,1,0,1,0
191,98958,-460,-731,22774,21583,-11942,-18997,2865,0,0,1,0,1,0
192,99479,-234,-903,20928,19790,-6088,-23462,2736,0,0,1,0,1,0
193,100000,0,-1040,18368,17328,0,-27026,2502,0,0,1,0,1,0
194,100520,234,-1138,15192,14289,6088,-29551,2172,0,0,1,0,1,0
195,101041,460,-1191,11519,10788,11942,-30940,1759,0,0,1,0,1,0
196,101562,667,-1199,7490,6958,17337,-31140,1278,0,0,1,0,1,0
197,102083,849,-1160,3256,2946,22066,-30143,748,0,0,1,0,1,0
198,102604,999,-1077,-1019,-1098,25947,-27988,189,0,0,1,0,1,0
199,103125,1110,-953,-5175,-5019,28831,-24758,-377,0,0,1,0,1,0
200,103645,1178,-792,-9053,-8667,30607,-20576,-929,0,0,1,0,1,0
201,104166,1201,-601,-12505,-11904,31207,-15603,-1445,0,0,1,0,1,0
202,104687,1178,-386,-15400,-14608,30607,-10031,-1905,0,0,1,0,1,0
203,105208,1110,-157,-17629,-16676,28831,-4073,-2292,0,0,1,0,1,0
204,105729,999,79,-19107,-18029,25947,2041,-2592,0,0,1,0,1,0
205,106250,849,311,-19779,-18618,22066,8077,-2791,0,0,1,0,1,0
206,106770,667,531,-19620,-18421,17337,13802,-2883,0,0,1,0,1,0
207,107291,460,731,-18638,-17447,11942,18997,-2865,0,0,1,0,1,0
208,107812,234,903,-16872,-15734,6088,23462,-2736,0,0,1,0,1,0
209,108333,0,1040,-14391,-13351,0,27026,-2502,0,0,1,0,1,0
210,108854,-234,1138,-11292,-10389,-6088,29551,-2172,0,0,1,0,1,0
211,109375,-460,1191,-7695,-6964,-11942,30940,-1759,0,0,1,0,1,0
212,109895,-667,1199,-3740,-3209,-17337,31140,-1278,0,0,1,0,1,0
213,110416,-849,1160,420,731,-22066,30143,-748,0,0,1,0,1,0
214,110937,-999,1077,4625,4703,-25947,27988,-189,0,0,1,0,1,0
215,111458,-1110,953,8710,8554,-28831,24758,377,0,0,1,0,1,0
216,111979,-1178,792,12519,12133,-30607,20576,929,0,0,1,0,1,0
217,112500,-1201,601,15904,15303,-31207,15603,1445,0,0,1,0,1,0
218,113020,-1178,386,18733,17941,-30607,10031,1905,0,0,1,0,1,0
219,113541,-1110,157,20897,19944,-28831,4073,2292,0,0,1,0,1,0
220,114062,-999,-79,22311,21234,-25947,-2041,2592,0,0,1,0,1,0
221,114583,-849,-311,22921,21760,-22066,-8077,2791,0,0,1,0,1,0
222,115104,-667,-531,22701,21502,-17337,-13802,2883,0,0,1,0,1,0
223,115625,-460,-731,21659,20468,-11942,-18997,2865,0,0,1,0,1,0
224,116145,-234,-903,19834,18697,-6088,-23462,2736,0,0,1,0,1,0
225,116666,0,-1040,17296,16256,0,-27026,2502,0,0,1,0,1,0
226,117187,234,-1138,14140,13237,6088,-29551,2172,0,0,1,0,1,0
227,117708,460,-1191,10488,9757,11942,-30940,1759,0,0,1,0,1,0
228,118229,667,-1199,6479,5947,17337,-31140,1278,0,0,1,0,1,0
229,118750,849,-1160,2265,1954,22066,-30143,748,0,0,1,0,1,0
230,119270,999,-1077,-1991,-2070,25947,-27988,189,0,0,1,0,1,0
231,119791,1110,-953,-6128,-5972,28831,-24758,-377,0,0,1,0,1,0
232,120312,1178,-792,-9988,-9601,30607,-20576,-929,0,0,1,0,1,0
233,120833,1201,-601,-13421,-12821,31207,-15603,-1445,0,0,1,0,1,0
234,121354,1178,-386,-16299,-15507,30607,-10031,-1905,0,0,1,0,1,0
235,121875,1110,-157,-18510,-17557,28831,-4073,-2292,0,0,1,0,1,0
236,122395,999,79,-19971,-18893,25947,2041,-2592,0,0,1,0,1,0
237,122916,849,311,-20626,-19465,22066,8077,-2791,0,0,1,0,1,0
238,123437,667,531,-20450,-19252,17337,13802,-2883,0,0,1,0,1,0
239,123958,460,731,-19452,-18261,11942,18997,-2865,0,0,1,0,1,0
240,124479,234,903,-17671,-16533,6088,23462,-2736,0,0,1,0,1,0
241,125000,0,1040,-15174,-14134,0,27026,-2502,0,0,1,0,1,0
242,125520,-234,1138,-12060,-11157,-6088,29551,-2172,0,0,1,0,1,0
243,126041,-460,1191,-8448,-7717,-11942,30940,-1759,0,0,1,0,1,0
244,126562,-667,1199,-4479,-3947,-17337,31140,-1278,0,0,1,0,1,0
245,127083,-849,1160,-304,7,-22066,30143,-748,0,0,1,0,1,0
246,127604,-999,1077,3915,3993,-25947,27988,-189,0,0,1,0,1,0
247,128124,-1110,953,8014,7857,-28831,24758,377,0,0,1,0,1,0
248,128645,-1178,792,11837,11451,-30607,20576,929,0,0,1,0,1,0
249,129166,-1201,601,15235,14634,-31207,15603,1445,0,0,1,0,1,0
250,129687,-1178,386,18077,17285,-30607,10031,1905,0,0,1,0,1,0
251,130208,-1110,157,20253,19300,-28831,4073,2292,0,0,1,0,1,0
252,130729,-999,-79,21680,20603,-25947,-2041,2592,0,0,1,0,1,0
253,131250,-849,-311,22302,21142,-22066,-8077,2791,0,0,1,0,1,0
254,131770,-667,-531,22094,20895,-17337,-13802,2883,0,0,1,0,1,0
255,132291,-460,-731,21064,19873,-11942,-18997,2865,0,0,1,0,1,0
256,132812,-234,-903,19251,18113,-6088,-23462,2736,0,0,1,0,1,0
257,133333,0,-1040,16724,15684,0,-27026,2502,0,0,1,0,1,0
258,133854,234,-1138,13580,12676,6088,-29551,2172,0,0,1,0,1,0
259,134375,460,-1191,9938,9207,11942,-30940,1759,0,0,1,0,1,0
260,134895,667,-1199,5940,5408,17337,-31140,1278,0,0,1,0,1,0
261,135416,849,-1160,1736,1426,22066,-30143,748,0,0,1,0,1,0
262,135937,999,-1077,-2510,-2589,25947,-27988,189,0,0,1,0,1,0
263,136458,1110,-953,-6637,-6480,28831,-24758,-377,0,0,1,0,1,0
264,136979,1178,-792,-10486,-10100,30607,-20576,-929,0,0,1,0,1,0
265,137500,1201,-601,-13910,-13310,31207,-15603,-1445,0,0,1,0,1,0
266,138020,1178,-386,-16778,-15986,30607,-10031,-1905,0,0,1,0,1,0
267,138541,1110,-157,-18980,-18027,28831,-4073,-2292,0,0,1,0,1,0
268,139062,999,79,-20432,-19354,25947,2041,-2592,0,0,1,0,1,0
269,139583,849,311,-21078,-19917,22066,8077,-2791,0,0,1,0,1,0
270,140104,667,531,-20894,-19695,17337,13802,-2883,0,0,1,0,1,0
271,140625,460,731,-19887,-18696,11942,18997,-2865,0,0,1,0,1,0
272,141145,234,903,-18097,-16959,6088,23462,-2736,0,0,1,0,1,0
273,141666,0,1040,-15592,-14552,0,27026,-2502,0,0,1,0,1,0
274,142187,-234,1138,-12470,-11567,-6088,29551,-2172,0,0,1,0,1,0
275,142708,-460,1191,-8850,-8119,-11942,30940,-1759,0,0,1,0,1,0
276,143229,-667,1199,-4872,-4341,-17337,31140,-1278,0,0,1,0,1,0
277,143750,-849,1160,-690,-379,-22066,30143,-748,0,0,1,0,1,0
278,144270,-999,1077,3536,3615,-25947,27988,-189,0,0,1,0,1,0
279,144791,-1110,953,7643,7486,-28831,24758,377,0,0,1,0,1,0
280,145312,-1178,792,11473,11086,-30607,20576,929,0,0,1,0,1,0
281,145833,-1201,601,14878,14277,-31207,15603,1445,0,0,1,0,1,0
282,146354,-1178,386,17727,16935,-30607,10031,1905,0,0,1,0,1,0
283,146875,-1110,157,19910,18957,-28831,4073,2292,0,0,1,0,1,0
284,147395,-999,-79,21344,20266,-25947,-2041,2592,0,0,1,0,1,0
285,147916,-849,-311,21972,20812,-22066,-8077,2791,0,0,1,0,1,0
286,148437,-667,-531,21770,20572,-17337,-13802,2883,0,0,1,0,1,0
287,148958,-460,-731,20747,19556,-11942,-18997,2865,0,0,1,0,1,0
288,149479,-234,-903,18940,17802,-6088,-23462,2736,0,0,1,0,1,0
289,150000,0,-1040,16419,15378,0,-27026,2502,0,0,1,0,1,0
290,150520,234,-1138,13280,12377,6088,-29551,2172,0,0,1,0,1,0
291,151041,460,-1191,9645,8914,11942,-30940,1759,0,0,1,0,1,0
292,151562,667,-1199,5652,5121,17337,-31140,1278,0,0,1,0,1,0
293,152083,849,-1160,1454,1143,22066,-30143,748,0,0,1,0,1,0
294,152604,999,-1077,-2787,-2865,25947,-27988,189,0,0,1,0,1,0
295,153125,1110,-953,-6908,-6751,28831,-24758,-377,0,0,1,0,1,0
296,153645,1178,-792,-10752,-10366,30607,-20576,-929,0,0,1,0,1,0
297,154166,1201,-601,-14171,-13570,31207,-15603,-1445,0,0,1,0,1,0
298,154687,1178,-386,-17034,-16242,30607,-10031,-1905,0,0,1,0,1,0
299,155208,1110,-157,-19231,-18278,28831,-4073,-2292,0,0,1,0,1,0
300,155729,999,79,-20678,-19600,25947,2041,-2592,0,0,1,0,1,0
301,156250,849,311,-21319,-20158,22066,8077,-2791,0,0,1,0,1,0
302,156770,667,531,-21130,-19931,17337,13802,-2883,0,0,1,0,1,0
303,157291,460,731,-20119,-18928,11942,18997,-2865,0,0,1,0,1,0
304,157812,234,903,-18324,-17186,6088,23462,-2736,0,0,1,0,1,0
305,158333,0,1040,-15815,-14775,0,27026,-2502,0,0,1,0,1,0
306,158854,-234,1138,-12688,-11785,-6088,29551,-2172,0,0,1,0,1,0
307,159375,-460,1191,-9064,-8333,-11942,30940,-1759,0,0,1,0,1,0
308,159895,-667,1199,-5083,-4551,-17337,31140,-1278,0,0,1,0,1,0
309,160416,-849,1160,-896,-585,-22066,30143,-748,0,0,1,0,1,0
310,160937,-999,1077,3334,3413,-25947,27988,-189,0,0,1,0,1,0
311,161458,-1110,953,7445,7288,-28831,24758,377,0,0,1,0,1,0
312,161979,-1178,792,11278,10892,-30607,20576,929,0,0,1,0,1,0
313,162500,-1201,601,14687,14086,-31207,15603,1445,0,0,1,0,1,0
314,163020,-1178,386,17540,16748,-30607,10031,1905,0,0,1,0,1,0
315,163541,-1110,157,19727,18774,-28831,4073,2292,0,0,1,0,1,0
316,164062,-999,-79,21164,20087,-25947,-2041,2592,0,0,1,0,1,0
317,164583,-849,-311,21796,20635,-22066,-8077,2791,0,0,1,0,1,0
318,165104,-667,-531,21598,20399,-17337,-13802,2883,0,0,1,0,1,0
319,165625,-460,-731,20577,19386,-11942,-18997,2865,0,0,1,0,1,0
320,166145,-234,-903,18774,17636,-6088,-23462,2736,0,0,1,0,1,0
321,166666,0,-1040,16256,15216,0,-27026,2502,0,0,1,0,1,0
322,167187,234,-1138,13121,12218,6088,-29551,2172,0,0,1,0,1,0
323,167708,460,-1191,9488,8757,11942,-30940,1759,0,0,1,0,1,0
324,168229,667,-1199,5498,4967,17337,-31140,1278,0,0,1,0,1,0
325,168750,849,-1160,1304,993,22066,-30143,748,0,0,1,0,1,0
326,169270,999,-1077,-2934,-3013,25947,-27988,189,0,0,1,0,1,0
327,169791,1110,-953,-7053,-6896,28831,-24758,-377,0,0,1,0,1,0
328,170312,1178,-792,-10894,-10508,30607,-20576,-929,0,0,1,0,1,0
329,170833,1201,-601,-14310,-13710,31207,-15603,-1445,0,0,1,0,1,0
330,171354,1178,-386,-17170,-16378,30607,-10031,-1905,0,0,1,0,1,0
331,171875,1110,-157,-19365,-18412,28831,-4073,-2292,0,0,1,0,1,0
332,172395,999,79,-20809,-19731,25947,2041,-2592,0,0,1,0,1,0
333,172916,849,311,-21447,-20287,22066,8077,-2791,0,0,1,0,1,0
334,173437,667,531,-21256,-20057,17337,13802,-2883,0,0,1,0,1,0
335,173958,460,731,-20242,-19051,11942,18997,-2865,0,0,1,0,1,0
336,174479,234,903,-18445,-17308,6088,23462,-2736,0,0,1,0,1,0
337,175000,0,1040,-15934,-14893,0,27026,-2502,0,0,1,0,1,0
338,175520,-234,1138,-12805,-11902,-6088,29551,-2172,0,0,1,0,1,0
339,176041,-460,1191,-9179,-8447,-11942,30940,-1759,0,0,1,0,1,0
340,176562,-667,1199,-5195,-4663,-17337,31140,-1278,0,0,1,0,1,0
341,177083,-849,1160,-1006,-695,-22066,30143,-748,0,0,1,0,1,0
342,177604,-999,1077,3226,3305,-25947,27988,-189,0,0,1,0,1,0
343,178125,-1110,953,7339,7182,-28831,24758,377,0,0,1,0,1,0
344,178645,-1178,792,11175,10789,-30607,20576,929,0,0,1,0,1,0
345,179166,-1201,601,14586,13985,-31207,15603,1445,0,0,1,0,1,0
346,179687,-1178,386,17440,16648,-30607,10031,1905,0,0,1,0,1,0
347,180208,-1110,157,19629,18676,-28831,4073,2292,0,0,1,0,1,0
348,180729,-999,-79,21068,19991,-25947,-2041,2592,0,0,1,0,1,0
349,181250,-849,-311,21702,20541,-22066,-8077,2791,0,0,1,0,1,0
350,181770,-667,-531,21506,20307,-17337,-13802,2883,0,0,1,0,1,0
351,182291,-460,-731,20487,19296,-11942,-18997,2865,0,0,1,0,1,0
352,182812,-234,-903,18685,17548,-6088,-23462,2736,0,0,1,0,1,0
353,183333,0,-1040,16169,15129,0,-27026,2502,0,0,1,0,1,0
354,183854,234,-1138,13036,12132,6088,-29551,2172,0,0,1,0,1,0
355,184375,460,-1191,9405,8674,11942,-30940,1759,0,0,1,0,1,0
356,184895,667,-1199,5416,4885,17337,-31140,1278,0,0,1,0,1,0
357,185416,849,-1160,1224,913,22066,-30143,748,0,0,1,0,1,0
358,185937,999,-1077,-3013,-3091,25947,-27988,189,0,0,1,0,1,0
359,186458,1110,-953,-7130,-6973,28831,-24758,-377,0,0,1,0,1,0
360,186979,1178,-792,-10970,-10584,30607,-20576,-929,0,0,1,0,1,0
361,187500,1201,-601,-14384,-13784,31207,-15603,-1445,0,0,1,0,1,0
362,188020,1178,-386,-17243,-16451,30607,-10031,-1905,0,0,1,0,1,0
363,188541,1110,-157,-19436,-18483,28831,-4073,-2292,0,0,1,0,1,0
364,189062,999,79,-20879,-19801,25947,2041,-2592,0,0,1,0,1,0
365,189583,849,311,-21516,-20356,22066,8077,-2791,0,0,1,0,1,0
366,190104,667,531,-21323,-20125,17337,13802,-2883,0,0,1,0,1,0
367,190625,460,731,-20308,-19117,11942,18997,-2865,0,0,1,0,1,0
368,191145,234,903,-18510,-17372,6088,23462,-2736,0,0,1,0,1,0
369,191666,0,1040,-15997,-14957,0,27026,-2502,0,0,1,0,1,0
370,192187,-234,1138,-12867,-11964,-6088,29551,-2172,0,0,1,0,1,0
371,192708,-460,1191,-9240,-8508,-11942,30940,-1759,0,0,1,0,1,0
372,193229,-667,1199,-5254,-4723,-17337,31140,-1278,0,0,1,0,1,0
373,193750,-849,1160,-1065,-754,-22066,30143,-748,0,0,1,0,1,0
374,194270,-999,1077,3169,3247,-25947,27988,-189,0,0,1,0,1,0
375,194791,-1110,953,7283,7126,-28831,24758,377,0,0,1,0,1,0
376,195312,-1178,792,11119,10733,-30607,20576,929,0,0,1,0,1,0
377,195833,-1201,601,14531,13931,-31207,15603,1445,0,0,1,0,1,0
378,196354,-1178,386,17387,16595,-30607,10031,1905,0,0,1,0,1,0
379,196875,-1110,157,19577,18624,-28831,4073,2292,0,0,1,0,1,0
380,197395,-999,-79,21017,19940,-25947,-2041,2592,0,0,1,0,1,0
381,197916,-849,-311,21652,20491,-22066,-8077,2791,0,0,1,0,1,0
382,198437,-667,-531,21456,20258,-17337,-13802,2883,0,0,1,0,1,0
383,198958,-460,-731,20439,19248,-11942,-18997,2865,0,0,1,0,1,0
384,199479,-234,-903,18638,17500,-6088,-23462,2736,0,0,1,0,1,0
385,200000,0,-1040,16123,15082,0,-27026,2502,0,0,1,0,1,0
386,200520,234,-1138,12990,12087,6088,-29551,2172,0,0,1,0,1,0
387,201041,460,-1191,9360,8629,11942,-30940,1759,0,0,1,0,1,0
388,201562,667,-1199,5373,4841,17337,-31140,1278,0,0,1,0,1,0
389,202083,849,-1160,1181,870,22066,-30143,748,0,0,1,0,1,0
390,202604,999,-1077,-3055,-3133,25947,-27988,189,0,0,1,0,1,0
391,203125,1110,-953,-7171,-7014,28831,-24758,-377,0,0,1,0,1,0
392,203645,1178,-792,-11010,-10624,30607,-20576,-929,0,0,1,0,1,0
393,204166,1201,-601,-14424,-13823,31207,-15603,-1445,0,0,1,0,1,0
394,204687,1178,-386,-17282,-16490,30607,-10031,-1905,0,0,1,0,1,0
395,205208,1110,-157,-19474,-18521,28831,-4073,-2292,0,0,1,0,1,0
396,205729,999,79,-20916,-19839,25947,2041,-2592,0,0,1,0,1,0
397,206250,849,311,-21553,-20392,22066,8077,-2791,0,0,1,0,1,0
398,206770,667,531,-21359,-20160,17337,13802,-2883,0,0,1,0,1,0
399,207291,460,731,-20343,-19152,11942,18997,-2865,0,0,1,0,1,0
400,207812,234,903,-18544,-17407,6088,23462,-2736,0,0,1,0,1,0
401,208333,0,1040,-16031,-14991,0,27026,-2502,0,0,1,0,1,0
402,208854,-234,1138,-12900,-11997,-6088,29551,-2172,0,0,1,0,1,0
403,209375,-460,1191,-9272,-8541,-11942,30940,-1759,0,0,1,0,1,0
404,209895,-667,1199,-5286,-4755,-17337,31140,-1278,0,0,1,0,1,0
405,210416,-849,1160,-1096,-785,-22066,30143,-748,0,0,1,0,1,0
406,210937,-999,1077,3138,3217,-25947,27988,-189,0,0,1,0,1,0
407,211458,-1110,953,7253,7096,-28831,24758,377,0,0,1,0,1,0
408,211979,-1178,792,11090,10704,-30607,20576,929,0,0,1,0,1,0
409,212500,-1201,601,14502,13902,-31207,15603,1445,0,0,1,0,1,0
410,213020,-1178,386,17359,16567,-30607,10031,1905,0,0,1,0,1,0
411,213541,-1110,157,19549,18596,-28831,4073,2292,0,0,1,0,1,0
412,214062,-999,-79,20990,19912,-25947,-2041,2592,0,0,1,0,1,0
413,214583,-849,-311,21625,20465,-22066,-8077,2791,0,0,1,0,1,0
414,215104,-667,-531,21430,20232,-17337,-13802,2883,0,0,1,0,1,0
415,215625,-460,-731,20413,19222,-11942,-18997,2865,0,0,1,0,1,0
416,216145,-234,-903,18613,17475,-6088,-23462,2736,0,0,1,0,1,0
417,216666,0,-1040,16098,15058,0,-27026,2502,0,0,1,0,1,0
418,217187,234,-1138,12966,12063,6088,-29551,2172,0,0,1,0,1,0
419,217708,460,-1191,9337,8605,11942,-30940,1759,0,0,1,0,1,0
420,218229,667,-1199,5349,4818,17337,-31140,1278,0,0,1,0,1,0
421,218750,849,-1160,1158,847,22066,-30143,748,0,0,1,0,1,0
422,219270,999,-1077,-3077,-3156,25947,-27988,189,0,0,1,0,1,0
423,219791,1110,-953,-7193,-7036,28831,-24758,-377,0,0,1,0,1,0
424,220312,1178,-792,-11032,-10645,30607,-20576,-929,0,0,1,0,1,0
425,220833,1201,-601,-14445,-13845,31207,-15603,-1445,0,0,1,0,1,0
426,221354,1178,-386,-17303,-16511,30607,-10031,-1905,0,0,1,0,1,0
427,221875,1110,-157,-19494,-18541,28831,-4073,-2292,0,0,1,0,1,0
428,222395,999,79,-20936,-19858,25947,2041,-2592,0,0,1,0,1,0
429,222916,849,311,-21572,-20412,22066,8077,-2791,0,0,1,0,1,0
430,223437,667,531,-21378,-20180,17337,13802,-2883,0,0,1,0,1,0
431,223958,460,731,-20362,-19171,11942,18997,-2865,0,0,1,0,1,0
432,224479,234,903,-18563,-17425,6088,23462,-2736,0,0,1,0,1,0
433,225000,0,1040,-16049,-15009,0,27026,-2502,0,0,1,0,1,0
434,225520,-234,1138,-12918,-12015,-6088,29551,-2172,0,0,1,0,1,0
435,226041,-460,1191,-9290,-8558,-11942,30940,-1759,0,0,1,0,1,0
436,226562,-667,1199,-5303,-4772,-17337,31140,-1278,0,0,1,0,1,0
437,227083,-849,1160,-1113,-802,-22066,30143,-748,0,0,1,0,1,0
438,227604,-999,1077,3122,3200,-25947,27988,-189,0,0,1,0,1,0
439,228125,-1110,953,7237,7080,-28831,24758,377,0,0,1,0,1,0
440,228645,-1178,792,11074,10688,-30607,20576,929,0,0,1,0,1,0
441,229166,-1201,601,14487,13886,-31207,15603,1445,0,0,1,0,1,0
442,229687,-1178,386,17344,16552,-30607,10031,1905,0,0,1,0,1,0
443,230208,-1110,157,19535,18581,-28831,4073,2292,0,0,1,0,1,0
444,230729,-999,-79,20975,19898,-25947,-2041,2592,0,0,1,0,1,0
445,231250,-849,-311,21611,20450,-22066,-8077,2791,0,0,1,0,1,0
446,231770,-667,-531,21416,20218,-17337,-13802,2883,0,0,1,0,1,0
447,232291,-460,-731,20399,19208,-11942,-18997,2865,0,0,1,0,1,0
448,232812,-234,-903,18599,17462,-6088,-23462,2736,0,0,1,0,1,0
449,233333,0,-1040,16085,15045,0,-27026,2502,0,0,1,0,1,0
450,233854,234,-1138,12953,12050,6088,-29551,2172,0,0,1,0,1,0
451,234375,460,-1191,9324,8593,11942,-30940,1759,0,0,1,0,1,0
452,234895,667,-1199,5337,4806,17337,-31140,1278,0,0,1,0,1,0
453,235416,849,-1160,1146,835,22066,-30143,748,0,0,1,0,1,0
454,235937,999,-1077,-3089,-3168,25947,-27988,189,0,0,1,0,1,0
455,236458,1110,-953,-7205,-7048,28831,-24758,-377,0,0,1,0,1,0
456,236979,1178,-792,-11043,-10657,30607,-20576,-929,0,0,1,0,1,0
457,237500,1201,-601,-14456,-13856,31207,-15603,-1445,0,0,1,0,1,0
458,238020,1178,-386,-17314,-16522,30607,-10031,-1905,0,0,1,0,1,0
459,238541,1110,-157,-19505,-18552,28831,-4073,-2292,0,0,1,0,1,0
460,239062,999,79,-20947,-19869,25947,2041,-2592,0,0,1,0,1,0
461,239583,849,311,-21583,-20422,22066,8077,-2791,0,0,1,0,1,0
462,240104,667,531,-21389,-20190,17337,13802,-2883,0,0,1,0,1,0
463,240625,460,731,-20372,-19181,11942,18997,-2865,0,0,1,0,1,0
464,241145,234,903,-18573,-17435,6088,23462,-2736,0,0,1,0,1,0
465,241666,0,1040,-16059,-15018,0,27026,-2502,0,0,1,0,1,0
466,242187,-234,1138,-12927,-12024,-6088,29551,-2172,0,0,1,0,1,0
467,242708,-460,1191,-9299,-8567,-11942,30940,-1759,0,0,1,0,1,0
468,243229,-667,1199,-5312,-4781,-17337,31140,-1278,0,0,1,0,1,0
469,243750,-849,1160,-1122,-811,-22066,30143,-748,0,0,1,0,1,0
470,244270,-999,1077,3113,3191,-25947,27988,-189,0,0,1,0,1,0
471,244791,-1110,953,7228,7071,-28831,24758,377,0,0,1,0,1,0
472,245312,-1178,792,11066,10680,-30607,20576,929,0,0,1,0,1,0
473,245833,-1201,601,14479,13878,-31207,15603,1445,0,0,1,0,1,0
474,246354,-1178,386,17336,16544,-30607,10031,1905,0,0,1,0,1,0
475,246875,-1110,157,19527,18574,-28831,4073,2292,0,0,1,0,1,0
476,247395,-999,-79,20968,19890,-25947,-2041,2592,0,0,1,0,1,0
477,247916,-849,-311,21603,20443,-22066,-8077,2791,0,0,1,0,1,0
478,248437,-667,-531,21409,20210,-17337,-13802,2883,0,0,1,0,1,0
479,248958,-460,-731,20392,19201,-11942,-18997,2865,0,0,1,0,1,0
480,249479,-234,-903,18592,17454,-6088,-23462,2736,0,0,1,0,1,0
481,250000,0,-1040,16078,15037,0,-27026,2502,0,0,1,0,1,0
482,250520,234,-1138,12946,12043,6088,-29551,2172,0,0,1,0,1,0
483,251041,460,-1191,9317,8586,11942,-30940,1759,0,0,1,0,1,0
484,251562,667,-1199,5330,4799,17337,-31140,1278,0,0,1,0,1,0
485,252083,849,-1160,1139,828,22066,-30143,748,0,0,1,0,1,0
486,252604,999,-1077,-3096,-3174,25947,-27988,189,0,0,1,0,1,0
487,253125,1110,-953,-7211,-7054,28831,-24758,-377,0,0,1,0,1,0
488,253645,1178,-792,-11049,-10663,30607,-20576,-929,0,0,1,0,1,0
489,254166,1201,-601,-14462,-13862,31207,-15603,-1445,0,0,1,0,1,0
490,254687,1178,-386,-17320,-16528,30607,-10031,-1905,0,0,1,0,1,0
491,255208,1110,-157,-19511,-18558,28831,-4073,-2292,0,0,1,0,1,0
492,255729,999,79,-20952,-19875,25947,2041,-2592,0,0,1,0,1,0
493,256249,849,311,-21588,-20428,22066,8077,-2791,0,0,1,0,1,0
494,256770,667,531,-21394,-20195,17337,13802,-2883,0,0,1,0,1,0
495,257291,460,731,-20378,-19187,11942,18997,-2865,0,0,1,0,1,0
496,257812,234,903,-18578,-17440,6088,23462,-2736,0,0,1,0,1,0
497,258333,0,1040,-16064,-15024,0,27026,-2502,0,0,1,0,1,0
498,258854,-234,1138,-12932,-12029,-6088,29551,-2172,0,0,1,0,1,0
499,259375,-460,1191,-9304,-8572,-11942,30940,-1759,0,0,1,0,1,0
500,259895,-667,1199,-5317,-4786,-17337,31140,-1278,0,0,1,0,1,0
501,260416,-849,1160,-1126,-815,-22066,30143,-748,0,0,1,0,1,0
502,260937,-999,1077,3108,3187,-25947,27988,-189,0,0,1,0,1,0
503,261458,-1110,953,7223,7067,-28831,24758,377,0,0,1,0,1,0
504,261979,-1178,792,11061,10675,-30607,20576,929,0,0,1,0,1,0
505,262500,-1201,601,14474,13874,-31207,15603,1445,0,0,1,0,1,0
506,263020,-1178,386,17331,16539,-30607,10031,1905,0,0,1,0,1,0
507,263541,-1110,157,19522,18569,-28831,4073,2292,0,0,1,0,1,0
508,264062,-999,-79,20963,19886,-25947,-2041,2592,0,0,1,0,1,0
509,264583,-849,-311,21599,20439,-22066,-8077,2791,0,0,1,0,1,0
510,265104,-667,-531,21405,20206,-17337,-13802,2883,0,0,1,0,1,0
511,265625,-460,-731,20388,19197,-11942,-18997,2865,0,0,1,0,1,0
512,266145,-234,-903,18588,17451,-6088,-23462,2736,0,0,1,0,1,0
513,266666,0,-1040,16074,15034,0,-27026,2502,0,0,1,0,1,0
514,267187,234,-1138,12942,12039,6088,-29551,2172,0,0,1,0,1,0
515,267708,460,-1191,9314,8582,11942,-30940,1759,0,0,1,0,1,0
516,268229,667,-1199,5327,4796,17337,-31140,1278,0,0,1,0,1,0
517,268750,849,-1160,1136,825,22066,-30143,748,0,0,1,0,1,0
518,269270,999,-1077,-3099,-3178,25947,-27988,189,0,0,1,0,1,0
519,269791,1110,-953,-7214,-7058,28831,-24758,-377,0,0,1,0,1,0
520,270312,1178,-792,-11052,-10666,30607,-20576,-929,0,0,1,0,1,0
521,270833,1201,-601,-14466,-13865,31207,-15603,-1445,0,0,1,0,1,0
522,271354,1178,-386,-17323,-16531,30607,-10031,-1905,0,0,1,0,1,0
523,271875,1110,-157,-19514,-18561,28831,-4073,-2292,0,0,1,0,1,0
524,272395,999,79,-20955,-19878,25947,2041,-2592,0,0,1,0,1,0
525,272916,849,311,-21591,-20431,22066,8077,-2791,0,0,1,0,1,0
526,273437,667,531,-21397,-20198,17337,13802,-2883,0,0,1,0,1,0
527,273958,460,731,-20380,-19189,11942,18997,-2865,0,0,1,0,1,0
528,274479,234,903,-18581,-17443,6088,23462,-2736,0,0,1,0,1,0
529,275000,0,1040,-16067,-15026,0,27026,-2502,0,0,1,0,1,0
530,275520,-234,1138,-12935,-12032,-6088,29551,-2172,0,0,1,0,1,0
531,276041,-460,1191,-9306,-8575,-11942,30940,-1759,0,0,1,0,1,0
532,276562,-667,1199,-5320,-4789,-17337,31140,-1278,0,0,1,0,1,0
533,277083,-849,1160,-1129,-818,-22066,30143,-748,0,0,1,0,1,0
534,277604,-999,1077,3106,3184,-25947,27988,-189,0,0,1,0,1,0
535,278125,-1110,953,7221,7064,-28831,24758,377,0,0,1,0,1,0
536,278645,-1178,792,11059,10673,-30607,20576,929,0,0,1,0,1,0
537,279166,-1201,601,14472,13871,-31207,15603,1445,0,0,1,0,1,0
538,279687,-1178,386,17329,16537,-30607,10031,1905,0,0,1,0,1,0
539,280208,-1110,157,19520,18567,-28831,4073,2292,0,0,1,0,1,0
540,280729,-999,-79,20961,19884,-25947,-2041,2592,0,0,1,0,1,0
541,281250,-849,-311,21597,20437,-22066,-8077,2791,0,0,1,0,1,0
542,281770,-667,-531,21403,20204,-17337,-13802,2883,0,0,1,0,1,0
543,282291,-460,-731,20386,19195,-11942,-18997,2865,0,0,1,0,1,0
544,282812,-234,-903,18586,17449,-6088,-23462,2736,0,0,1,0,1,0
545,283333,0,-1040,16072,15032,0,-27026,2502,0,0,1,0,1,0
546,283854,234,-1138,12940,12037,6088,-29551,2172,0,0,1,0,1,0
547,284375,460,-1191,9312,8580,11942,-30940,1759,0,0,1,0,1,0
548,284895,667,-1199,5325,4794,17337,-31140,1278,0,0,1,0,1,0
549,285416,849,-1160,1134,823,22066,-30143,748,0,0,1,0,1,0
550,285937,999,-1077,-3101,-3179,25947,-27988,189,0,0,1,0,1,0
551,286458,1110,-953,-7216,-7059,28831,-24758,-377,0,0,1,0,1,0
552,286979,1178,-792,-11054,-10668,30607,-20576,-929,0,0,1,0,1,0
553,287500,1201,-601,-14467,-13867,31207,-15603,-1445,0,0,1,0,1,0
554,288020,1178,-386,-17324,-16532,30607,-10031,-1905,0,0,1,0,1,0
555,288541,1110,-157,-19516,-18563,28831,-4073,-2292,0,0,1,0,1,0
556,289062,999,79,-20957,-19879,25947,2041,-2592,0,0,1,0,1,0
557,289583,849,311,-21593,-20432,22066,8077,-2791,0,0,1,0,1,0
558,290104,667,531,-21399,-20200,17337,13802,-2883,0,0,1,0,1,0
559,290625,460,731,-20382,-19191,11942,18997,-2865,0,0,1,0,1,0
560,291145,234,903,-18582,-17445,6088,23462,-2736,0,0,1,0,1,0
561,291666,0,1040,-16068,-15028,0,27026,-2502,0,0,1,0,1,0
562,292187,-234,1138,-12937,-12033,-6088,29551,-2172,0,0,1,0,1,0
563,292708,-460,1191,-9308,-8576,-11942,30940,-1759,0,0,1,0,1,0
564,293229,-667,1199,-5321,-4790,-17337,31140,-1278,0,0,1,0,1,0
565,293750,-849,1160,-1130,-819,-22066,30143,-748,0,0,1,0,1,0
566,294270,-999,1077,3104,3183,-25947,27988,-189,0,0,1,0,1,0
567,294791,-1110,953,7220,7063,-28831,24758,377,0,0,1,0,1,0
568,295312,-1178,792,11058,10672,-30607,20576,929,0,0,1,0,1,0
569,295833,-1201,601,14471,13870,-31207,15603,1445,0,0,1,0,1,0
570,296354,-1178,386,17328,16536,-30607,10031,1905,0,0,1,0,1,0
571,296875,-1110,157,19519,18566,-28831,4073,2292,0,0,1,0,1,0
572,297395,-999,-79,20960,19883,-25947,-2041,2592,0,0,1,0,1,0
573,297916,-849,-311,21596,20435,-22066,-8077,2791,0,0,1,0,1,0
574,298437,-667,-531,21402,20203,-17337,-13802,2883,0,0,1,0,1,0
575,298958,-460,-731,20385,19194,-11942,-18997,2865,0,0,1,0,1,0
576,299479,-234,-903,18585,17448,-6088,-23462,2736,0,0,1,0,1,0
577,300000,0,-1040,16071,15031,0,-27026,2502,0,0,1,0,1,0
578,300520,234,-1138,12939,12036,6088,-29551,2172,0,0,1,0,1,0
579,301041,460,-1191,9311,8579,11942,-30940,1759,0,0,1,0,1,0
580,301562,667,-1199,5324,4793,17337,-31140,1278,0,0,1,0,1,0
581,302083,849,-1160,1133,822,22066,-30143,748,0,0,1,0,1,0
582,302604,999,-1077,-3102,-3180,25947,-27988,189,0,0,1,0,1,0
583,303125,1110,-953,-7217,-7060,28831,-24758,-377,0,0,1,0,1,0
584,303645,1178,-792,-11055,-10669,30607,-20576,-929,0,0,1,0,1,0
585,304166,1201,-601,-14468,-13868,31207,-15603,-1445,0,0,1,0,1,0
586,304687,1178,-386,-17325,-16533,30607,-10031,-1905,0,0,1,0,1,0
587,305208,1110,-157,-19517,-18563,28831,-4073,-2292,0,0,1,0,1,0
588,305729,999,79,-20958,-19880,25947,2041,-2592,0,0,1,0,1,0
589,306250,849,311,-21593,-20433,22066,8077,-2791,0,0,1,0,1,0
590,306770,667,531,-21399,-20201,17337,13802,-2883,0,0,1,0,1,0
591,307291,460,731,-20383,-19192,11942,18997,-2865,0,0,1,0,1,0
592,307812,234,903,-18583,-17445,6088,23462,-2736,0,0,1,0,1,0
593,308333,0,1040,-16069,-15029,0,27026,-2502,0,0,1,0,1,0
594,308854,-234,1138,-12937,-12034,-6088,29551,-2172,0,0,1,0,1,0
595,309375,-460,1191,-9309,-8577,-11942,30940,-1759,0,0,1,0,1,0
596,309895,-667,1199,-5322,-4791,-17337,31140,-1278,0,0,1,0,1,0
597,310416,-849,1160,-1131,-820,-22066,30143,-748,0,0,1,0,1,0
598,310937,-999,1077,3104,3182,-25947,27988,-189,0,0,1,0,1,0
599,311458,-1110,953,7219,7062,-28831,24758,377,0,0,1,0,1,0
600,311979,-1178,792,11057,10671,-30607,20576,929,0,0,1,0,1,0
601,312500,-1201,601,14470,13869,-31207,15603,1445,0,0,1,0,1,0
602,313020,-1178,386,17327,16535,-30607,10031,1905,0,0,1,0,1,0
603,313541,-1110,157,19518,18565,-28831,4073,2292,0,0,1,0,1,0
604,314062,-999,-79,20959,19882,-25947,-2041,2592,0,0,1,0,1,0
605,314583,-849,-311,21595,20435,-22066,-8077,2791,0,0,1,0,1,0
606,315104,-667,-531,21401,20202,-17337,-13802,2883,0,0,1,0,1,0
607,315625,-460,-731,20384,19193,-11942,-18997,2865,0,0,1,0,1,0
608,316145,-234,-903,18585,17447,-6088,-23462,2736,0,0,1,0,1,0
609,316666,0,-1040,16070,15030,0,-27026,2502,0,0,1,0,1,0
610,317187,234,-1138,12939,12036,6088,-29551,2172,0,0,1,0,1,0
611,317708,460,-1191,9310,8579,11942,-30940,1759,0,0,1,0,1,0
612,318229,667,-1199,5323,4792,17337,-31140,1278,0,0,1,0,1,0
613,318750,849,-1160,1132,821,22066,-30143,748,0,0,1,0,1,0
614,319270,999,-1077,-3102,-3181,25947,-27988,189,0,0,1,0,1,0
615,319791,1110,-953,-7218,-7061,28831,-24758,-377,0,0,1,0,1,0
616,320312,1178,-792,-11056,-10670,30607,-20576,-929,0,0,1,0,1,0
617,320833,1201,-601,-14469,-13868,31207,-15603,-1445,0,0,1,0,1,0
618,321354,1178,-386,-17326,-16534,30607,-10031,-1905,0,0,1,0,1,0
619,321875,1110,-157,-19517,-18564,28831,-4073,-2292,0,0,1,0,1,0
620,322395,999,79,-20958,-19881,25947,2041,-2592,0,0,1,0,1,0
621,322916,849,311,-21594,-20434,22066,8077,-2791,0,0,1,0,1,0
622,323437,667,531,-21400,-20201,17337,13802,-2883,0,0,1,0,1,0
623,323958,460,731,-20383,-19192,11942,18997,-2865,0,0,1,0,1,0
624,324479,234,903,-18583,-17446,6088,23462,-2736,0,0,1,0,1,0
625,325000,0,1040,-16069,-15029,0,27026,-2502,0,0,1,0,1,0
626,325520,-234,1138,-12938,-12035,-6088,29551,-2172,0,0,1,0,1,0
627,326041,-460,1191,-9309,-8578,-11942,30940,-1759,0,0,1,0,1,0
628,326562,-667,1199,-5322,-4791,-17337,31140,-1278,0,0,1,0,1,0
629,327083,-849,1160,-1131,-820,-22066,30143,-748,0,0,1,0,1,0
630,327604,-999,1077,3103,3182,-25947,27988,-189,0,0,1,0,1,0
631,328125,-1110,953,7219,7062,-28831,24758,377,0,0,1,0,1,0
632,328645,-1178,792,11057,10670,-30607,20576,929,0,0,1,0,1,0
633,329166,-1201,601,14470,13869,-31207,15603,1445,0,0,1,0,1,0
634,329687,-1178,386,17327,16535,-30607,10031,1905,0,0,1,0,1,0
635,330208,-1110,157,19518,18565,-28831,4073,2292,0,0,1,0,1,0
636,330729,-999,-79,20959,19882,-25947,-2041,2592,0,0,1,0,1,0
637,331250,-849,-311,21595,20434,-22066,-8077,2791,0,0,1,0,1,0
638,331770,-667,-531,21401,20202,-17337,-13802,2883,0,0,1,0,1,0
639,332291,-460,-731,20384,19193,-11942,-18997,2865,0,0,1,0,1,0
640,332812,-234,-903,18584,17447,-6088,-23462,2736,0,0,1,0,1,0
641,333333,0,-1040,16070,15030,0,-27026,2502,0,0,1,0,1,0
642,333854,234,-1138,12939,12035,6088,-29551,2172,0,0,1,0,1,0
643,334375,460,-1191,9310,8578,11942,-30940,1759,0,0,1,0,1,0
644,334895,667,-1199,5323,4792,17337,-31140,1278,0,0,1,0,1,0
645,335416,849,-1160,1132,821,22066,-30143,748,0,0,1,0,1,0
646,335937,999,-1077,-3103,-3181,25947,-27988,189,0,0,1,0,1,0
647,336458,1110,-953,-7218,-7061,28831,-24758,-377,0,0,1,0,1,0
648,336979,1178,-792,-11056,-10670,30607,-20576,-929,0,0,1,0,1,0
649,337500,1201,-601,-14469,-13868,31207,-15603,-1445,0,0,1,0,1,0
650,338020,1178,-386,-17326,-16534,30607,-10031,-1905,0,0,1,0,1,0
651,338541,1110,-157,-19517,-18564,28831,-4073,-2292,0,0,1,0,1,0
652,339062,999,79,-20958,-19881,25947,2041,-2592,0,0,1,0,1,0
653,339583,0,0,0,0,0,0,0,1,0,0,0,0,0
654,340104,0,0,0,0,0,0,0,1,0,0,0,0,0
655,340625,0,0,0,0,0,0,0,1,0,0,0,0,0
656,341145,0,0,0,0,0,0,0,1,0,0,0,0,0
657,341666,0,0,0,0,0,0,0,1,0,0,0,0,0
658,342187,0,0,0,0,0,0,0,1,0,0,0,0,0
659,342708,0,0,0,0,0,0,0,1,0,0,0,0,0
660,343229,0,0,0,0,0,0,0,1,0,0,0,0,0
661,343750,0,0,0,0,0,0,0,1,0,0,0,0,0
662,344270,0,0,0,0,0,0,0,1,0,0,0,0,0
663,344791,0,0,0,0,0,0,0,1,0,0,0,0,0
664,345312,0,0,0,0,0,0,0,1,0,0,0,0,0
665,345833,0,0,0,0,0,0,0,1,0,0,0,0,0
666,346354,0,0,0,0,0,0,0,1,0,0,0,0,0
667,346875,0,0,0,0,0,0,0,1,0,0,0,0,0
668,347395,0,0,0,0,0,0,0,1,0,0,0,0,0
669,347916,0,0,0,0,0,0,0,1,0,0,0,0,0
670,348437,0,0,0,0,0,0,0,1,0,0,0,0,0
671,348958,0,0,0,0,0,0,0,1,0,0,0,0,0
672,349479,0,0,0,0,0,0,0,1,0,0,0,0,0
673,350000,0,0,0,0,0,0,0,1,0,0,0,0,0
674,350520,0,0,0,0,0,0,0,1,0,0,0,0,0
675,351041,0,0,0,0,0,0,0,1,0,0,0,0,0
676,351562,0,0,0,0,0,0,0,1,0,0,0,0,0
677,352083,0,0,0,0,0,0,0,1,0,0,0,0,0
678,352604,0,0,0,0,0,0,0,1,0,0,0,0,0
679,353125,0,0,0,0,0,0,0,1,0,0,0,0,0
680,353645,0,0,0,0,0,0,0,1,0,0,0,0,0
681,354166,0,0,0,0,0,0,0,1,0,0,0,0,0
682,354687,0,0,0,0,0,0,0,1,0,0,0,0,0
683,355208,0,0,0,0,0,0,0,1,0,0,0,0,0
684,355729,0,0,0,0,0,0,0,1,0,0,0,0,0
685,356250,0,0,0,0,0,0,0,1,0,0,0,0,0
686,356770,0,0,0,0,0,0,0,1,0,0,0,0,0
687,357291,0,0,0,0,0,0,0,1,0,0,0,0,0
688,357812,0,0,0,0,0,0,0,1,0,0,0,0,0
689,358333,0,0,0,0,0,0,0,1,0,0,0,0,0
690,358854,0,0,0,0,0,0,0,1,0,0,0,0,0
691,359375,0,0,0,0,0,0,0,1,0,0,0,0,0
692,359895,0,0,0,0,0,0,0,1,0,0,0,0,0
693,360416,0,0,0,0,0,0,0,1,0,0,0,0,0
694,360937,0,0,0,0,0,0,0,1,0,0,0,0,0
695,361458,0,0,0,0,0,0,0,1,0,0,0,0,0
696,361979,0,0,0,0,0,0,0,1,0,0,0,0,0
697,362500,0,0,0,0,0,0,0,1,0,0,0,0,0
698,363020,0,0,0,0,0,0,0,1,0,0,0,0,0
699,363541,0,0,0,0,0,0,0,1,0,0,0,0,0
700,364062,0,0,0,0,0,0,0,1,0,0,0,0,0
701,364583,0,0,0,0,0,0,0,1,0,0,0,0,0
702,365104,0,0,0,0,0,0,0,1,0,0,0,0,0
703,365625,0,0,0,0,0,0,0,1,0,0,0,0,0
704,366145,0,0,0,0,0,0,0,1,0,0,0,0,0
705,366666,0,0,0,0,0,0,0,1,0,0,0,0,0
706,367187,0,0,0,0,0,0,0,1,0,0,0,0,0
707,367708,0,0,0,0,0,0,0,1,0,0,0,0,0
708,368229,0,0,0,0,0,0,0,1,0,0,0,0,0
709,368750,0,0,0,0,0,0,0,1,0,0,0,0,0
710,369270,0,0,0,0,0,0,0,1,0,0,0,0,0
711,369791,0,0,0,0,0,0,0,1,0,0,0,0,0
712,370312,0,0,0,0,0,0,0,1,0,0,0,0,0
713,370833,0,0,0,0,0,0,0,1,0,0,0,0,0
714,371354,0,0,0,0,0,0,0,1,0,0,0,0,0
715,371875,0,0,0,0,0,0,0,1,0,0,0,0,0
716,372395,0,0,0,0,0,0,0,1,0,0,0,0,0
717,372916,0,0,0,0,0,0,0,1,0,0,0,0,0
718,373437,0,0,0,0,0,0,0,1,0,0,0,0,0
719,373958,0,0,0,0,0,0,0,1,0,0,0,0,0
720,374479,0,0,0,0,0,0,0,1,0,0,0,0,0
721,375000,0,0,0,0,0,0,0,1,0,0,0,0,0
722,375520,0,0,0,0,0,0,0,1,0,0,0,0,0
723,376041,0,0,0,0,0,0,0,1,0,0,0,0,0
724,376562,0,0,0,0,0,0,0,1,0,0,0,0,0
725,377083,0,0,0,0,0,0,0,1,0,0,0,0,0
726,377604,0,0,0,0,0,0,0,1,0,0,0,0,0
727,378125,0,0,0,0,0,0,0,1,0,0,0,0,0
728,378645,0,0,0,0,0,0,0,1,0,0,0,0,0
729,379166,0,0,0,0,0,0,0,1,0,0,0,0,0
730,379687,0,0,0,0,0,0,0,1,0,0,0,0,0
731,380208,0,0,0,0,0,0,0,1,0,0,0,0,0
732,380729,0,0,0,0,0,0,0,1,0,0,0,0,0
733,381250,0,0,0,0,0,0,0,1,0,0,0,0,0
734,381770,0,0,0,0,0,0,0,1,0,0,0,0,0
735,382291,0,0,0,0,0,0,0,1,0,0,0,0,0
736,382812,0,0,0,0,0,0,0,1,0,0,0,0,0
737,383333,0,0,0,0,0,0,0,1,0,0,0,0,0
738,383854,0,0,0,0,0,0,0,1,0,0,0,0,0
739,384375,0,0,0,0,0,0,0,1,0,0,0,0,0
740,384895,0,0,0,0,0,0,0,1,0,0,0,0,0
741,385416,0,0,0,0,0,0,0,1,0,0,0,0,0
742,385937,0,0,0,0,0,0,0,1,0,0,0,0,0
743,386458,0,0,0,0,0,0,0,1,0,0,0,0,0
744,386979,0,0,0,0,0,0,0,1,0,0,0,0,0
745,387500,0,0,0,0,0,0,0,1,0,0,0,0,0
746,388020,0,0,0,0,0,0,0,1,0,0,0,0,0
747,388541,0,0,0,0,0,0,0,1,0,0,0,0,0
748,389062,0,0,0,0,0,0,0,1,0,0,0,0,0
749,389583,0,0,0,0,0,0,0,1,0,0,0,0,0
750,390104,0,0,0,0,0,0,0,1,0,0,0,0,0
751,390625,0,0,0,0,0,0,0,1,0,0,0,0,0
752,391145,0,0,0,0,0,0,0,1,0,0,0,0,0
753,391666,0,0,0,0,0,0,0,1,0,0,0,0,0
754,392187,0,0,0,0,0,0,0,1,0,0,0,0,0
755,392708,0,0,0,0,0,0,0,1,0,0,0,0,0
756,393229,0,0,0,0,0,0,0,1,0,0,0,0,0
757,393750,0,0,0,0,0,0,0,1,0,0,0,0,0
758,394270,0,0,0,0,0,0,0,1,0,0,0,0,0
759,394791,0,0,0,0,0,0,0,1,0,0,0,0,0
760,395312,0,0,0,0,0,0,0,1,0,0,0,0,0
761,395833,0,0,0,0,0,0,0,1,0,0,0,0,0
762,396354,0,0,0,0,0,0,0,1,0,0,0,0,0
763,396875,0,0,0,0,0,0,0,1,0,0,0,0,0
764,397395,0,0,0,0,0,0,0,1,0,0,0,0,0
765,397916,0,0,0,0,0,0,0,1,0,0,0,0,0
766,398437,0,0,0,0,0,0,0,1,0,0,0,0,0
767,398958,0,0,0,0,0,0,0,1,0,0,0,0,0
768,399479,0,0,0,0,0,0,0,1,0,0,0,0,0
769,400000,0,0,0,0,0,0,0,1,0,0,0,0,0
770,400520,0,0,0,0,0,0,0,1,0,0,0,0,0
771,401041,0,0,0,0,0,0,0,1,0,0,0,0,0
772,401562,0,0,0,0,0,0,0,1,0,0,0,0,0
773,402083,0,0,0,0,0,0,0,1,0,0,0,0,0
774,402604,0,0,0,0,0,0,0,1,0,0,0,0,0
775,403125,0,0,0,0,0,0,0,1,0,0,0,0,0
776,403645,0,0,0,0,0,0,0,1,0,0,0,0,0
777,404166,0,0,0,0,0,0,0,1,0,0,0,0,0
778,404687,0,0,0,0,0,0,0,1,0,0,0,0,0
779,405208,0,0,0,0,0,0,0,1,0,0,0,0,0
780,405729,0,0,0,0,0,0,0,1,0,0,0,0,0
781,406250,0,0,0,0,0,0,0,1,0,0,0,0,0
782,406770,0,0,0,0,0,0,0,1,0,0,0,0,0
783,407291,0,0,0,0,0,0,0,1,0,0,0,0,0
784,407812,0,0,0,0,0,0,0,1,0,0,0,0,0
785,408333,0,0,0,0,0,0,0,1,0,0,0,0,0
786,408854,0,0,0,0,0,0,0,1,0,0,0,0,0
787,409375,0,0,0,0,0,0,0,1,0,0,0,0,0
788,409895,0,0,0,0,0,0,0,1,0,0,0,0,0
789,410416,0,0,0,0,0,0,0,1,0,0,0,0,0
790,410937,0,0,0,0,0,0,0,1,0,0,0,0,0
791,411458,0,0,0,0,0,0,0,1,0,0,0,0,0
792,411979,0,0,0,0,0,0,0,1,0,0,0,0,0
793,412500,0,0,0,0,0,0,0,1,0,0,0,0,0
794,413020,0,0,0,0,0,0,0,1,0,0,0,0,0
795,413541,0,0,0,0,0,0,0,1,0,0,0,0,0
796,414062,0,0,0,0,0,0,0,1,0,0,0,0,0
797,414583,0,0,0,0,0,0,0,1,0,0,0,0,0
798,415104,0,0,0,0,0,0,0,1,0,0,0,0,0
799,415625,0,0,0,0,0,0,0,1,0,0,0,0,0
800,416145,0,0,0,0,0,0,0,1,0,0,0,0,0
801,416666,0,0,0,0,0,0,0,1,0,0,0,0,0
802,417187,0,0,0,0,0,0,0,1,0,0,0,0,0
803,417708,0,0,0,0,0,0,0,1,0,0,0,0,0
804,418229,0,0,0,0,0,0,0,1,0,0,0,0,0
805,418750,0,0,0,0,0,0,0,1,0,0,0,0,0
806,419270,0,0,0,0,0,0,0,1,0,0,0,0,0
807,419791,0,0,0,0,0,0,0,1,0,0,0,0,0
808,420312,0,0,0,0,0,0,0,1,0,0,0,0,0
809,420833,0,0,0,0,0,0,0,1,0,0,0,0,0
810,421354,0,0,0,0,0,0,0,1,0,0,0,0,0
811,421875,0,0,0,0,0,0,0,1,0,0,0,0,0
812,422395,0,0,0,0,0,0,0,1,0,0,0,0,0
813,422916,0,0,0,0,0,0,0,1,0,0,0,0,0
814,423437,0,0,0,0,0,0,0,1,0,0,0,0,0
815,423958,0,0,0,0,0,0,0,1,0,0,0,0,0
816,424479,0,0,0,0,0,0,0,1,0,0,0,0,0
817,425000,0,0,0,0,0,0,0,1,0,0,0,0,0
818,425520,0,0,0,0,0,0,0,1,0,0,0,0,0
819,426041,0,0,0,0,0,0,0,1,0,0,0,0,0
820,426562,0,0,0,0,0,0,0,1,0,0,0,0,0
821,427083,0,0,0,0,0,0,0,1,0,0,0,0,0
822,427604,0,0,0,0,0,0,0,1,0,0,0,0,0
823,428125,0,0,0,0,0,0,0,1,0,0,0,0,0
824,428645,0,0,0,0,0,0,0,1,0,0,0,0,0
825,429166,0,0,0,0,0,0,0,1,0,0,0,0,0
826,429687,0,0,0,0,0,0,0,1,0,0,0,0,0
827,430208,0,0,0,0,0,0,0,1,0,0,0,0,0
828,430729,0,0,0,0,0,0,0,1,0,0,0,0,0
829,431250,0,0,0,0,0,0,0,1,0,0,0,0,0
830,431770,0,0,0,0,0,0,0,1,0,0,0,0,0
831,432291,0,0,0,0,0,0,0,1,0,0,0,0,0
832,432812,0,0,0,0,0,0,0,1,0,0,0,0,0
833,433333,0,0,0,0,0,0,0,1,0,0,0,0,0
834,433854,0,0,0,0,0,0,0,1,0,0,0,0,0
835,434375,0,0,0,0,0,0,0,1,0,0,0,0,0
836,434895,0,0,0,0,0,0,0,1,0,0,0,0,0
837,435416,0,0,0,0,0,0,0,1,0,0,0,0,0
838,435937,0,0,0,0,0,0,0,1,0,0,0,0,0
839,436458,0,0,0,0,0,0,0,1,0,0,0,0,0
840,436979,0,0,0,0,0,0,0,1,0,0,0,0,0
841,437500,0,0,0,0,0,0,0,1,0,0,0,0,0
842,438020,0,0,0,0,0,0,0,1,0,0,0,0,0
843,438541,0,0,0,0,0,0,0,1,0,0,0,0,0
844,439062,0,0,0,0,0,0,0,1,0,0,0,0,0
845,439583,0,0,0,0,0,0,0,1,0,0,0,0,0
846,440104,0,0,0,0,0,0,0,1,0,0,0,0,0
847,440625,0,0,0,0,0,0,0,1,0,0,0,0,0
848,441145,0,0,0,0,0,0,0,1,0,0,0,0,0
849,441666,0,0,0,0,0,0,0,1,0,0,0,0,0
850,442187,0,0,0,0,0,0,0,1,0,0,0,0,0
851,442708,0,0,0,0,0,0,0,1,0,0,0,0,0
852,443229,0,0,0,0,0,0,0,1,0,0,0,0,0
853,443750,0,0,0,0,0,0,0,1,0,0,0,0,0
854,444270,0,0,0,0,0,0,0,1,0,0,0,0,0
855,444791,0,0,0,0,0,0,0,1,0,0,0,0,0
856,445312,0,0,0,0,0,0,0,1,0,0,0,0,0
857,445833,0,0,0,0,0,0,0,1,0,0,0,0,0
858,446354,0,0,0,0,0,0,0,1,0,0,0,0,0
859,446875,0,0,0,0,0,0,0,1,0,0,0,0,0
860,447395,0,0,0,0,0,0,0,1,0,0,0,0,0
861,447916,0,0,0,0,0,0,0,1,0,0,0,0,0
862,448437,0,0,0,0,0,0,0,1,0,0,0,0,0
863,448958,0,0,0,0,0,0,0,1,0,0,0,0,0
864,449479,0,0,0,0,0,0,0,1,0,0,0,0,0
865,450000,0,0,0,0,0,0,0,1,0,0,0,0,0
866,450520,0,0,0,0,0,0,0,1,0,0,0,0,0
867,451041,0,0,0,0,0,0,0,1,0,0,0,0,0
868,451562,0,0,0,0,0,0,0,1,0,0,0,0,0
869,452083,0,0,0,0,0,0,0,1,0,0,0,0,0
870,452604,0,0,0,0,0,0,0,1,0,0,0,0,0
871,453125,0,0,0,0,0,0,0,1,0,0,0,0,0
872,453645,0,0,0,0,0,0,0,1,0,0,0,0,0
873,454166,0,0,0,0,0,0,0,1,0,0,0,0,0
874,454687,0,0,0,0,0,0,0,1,0,0,0,0,0
875,455208,0,0,0,0,0,0,0,1,0,0,0,0,0
876,455729,0,0,0,0,0,0,0,1,0,0,0,0,0
877,456250,0,0,0,0,0,0,0,1,0,0,0,0,0
878,456770,0,0,0,0,0,0,0,1,0,0,0,0,0
879,457291,0,0,0,0,0,0,0,1,0,0,0,0,0
880,457812,0,0,0,0,0,0,0,1,0,0,0,0,0
881,458333,0,0,0,0,0,0,0,1,0,0,0,0,0
882,458854,0,0,0,0,0,0,0,1,0,0,0,0,0
883,459375,0,0,0,0,0,0,0,1,0,0,0,0,0
884,459895,0,0,0,0,0,0,0,1,0,0,0,0,0
885,460416,0,0,0,0,0,0,0,1,0,0,0,0,0
886,460937,0,0,0,0,0,0,0,1,0,0,0,0,0
887,461458,0,0,0,0,0,0,0,1,0,0,0,0,0
888,461979,0,0,0,0,0,0,0,1,0,0,0,0,0
889,462500,0,0,0,0,0,0,0,1,0,0,0,0,0
890,463020,0,0,0,0,0,0,0,1,0,0,0,0,0
891,463541,0,0,0,0,0,0,0,1,0,0,0,0,0
892,464062,0,0,0,0,0,0,0,1,0,0,0,0,0
893,464583,0,0,0,0,0,0,0,1,0,0,0,0,0
894,465104,0,0,0,0,0,0,0,1,0,0,0,0,0
895,465625,0,0,0,0,0,0,0,1,0,0,0,0,0
896,466145,0,0,0,0,0,0,0,1,0,0,0,0,0
897,466666,0,0,0,0,0,0,0,1,0,0,0,0,0
898,467187,0,0,0,0,0,0,0,1,0,0,0,0,0
899,467708,0,0,0,0,0,0,0,1,0,0,0,0,0
900,468229,0,0,0,0,0,0,0,1,0,0,0,0,0
901,468750,0,0,0,0,0,0,0,1,0,0,0,0,0
902,469270,0,0,0,0,0,0,0,1,0,0,0,0,0
903,469791,0,0,0,0,0,0,0,1,0,0,0,0,0
904,470312,0,0,0,0,0,0,0,1,0,0,0,0,0
905,470833,0,0,0,0,0,0,0,1,0,0,0,0,0
906,471354,0,0,0,0,0,0,0,1,0,0,0,0,0
907,471875,0,0,0,0,0,0,0,1,0,0,0,0,0
908,472395,0,0,0,0,0,0,0,1,0,0,0,0,0
909,472916,0,0,0,0,0,0,0,1,0,0,0,0,0
910,473437,0,0,0,0,0,0,0,1,0,0,0,0,0
911,473958,0,0,0,0,0,0,0,1,0,0,0,0,0
912,474479,0,0,0,0,0,0,0,1,0,0,0,0,0
913,475000,0,0,0,0,0,0,0,1,0,0,0,0,0
914,475520,0,0,0,0,0,0,0,1,0,0,0,0,0
915,476041,0,0,0,0,0,0,0,1,0,0,0,0,0
916,476562,0,0,0,0,0,0,0,1,0,0,0,0,0
917,477083,0,0,0,0,0,0,0,1,0,0,0,0,0
918,477604,0,0,0,0,0,0,0,1,0,0,0,0,0
919,478125,0,0,0,0,0,0,0,1,0,0,0,0,0
920,478645,0,0,0,0,0,0,0,1,0,0,0,0,0
921,479166,0,0,0,0,0,0,0,1,0,0,0,0,0
922,479687,0,0,0,0,0,0,0,1,0,0,0,0,0
923,480208,0,0,0,0,0,0,0,1,0,0,0,0,0
924,480729,0,0,0,0,0,0,0,1,0,0,0,0,0
925,481250,0,0,0,0,0,0,0,1,0,0,0,0,0
926,481770,0,0,0,0,0,0,0,1,0,0,0,0,0
927,482291,0,0,0,0,0,0,0,1,0,0,0,0,0
928,482812,0,0,0,0,0,0,0,1,0,0,0,0,0
929,483333,0,0,0,0,0,0,0,1,0,0,0,0,0
930,483854,0,0,0,0,0,0,0,1,0,0,0,0,0
931,484375,0,0,0,0,0,0,0,1,0,0,0,0,0
932,484895,0,0,0,0,0,0,0,1,0,0,0,0,0
933,485416,0,0,0,0,0,0,0,1,0,0,0,0,0
934,485937,0,0,0,0,0,0,0,1,0,0,0,0,0
935,486458,0,0,0,0,0,0,0,1,0,0,0,0,0
936,486979,0,0,0,0,0,0,0,1,0,0,0,0,0
937,487500,0,0,0,0,0,0,0,1,0,0,0,0,0
938,488020,0,0,0,0,0,0,0,1,0,0,0,0,0
939,488541,0,0,0,0,0,0,0,1,0,0,0,0,0
940,489062,0,0,0,0,0,0,0,1,0,0,0,0,0
941,489583,0,0,0,0,0,0,0,1,0,0,0,0,0
942,490104,0,0,0,0,0,0,0,1,0,0,0,0,0
943,490625,0,0,0,0,0,0,0,1,0,0,0,0,0
944,491145,0,0,0,0,0,0,0,1,0,0,0,0,0
945,491666,0,0,0,0,0,0,0,1,0,0,0,0,0
946,492187,0,0,0,0,0,0,0,1,0,0,0,0,0
947,492708,0,0,0,0,0,0,0,1,0,0,0,0,0
948,493229,0,0,0,0,0,0,0,1,0,0,0,0,0
949,493750,0,0,0,0,0,0,0,1,0,0,0,0,0
950,494270,0,0,0,0,0,0,0,1,0,0,0,0,0
951,494791,0,0,0,0,0,0,0,1,0,0,0,0,0
952,495312,0,0,0,0,0,0,0,1,0,0,0,0,0
953,495833,0,0,0,0,0,0,0,1,0,0,0,0,0
954,496354,0,0,0,0,0,0,0,1,0,0,0,0,0
955,496875,0,0,0,0,0,0,0,1,0,0,0,0,0
956,497395,0,0,0,0,0,0,0,1,0,0,0,0,0
957,497916,0,0,0,0,0,0,0,1,0,0,0,0,0
958,498437,0,0,0,0,0,0,0,1,0,0,0,0,0
959,498958,0,0,0,0,0,0,0,1,0,0,0,0,0
960,499479,0,0,0,0,0,0,0,1,0,0,0,0,0
961,500000,0,0,0,0,0,0,0,1,0,0,0,0,0
962,500520,0,0,0,0,0,0,0,1,0,0,0,0,0
963,501041,0,0,0,0,0,0,0,1,0,0,0,0,0
964,501562,0,0,0,0,0,0,0,1,0,0,0,0,0
965,502083,0,0,0,0,0,0,0,1,0,0,0,0,0
966,502604,0,0,0,0,0,0,0,1,0,0,0,0,0
967,503125,0,0,0,0,0,0,0,1,0,0,0,0,0
968,503645,0,0,0,0,0,0,0,1,0,0,0,0,0
969,504166,0,0,0,0,0,0,0,1,0,0,0,0,0
970,504687,0,0,0,0,0,0,0,1,0,0,0,0,0
971,505208,0,0,0,0,0,0,0,1,0,0,0,0,0
972,505729,0,0,0,0,0,0,0,1,0,0,0,0,0
973,506250,0,0,0,0,0,0,0,1,0,0,0,0,0
974,506770,0,0,0,0,0,0,0,1,0,0,0,0,0
975,507291,0,0,0,0,0,0,0,1,0,0,0,0,0
976,507812,0,0,0,0,0,0,0,1,0,0,0,0,0
977,508333,0,0,0,0,0,0,0,1,0,0,0,0,0
978,508854,0,0,0,0,0,0,0,1,0,0,0,0,0
979,509375,0,0,0,0,0,0,0,1,0,0,0,0,0
980,509895,0,0,0,0,0,0,0,1,0,0,0,0,0
981,510416,0,0,0,0,0,0,0,1,0,0,0,0,0
982,510937,0,0,0,0,0,0,0,1,0,0,0,0,0
983,511458,0,0,0,0,0,0,0,1,0,0,0,0,0
984,511979,0,0,0,0,0,0,0,1,0,0,0,0,0
985,512499,0,0,0,0,0,0,0,1,0,0,0,0,0
986,513020,0,0,0,0,0,0,0,1,0,0,0,0,0
987,513541,0,0,0,0,0,0,0,1,0,0,0,0,0
988,514062,0,0,0,0,0,0,0,1,0,0,0,0,0
989,514583,0,0,0,0,0,0,0,1,0,0,0,0,0
990,515104,0,0,0,0,0,0,0,1,0,0,0,0,0
991,515625,0,0,0,0,0,0,0,1,0,0,0,0,0
992,516145,0,0,0,0,0,0,0,1,0,0,0,0,0
993,516666,0,0,0,0,0,0,0,1,0,0,0,0,0
994,517187,0,0,0,0,0,0,0,1,0,0,0,0,0
995,517708,0,0,0,0,0,0,0,1,0,0,0,0,0
996,518229,0,0,0,0,0,0,0,1,0,0,0,0,0
997,518750,0,0,0,0,0,0,0,1,0,0,0,0,0
998,519270,0,0,0,0,0,0,0,1,0,0,0,0,0
999,519791,0,0,0,0,0,0,0,1,0,0,0,0,0
1000,520312,0,0,0,0,0,0,0,1,0,0,0,0,0
1001,520833,0,0,0,0,0,0,0,1,0,0,0,0,0
1002,521354,0,0,0,0,0,0,0,1,0,0,0,0,0
1003,521875,0,0,0,0,0,0,0,1,0,0,0,0,0
1004,522395,0,0,0,0,0,0,0,1,0,0,0,0,0
1005,522916,0,0,0,0,0,0,0,1,0,0,0,0,0
1006,523437,0,0,0,0,0,0,0,1,0,0,0,0,0
1007,523958,0,0,0,0,0,0,0,1,0,0,0,0,0
1008,524479,0,0,0,0,0,0,0,1,0,0,0,0,0
1009,525000,0,0,0,0,0,0,0,1,0,0,0,0,0
1010,525520,0,0,0,0,0,0,0,1,0,0,0,0,0
1011,526041,0,0,0,0,0,0,0,1,0,0,0,0,0
1012,526562,0,0,0,0,0,0,0,1,0,0,0,0,0
1013,527083,0,0,0,0,0,0,0,1,0,0,0,0,0
1014,527604,0,0,0,0,0,0,0,1,0,0,0,0,0
1015,528125,0,0,0,0,0,0,0,1,0,0,0,0,0
1016,528645,0,0,0,0,0,0,0,1,0,0,0,0,0
1017,529166,0,0,0,0,0,0,0,1,0,0,0,0,0
1018,529687,0,0,0,0,0,0,0,1,0,0,0,0,0
