1,0,0,-273,273,0,0,-23513,23513,0,0,0,0,1,0
2,260,31,-287,256,0,2661,-24731,22069,0,0,0,0,1,0
3,520,61,-298,237,0,5297,-25710,20413,0,0,0,0,1,0
4,781,91,-307,215,0,7881,-26442,18560,0,0,0,0,1,0
5,1041,121,-312,192,0,10390,-26918,16528,0,0,0,0,1,0
6,1302,149,-315,166,0,12799,-27136,14337,0,0,0,0,1,0
7,1562,175,-314,139,0,15084,-27093,12008,0,0,0,0,1,0
8,1822,200,-311,111,0,17224,-26788,9564,0,0,0,0,1,0
9,2083,223,-304,82,0,19198,-26226,7027,0,0,0,0,1,0
10,2343,244,-295,51,0,20988,-25411,4423,0,0,0,0,1,0
11,2604,262,-283,21,0,22575,-24351,1776,0,0,0,0,1,0
12,2864,278,-268,-10,0,23945,-23056,-888,0,0,0,0,1,0
13,3125,291,-250,-41,0,25084,-21540,-3544,0,0,0,0,1,0
14,3385,302,-230,-72,0,25982,-19816,-6165,0,0,0,0,1,0
15,3645,309,-208,-101,0,26629,-17902,-8727,0,0,0,0,1,0
16,3906,314,-184,-130,0,27020,-15815,-11205,0,0,0,0,1,0
17,4166,315,-158,-158,0,27151,-13575,-13575,0,0,0,0,1,0
18,4427,314,-130,-184,0,27020,-11205,-15815,0,0,0,0,1,0
19,4687,309,-101,-208,0,26629,-8727,-17902,0,0,0,0,1,0
20,4947,302,-72,-230,0,25982,-6165,-19816,0,0,0,0,1,0
21,5208,291,-41,-250,0,25084,-3544,-21540,0,0,0,0,1,0
22,5468,278,-10,-268,0,23945,-888,-23056,0,0,0,0,1,0
23,5729,262,21,-283,0,22575,1776,-24351,0,0,0,0,1,0
24,5989,244,51,-295,0,20988,4423,-25411,0,0,0,0,1,0
25,6250,223,82,-304,0,19198,7027,-26226,0,0,0,0,1,0
26,6510,200,111,-311,0,17224,9564,-26788,0,0,0,0,1,0
27,6770,175,139,-314,0,15084,12008,-27093,0,0,0,0,1,0
28,7031,149,166,-315,0,12799,14337,-27136,0,0,0,0,1,0
29,7291,121,192,-312,0,10390,16528,-26918,0,0,0,0,1,0
30,7552,91,215,-307,0,7881,18560,-26442,0,0,0,0,1,0
31,7812,61,237,-298,0,5297,20413,-25710,0,0,0,0,1,0
32,8072,31,256,-287,0,2661,22069,-24731,0,0,0,0,1,0
33,8333,0,273,-273,0,0,23513,-23513,0,0,0,0,1,0
34,8593,-31,287,-256,0,-2661,24731,-22069,0,0,0,0,1,0
35,8854,-61,298,-237,0,-5297,25710,-20413,0,0,0,0,1,0
36,9114,-91,307,-215,0,-7881,26442,-18560,0,0,0,0,1,0
37,9375,-121,312,-192,0,-10390,26918,-16528,0,0,0,0,1,0
38,9635,-149,315,-166,0,-12799,27136,-14337,0,0,0,0,1,0
39,9895,-175,314,-139,0,-15084,27093,-12008,0,0,0,0,1,0
40,10156,-200,311,-111,0,-17224,26788,-9564,0,0,0,0,1,0
41,10416,-223,304,-82,0,-19198,26226,-7027,0,0,0,0,1,0
42,10677,-244,295,-51,0,-20988,25411,-4423,0,0,0,0,1,0
43,10937,-262,283,-21,0,-22575,24351,-1776,0,0,0,0,1,0
44,11197,-278,268,10,0,-23945,23056,888,0,0,0,0,1,0
45,11458,-291,250,41,0,-25084,21540,3544,0,0,0,0,1,0
46,11718,-302,230,72,0,-25982,19816,6165,0,0,0,0,1,0
47,11979,-309,208,101,0,-26629,17902,8727,0,0,0,0,1,0
48,12239,-314,184,130,0,-27020,15815,11205,0,0,0,0,1,0
49,12500,-315,158,158,0,-27151,13575,13575,0,0,0,0,1,0
50,12760,-314,130,184,0,-27020,11205,15815,0,0,0,0,1,0
51,13020,-309,101,208,0,-26629,8727,17902,0,0,0,0,1,0
52,13281,-302,72,230,0,-25982,6165,19816,0,0,0,0,1,0
53,13541,-291,41,250,0,-25084,3544,21540,0,0,0,0,1,0
54,13802,-278,10,268,0,-23945,888,23056,0,0,0,0,1,0
55,14062,-262,-21,283,0,-22575,-1776,24351,0,0,0,0,1,0
56,14322,-244,-51,295,0,-20988,-4423,25411,0,0,0,0,1,0
57,14583,-223,-82,304,0,-19198,-7027,26226,0,0,0,0,1,0
58,14843,-200,-111,311,0,-17224,-9564,26788,0,0,0,0,1,0
59,15104,-175,-139,314,0,-15084,-12008,27093,0,0,0,0,1,0
60,15364,-149,-166,315,0,-12799,-14337,27136,0,0,0,0,1,0
61,15625,-121,-192,312,0,-10390,-16528,26918,0,0,0,0,1,0
62,15885,-91,-215,307,0,-7881,-18560,26442,0,0,0,0,1,0
63,16145,-61,-237,298,0,-5297,-20413,25710,0,0,0,0,1,0
64,16406,-31,-256,287,0,-2661,-22069,24731,0,0,0,0,1,0
65,16666,0,-273,273,0,0,-23513,23513,0,0,0,0,1,0
66,16927,31,-287,256,0,2661,-24731,22069,0,0,0,0,1,0
67,17187,61,-298,237,0,5297,-25710,20413,0,0,0,0,1,0
68,17447,91,-307,215,0,7881,-26442,18560,0,0,0,0,1,0
69,17708,121,-312,192,0,10390,-26918,16528,0,0,0,0,1,0
70,17968,149,-315,166,0,12799,-27136,14337,0,0,0,0,1,0
71,18229,175,-314,139,0,15084,-27093,12008,0,0,0,0,1,0
72,18489,200,-311,111,0,17224,-26788,9564,0,0,0,0,1,0
73,18750,223,-304,82,0,19198,-26226,7027,0,0,0,0,1,0
74,19010,244,-295,51,0,20988,-25411,4423,0,0,0,0,1,0
75,19270,262,-283,21,0,22575,-24351,1776,0,0,0,0,1,0
76,19531,278,-268,-10,0,23945,-23056,-888,0,0,0,0,1,0
77,19791,291,-250,-41,0,25084,-21540,-3544,0,0,0,0,1,0
78,20052,302,-230,-72,0,25982,-19816,-6165,0,0,0,0,1,0
79,20312,309,-208,-101,0,26629,-17902,-8727,0,0,0,0,1,0
80,20572,314,-184,-130,0,27020,-15815,-11205,0,0,0,0,1,0
81,20833,315,-158,-158,0,27151,-13575,-13575,0,0,0,0,1,0
82,21093,314,-130,-184,0,27020,-11205,-15815,0,0,0,0,1,0
83,21354,309,-101,-208,0,26629,-8727,-17902,0,0,0,0,1,0
84,21614,302,-72,-230,0,25982,-6165,-19816,0,0,0,0,1,0
85,21875,291,-41,-250,0,25084,-3544,-21540,0,0,0,0,1,0
86,22135,278,-10,-268,0,23945,-888,-23056,0,0,0,0,1,0
87,22395,262,21,-283,0,22575,1776,-24351,0,0,0,0,1,0
88,22656,244,51,-295,0,20988,4423,-25411,0,0,0,0,1,0
89,22916,223,82,-304,0,19198,7027,-26226,0,0,0,0,1,0
90,23177,200,111,-311,0,17224,9564,-26788,0,0,0,0,1,0
91,23437,175,139,-314,0,15084,12008,-27093,0,0,0,0,1,0
92,23697,149,166,-315,0,12799,14337,-27136,0,0,0,0,1,0
93,23958,121,192,-312,0,10390,16528,-26918,0,0,0,0,1,0
94,24218,91,215,-307,0,7881,18560,-26442,0,0,0,0,1,0
95,24479,61,237,-298,0,5297,20413,-25710,0,0,0,0,1,0
96,24739,31,256,-287,0,2661,22069,-24731,0,0,0,0,1,0
97,25000,0,273,-273,0,0,23513,-23513,0,0,0,0,1,0
98,25260,-31,287,-256,0,-2661,24731,-22069,0,0,0,0,1,0
99,25520,-61,298,-237,0,-5297,25710,-20413,0,0,0,0,1,0
100,25781,-91,307,-215,0,-7881,26442,-18560,0,0,0,0,1,0
101,26041,-121,312,-192,0,-10390,26918,-16528,0,0,0,0,1,0
102,26302,-149,315,-166,0,-12799,27136,-14337,0,0,0,0,1,0
103,26562,-175,314,-139,0,-15084,27093,-12008,0,0,0,0,1,0
104,26822,-200,311,-111,0,-17224,26788,-9564,0,0,0,0,1,0
105,27083,-223,304,-82,0,-19198,26226,-7027,0,0,0,0,1,0
106,27343,-244,295,-51,0,-20988,25411,-4423,0,0,0,0,1,0
107,27604,-262,283,-21,0,-22575,24351,-1776,0,0,0,0,1,0
108,27864,-278,268,10,0,-23945,23056,888,0,0,0,0,1,0
109,28125,-291,250,41,0,-25084,21540,3544,0,0,0,0,1,0
110,28385,-302,230,72,0,-25982,19816,6165,0,0,0,0,1,0
111,28645,-309,208,101,0,-26629,17902,8727,0,0,0,0,1,0
112,28906,-314,184,130,0,-27020,15815,11205,0,0,0,0,1,0
113,29166,-315,158,158,0,-27151,13575,13575,0,0,0,0,1,0
114,29427,-314,130,184,0,-27020,11205,15815,0,0,0,0,1,0
115,29687,-309,101,208,0,-26629,8727,17902,0,0,0,0,1,0
116,29947,-302,72,230,0,-25982,6165,19816,0,0,0,0,1,0
117,30208,-291,41,250,0,-25084,3544,21540,0,0,0,0,1,0
118,30468,-278,10,268,0,-23945,888,23056,0,0,0,0,1,0
119,30729,-262,-21,283,0,-22575,-1776,24351,0,0,0,0,1,0
120,30989,-244,-51,295,0,-20988,-4423,25411,0,0,0,0,1,0
121,31250,-223,-82,304,0,-19198,-7027,26226,0,0,0,0,1,0
122,31510,-200,-111,311,0,-17224,-9564,26788,0,0,0,0,1,0
123,31770,-175,-139,314,0,-15084,-12008,27093,0,0,0,0,1,0
124,32031,-149,-166,315,0,-12799,-14337,27136,0,0,0,0,1,0
125,32291,-121,-192,312,0,-10390,-16528,26918,0,0,0,0,1,0
126,32552,-91,-215,307,0,-7881,-18560,26442,0,0,0,0,1,0
127,32812,-61,-237,298,0,-5297,-20413,25710,0,0,0,0,1,0
128,33072,-31,-256,287,0,-2661,-22069,24731,0,0,0,0,1,0
129,33333,0,-273,273,0,0,-23513,23513,0,0,0,0,1,0
130,33593,31,-287,256,0,2661,-24731,22069,0,0,0,0,1,0
131,33854,61,-298,237,0,5297,-25710,20413,0,0,0,0,1,0
132,34114,91,-307,215,0,7881,-26442,18560,0,0,0,0,1,0
133,34375,121,-312,192,0,10390,-26918,16528,0,0,0,0,1,0
134,34635,149,-315,166,0,12799,-27136,14337,0,0,0,0,1,0
135,34895,175,-314,139,0,15084,-27093,12008,0,0,0,0,1,0
136,35156,200,-311,111,0,17224,-26788,9564,0,0,0,0,1,0
137,35416,223,-304,82,0,19198,-26226,7027,0,0,0,0,1,0
138,35677,244,-295,51,0,20988,-25411,4423,0,0,0,0,1,0
139,35937,262,-283,21,0,22575,-24351,1776,0,0,0,0,1,0
140,36197,278,-268,-10,0,23945,-23056,-888,0,0,0,0,1,0
141,36458,291,-250,-41,0,25084,-21540,-3544,0,0,0,0,1,0
142,36718,302,-230,-72,0,25982,-19816,-6165,0,0,0,0,1,0
143,36979,309,-208,-101,0,26629,-17902,-8727,0,0,0,0,1,0
144,37239,314,-184,-130,0,27020,-15815,-11205,0,0,0,0,1,0
145,37500,315,-158,-158,0,27151,-13575,-13575,0,0,0,0,1,0
146,37760,314,-130,-184,0,27020,-11205,-15815,0,0,0,0,1,0
147,38020,309,-101,-208,0,26629,-8727,-17902,0,0,0,0,1,0
148,38281,302,-72,-230,0,25982,-6165,-19816,0,0,0,0,1,0
149,38541,291,-41,-250,0,25084,-3544,-21540,0,0,0,0,1,0
150,38802,278,-10,-268,0,23945,-888,-23056,0,0,0,0,1,0
151,39062,262,21,-283,0,22575,1776,-24351,0,0,0,0,1,0
152,39322,244,51,-295,0,20988,4423,-25411,0,0,0,0,1,0
153,39583,223,82,-304,0,19198,7027,-26226,0,0,0,0,1,0
154,39843,200,111,-311,0,17224,9564,-26788,0,0,0,0,1,0
155,40104,175,139,-314,0,15084,12008,-27093,0,0,0,0,1,0
156,40364,149,166,-315,0,12799,14337,-27136,0,0,0,0,1,0
157,40625,121,192,-312,0,10390,16528,-26918,0,0,0,0,1,0
158,40885,91,215,-307,0,7881,18560,-26442,0,0,0,0,1,0
159,41145,61,237,-298,0,5297,20413,-25710,0,0,0,0,1,0
160,41406,31,256,-287,0,2661,22069,-24731,0,0,0,0,1,0
161,41666,0,273,-273,0,0,23513,-23513,0,0,0,0,1,0
162,41927,-31,287,-256,0,-2661,24731,-22069,0,0,0,0,1,0
163,42187,-61,298,-237,0,-5297,25710,-20413,0,0,0,0,1,0
164,42447,-91,307,-215,0,-7881,26442,-18560,0,0,0,0,1,0
165,42708,-121,312,-192,0,-10390,26918,-16528,0,0,0,0,1,0
166,42968,-149,315,-166,0,-12799,27136,-14337,0,0,0,0,1,0
167,43229,-175,314,-139,0,-15084,27093,-12008,0,0,0,0,1,0
168,43489,-200,311,-111,0,-17224,26788,-9564,0,0,0,0,1,0
169,43750,-223,304,-82,0,-19198,26226,-7027,0,0,0,0,1,0
170,44010,-244,295,-51,0,-20988,25411,-4423,0,0,0,0,1,0
171,44270,-262,283,-21,0,-22575,24351,-1776,0,0,0,0,1,0
172,44531,-278,268,10,0,-23945,23056,888,0,0,0,0,1,0
173,44791,-291,250,41,0,-25084,21540,3544,0,0,0,0,1,0
174,45052,-302,230,72,0,-25982,19816,6165,0,0,0,0,1,0
175,45312,-309,208,101,0,-26629,17902,8727,0,0,0,0,1,0
176,45572,-314,184,130,0,-27020,15815,11205,0,0,0,0,1,0
177,45833,-315,158,158,0,-27151,13575,13575,0,0,0,0,1,0
178,46093,-314,130,184,0,-27020,11205,15815,0,0,0,0,1,0
179,46354,-309,101,208,0,-26629,8727,17902,0,0,0,0,1,0
180,46614,-302,72,230,0,-25982,6165,19816,0,0,0,0,1,0
181,46875,-291,41,250,0,-25084,3544,21540,0,0,0,0,1,0
182,47135,-278,10,268,0,-23945,888,23056,0,0,0,0,1,0
183,47395,-262,-21,283,0,-22575,-1776,24351,0,0,0,0,1,0
184,47656,-244,-51,295,0,-20988,-4423,25411,0,0,0,0,1,0
185,47916,-223,-82,304,0,-19198,-7027,26226,0,0,0,0,1,0
186,48177,-200,-111,311,0,-17224,-9564,26788,0,0,0,0,1,0
187,48437,-175,-139,314,0,-15084,-12008,27093,0,0,0,0,1,0
188,48697,-149,-166,315,0,-12799,-14337,27136,0,0,0,0,1,0
189,48958,-121,-192,312,0,-10390,-16528,26918,0,0,0,0,1,0
190,49218,-91,-215,307,0,-7881,-18560,26442,0,0,0,0,1,0
191,49479,-61,-237,298,0,-5297,-20413,25710,0,0,0,0,1,0
192,49739,-31,-256,287,0,-2661,-22069,24731,0,0,0,0,1,0
193,50000,16177,-273,-14009,1895,0,-27040,2351,0,0,0,0,1,0
194,50260,17638,-287,-13039,4311,213,-28440,2207,0,0,0,0,1,0
195,50520,19042,-298,-11993,6751,424,-29566,2041,0,0,0,0,1,0
196,50781,20376,-307,-10879,9190,631,-30408,1856,0,0,0,0,1,0
197,51041,21626,-312,-9709,11605,831,-30956,1653,0,0,0,0,1,0
198,51302,22777,-315,-8492,13970,1024,-31207,1434,0,0,0,0,1,0
199,51562,23819,-314,-7240,16264,1207,-31157,1201,0,0,0,0,1,0
200,51822,24739,-311,-5966,18463,1378,-30806,956,0,0,0,0,1,0
201,52083,25529,-304,-4679,20545,1536,-30159,703,0,0,0,0,1,0
202,52343,26179,-295,-3393,22491,1679,-29222,442,0,0,0,0,1,0
203,52604,26682,-283,-2120,24279,1806,-28003,178,0,0,0,0,1,0
204,52864,27032,-268,-870,25894,1916,-26515,-89,0,0,0,0,1,0
205,53125,27225,-250,343,27318,2007,-24771,-354,0,0,0,0,1,0
206,53385,27257,-230,1510,28537,2079,-22789,-617,0,0,0,0,1,0
207,53645,27129,-208,2618,29539,2130,-20587,-873,0,0,0,0,1,0
208,53906,26839,-184,3659,30314,2162,-18187,-1121,0,0,0,0,1,0
209,54166,26390,-158,4622,30854,2172,-15612,-1358,0,0,0,0,1,0
210,54427,25785,-130,5498,31153,2162,-12886,-1581,0,0,0,0,1,0
211,54687,25028,-101,6279,31207,2130,-10036,-1790,0,0,0,0,1,0
212,54947,24128,-72,6959,31015,2079,-7090,-1982,0,0,0,0,1,0
213,55208,23090,-41,7531,30580,2007,-4075,-2154,0,0,0,0,1,0
214,55468,21924,-10,7990,29903,1916,-1022,-2306,0,0,0,0,1,0
215,55729,20640,21,8332,28993,1806,2042,-2435,0,0,0,0,1,0
216,55989,19250,51,8554,27856,1679,5086,-2541,0,0,0,0,1,0
217,56250,17767,82,8655,26503,1536,8081,-2623,0,0,0,0,1,0
218,56510,16203,111,8633,24946,1378,10998,-2679,0,0,0,0,1,0
219,56770,14573,139,8489,23201,1207,13810,-2709,0,0,0,0,1,0
220,57031,12891,166,8226,21283,1024,16488,-2714,0,0,0,0,1,0
221,57291,11174,192,7845,19211,831,19008,-2692,0,0,0,0,1,0
222,57552,9436,215,7352,17003,631,21344,-2644,0,0,0,0,1,0
223,57812,7694,237,6751,14681,424,23475,-2571,0,0,0,0,1,0
224,58072,5963,256,6048,12267,213,25380,-2473,0,0,0,0,1,0
225,58333,4259,273,5251,9783,0,27040,-2351,0,0,0,0,1,0
226,58593,2599,287,4367,7252,-213,28440,-2207,0,0,0,0,1,0
227,58854,996,298,3405,4700,-424,29566,-2041,0,0,0,0,1,0
228,59114,-534,307,2375,2149,-631,30408,-1856,0,0,0,0,1,0
229,59375,-1977,312,1288,-377,-831,30956,-1653,0,0,0,0,1,0
230,59635,-3320,315,153,-2852,-1024,31207,-1434,0,0,0,0,1,0
231,59895,-4552,314,-1017,-5254,-1207,31157,-1201,0,0,0,0,1,0
232,60156,-5661,311,-2211,-7561,-1378,30806,-956,0,0,0,0,1,0
233,60416,-6637,304,-3418,-9750,-1536,30159,-703,0,0,0,0,1,0
234,60677,-7471,295,-4625,-11801,-1679,29222,-442,0,0,0,0,1,0
235,60937,-8157,283,-5820,-13694,-1806,28003,-178,0,0,0,0,1,0
236,61197,-8688,268,-6992,-15412,-1916,26515,89,0,0,0,0,1,0
237,61458,-9060,250,-8128,-16938,-2007,24771,354,0,0,0,0,1,0
238,61718,-9270,230,-9219,-18259,-2079,22789,617,0,0,0,0,1,0
239,61979,-9317,208,-10252,-19361,-2130,20587,873,0,0,0,0,1,0
240,62239,-9201,184,-11218,-20236,-2162,18187,1121,0,0,0,0,1,0
241,62500,-8924,158,-12107,-20874,-2172,15612,1358,0,0,0,0,1,0
242,62760,-8490,130,-12910,-21270,-2162,12886,1581,0,0,0,0,1,0
243,63020,-7903,101,-13619,-21421,-2130,10036,1790,0,0,0,0,1,0
244,63281,-7169,72,-14227,-21325,-2079,7090,1982,0,0,0,0,1,0
245,63541,-6297,41,-14728,-20984,-2007,4075,2154,0,0,0,0,1,0
246,63802,-5295,10,-15117,-20401,-1916,1022,2306,0,0,0,0,1,0
247,64062,-4174,-21,-15389,-19583,-1806,-2042,2435,0,0,0,0,1,0
248,64322,-2945,-51,-15542,-18538,-1679,-5086,2541,0,0,0,0,1,0
249,64583,-1620,-82,-15574,-17276,-1536,-8081,2623,0,0,0,0,1,0
250,64843,-214,-111,-15485,-15810,-1378,-10998,2679,0,0,0,0,1,0
251,65104,1260,-139,-15274,-14154,-1207,-13810,2709,0,0,0,0,1,0
252,65364,2786,-166,-14945,-12325,-1024,-16488,2714,0,0,0,0,1,0
253,65625,4351,-192,-14499,-10340,-831,-19008,2692,0,0,0,0,1,0
254,65885,5937,-215,-13940,-8219,-631,-21344,2644,0,0,0,0,1,0
255,66145,7529,-237,-13275,-5983,-424,-23475,2571,0,0,0,0,1,0
256,66406,9111,-256,-12508,-3653,-213,-25380,2473,0,0,0,0,1,0
257,66666,10667,-273,-11648,-1253,0,-27040,2351,0,0,0,0,1,0
258,66927,12182,-287,-10701,1194,213,-28440,2207,0,0,0,0,1,0
259,67187,13640,-298,-9678,3664,424,-29566,2041,0,0,0,0,1,0
260,67447,15027,-307,-8587,6133,631,-30408,1856,0,0,0,0,1,0
261,67708,16329,-312,-7439,8578,831,-30956,1653,0,0,0,0,1,0
262,67968,17532,-315,-6244,10973,1024,-31207,1434,0,0,0,0,1,0
263,68229,18625,-314,-5014,13296,1207,-31157,1201,0,0,0,0,1,0
264,68489,19596,-311,-3761,15524,1378,-30806,956,0,0,0,0,1,0
265,68750,20436,-304,-2496,17635,1536,-30159,703,0,0,0,0,1,0
266,69010,21135,-295,-1232,19609,1679,-29222,442,0,0,0,0,1,0
267,69270,21687,-283,21,21426,1806,-28003,178,0,0,0,0,1,0
268,69531,22086,-268,1249,23068,1916,-26515,-89,0,0,0,0,1,0
269,69791,22327,-250,2442,24520,2007,-24771,-354,0,0,0,0,1,0
270,70052,22408,-230,3588,25766,2079,-22789,-617,0,0,0,0,1,0
271,70312,22327,-208,4676,26795,2130,-20587,-873,0,0,0,0,1,0
272,70572,22084,-184,5697,27597,2162,-18187,-1121,0,0,0,0,1,0
273,70833,21681,-158,6640,28163,2172,-15612,-1358,0,0,0,0,1,0
274,71093,21122,-130,7496,28488,2162,-12886,-1581,0,0,0,0,1,0
275,71354,20411,-101,8258,28568,2130,-10036,-1790,0,0,0,0,1,0
276,71614,19556,-72,8919,28403,2079,-7090,-1982,0,0,0,0,1,0
277,71875,18562,-41,9472,27993,2007,-4075,-2154,0,0,0,0,1,0
278,72135,17441,-10,9912,27342,1916,-1022,-2306,0,0,0,0,1,0
279,72395,16201,21,10235,26456,1806,2042,-2435,0,0,0,0,1,0
280,72656,14854,51,10438,25344,1679,5086,-2541,0,0,0,0,1,0
281,72916,13414,82,10520,24015,1536,8081,-2623,0,0,0,0,1,0
282,73177,11892,111,10480,22483,1378,10998,-2679,0,0,0,0,1,0
283,73437,10304,139,10319,20762,1207,13810,-2709,0,0,0,0,1,0
284,73697,8665,166,10037,18868,1024,16488,-2714,0,0,0,0,1,0
285,73958,6988,192,9639,16819,831,19008,-2692,0,0,0,0,1,0
286,74218,5291,215,9128,14635,631,21344,-2644,0,0,0,0,1,0
287,74479,3590,237,8510,12336,424,23475,-2571,0,0,0,0,1,0
288,74739,1899,256,7790,9945,213,25380,-2473,0,0,0,0,1,0
289,75000,235,273,6975,7483,0,27040,-2351,0,0,0,0,1,0
290,75260,-1386,287,6074,4975,-213,28440,-2207,0,0,0,0,1,0
291,75520,-2950,298,5096,2445,-424,29566,-2041,0,0,0,0,1,0
292,75781,-4441,307,4050,-84,-631,30408,-1856,0,0,0,0,1,0
293,76041,-5846,312,2946,-2588,-831,30956,-1653,0,0,0,0,1,0
294,76302,-7152,315,1795,-5041,-1024,31207,-1434,0,0,0,0,1,0
295,76562,-8346,314,609,-7422,-1207,31157,-1201,0,0,0,0,1,0
296,76822,-9418,311,-601,-9708,-1378,30806,-956,0,0,0,0,1,0
297,77083,-10357,304,-1823,-11876,-1536,30159,-703,0,0,0,0,1,0
298,77343,-11155,295,-3046,-13906,-1679,29222,-442,0,0,0,0,1,0
299,77604,-11804,283,-4256,-15778,-1806,28003,-178,0,0,0,0,1,0
300,77864,-12300,268,-5443,-17476,-1916,26515,89,0,0,0,0,1,0
301,78125,-12637,250,-6595,-18982,-2007,24771,354,0,0,0,0,1,0
302,78385,-12812,230,-7701,-20283,-2079,22789,617,0,0,0,0,1,0
303,78645,-12824,208,-8749,-21365,-2130,20587,873,0,0,0,0,1,0
304,78906,-12674,184,-9730,-22220,-2162,18187,1121,0,0,0,0,1,0
305,79166,-12364,158,-10633,-22839,-2172,15612,1358,0,0,0,0,1,0
306,79427,-11896,130,-11450,-23216,-2162,12886,1581,0,0,0,0,1,0
307,79687,-11275,101,-12174,-23348,-2130,10036,1790,0,0,0,0,1,0
308,79947,-151,36,115,0,-25982,6165,19816,0,0,0,0,1,0
309,80208,-146,21,125,0,-25084,3544,21540,0,0,0,0,1,0
310,80468,-139,5,134,0,-23945,888,23056,0,0,0,0,1,0
311,80729,-131,-10,141,0,-22575,-1776,24351,0,0,0,0,1,0
312,80989,-122,-26,147,0,-20988,-4423,25411,0,0,0,0,1,0
313,81250,-111,-41,152,0,-19198,-7027,26226,0,0,0,0,1,0
314,81510,-100,-56,155,0,-17224,-9564,26788,0,0,0,0,1,0
315,81770,-88,-70,157,0,-15084,-12008,27093,0,0,0,0,1,0
316,82031,-74,-83,157,0,-12799,-14337,27136,0,0,0,0,1,0
317,82291,-60,-96,156,0,-10390,-16528,26918,0,0,0,0,1,0
318,82552,-46,-108,153,0,-7881,-18560,26442,0,0,0,0,1,0
319,82812,-31,-118,149,0,-5297,-20413,25710,0,0,0,0,1,0
320,83072,-15,-128,144,0,-2661,-22069,24731,0,0,0,0,1,0
321,83333,0,-136,136,0,0,-23513,23513,0,0,0,0,1,0
322,83593,15,-144,128,0,2661,-24731,22069,0,0,0,0,1,0
323,83854,31,-149,118,0,5297,-25710,20413,0,0,0,0,1,0
324,84114,46,-153,108,0,7881,-26442,18560,0,0,0,0,1,0
325,84375,60,-156,96,0,10390,-26918,16528,0,0,0,0,1,0
326,84635,74,-157,83,0,12799,-27136,14337,0,0,0,0,1,0
327,84895,88,-157,70,0,15084,-27093,12008,0,0,0,0,1,0
328,85156,100,-155,56,0,17224,-26788,9564,0,0,0,0,1,0
329,85416,111,-152,41,0,19198,-26226,7027,0,0,0,0,1,0
330,85677,122,-147,26,0,20988,-25411,4423,0,0,0,0,1,0
331,85937,131,-141,10,0,22575,-24351,1776,0,0,0,0,1,0
332,86197,139,-134,-5,0,23945,-23056,-888,0,0,0,0,1,0
333,86458,146,-125,-21,0,25084,-21540,-3544,0,0,0,0,1,0
334,86718,151,-115,-36,0,25982,-19816,-6165,0,0,0,0,1,0
335,86979,155,-104,-51,0,26629,-17902,-8727,0,0,0,0,1,0
336,87239,157,-92,-65,0,27020,-15815,-11205,0,0,0,0,1,0
337,87500,158,-79,-79,0,27151,-13575,-13575,0,0,0,0,1,0
338,87760,157,-65,-92,0,27020,-11205,-15815,0,0,0,0,1,0
339,88020,155,-51,-104,0,26629,-8727,-17902,0,0,0,0,1,0
340,88281,151,-36,-115,0,25982,-6165,-19816,0,0,0,0,1,0
341,88541,146,-21,-125,0,25084,-3544,-21540,0,0,0,0,1,0
342,88802,139,-5,-134,0,23945,-888,-23056,0,0,0,0,1,0
343,89062,131,10,-141,0,22575,1776,-24351,0,0,0,0,1,0
344,89322,122,26,-147,0,20988,4423,-25411,0,0,0,0,1,0
345,89583,111,41,-152,0,19198,7027,-26226,0,0,0,0,1,0
346,89843,100,56,-155,0,17224,9564,-26788,0,0,0,0,1,0
347,90104,88,70,-157,0,15084,12008,-27093,0,0,0,0,1,0
348,90364,74,83,-157,0,12799,14337,-27136,0,0,0,0,1,0
349,90625,60,96,-156,0,10390,16528,-26918,0,0,0,0,1,0
350,90885,46,108,-153,0,7881,18560,-26442,0,0,0,0,1,0
351,91145,31,118,-149,0,5297,20413,-25710,0,0,0,0,1,0
352,91406,15,128,-144,0,2661,22069,-24731,0,0,0,0,1,0
353,91666,0,136,-136,0,0,23513,-23513,0,0,0,0,1,0
354,91927,-15,144,-128,0,-2661,24731,-22069,0,0,0,0,1,0
355,92187,-31,149,-118,0,-5297,25710,-20413,0,0,0,0,1,0
356,92447,-46,153,-108,0,-7881,26442,-18560,0,0,0,0,1,0
357,92708,-60,156,-96,0,-10390,26918,-16528,0,0,0,0,1,0
358,92968,-74,157,-83,0,-12799,27136,-14337,0,0,0,0,1,0
359,93229,-88,157,-70,0,-15084,27093,-12008,0,0,0,0,1,0
360,93489,-100,155,-56,0,-17224,26788,-9564,0,0,0,0,1,0
361,93750,-111,152,-41,0,-19198,26226,-7027,0,0,0,0,1,0
362,94010,-122,147,-26,0,-20988,25411,-4423,0,0,0,0,1,0
363,94270,-131,141,-10,0,-22575,24351,-1776,0,0,0,0,1,0
364,94531,-139,134,5,0,-23945,23056,888,0,0,0,0,1,0
365,94791,-146,125,21,0,-25084,21540,3544,0,0,0,0,1,0
366,95052,-151,115,36,0,-25982,19816,6165,0,0,0,0,1,0
367,95312,-155,104,51,0,-26629,17902,8727,0,0,0,0,1,0
368,95572,-157,92,65,0,-27020,15815,11205,0,0,0,0,1,0
369,95833,-158,79,79,0,-27151,13575,13575,0,0,0,0,1,0
370,96093,-157,65,92,0,-27020,11205,15815,0,0,0,0,1,0
371,96354,-155,51,104,0,-26629,8727,17902,0,0,0,0,1,0
372,96614,-151,36,115,0,-25982,6165,19816,0,0,0,0,1,0
373,96875,-146,21,125,0,-25084,3544,21540,0,0,0,0,1,0
374,97135,-139,5,134,0,-23945,888,23056,0,0,0,0,1,0
375,97395,-131,-10,141,0,-22575,-1776,24351,0,0,0,0,1,0
376,97656,-122,-26,147,0,-20988,-4423,25411,0,0,0,0,1,0
377,97916,-111,-41,152,0,-19198,-7027,26226,0,0,0,0,1,0
378,98177,-100,-56,155,0,-17224,-9564,26788,0,0,0,0,1,0
379,98437,-88,-70,157,0,-15084,-12008,27093,0,0,0,0,1,0
380,98697,-74,-83,157,0,-12799,-14337,27136,0,0,0,0,1,0
381,98958,-60,-96,156,0,-10390,-16528,26918,0,0,0,0,1,0
382,99218,-46,-108,153,0,-7881,-18560,26442,0,0,0,0,1,0
383,99479,-31,-118,149,0,-5297,-20413,25710,0,0,0,0,1,0
384,99739,-15,-128,144,0,-2661,-22069,24731,0,0,0,0,1,0
385,100000,0,-136,136,0,0,-23513,23513,0,0,0,0,1,0
386,100260,15,-144,128,0,2661,-24731,22069,0,0,0,0,1,0
387,100520,31,-149,118,0,5297,-25710,20413,0,0,0,0,1,0
388,100781,46,-153,108,0,7881,-26442,18560,0,0,0,0,1,0
389,101041,60,-156,96,0,10390,-26918,16528,0,0,0,0,1,0
390,101302,74,-157,83,0,12799,-27136,14337,0,0,0,0,1,0
391,101562,88,-157,70,0,15084,-27093,12008,0,0,0,0,1,0
392,101822,100,-155,56,0,17224,-26788,9564,0,0,0,0,1,0
393,102083,111,-152,41,0,19198,-26226,7027,0,0,0,0,1,0
394,102343,122,-147,26,0,20988,-25411,4423,0,0,0,0,1,0
395,102604,131,-141,10,0,22575,-24351,1776,0,0,0,0,1,0
396,102864,139,-134,-5,0,23945,-23056,-888,0,0,0,0,1,0
397,103125,146,-125,-21,0,25084,-21540,-3544,0,0,0,0,1,0
398,103385,151,-115,-36,0,25982,-19816,-6165,0,0,0,0,1,0
399,103645,155,-104,-51,0,26629,-17902,-8727,0,0,0,0,1,0
400,103906,157,-92,-65,0,27020,-15815,-11205,0,0,0,0,1,0
401,104166,158,-79,-79,0,27151,-13575,-13575,0,0,0,0,1,0
402,104427,157,-65,-92,0,27020,-11205,-15815,0,0,0,0,1,0
403,104687,155,-51,-104,0,26629,-8727,-17902,0,0,0,0,1,0
404,104947,151,-36,-115,0,25982,-6165,-19816,0,0,0,0,1,0
405,105208,146,-21,-125,0,25084,-3544,-21540,0,0,0,0,1,0
406,105468,139,-5,-134,0,23945,-888,-23056,0,0,0,0,1,0
407,105729,131,10,-141,0,22575,1776,-24351,0,0,0,0,1,0
408,105989,122,26,-147,0,20988,4423,-25411,0,0,0,0,1,0
409,106250,111,41,-152,0,19198,7027,-26226,0,0,0,0,1,0
410,106510,100,56,-155,0,17224,9564,-26788,0,0,0,0,1,0
411,106770,88,70,-157,0,15084,12008,-27093,0,0,0,0,1,0
412,107031,74,83,-157,0,12799,14337,-27136,0,0,0,0,1,0
413,107291,60,96,-156,0,10390,16528,-26918,0,0,0,0,1,0
414,107552,46,108,-153,0,7881,18560,-26442,0,0,0,0,1,0
415,107812,31,118,-149,0,5297,20413,-25710,0,0,0,0,1,0
416,108072,15,128,-144,0,2661,22069,-24731,0,0,0,0,1,0
417,108333,0,136,-136,0,0,23513,-23513,0,0,0,0,1,0
418,108593,-15,144,-128,0,-2661,24731,-22069,0,0,0,0,1,0
419,108854,-31,149,-118,0,-5297,25710,-20413,0,0,0,0,1,0
420,109114,-46,153,-108,0,-7881,26442,-18560,0,0,0,0,1,0
421,109375,-60,156,-96,0,-10390,26918,-16528,0,0,0,0,1,0
422,109635,-74,157,-83,0,-12799,27136,-14337,0,0,0,0,1,0
423,109895,-88,157,-70,0,-15084,27093,-12008,0,0,0,0,1,0
424,110156,-100,155,-56,0,-17224,26788,-9564,0,0,0,0,1,0
425,110416,-111,152,-41,0,-19198,26226,-7027,0,0,0,0,1,0
426,110677,-122,147,-26,0,-20988,25411,-4423,0,0,0,0,1,0
427,110937,-131,141,-10,0,-22575,24351,-1776,0,0,0,0,1,0
428,111197,-139,134,5,0,-23945,23056,888,0,0,0,0,1,0
429,111458,-146,125,21,0,-25084,21540,3544,0,0,0,0,1,0
430,111718,-151,115,36,0,-25982,19816,6165,0,0,0,0,1,0
431,111979,-155,104,51,0,-26629,17902,8727,0,0,0,0,1,0
432,112239,-157,92,65,0,-27020,15815,11205,0,0,0,0,1,0
433,112500,-158,79,79,0,-27151,13575,13575,0,0,0,0,1,0
434,112760,-157,65,92,0,-27020,11205,15815,0,0,0,0,1,0
435,113020,-155,51,104,0,-26629,8727,17902,0,0,0,0,1,0
436,113281,-151,36,115,0,-25982,6165,19816,0,0,0,0,1,0
437,113541,-146,21,125,0,-25084,3544,21540,0,0,0,0,1,0
438,113802,-139,5,134,0,-23945,888,23056,0,0,0,0,1,0
439,114062,-131,-10,141,0,-22575,-1776,24351,0,0,0,0,1,0
440,114322,-122,-26,147,0,-20988,-4423,25411,0,0,0,0,1,0
441,114583,-111,-41,152,0,-19198,-7027,26226,0,0,0,0,1,0
442,114843,-100,-56,155,0,-17224,-9564,26788,0,0,0,0,1,0
443,115104,-88,-70,157,0,-15084,-12008,27093,0,0,0,0,1,0
444,115364,-74,-83,157,0,-12799,-14337,27136,0,0,0,0,1,0
445,115625,-60,-96,156,0,-10390,-16528,26918,0,0,0,0,1,0
446,115885,-46,-108,153,0,-7881,-18560,26442,0,0,0,0,1,0
447,116145,-31,-118,149,0,-5297,-20413,25710,0,0,0,0,1,0
448,116406,-15,-128,144,0,-2661,-22069,24731,0,0,0,0,1,0
449,116666,0,-136,136,0,0,-23513,23513,0,0,0,0,1,0
450,116927,15,-144,128,0,2661,-24731,22069,0,0,0,0,1,0
451,117187,31,-149,118,0,5297,-25710,20413,0,0,0,0,1,0
452,117447,46,-153,108,0,7881,-26442,18560,0,0,0,0,1,0
453,117708,60,-156,96,0,10390,-26918,16528,0,0,0,0,1,0
454,117968,74,-157,83,0,12799,-27136,14337,0,0,0,0,1,0
455,118229,88,-157,70,0,15084,-27093,12008,0,0,0,0,1,0
456,118489,100,-155,56,0,17224,-26788,9564,0,0,0,0,1,0
457,118750,111,-152,41,0,19198,-26226,7027,0,0,0,0,1,0
458,119010,122,-147,26,0,20988,-25411,4423,0,0,0,0,1,0
459,119270,131,-141,10,0,22575,-24351,1776,0,0,0,0,1,0
460,119531,139,-134,-5,0,23945,-23056,-888,0,0,0,0,1,0
461,119791,146,-125,-21,0,25084,-21540,-3544,0,0,0,0,1,0
462,120052,151,-115,-36,0,25982,-19816,-6165,0,0,0,0,1,0
463,120312,155,-104,-51,0,26629,-17902,-8727,0,0,0,0,1,0
464,120572,157,-92,-65,0,27020,-15815,-11205,0,0,0,0,1,0
465,120833,158,-79,-79,0,27151,-13575,-13575,0,0,0,0,1,0
466,121093,157,-65,-92,0,27020,-11205,-15815,0,0,0,0,1,0
467,121354,155,-51,-104,0,26629,-8727,-17902,0,0,0,0,1,0
468,121614,151,-36,-115,0,25982,-6165,-19816,0,0,0,0,1,0
469,121875,146,-21,-125,0,25084,-3544,-21540,0,0,0,0,1,0
470,122135,139,-5,-134,0,23945,-888,-23056,0,0,0,0,1,0
471,122395,131,10,-141,0,22575,1776,-24351,0,0,0,0,1,0
472,122656,122,26,-147,0,20988,4423,-25411,0,0,0,0,1,0
473,122916,111,41,-152,0,19198,7027,-26226,0,0,0,0,1,0
474,123177,100,56,-155,0,17224,9564,-26788,0,0,0,0,1,0
475,123437,88,70,-157,0,15084,12008,-27093,0,0,0,0,1,0
476,123697,74,83,-157,0,12799,14337,-27136,0,0,0,0,1,0
477,123958,60,96,-156,0,10390,16528,-26918,0,0,0,0,1,0
478,124218,46,108,-153,0,7881,18560,-26442,0,0,0,0,1,0
479,124479,31,118,-149,0,5297,20413,-25710,0,0,0,0,1,0
480,124739,15,128,-144,0,2661,22069,-24731,0,0,0,0,1,0
481,125000,0,136,-136,0,0,23513,-23513,0,0,0,0,1,0
482,125260,-15,144,-128,0,-2661,24731,-22069,0,0,0,0,1,0
483,125520,-31,149,-118,0,-5297,25710,-20413,0,0,0,0,1,0
484,125781,-46,153,-108,0,-7881,26442,-18560,0,0,0,0,1,0
485,126041,-60,156,-96,0,-10390,26918,-16528,0,0,0,0,1,0
486,126302,-74,157,-83,0,-12799,27136,-14337,0,0,0,0,1,0
487,126562,-88,157,-70,0,-15084,27093,-12008,0,0,0,0,1,0
488,126822,-100,155,-56,0,-17224,26788,-9564,0,0,0,0,1,0
489,127083,-111,152,-41,0,-19198,26226,-7027,0,0,0,0,1,0
490,127343,-122,147,-26,0,-20988,25411,-4423,0,0,0,0,1,0
491,127604,-131,141,-10,0,-22575,24351,-1776,0,0,0,0,1,0
492,127864,-139,134,5,0,-23945,23056,888,0,0,0,0,1,0
493,128124,-146,125,21,0,-25084,21540,3544,0,0,0,0,1,0
494,128385,-151,115,36,0,-25982,19816,6165,0,0,0,0,1,0
495,128645,-155,104,51,0,-26629,17902,8727,0,0,0,0,1,0
496,128906,-157,92,65,0,-27020,15815,11205,0,0,0,0,1,0
497,129166,-158,79,79,0,-27151,13575,13575,0,0,0,0,1,0
498,129427,-157,65,92,0,-27020,11205,15815,0,0,0,0,1,0
499,129687,-155,51,104,0,-26629,8727,17902,0,0,0,0,1,0
500,129947,-151,36,115,0,-25982,6165,19816,0,0,0,0,1,0
501,130208,-146,21,125,0,-25084,3544,21540,0,0,0,0,1,0
502,130468,-139,5,134,0,-23945,888,23056,0,0,0,0,1,0
503,130729,-131,-10,141,0,-22575,-1776,24351,0,0,0,0,1,0
504,130989,-122,-26,147,0,-20988,-4423,25411,0,0,0,0,1,0
505,131250,-111,-41,152,0,-19198,-7027,26226,0,0,0,0,1,0
506,131510,-100,-56,155,0,-17224,-9564,26788,0,0,0,0,1,0
507,131770,-88,-70,157,0,-15084,-12008,27093,0,0,0,0,1,0
508,132031,-74,-83,157,0,-12799,-14337,27136,0,0,0,0,1,0
509,132291,-60,-96,156,0,-10390,-16528,26918,0,0,0,0,1,0
510,132552,-46,-108,153,0,-7881,-18560,26442,0,0,0,0,1,0
511,132812,-31,-118,149,0,-5297,-20413,25710,0,0,0,0,1,0
512,133072,-15,-128,144,0,-2661,-22069,24731,0,0,0,0,1,0
513,133333,0,-136,136,0,0,-23513,23513,0,0,0,0,1,0
514,133593,15,-144,128,0,2661,-24731,22069,0,0,0,0,1,0
515,133854,31,-149,118,0,5297,-25710,20413,0,0,0,0,1,0
516,134114,46,-153,108,0,7881,-26442,18560,0,0,0,0,1,0
517,134375,60,-156,96,0,10390,-26918,16528,0,0,0,0,1,0
518,134635,74,-157,83,0,12799,-27136,14337,0,0,0,0,1,0
519,134895,88,-157,70,0,15084,-27093,12008,0,0,0,0,1,0
520,135156,100,-155,56,0,17224,-26788,9564,0,0,0,0,1,0
521,135416,111,-152,41,0,19198,-26226,7027,0,0,0,0,1,0
522,135677,122,-147,26,0,20988,-25411,4423,0,0,0,0,1,0
523,135937,131,-141,10,0,22575,-24351,1776,0,0,0,0,1,0
524,136197,139,-134,-5,0,23945,-23056,-888,0,0,0,0,1,0
525,136458,146,-125,-21,0,25084,-21540,-3544,0,0,0,0,1,0
526,136718,151,-115,-36,0,25982,-19816,-6165,0,0,0,0,1,0
527,136979,155,-104,-51,0,26629,-17902,-8727,0,0,0,0,1,0
528,137239,157,-92,-65,0,27020,-15815,-11205,0,0,0,0,1,0
529,137500,158,-79,-79,0,27151,-13575,-13575,0,0,0,0,1,0
530,137760,157,-65,-92,0,27020,-11205,-15815,0,0,0,0,1,0
531,138020,155,-51,-104,0,26629,-8727,-17902,0,0,0,0,1,0
532,138281,151,-36,-115,0,25982,-6165,-19816,0,0,0,0,1,0
533,138541,146,-21,-125,0,25084,-3544,-21540,0,0,0,0,1,0
534,138802,139,-5,-134,0,23945,-888,-23056,0,0,0,0,1,0
535,139062,131,10,-141,0,22575,1776,-24351,0,0,0,0,1,0
536,139322,122,26,-147,0,20988,4423,-25411,0,0,0,0,1,0
537,139583,111,41,-152,0,19198,7027,-26226,0,0,0,0,1,0
538,139843,100,56,-155,0,17224,9564,-26788,0,0,0,0,1,0
539,140104,88,70,-157,0,15084,12008,-27093,0,0,0,0,1,0
540,140364,74,83,-157,0,12799,14337,-27136,0,0,0,0,1,0
541,140625,60,96,-156,0,10390,16528,-26918,0,0,0,0,1,0
542,140885,46,108,-153,0,7881,18560,-26442,0,0,0,0,1,0
543,141145,31,118,-149,0,5297,20413,-25710,0,0,0,0,1,0
544,141406,15,128,-144,0,2661,22069,-24731,0,0,0,0,1,0
545,141666,0,136,-136,0,0,23513,-23513,0,0,0,0,1,0
546,141927,-15,144,-128,0,-2661,24731,-22069,0,0,0,0,1,0
547,142187,-31,149,-118,0,-5297,25710,-20413,0,0,0,0,1,0
548,142447,-46,153,-108,0,-7881,26442,-18560,0,0,0,0,1,0
549,142708,-60,156,-96,0,-10390,26918,-16528,0,0,0,0,1,0
550,142968,-74,157,-83,0,-12799,27136,-14337,0,0,0,0,1,0
551,143229,-88,157,-70,0,-15084,27093,-12008,0,0,0,0,1,0
552,143489,-100,155,-56,0,-17224,26788,-9564,0,0,0,0,1,0
553,143750,-111,152,-41,0,-19198,26226,-7027,0,0,0,0,1,0
554,144010,-122,147,-26,0,-20988,25411,-4423,0,0,0,0,1,0
555,144270,-131,141,-10,0,-22575,24351,-1776,0,0,0,0,1,0
556,144531,-139,134,5,0,-23945,23056,888,0,0,0,0,1,0
557,144791,-146,125,21,0,-25084,21540,3544,0,0,0,0,1,0
558,145052,-151,115,36,0,-25982,19816,6165,0,0,0,0,1,0
559,145312,-155,104,51,0,-26629,17902,8727,0,0,0,0,1,0
560,145572,-157,92,65,0,-27020,15815,11205,0,0,0,0,1,0
561,145833,-158,79,79,0,-27151,13575,13575,0,0,0,0,1,0
562,146093,-157,65,92,0,-27020,11205,15815,0,0,0,0,1,0
563,146354,-155,51,104,0,-26629,8727,17902,0,0,0,0,1,0
564,146614,-151,36,115,0,-25982,6165,19816,0,0,0,0,1,0
565,146875,-146,21,125,0,-25084,3544,21540,0,0,0,0,1,0
566,147135,-139,5,134,0,-23945,888,23056,0,0,0,0,1,0
567,147395,-131,-10,141,0,-22575,-1776,24351,0,0,0,0,1,0
568,147656,-122,-26,147,0,-20988,-4423,25411,0,0,0,0,1,0
569,147916,-111,-41,152,0,-19198,-7027,26226,0,0,0,0,1,0
570,148177,-100,-56,155,0,-17224,-9564,26788,0,0,0,0,1,0
571,148437,-88,-70,157,0,-15084,-12008,27093,0,0,0,0,1,0
572,148697,-74,-83,157,0,-12799,-14337,27136,0,0,0,0,1,0
573,148958,-60,-96,156,0,-10390,-16528,26918,0,0,0,0,1,0
574,149218,-46,-108,153,0,-7881,-18560,26442,0,0,0,0,1,0
575,149479,-31,-118,149,0,-5297,-20413,25710,0,0,0,0,1,0
576,149739,-15,-128,144,0,-2661,-22069,24731,0,0,0,0,1,0
577,150000,0,-136,136,0,0,-23513,23513,0,0,0,0,1,0
578,150260,15,-144,128,0,2661,-24731,22069,0,0,0,0,1,0
579,150520,31,-149,118,0,5297,-25710,20413,0,0,0,0,1,0
580,150781,46,-153,108,0,7881,-26442,18560,0,0,0,0,1,0
581,151041,60,-156,96,0,10390,-26918,16528,0,0,0,0,1,0
582,151302,74,-157,83,0,12799,-27136,14337,0,0,0,0,1,0
583,151562,88,-157,70,0,15084,-27093,12008,0,0,0,0,1,0
584,151822,100,-155,56,0,17224,-26788,9564,0,0,0,0,1,0
585,152083,111,-152,41,0,19198,-26226,7027,0,0,0,0,1,0
586,152343,122,-147,26,0,20988,-25411,4423,0,0,0,0,1,0
587,152604,131,-141,10,0,22575,-24351,1776,0,0,0,0,1,0
588,152864,139,-134,-5,0,23945,-23056,-888,0,0,0,0,1,0
589,153125,146,-125,-21,0,25084,-21540,-3544,0,0,0,0,1,0
590,153385,151,-115,-36,0,25982,-19816,-6165,0,0,0,0,1,0
591,153645,155,-104,-51,0,26629,-17902,-8727,0,0,0,0,1,0
592,153906,157,-92,-65,0,27020,-15815,-11205,0,0,0,0,1,0
593,154166,158,-79,-79,0,27151,-13575,-13575,0,0,0,0,1,0
594,154427,157,-65,-92,0,27020,-11205,-15815,0,0,0,0,1,0
595,154687,155,-51,-104,0,26629,-8727,-17902,0,0,0,0,1,0
596,154947,151,-36,-115,0,25982,-6165,-19816,0,0,0,0,1,0
597,155208,146,-21,-125,0,25084,-3544,-21540,0,0,0,0,1,0
598,155468,139,-5,-134,0,23945,-888,-23056,0,0,0,0,1,0
599,155729,131,10,-141,0,22575,1776,-24351,0,0,0,0,1,0
600,155989,122,26,-147,0,20988,4423,-25411,0,0,0,0,1,0
601,156250,111,41,-152,0,19198,7027,-26226,0,0,0,0,1,0
602,156510,100,56,-155,0,17224,9564,-26788,0,0,0,0,1,0
603,156770,88,70,-157,0,15084,12008,-27093,0,0,0,0,1,0
604,157031,74,83,-157,0,12799,14337,-27136,0,0,0,0,1,0
605,157291,60,96,-156,0,10390,16528,-26918,0,0,0,0,1,0
606,157552,46,108,-153,0,7881,18560,-26442,0,0,0,0,1,0
607,157812,31,118,-149,0,5297,20413,-25710,0,0,0,0,1,0
608,158072,15,128,-144,0,2661,22069,-24731,0,0,0,0,1,0
609,158333,0,136,-136,0,0,23513,-23513,0,0,0,0,1,0
610,158593,-15,144,-128,0,-2661,24731,-22069,0,0,0,0,1,0
611,158854,-31,149,-118,0,-5297,25710,-20413,0,0,0,0,1,0
612,159114,-46,153,-108,0,-7881,26442,-18560,0,0,0,0,1,0
613,159375,-60,156,-96,0,-10390,26918,-16528,0,0,0,0,1,0
614,159635,-74,157,-83,0,-12799,27136,-14337,0,0,0,0,1,0
615,159895,-88,157,-70,0,-15084,27093,-12008,0,0,0,0,1,0
616,160156,-100,155,-56,0,-17224,26788,-9564,0,0,0,0,1,0
617,160416,-111,152,-41,0,-19198,26226,-7027,0,0,0,0,1,0
618,160677,-122,147,-26,0,-20988,25411,-4423,0,0,0,0,1,0
619,160937,-131,141,-10,0,-22575,24351,-1776,0,0,0,0,1,0
620,161197,-139,134,5,0,-23945,23056,888,0,0,0,0,1,0
621,161458,-146,125,21,0,-25084,21540,3544,0,0,0,0,1,0
622,161718,-151,115,36,0,-25982,19816,6165,0,0,0,0,1,0
623,161979,-155,104,51,0,-26629,17902,8727,0,0,0,0,1,0
624,162239,-157,92,65,0,-27020,15815,11205,0,0,0,0,1,0
625,162500,-158,79,79,0,-27151,13575,13575,0,0,0,0,1,0
626,162760,-157,65,92,0,-27020,11205,15815,0,0,0,0,1,0
627,163020,-155,51,104,0,-26629,8727,17902,0,0,0,0,1,0
628,163281,-151,36,115,0,-25982,6165,19816,0,0,0,0,1,0
629,163541,-146,21,125,0,-25084,3544,21540,0,0,0,0,1,0
630,163802,-139,5,134,0,-23945,888,23056,0,0,0,0,1,0
631,164062,-131,-10,141,0,-22575,-1776,24351,0,0,0,0,1,0
632,164322,-122,-26,147,0,-20988,-4423,25411,0,0,0,0,1,0
633,164583,-111,-41,152,0,-19198,-7027,26226,0,0,0,0,1,0
634,164843,-100,-56,155,0,-17224,-9564,26788,0,0,0,0,1,0
635,165104,-88,-70,157,0,-15084,-12008,27093,0,0,0,0,1,0
636,165364,-74,-83,157,0,-12799,-14337,27136,0,0,0,0,1,0
637,165625,-60,-96,156,0,-10390,-16528,26918,0,0,0,0,1,0
638,165885,-46,-108,153,0,-7881,-18560,26442,0,0,0,0,1,0
639,166145,-31,-118,149,0,-5297,-20413,25710,0,0,0,0,1,0
640,166406,-15,-128,144,0,-2661,-22069,24731,0,0,0,0,1,0
641,166666,0,-136,136,0,0,-23513,23513,0,0,0,0,1,0
642,166927,15,-144,128,0,2661,-24731,22069,0,0,0,0,1,0
643,167187,31,-149,118,0,5297,-25710,20413,0,0,0,0,1,0
644,167447,46,-153,108,0,7881,-26442,18560,0,0,0,0,1,0
645,167708,60,-156,96,0,10390,-26918,16528,0,0,0,0,1,0
646,167968,74,-157,83,0,12799,-27136,14337,0,0,0,0,1,0
647,168229,88,-157,70,0,15084,-27093,12008,0,0,0,0,1,0
648,168489,100,-155,56,0,17224,-26788,9564,0,0,0,0,1,0
649,168750,111,-152,41,0,19198,-26226,7027,0,0,0,0,1,0
650,169010,122,-147,26,0,20988,-25411,4423,0,0,0,0,1,0
651,169270,131,-141,10,0,22575,-24351,1776,0,0,0,0,1,0
652,169531,139,-134,-5,0,23945,-23056,-888,0,0,0,0,1,0
653,169791,146,-125,-21,0,25084,-21540,-3544,0,0,0,0,1,0
654,170052,151,-115,-36,0,25982,-19816,-6165,0,0,0,0,1,0
655,170312,155,-104,-51,0,26629,-17902,-8727,0,0,0,0,1,0
656,170572,157,-92,-65,0,27020,-15815,-11205,0,0,0,0,1,0
657,170833,158,-79,-79,0,27151,-13575,-13575,0,0,0,0,1,0
658,171093,157,-65,-92,0,27020,-11205,-15815,0,0,0,0,1,0
659,171354,155,-51,-104,0,26629,-8727,-17902,0,0,0,0,1,0
660,171614,151,-36,-115,0,25982,-6165,-19816,0,0,0,0,1,0
661,171875,146,-21,-125,0,25084,-3544,-21540,0,0,0,0,1,0
662,172135,139,-5,-134,0,23945,-888,-23056,0,0,0,0,1,0
663,172395,131,10,-141,0,22575,1776,-24351,0,0,0,0,1,0
664,172656,122,26,-147,0,20988,4423,-25411,0,0,0,0,1,0
665,172916,111,41,-152,0,19198,7027,-26226,0,0,0,0,1,0
666,173177,100,56,-155,0,17224,9564,-26788,0,0,0,0,1,0
667,173437,88,70,-157,0,15084,12008,-27093,0,0,0,0,1,0
668,173697,74,83,-157,0,12799,14337,-27136,0,0,0,0,1,0
669,173958,60,96,-156,0,10390,16528,-26918,0,0,0,0,1,0
670,174218,46,108,-153,0,7881,18560,-26442,0,0,0,0,1,0
671,174479,31,118,-149,0,5297,20413,-25710,0,0,0,0,1,0
672,174739,15,128,-144,0,2661,22069,-24731,0,0,0,0,1,0
673,175000,0,136,-136,0,0,23513,-23513,0,0,0,0,1,0
674,175260,-15,144,-128,0,-2661,24731,-22069,0,0,0,0,1,0
675,175520,-31,149,-118,0,-5297,25710,-20413,0,0,0,0,1,0
676,175781,-46,153,-108,0,-7881,26442,-18560,0,0,0,0,1,0
677,176041,-60,156,-96,0,-10390,26918,-16528,0,0,0,0,1,0
678,176302,-74,157,-83,0,-12799,27136,-14337,0,0,0,0,1,0
679,176562,-88,157,-70,0,-15084,27093,-12008,0,0,0,0,1,0
680,176822,-100,155,-56,0,-17224,26788,-9564,0,0,0,0,1,0
681,177083,-111,152,-41,0,-19198,26226,-7027,0,0,0,0,1,0
682,177343,-122,147,-26,0,-20988,25411,-4423,0,0,0,0,1,0
683,177604,-131,141,-10,0,-22575,24351,-1776,0,0,0,0,1,0
684,177864,-139,134,5,0,-23945,23056,888,0,0,0,0,1,0
685,178125,-146,125,21,0,-25084,21540,3544,0,0,0,0,1,0
686,178385,-151,115,36,0,-25982,19816,6165,0,0,0,0,1,0
687,178645,-155,104,51,0,-26629,17902,8727,0,0,0,0,1,0
688,178906,-157,92,65,0,-27020,15815,11205,0,0,0,0,1,0
689,179166,-158,79,79,0,-27151,13575,13575,0,0,0,0,1,0
690,179427,-157,65,92,0,-27020,11205,15815,0,0,0,0,1,0
691,179687,-155,51,104,0,-26629,8727,17902,0,0,0,0,1,0
692,179947,-151,36,115,0,-25982,6165,19816,0,0,0,0,1,0
693,180208,-146,21,125,0,-25084,3544,21540,0,0,0,0,1,0
694,180468,-139,5,134,0,-23945,888,23056,0,0,0,0,1,0
695,180729,-131,-10,141,0,-22575,-1776,24351,0,0,0,0,1,0
696,180989,-122,-26,147,0,-20988,-4423,25411,0,0,0,0,1,0
697,181250,-111,-41,152,0,-19198,-7027,26226,0,0,0,0,1,0
698,181510,-100,-56,155,0,-17224,-9564,26788,0,0,0,0,1,0
699,181770,-88,-70,157,0,-15084,-12008,27093,0,0,0,0,1,0
700,182031,-74,-83,157,0,-12799,-14337,27136,0,0,0,0,1,0
701,182291,-60,-96,156,0,-10390,-16528,26918,0,0,0,0,1,0
702,182552,-46,-108,153,0,-7881,-18560,26442,0,0,0,0,1,0
703,182812,-31,-118,149,0,-5297,-20413,25710,0,0,0,0,1,0
704,183072,-15,-128,144,0,-2661,-22069,24731,0,0,0,0,1,0
705,183333,0,-136,136,0,0,-23513,23513,0,0,0,0,1,0
706,183593,15,-144,128,0,2661,-24731,22069,0,0,0,0,1,0
707,183854,31,-149,118,0,5297,-25710,20413,0,0,0,0,1,0
708,184114,46,-153,108,0,7881,-26442,18560,0,0,0,0,1,0
709,184375,60,-156,96,0,10390,-26918,16528,0,0,0,0,1,0
710,184635,74,-157,83,0,12799,-27136,14337,0,0,0,0,1,0
711,184895,88,-157,70,0,15084,-27093,12008,0,0,0,0,1,0
712,185156,100,-155,56,0,17224,-26788,9564,0,0,0,0,1,0
713,185416,111,-152,41,0,19198,-26226,7027,0,0,0,0,1,0
714,185677,122,-147,26,0,20988,-25411,4423,0,0,0,0,1,0
715,185937,131,-141,10,0,22575,-24351,1776,0,0,0,0,1,0
716,186197,139,-134,-5,0,23945,-23056,-888,0,0,0,0,1,0
717,186458,146,-125,-21,0,25084,-21540,-3544,0,0,0,0,1,0
718,186718,151,-115,-36,0,25982,-19816,-6165,0,0,0,0,1,0
719,186979,155,-104,-51,0,26629,-17902,-8727,0,0,0,0,1,0
720,187239,157,-92,-65,0,27020,-15815,-11205,0,0,0,0,1,0
721,187500,158,-79,-79,0,27151,-13575,-13575,0,0,0,0,1,0
722,187760,157,-65,-92,0,27020,-11205,-15815,0,0,0,0,1,0
723,188020,155,-51,-104,0,26629,-8727,-17902,0,0,0,0,1,0
724,188281,151,-36,-115,0,25982,-6165,-19816,0,0,0,0,1,0
725,188541,146,-21,-125,0,25084,-3544,-21540,0,0,0,0,1,0
726,188802,139,-5,-134,0,23945,-888,-23056,0,0,0,0,1,0
727,189062,131,10,-141,0,22575,1776,-24351,0,0,0,0,1,0
728,189322,122,26,-147,0,20988,4423,-25411,0,0,0,0,1,0
729,189583,111,41,-152,0,19198,7027,-26226,0,0,0,0,1,0
730,189843,100,56,-155,0,17224,9564,-26788,0,0,0,0,1,0
731,190104,88,70,-157,0,15084,12008,-27093,0,0,0,0,1,0
732,190364,74,83,-157,0,12799,14337,-27136,0,0,0,0,1,0
733,190625,60,96,-156,0,10390,16528,-26918,0,0,0,0,1,0
734,190885,46,108,-153,0,7881,18560,-26442,0,0,0,0,1,0
735,191145,31,118,-149,0,5297,20413,-25710,0,0,0,0,1,0
736,191406,15,128,-144,0,2661,22069,-24731,0,0,0,0,1,0
737,191666,0,136,-136,0,0,23513,-23513,0,0,0,0,1,0
738,191927,-15,144,-128,0,-2661,24731,-22069,0,0,0,0,1,0
739,192187,-31,149,-118,0,-5297,25710,-20413,0,0,0,0,1,0
740,192447,-46,153,-108,0,-7881,26442,-18560,0,0,0,0,1,0
741,192708,-60,156,-96,0,-10390,26918,-16528,0,0,0,0,1,0
742,192968,-74,157,-83,0,-12799,27136,-14337,0,0,0,0,1,0
743,193229,-88,157,-70,0,-15084,27093,-12008,0,0,0,0,1,0
744,193489,-100,155,-56,0,-17224,26788,-9564,0,0,0,0,1,0
745,193750,-111,152,-41,0,-19198,26226,-7027,0,0,0,0,1,0
746,194010,-122,147,-26,0,-20988,25411,-4423,0,0,0,0,1,0
747,194270,-131,141,-10,0,-22575,24351,-1776,0,0,0,0,1,0
748,194531,-139,134,5,0,-23945,23056,888,0,0,0,0,1,0
749,194791,-146,125,21,0,-25084,21540,3544,0,0,0,0,1,0
750,195052,-151,115,36,0,-25982,19816,6165,0,0,0,0,1,0
751,195312,-155,104,51,0,-26629,17902,8727,0,0,0,0,1,0
752,195572,-157,92,65,0,-27020,15815,11205,0,0,0,0,1,0
753,195833,-158,79,79,0,-27151,13575,13575,0,0,0,0,1,0
754,196093,-157,65,92,0,-27020,11205,15815,0,0,0,0,1,0
755,196354,-155,51,104,0,-26629,8727,17902,0,0,0,0,1,0
756,196614,-151,36,115,0,-25982,6165,19816,0,0,0,0,1,0
757,196875,-146,21,125,0,-25084,3544,21540,0,0,0,0,1,0
758,197135,-139,5,134,0,-23945,888,23056,0,0,0,0,1,0
759,197395,-131,-10,141,0,-22575,-1776,24351,0,0,0,0,1,0
760,197656,-122,-26,147,0,-20988,-4423,25411,0,0,0,0,1,0
761,197916,-111,-41,152,0,-19198,-7027,26226,0,0,0,0,1,0
762,198177,-100,-56,155,0,-17224,-9564,26788,0,0,0,0,1,0
763,198437,-88,-70,157,0,-15084,-12008,27093,0,0,0,0,1,0
764,198697,-74,-83,157,0,-12799,-14337,27136,0,0,0,0,1,0
765,198958,-60,-96,156,0,-10390,-16528,26918,0,0,0,0,1,0
766,199218,-46,-108,153,0,-7881,-18560,26442,0,0,0,0,1,0
767,199479,-31,-118,149,0,-5297,-20413,25710,0,0,0,0,1,0
768,199739,-15,-128,144,0,-2661,-22069,24731,0,0,0,0,1,0
769,200000,0,-136,136,0,0,-23513,23513,0,0,0,0,1,0
770,200260,15,-144,128,0,2661,-24731,22069,0,0,0,0,1,0
771,200520,31,-149,118,0,5297,-25710,20413,0,0,0,0,1,0
772,200781,46,-153,108,0,7881,-26442,18560,0,0,0,0,1,0
773,201041,60,-156,96,0,10390,-26918,16528,0,0,0,0,1,0
774,201302,74,-157,83,0,12799,-27136,14337,0,0,0,0,1,0
775,201562,88,-157,70,0,15084,-27093,12008,0,0,0,0,1,0
776,201822,100,-155,56,0,17224,-26788,9564,0,0,0,0,1,0
777,202083,111,-152,41,0,19198,-26226,7027,0,0,0,0,1,0
778,202343,122,-147,26,0,20988,-25411,4423,0,0,0,0,1,0
779,202604,131,-141,10,0,22575,-24351,1776,0,0,0,0,1,0
780,202864,139,-134,-5,0,23945,-23056,-888,0,0,0,0,1,0
781,203125,146,-125,-21,0,25084,-21540,-3544,0,0,0,0,1,0
782,203385,151,-115,-36,0,25982,-19816,-6165,0,0,0,0,1,0
783,203645,155,-104,-51,0,26629,-17902,-8727,0,0,0,0,1,0
784,203906,157,-92,-65,0,27020,-15815,-11205,0,0,0,0,1,0
785,204166,158,-79,-79,0,27151,-13575,-13575,0,0,0,0,1,0
786,204427,157,-65,-92,0,27020,-11205,-15815,0,0,0,0,1,0
787,204687,155,-51,-104,0,26629,-8727,-17902,0,0,0,0,1,0
788,204947,151,-36,-115,0,25982,-6165,-19816,0,0,0,0,1,0
789,205208,146,-21,-125,0,25084,-3544,-21540,0,0,0,0,1,0
790,205468,139,-5,-134,0,23945,-888,-23056,0,0,0,0,1,0
791,205729,131,10,-141,0,22575,1776,-24351,0,0,0,0,1,0
792,205989,122,26,-147,0,20988,4423,-25411,0,0,0,0,1,0
793,206250,111,41,-152,0,19198,7027,-26226,0,0,0,0,1,0
794,206510,100,56,-155,0,17224,9564,-26788,0,0,0,0,1,0
795,206770,88,70,-157,0,15084,12008,-27093,0,0,0,0,1,0
796,207031,74,83,-157,0,12799,14337,-27136,0,0,0,0,1,0
797,207291,60,96,-156,0,10390,16528,-26918,0,0,0,0,1,0
798,207552,46,108,-153,0,7881,18560,-26442,0,0,0,0,1,0
799,207812,31,118,-149,0,5297,20413,-25710,0,0,0,0,1,0
800,208072,15,128,-144,0,2661,22069,-24731,0,0,0,0,1,0
801,208333,0,136,-136,0,0,23513,-23513,0,0,0,0,1,0
802,208593,-15,144,-128,0,-2661,24731,-22069,0,0,0,0,1,0
803,208854,-31,149,-118,0,-5297,25710,-20413,0,0,0,0,1,0
804,209114,-46,153,-108,0,-7881,26442,-18560,0,0,0,0,1,0
805,209375,-60,156,-96,0,-10390,26918,-16528,0,0,0,0,1,0
806,209635,-74,157,-83,0,-12799,27136,-14337,0,0,0,0,1,0
807,209895,-88,157,-70,0,-15084,27093,-12008,0,0,0,0,1,0
808,210156,-100,155,-56,0,-17224,26788,-9564,0,0,0,0,1,0
809,210416,-111,152,-41,0,-19198,26226,-7027,0,0,0,0,1,0
810,210677,-122,147,-26,0,-20988,25411,-4423,0,0,0,0,1,0
811,210937,-131,141,-10,0,-22575,24351,-1776,0,0,0,0,1,0
812,211197,-139,134,5,0,-23945,23056,888,0,0,0,0,1,0
813,211458,-146,125,21,0,-25084,21540,3544,0,0,0,0,1,0
814,211718,-151,115,36,0,-25982,19816,6165,0,0,0,0,1,0
815,211979,-155,104,51,0,-26629,17902,8727,0,0,0,0,1,0
816,212239,-157,92,65,0,-27020,15815,11205,0,0,0,0,1,0
817,212500,-158,79,79,0,-27151,13575,13575,0,0,0,0,1,0
818,212760,-157,65,92,0,-27020,11205,15815,0,0,0,0,1,0
819,213020,-155,51,104,0,-26629,8727,17902,0,0,0,0,1,0
820,213281,-151,36,115,0,-25982,6165,19816,0,0,0,0,1,0
821,213541,-146,21,125,0,-25084,3544,21540,0,0,0,0,1,0
822,213802,-139,5,134,0,-23945,888,23056,0,0,0,0,1,0
823,214062,-131,-10,141,0,-22575,-1776,24351,0,0,0,0,1,0
824,214322,-122,-26,147,0,-20988,-4423,25411,0,0,0,0,1,0
825,214583,-111,-41,152,0,-19198,-7027,26226,0,0,0,0,1,0
826,214843,-100,-56,155,0,-17224,-9564,26788,0,0,0,0,1,0
827,215104,-88,-70,157,0,-15084,-12008,27093,0,0,0,0,1,0
828,215364,-74,-83,157,0,-12799,-14337,27136,0,0,0,0,1,0
829,215625,-60,-96,156,0,-10390,-16528,26918,0,0,0,0,1,0
830,215885,-46,-108,153,0,-7881,-18560,26442,0,0,0,0,1,0
831,216145,-31,-118,149,0,-5297,-20413,25710,0,0,0,0,1,0
832,216406,-15,-128,144,0,-2661,-22069,24731,0,0,0,0,1,0
833,216666,0,-136,136,0,0,-23513,23513,0,0,0,0,1,0
834,216927,15,-144,128,0,2661,-24731,22069,0,0,0,0,1,0
835,217187,31,-149,118,0,5297,-25710,20413,0,0,0,0,1,0
836,217447,46,-153,108,0,7881,-26442,18560,0,0,0,0,1,0
837,217708,60,-156,96,0,10390,-26918,16528,0,0,0,0,1,0
838,217968,74,-157,83,0,12799,-27136,14337,0,0,0,0,1,0
839,218229,88,-157,70,0,15084,-27093,12008,0,0,0,0,1,0
840,218489,100,-155,56,0,17224,-26788,9564,0,0,0,0,1,0
841,218750,111,-152,41,0,19198,-26226,7027,0,0,0,0,1,0
842,219010,122,-147,26,0,20988,-25411,4423,0,0,0,0,1,0
843,219270,131,-141,10,0,22575,-24351,1776,0,0,0,0,1,0
844,219531,139,-134,-5,0,23945,-23056,-888,0,0,0,0,1,0
845,219791,146,-125,-21,0,25084,-21540,-3544,0,0,0,0,1,0
846,220052,151,-115,-36,0,25982,-19816,-6165,0,0,0,0,1,0
847,220312,155,-104,-51,0,26629,-17902,-8727,0,0,0,0,1,0
848,220572,157,-92,-65,0,27020,-15815,-11205,0,0,0,0,1,0
849,220833,158,-79,-79,0,27151,-13575,-13575,0,0,0,0,1,0
850,221093,157,-65,-92,0,27020,-11205,-15815,0,0,0,0,1,0
851,221354,155,-51,-104,0,26629,-8727,-17902,0,0,0,0,1,0
852,221614,151,-36,-115,0,25982,-6165,-19816,0,0,0,0,1,0
853,221875,146,-21,-125,0,25084,-3544,-21540,0,0,0,0,1,0
854,222135,139,-5,-134,0,23945,-888,-23056,0,0,0,0,1,0
855,222395,131,10,-141,0,22575,1776,-24351,0,0,0,0,1,0
856,222656,122,26,-147,0,20988,4423,-25411,0,0,0,0,1,0
857,222916,111,41,-152,0,19198,7027,-26226,0,0,0,0,1,0
858,223177,100,56,-155,0,17224,9564,-26788,0,0,0,0,1,0
859,223437,88,70,-157,0,15084,12008,-27093,0,0,0,0,1,0
860,223697,74,83,-157,0,12799,14337,-27136,0,0,0,0,1,0
861,223958,60,96,-156,0,10390,16528,-26918,0,0,0,0,1,0
862,224218,46,108,-153,0,7881,18560,-26442,0,0,0,0,1,0
863,224479,31,118,-149,0,5297,20413,-25710,0,0,0,0,1,0
864,224739,15,128,-144,0,2661,22069,-24731,0,0,0,0,1,0
865,225000,0,136,-136,0,0,23513,-23513,0,0,0,0,1,0
866,225260,-15,144,-128,0,-2661,24731,-22069,0,0,0,0,1,0
867,225520,-31,149,-118,0,-5297,25710,-20413,0,0,0,0,1,0
868,225781,-46,153,-108,0,-7881,26442,-18560,0,0,0,0,1,0
869,226041,-60,156,-96,0,-10390,26918,-16528,0,0,0,0,1,0
870,226302,-74,157,-83,0,-12799,27136,-14337,0,0,0,0,1,0
871,226562,-88,157,-70,0,-15084,27093,-12008,0,0,0,0,1,0
872,226822,-100,155,-56,0,-17224,26788,-9564,0,0,0,0,1,0
873,227083,-111,152,-41,0,-19198,26226,-7027,0,0,0,0,1,0
874,227343,-122,147,-26,0,-20988,25411,-4423,0,0,0,0,1,0
875,227604,-131,141,-10,0,-22575,24351,-1776,0,0,0,0,1,0
876,227864,-139,134,5,0,-23945,23056,888,0,0,0,0,1,0
877,228125,-146,125,21,0,-25084,21540,3544,0,0,0,0,1,0
878,228385,-151,115,36,0,-25982,19816,6165,0,0,0,0,1,0
879,228645,-155,104,51,0,-26629,17902,8727,0,0,0,0,1,0
880,228906,-157,92,65,0,-27020,15815,11205,0,0,0,0,1,0
881,229166,-158,79,79,0,-27151,13575,13575,0,0,0,0,1,0
882,229427,-157,65,92,0,-27020,11205,15815,0,0,0,0,1,0
883,229687,-155,51,104,0,-26629,8727,17902,0,0,0,0,1,0
884,229947,-151,36,115,0,-25982,6165,19816,0,0,0,0,1,0
885,230208,-146,21,125,0,-25084,3544,21540,0,0,0,0,1,0
886,230468,-139,5,134,0,-23945,888,23056,0,0,0,0,1,0
887,230729,-131,-10,141,0,-22575,-1776,24351,0,0,0,0,1,0
888,230989,-122,-26,147,0,-20988,-4423,25411,0,0,0,0,1,0
889,231250,-111,-41,152,0,-19198,-7027,26226,0,0,0,0,1,0
890,231510,-100,-56,155,0,-17224,-9564,26788,0,0,0,0,1,0
891,231770,-88,-70,157,0,-15084,-12008,27093,0,0,0,0,1,0
892,232031,-74,-83,157,0,-12799,-14337,27136,0,0,0,0,1,0
893,232291,-60,-96,156,0,-10390,-16528,26918,0,0,0,0,1,0
894,232552,-46,-108,153,0,-7881,-18560,26442,0,0,0,0,1,0
895,232812,-31,-118,149,0,-5297,-20413,25710,0,0,0,0,1,0
896,233072,-15,-128,144,0,-2661,-22069,24731,0,0,0,0,1,0
897,233333,0,-136,136,0,0,-23513,23513,0,0,0,0,1,0
898,233593,15,-144,128,0,2661,-24731,22069,0,0,0,0,1,0
899,233854,31,-149,118,0,5297,-25710,20413,0,0,0,0,1,0
900,234114,46,-153,108,0,7881,-26442,18560,0,0,0,0,1,0
901,234375,60,-156,96,0,10390,-26918,16528,0,0,0,0,1,0
902,234635,74,-157,83,0,12799,-27136,14337,0,0,0,0,1,0
903,234895,88,-157,70,0,15084,-27093,12008,0,0,0,0,1,0
904,235156,100,-155,56,0,17224,-26788,9564,0,0,0,0,1,0
905,235416,111,-152,41,0,19198,-26226,7027,0,0,0,0,1,0
906,235677,122,-147,26,0,20988,-25411,4423,0,0,0,0,1,0
907,235937,131,-141,10,0,22575,-24351,1776,0,0,0,0,1,0
908,236197,139,-134,-5,0,23945,-23056,-888,0,0,0,0,1,0
909,236458,146,-125,-21,0,25084,-21540,-3544,0,0,0,0,1,0
910,236718,151,-115,-36,0,25982,-19816,-6165,0,0,0,0,1,0
911,236979,155,-104,-51,0,26629,-17902,-8727,0,0,0,0,1,0
912,237239,157,-92,-65,0,27020,-15815,-11205,0,0,0,0,1,0
913,237500,158,-79,-79,0,27151,-13575,-13575,0,0,0,0,1,0
914,237760,157,-65,-92,0,27020,-11205,-15815,0,0,0,0,1,0
915,238020,155,-51,-104,0,26629,-8727,-17902,0,0,0,0,1,0
916,238281,151,-36,-115,0,25982,-6165,-19816,0,0,0,0,1,0
917,238541,146,-21,-125,0,25084,-3544,-21540,0,0,0,0,1,0
918,238802,139,-5,-134,0,23945,-888,-23056,0,0,0,0,1,0
919,239062,131,10,-141,0,22575,1776,-24351,0,0,0,0,1,0
920,239322,122,26,-147,0,20988,4423,-25411,0,0,0,0,1,0
921,239583,111,41,-152,0,19198,7027,-26226,0,0,0,0,1,0
922,239843,100,56,-155,0,17224,9564,-26788,0,0,0,0,1,0
923,240104,88,70,-157,0,15084,12008,-27093,0,0,0,0,1,0
924,240364,74,83,-157,0,12799,14337,-27136,0,0,0,0,1,0
925,240625,60,96,-156,0,10390,16528,-26918,0,0,0,0,1,0
926,240885,46,108,-153,0,7881,18560,-26442,0,0,0,0,1,0
927,241145,31,118,-149,0,5297,20413,-25710,0,0,0,0,1,0
928,241406,15,128,-144,0,2661,22069,-24731,0,0,0,0,1,0
929,241666,0,136,-136,0,0,23513,-23513,0,0,0,0,1,0
930,241927,-15,144,-128,0,-2661,24731,-22069,0,0,0,0,1,0
931,242187,-31,149,-118,0,-5297,25710,-20413,0,0,0,0,1,0
932,242447,-46,153,-108,0,-7881,26442,-18560,0,0,0,0,1,0
933,242708,-60,156,-96,0,-10390,26918,-16528,0,0,0,0,1,0
934,242968,-74,157,-83,0,-12799,27136,-14337,0,0,0,0,1,0
935,243229,-88,157,-70,0,-15084,27093,-12008,0,0,0,0,1,0
936,243489,-100,155,-56,0,-17224,26788,-9564,0,0,0,0,1,0
937,243750,-111,152,-41,0,-19198,26226,-7027,0,0,0,0,1,0
938,244010,-122,147,-26,0,-20988,25411,-4423,0,0,0,0,1,0
939,244270,-131,141,-10,0,-22575,24351,-1776,0,0,0,0,1,0
940,244531,-139,134,5,0,-23945,23056,888,0,0,0,0,1,0
941,244791,-146,125,21,0,-25084,21540,3544,0,0,0,0,1,0
942,245052,-151,115,36,0,-25982,19816,6165,0,0,0,0,1,0
943,245312,-155,104,51,0,-26629,17902,8727,0,0,0,0,1,0
944,245572,-157,92,65,0,-27020,15815,11205,0,0,0,0,1,0
945,245833,-158,79,79,0,-27151,13575,13575,0,0,0,0,1,0
946,246093,-157,65,92,0,-27020,11205,15815,0,0,0,0,1,0
947,246354,-155,51,104,0,-26629,8727,17902,0,0,0,0,1,0
948,246614,-151,36,115,0,-25982,6165,19816,0,0,0,0,1,0
949,246875,-146,21,125,0,-25084,3544,21540,0,0,0,0,1,0
950,247135,-139,5,134,0,-23945,888,23056,0,0,0,0,1,0
951,247395,-131,-10,141,0,-22575,-1776,24351,0,0,0,0,1,0
952,247656,-122,-26,147,0,-20988,-4423,25411,0,0,0,0,1,0
953,247916,-111,-41,152,0,-19198,-7027,26226,0,0,0,0,1,0
954,248177,-100,-56,155,0,-17224,-9564,26788,0,0,0,0,1,0
955,248437,-88,-70,157,0,-15084,-12008,27093,0,0,0,0,1,0
956,248697,-74,-83,157,0,-12799,-14337,27136,0,0,0,0,1,0
957,248958,-60,-96,156,0,-10390,-16528,26918,0,0,0,0,1,0
958,249218,-46,-108,153,0,-7881,-18560,26442,0,0,0,0,1,0
959,249479,-31,-118,149,0,-5297,-20413,25710,0,0,0,0,1,0
960,249739,-15,-128,144,0,-2661,-22069,24731,0,0,0,0,1,0
961,250000,0,-136,136,0,0,-23513,23513,0,0,0,0,1,0
962,250260,15,-144,128,0,2661,-24731,22069,0,0,0,0,1,0
963,250520,31,-149,118,0,5297,-25710,20413,0,0,0,0,1,0
964,250781,46,-153,108,0,7881,-26442,18560,0,0,0,0,1,0
965,251041,60,-156,96,0,10390,-26918,16528,0,0,0,0,1,0
966,251302,74,-157,83,0,12799,-27136,14337,0,0,0,0,1,0
967,251562,88,-157,70,0,15084,-27093,12008,0,0,0,0,1,0
968,251822,100,-155,56,0,17224,-26788,9564,0,0,0,0,1,0
969,252083,111,-152,41,0,19198,-26226,7027,0,0,0,0,1,0
970,252343,122,-147,26,0,20988,-25411,4423,0,0,0,0,1,0
971,252604,131,-141,10,0,22575,-24351,1776,0,0,0,0,1,0
972,252864,139,-134,-5,0,23945,-23056,-888,0,0,0,0,1,0
973,253125,146,-125,-21,0,25084,-21540,-3544,0,0,0,0,1,0
974,253385,151,-115,-36,0,25982,-19816,-6165,0,0,0,0,1,0
975,253645,155,-104,-51,0,26629,-17902,-8727,0,0,0,0,1,0
976,253906,157,-92,-65,0,27020,-15815,-11205,0,0,0,0,1,0
977,254166,158,-79,-79,0,27151,-13575,-13575,0,0,0,0,1,0
978,254427,157,-65,-92,0,27020,-11205,-15815,0,0,0,0,1,0
979,254687,155,-51,-104,0,26629,-8727,-17902,0,0,0,0,1,0
980,254947,151,-36,-115,0,25982,-6165,-19816,0,0,0,0,1,0
981,255208,146,-21,-125,0,25084,-3544,-21540,0,0,0,0,1,0
982,255468,139,-5,-134,0,23945,-888,-23056,0,0,0,0,1,0
983,255729,131,10,-141,0,22575,1776,-24351,0,0,0,0,1,0
984,255989,122,26,-147,0,20988,4423,-25411,0,0,0,0,1,0
985,256249,111,41,-152,0,19198,7027,-26226,0,0,0,0,1,0
986,256510,100,56,-155,0,17224,9564,-26788,0,0,0,0,1,0
987,256770,88,70,-157,0,15084,12008,-27093,0,0,0,0,1,0
988,257031,74,83,-157,0,12799,14337,-27136,0,0,0,0,1,0
989,257291,60,96,-156,0,10390,16528,-26918,0,0,0,0,1,0
990,257552,46,108,-153,0,7881,18560,-26442,0,0,0,0,1,0
991,257812,31,118,-149,0,5297,20413,-25710,0,0,0,0,1,0
992,258072,15,128,-144,0,2661,22069,-24731,0,0,0,0,1,0
993,258333,0,136,-136,0,0,23513,-23513,0,0,0,0,1,0
994,258593,-15,144,-128,0,-2661,24731,-22069,0,0,0,0,1,0
995,258854,-31,149,-118,0,-5297,25710,-20413,0,0,0,0,1,0
996,259114,-46,153,-108,0,-7881,26442,-18560,0,0,0,0,1,0
997,259375,-60,156,-96,0,-10390,26918,-16528,0,0,0,0,1,0
998,259635,-74,157,-83,0,-12799,27136,-14337,0,0,0,0,1,0
999,259895,-88,157,-70,0,-15084,27093,-12008,0,0,0,0,1,0
1000,260156,-100,155,-56,0,-17224,26788,-9564,0,0,0,0,1,0
1001,260416,-111,152,-41,0,-19198,26226,-7027,0,0,0,0,1,0
1002,260677,-122,147,-26,0,-20988,25411,-4423,0,0,0,0,1,0
1003,260937,-131,141,-10,0,-22575,24351,-1776,0,0,0,0,1,0
1004,261197,-139,134,5,0,-23945,23056,888,0,0,0,0,1,0
1005,261458,-146,125,21,0,-25084,21540,3544,0,0,0,0,1,0
1006,261718,-151,115,36,0,-25982,19816,6165,0,0,0,0,1,0
1007,261979,-155,104,51,0,-26629,17902,8727,0,0,0,0,1,0
1008,262239,-157,92,65,0,-27020,15815,11205,0,0,0,0,1,0
1009,262500,-158,79,79,0,-27151,13575,13575,0,0,0,0,1,0
1010,262760,-157,65,92,0,-27020,11205,15815,0,0,0,0,1,0
1011,263020,-155,51,104,0,-26629,8727,17902,0,0,0,0,1,0
1012,263281,-151,36,115,0,-25982,6165,19816,0,0,0,0,1,0
1013,263541,-146,21,125,0,-25084,3544,21540,0,0,0,0,1,0
1014,263802,-139,5,134,0,-23945,888,23056,0,0,0,0,1,0
1015,264062,-131,-10,141,0,-22575,-1776,24351,0,0,0,0,1,0
1016,264322,-122,-26,147,0,-20988,-4423,25411,0,0,0,0,1,0
1017,264583,-111,-41,152,0,-19198,-7027,26226,0,0,0,0,1,0
1018,264843,-100,-56,155,0,-17224,-9564,26788,0,0,0,0,1,0
1019,265104,-88,-70,157,0,-15084,-12008,27093,0,0,0,0,1,0
1020,265364,-74,-83,157,0,-12799,-14337,27136,0,0,0,0,1,0
1021,265625,-60,-96,156,0,-10390,-16528,26918,0,0,0,0,1,0
1022,265885,-46,-108,153,0,-7881,-18560,26442,0,0,0,0,1,0
1023,266145,-31,-118,149,0,-5297,-20413,25710,0,0,0,0,1,0
1024,266406,-15,-128,144,0,-2661,-22069,24731,0,0,0,0,1,0
1025,266666,0,-136,136,0,0,-23513,23513,0,0,0,0,1,0
1026,266927,15,-144,128,0,2661,-24731,22069,0,0,0,0,1,0
1027,267187,31,-149,118,0,5297,-25710,20413,0,0,0,0,1,0
1028,267447,46,-153,108,0,7881,-26442,18560,0,0,0,0,1,0
1029,267708,60,-156,96,0,10390,-26918,16528,0,0,0,0,1,0
1030,267968,74,-157,83,0,12799,-27136,14337,0,0,0,0,1,0
1031,268229,88,-157,70,0,15084,-27093,12008,0,0,0,0,1,0
1032,268489,100,-155,56,0,17224,-26788,9564,0,0,0,0,1,0
1033,268750,111,-152,41,0,19198,-26226,7027,0,0,0,0,1,0
1034,269010,122,-147,26,0,20988,-25411,4423,0,0,0,0,1,0
1035,269270,131,-141,10,0,22575,-24351,1776,0,0,0,0,1,0
1036,269531,139,-134,-5,0,23945,-23056,-888,0,0,0,0,1,0
1037,269791,146,-125,-21,0,25084,-21540,-3544,0,0,0,0,1,0
1038,270052,151,-115,-36,0,25982,-19816,-6165,0,0,0,0,1,0
1039,270312,155,-104,-51,0,26629,-17902,-8727,0,0,0,0,1,0
1040,270572,157,-92,-65,0,27020,-15815,-11205,0,0,0,0,1,0
1041,270833,158,-79,-79,0,27151,-13575,-13575,0,0,0,0,1,0
1042,271093,157,-65,-92,0,27020,-11205,-15815,0,0,0,0,1,0
1043,271354,155,-51,-104,0,26629,-8727,-17902,0,0,0,0,1,0
1044,271614,151,-36,-115,0,25982,-6165,-19816,0,0,0,0,1,0
1045,271875,146,-21,-125,0,25084,-3544,-21540,0,0,0,0,1,0
1046,272135,139,-5,-134,0,23945,-888,-23056,0,0,0,0,1,0
1047,272395,131,10,-141,0,22575,1776,-24351,0,0,0,0,1,0
1048,272656,122,26,-147,0,20988,4423,-25411,0,0,0,0,1,0
1049,272916,111,41,-152,0,19198,7027,-26226,0,0,0,0,1,0
1050,273177,100,56,-155,0,17224,9564,-26788,0,0,0,0,1,0
1051,273437,88,70,-157,0,15084,12008,-27093,0,0,0,0,1,0
1052,273697,74,83,-157,0,12799,14337,-27136,0,0,0,0,1,0
1053,273958,60,96,-156,0,10390,16528,-26918,0,0,0,0,1,0
1054,274218,46,108,-153,0,7881,18560,-26442,0,0,0,0,1,0
1055,274479,31,118,-149,0,5297,20413,-25710,0,0,0,0,1,0
1056,274739,15,128,-144,0,2661,22069,-24731,0,0,0,0,1,0
1057,275000,0,136,-136,0,0,23513,-23513,0,0,0,0,1,0
1058,275260,-15,144,-128,0,-2661,24731,-22069,0,0,0,0,1,0
1059,275520,-31,149,-118,0,-5297,25710,-20413,0,0,0,0,1,0
1060,275781,-46,153,-108,0,-7881,26442,-18560,0,0,0,0,1,0
1061,276041,-60,156,-96,0,-10390,26918,-16528,0,0,0,0,1,0
1062,276302,-74,157,-83,0,-12799,27136,-14337,0,0,0,0,1,0
1063,276562,-88,157,-70,0,-15084,27093,-12008,0,0,0,0,1,0
1064,276822,-100,155,-56,0,-17224,26788,-9564,0,0,0,0,1,0
1065,277083,-111,152,-41,0,-19198,26226,-7027,0,0,0,0,1,0
1066,277343,-122,147,-26,0,-20988,25411,-4423,0,0,0,0,1,0
1067,277604,-131,141,-10,0,-22575,24351,-1776,0,0,0,0,1,0
1068,277864,-139,134,5,0,-23945,23056,888,0,0,0,0,1,0
1069,278125,-146,125,21,0,-25084,21540,3544,0,0,0,0,1,0
1070,278385,-151,115,36,0,-25982,19816,6165,0,0,0,0,1,0
1071,278645,-155,104,51,0,-26629,17902,8727,0,0,0,0,1,0
1072,278906,-157,92,65,0,-27020,15815,11205,0,0,0,0,1,0
1073,279166,-158,79,79,0,-27151,13575,13575,0,0,0,0,1,0
1074,279427,-157,65,92,0,-27020,11205,15815,0,0,0,0,1,0
1075,279687,-155,51,104,0,-26629,8727,17902,0,0,0,0,1,0
1076,279947,-151,36,115,0,-25982,6165,19816,0,0,0,0,1,0
1077,280208,-146,21,125,0,-25084,3544,21540,0,0,0,0,1,0
1078,280468,-139,5,134,0,-23945,888,23056,0,0,0,0,1,0
1079,280729,-131,-10,141,0,-22575,-1776,24351,0,0,0,0,1,0
1080,280989,-122,-26,147,0,-20988,-4423,25411,0,0,0,0,1,0
1081,281250,-111,-41,152,0,-19198,-7027,26226,0,0,0,0,1,0
1082,281510,-100,-56,155,0,-17224,-9564,26788,0,0,0,0,1,0
1083,281770,-88,-70,157,0,-15084,-12008,27093,0,0,0,0,1,0
1084,282031,-74,-83,157,0,-12799,-14337,27136,0,0,0,0,1,0
1085,282291,-60,-96,156,0,-10390,-16528,26918,0,0,0,0,1,0
1086,282552,-46,-108,153,0,-7881,-18560,26442,0,0,0,0,1,0
1087,282812,-31,-118,149,0,-5297,-20413,25710,0,0,0,0,1,0
1088,283072,-15,-128,144,0,-2661,-22069,24731,0,0,0,0,1,0
1089,283333,0,-136,136,0,0,-23513,23513,0,0,0,0,1,0
1090,283593,15,-144,128,0,2661,-24731,22069,0,0,0,0,1,0
1091,283854,31,-149,118,0,5297,-25710,20413,0,0,0,0,1,0
1092,284114,46,-153,108,0,7881,-26442,18560,0,0,0,0,1,0
1093,284375,60,-156,96,0,10390,-26918,16528,0,0,0,0,1,0
1094,284635,74,-157,83,0,12799,-27136,14337,0,0,0,0,1,0
1095,284895,88,-157,70,0,15084,-27093,12008,0,0,0,0,1,0
1096,285156,100,-155,56,0,17224,-26788,9564,0,0,0,0,1,0
1097,285416,111,-152,41,0,19198,-26226,7027,0,0,0,0,1,0
1098,285677,122,-147,26,0,20988,-25411,4423,0,0,0,0,1,0
1099,285937,131,-141,10,0,22575,-24351,1776,0,0,0,0,1,0
1100,286197,139,-134,-5,0,23945,-23056,-888,0,0,0,0,1,0
1101,286458,146,-125,-21,0,25084,-21540,-3544,0,0,0,0,1,0
1102,286718,151,-115,-36,0,25982,-19816,-6165,0,0,0,0,1,0
1103,286979,155,-104,-51,0,26629,-17902,-8727,0,0,0,0,1,0
1104,287239,157,-92,-65,0,27020,-15815,-11205,0,0,0,0,1,0
1105,287500,158,-79,-79,0,27151,-13575,-13575,0,0,0,0,1,0
1106,287760,157,-65,-92,0,27020,-11205,-15815,0,0,0,0,1,0
1107,288020,155,-51,-104,0,26629,-8727,-17902,0,0,0,0,1,0
1108,288281,151,-36,-115,0,25982,-6165,-19816,0,0,0,0,1,0
1109,288541,146,-21,-125,0,25084,-3544,-21540,0,0,0,0,1,0
1110,288802,139,-5,-134,0,23945,-888,-23056,0,0,0,0,1,0
1111,289062,131,10,-141,0,22575,1776,-24351,0,0,0,0,1,0
1112,289322,122,26,-147,0,20988,4423,-25411,0,0,0,0,1,0
1113,289583,111,41,-152,0,19198,7027,-26226,0,0,0,0,1,0
1114,289843,100,56,-155,0,17224,9564,-26788,0,0,0,0,1,0
1115,290104,88,70,-157,0,15084,12008,-27093,0,0,0,0,1,0
1116,290364,74,83,-157,0,12799,14337,-27136,0,0,0,0,1,0
1117,290625,60,96,-156,0,10390,16528,-26918,0,0,0,0,1,0
1118,290885,46,108,-153,0,7881,18560,-26442,0,0,0,0,1,0
1119,291145,31,118,-149,0,5297,20413,-25710,0,0,0,0,1,0
1120,291406,15,128,-144,0,2661,22069,-24731,0,0,0,0,1,0
1121,291666,0,136,-136,0,0,23513,-23513,0,0,0,0,1,0
1122,291927,-15,144,-128,0,-2661,24731,-22069,0,0,0,0,1,0
1123,292187,-31,149,-118,0,-5297,25710,-20413,0,0,0,0,1,0
1124,292447,-46,153,-108,0,-7881,26442,-18560,0,0,0,0,1,0
1125,292708,-60,156,-96,0,-10390,26918,-16528,0,0,0,0,1,0
1126,292968,-74,157,-83,0,-12799,27136,-14337,0,0,0,0,1,0
1127,293229,-88,157,-70,0,-15084,27093,-12008,0,0,0,0,1,0
1128,293489,-100,155,-56,0,-17224,26788,-9564,0,0,0,0,1,0
1129,293750,-111,152,-41,0,-19198,26226,-7027,0,0,0,0,1,0
1130,294010,-122,147,-26,0,-20988,25411,-4423,0,0,0,0,1,0
1131,294270,-131,141,-10,0,-22575,24351,-1776,0,0,0,0,1,0
1132,294531,-139,134,5,0,-23945,23056,888,0,0,0,0,1,0
1133,294791,-146,125,21,0,-25084,21540,3544,0,0,0,0,1,0
1134,295052,-151,115,36,0,-25982,19816,6165,0,0,0,0,1,0
1135,295312,-155,104,51,0,-26629,17902,8727,0,0,0,0,1,0
1136,295572,-157,92,65,0,-27020,15815,11205,0,0,0,0,1,0
1137,295833,-158,79,79,0,-27151,13575,13575,0,0,0,0,1,0
1138,296093,-157,65,92,0,-27020,11205,15815,0,0,0,0,1,0
1139,296354,-155,51,104,0,-26629,8727,17902,0,0,0,0,1,0
1140,296614,-151,36,115,0,-25982,6165,19816,0,0,0,0,1,0
1141,296875,-146,21,125,0,-25084,3544,21540,0,0,0,0,1,0
1142,297135,-139,5,134,0,-23945,888,23056,0,0,0,0,1,0
1143,297395,-131,-10,141,0,-22575,-1776,24351,0,0,0,0,1,0
1144,297656,-122,-26,147,0,-20988,-4423,25411,0,0,0,0,1,0
1145,297916,-111,-41,152,0,-19198,-7027,26226,0,0,0,0,1,0
1146,298177,-100,-56,155,0,-17224,-9564,26788,0,0,0,0,1,0
1147,298437,-88,-70,157,0,-15084,-12008,27093,0,0,0,0,1,0
1148,298697,-74,-83,157,0,-12799,-14337,27136,0,0,0,0,1,0
1149,298958,-60,-96,156,0,-10390,-16528,26918,0,0,0,0,1,0
1150,299218,-46,-108,153,0,-7881,-18560,26442,0,0,0,0,1,0
1151,299479,-31,-118,149,0,-5297,-20413,25710,0,0,0,0,1,0
1152,299739,-15,-128,144,0,-2661,-22069,24731,0,0,0,0,1,0
1153,300000,0,-136,136,0,0,-23513,23513,0,0,0,0,1,0
1154,300260,15,-144,128,0,2661,-24731,22069,0,0,0,0,1,0
1155,300520,31,-149,118,0,5297,-25710,20413,0,0,0,0,1,0
1156,300781,46,-153,108,0,7881,-26442,18560,0,0,0,0,1,0
1157,301041,60,-156,96,0,10390,-26918,16528,0,0,0,0,1,0
1158,301302,74,-157,83,0,12799,-27136,14337,0,0,0,0,1,0
1159,301562,88,-157,70,0,15084,-27093,12008,0,0,0,0,1,0
1160,301822,100,-155,56,0,17224,-26788,9564,0,0,0,0,1,0
1161,302083,111,-152,41,0,19198,-26226,7027,0,0,0,0,1,0
1162,302343,122,-147,26,0,20988,-25411,4423,0,0,0,0,1,0
1163,302604,131,-141,10,0,22575,-24351,1776,0,0,0,0,1,0
1164,302864,139,-134,-5,0,23945,-23056,-888,0,0,0,0,1,0
1165,303125,146,-125,-21,0,25084,-21540,-3544,0,0,0,0,1,0
1166,303385,151,-115,-36,0,25982,-19816,-6165,0,0,0,0,1,0
1167,303645,155,-104,-51,0,26629,-17902,-8727,0,0,0,0,1,0
1168,303906,157,-92,-65,0,27020,-15815,-11205,0,0,0,0,1,0
1169,304166,158,-79,-79,0,27151,-13575,-13575,0,0,0,0,1,0
1170,304427,157,-65,-92,0,27020,-11205,-15815,0,0,0,0,1,0
1171,304687,155,-51,-104,0,26629,-8727,-17902,0,0,0,0,1,0
1172,304947,151,-36,-115,0,25982,-6165,-19816,0,0,0,0,1,0
1173,305208,146,-21,-125,0,25084,-3544,-21540,0,0,0,0,1,0
1174,305468,139,-5,-134,0,23945,-888,-23056,0,0,0,0,1,0
1175,305729,131,10,-141,0,22575,1776,-24351,0,0,0,0,1,0
1176,305989,122,26,-147,0,20988,4423,-25411,0,0,0,0,1,0
1177,306250,111,41,-152,0,19198,7027,-26226,0,0,0,0,1,0
1178,306510,100,56,-155,0,17224,9564,-26788,0,0,0,0,1,0
1179,306770,88,70,-157,0,15084,12008,-27093,0,0,0,0,1,0
1180,307031,74,83,-157,0,12799,14337,-27136,0,0,0,0,1,0
1181,307291,60,96,-156,0,10390,16528,-26918,0,0,0,0,1,0
1182,307552,46,108,-153,0,7881,18560,-26442,0,0,0,0,1,0
1183,307812,31,118,-149,0,5297,20413,-25710,0,0,0,0,1,0
1184,308072,15,128,-144,0,2661,22069,-24731,0,0,0,0,1,0
1185,308333,0,136,-136,0,0,23513,-23513,0,0,0,0,1,0
1186,308593,-15,144,-128,0,-2661,24731,-22069,0,0,0,0,1,0
1187,308854,-31,149,-118,0,-5297,25710,-20413,0,0,0,0,1,0
1188,309114,-46,153,-108,0,-7881,26442,-18560,0,0,0,0,1,0
1189,309375,-60,156,-96,0,-10390,26918,-16528,0,0,0,0,1,0
1190,309635,-74,157,-83,0,-12799,27136,-14337,0,0,0,0,1,0
1191,309895,-88,157,-70,0,-15084,27093,-12008,0,0,0,0,1,0
1192,310156,-100,155,-56,0,-17224,26788,-9564,0,0,0,0,1,0
1193,310416,-111,152,-41,0,-19198,26226,-7027,0,0,0,0,1,0
1194,310677,-122,147,-26,0,-20988,25411,-4423,0,0,0,0,1,0
1195,310937,-131,141,-10,0,-22575,24351,-1776,0,0,0,0,1,0
1196,311197,-139,134,5,0,-23945,23056,888,0,0,0,0,1,0
1197,311458,-146,125,21,0,-25084,21540,3544,0,0,0,0,1,0
1198,311718,-151,115,36,0,-25982,19816,6165,0,0,0,0,1,0
1199,311979,-155,104,51,0,-26629,17902,8727,0,0,0,0,1,0
1200,312239,-157,92,65,0,-27020,15815,11205,0,0,0,0,1,0
1201,312500,-158,79,79,0,-27151,13575,13575,0,0,0,0,1,0
1202,312760,-157,65,92,0,-27020,11205,15815,0,0,0,0,1,0
1203,313020,-155,51,104,0,-26629,8727,17902,0,0,0,0,1,0
1204,313281,-151,36,115,0,-25982,6165,19816,0,0,0,0,1,0
1205,313541,-146,21,125,0,-25084,3544,21540,0,0,0,0,1,0
1206,313802,-139,5,134,0,-23945,888,23056,0,0,0,0,1,0
1207,314062,-131,-10,141,0,-22575,-1776,24351,0,0,0,0,1,0
1208,314322,-122,-26,147,0,-20988,-4423,25411,0,0,0,0,1,0
1209,314583,-111,-41,152,0,-19198,-7027,26226,0,0,0,0,1,0
1210,314843,-100,-56,155,0,-17224,-9564,26788,0,0,0,0,1,0
1211,315104,-88,-70,157,0,-15084,-12008,27093,0,0,0,0,1,0
1212,315364,-74,-83,157,0,-12799,-14337,27136,0,0,0,0,1,0
1213,315625,-60,-96,156,0,-10390,-16528,26918,0,0,0,0,1,0
1214,315885,-46,-108,153,0,-7881,-18560,26442,0,0,0,0,1,0
1215,316145,-31,-118,149,0,-5297,-20413,25710,0,0,0,0,1,0
1216,316406,-15,-128,144,0,-2661,-22069,24731,0,0,0,0,1,0
1217,316666,0,-136,136,0,0,-23513,23513,0,0,0,0,1,0
1218,316927,15,-144,128,0,2661,-24731,22069,0,0,0,0,1,0
1219,317187,31,-149,118,0,5297,-25710,20413,0,0,0,0,1,0
1220,317447,46,-153,108,0,7881,-26442,18560,0,0,0,0,1,0
1221,317708,60,-156,96,0,10390,-26918,16528,0,0,0,0,1,0
1222,317968,74,-157,83,0,12799,-27136,14337,0,0,0,0,1,0
1223,318229,88,-157,70,0,15084,-27093,12008,0,0,0,0,1,0
1224,318489,100,-155,56,0,17224,-26788,9564,0,0,0,0,1,0
1225,318750,111,-152,41,0,19198,-26226,7027,0,0,0,0,1,0
1226,319010,122,-147,26,0,20988,-25411,4423,0,0,0,0,1,0
1227,319270,131,-141,10,0,22575,-24351,1776,0,0,0,0,1,0
1228,319531,139,-134,-5,0,23945,-23056,-888,0,0,0,0,1,0
1229,319791,146,-125,-21,0,25084,-21540,-3544,0,0,0,0,1,0
1230,320052,151,-115,-36,0,25982,-19816,-6165,0,0,0,0,1,0
1231,320312,155,-104,-51,0,26629,-17902,-8727,0,0,0,0,1,0
1232,320572,157,-92,-65,0,27020,-15815,-11205,0,0,0,0,1,0
1233,320833,158,-79,-79,0,27151,-13575,-13575,0,0,0,0,1,0
1234,321093,157,-65,-92,0,27020,-11205,-15815,0,0,0,0,1,0
1235,321354,155,-51,-104,0,26629,-8727,-17902,0,0,0,0,1,0
1236,321614,151,-36,-115,0,25982,-6165,-19816,0,0,0,0,1,0
1237,321875,146,-21,-125,0,25084,-3544,-21540,0,0,0,0,1,0
1238,322135,139,-5,-134,0,23945,-888,-23056,0,0,0,0,1,0
1239,322395,131,10,-141,0,22575,1776,-24351,0,0,0,0,1,0
1240,322656,122,26,-147,0,20988,4423,-25411,0,0,0,0,1,0
1241,322916,111,41,-152,0,19198,7027,-26226,0,0,0,0,1,0
1242,323177,100,56,-155,0,17224,9564,-26788,0,0,0,0,1,0
1243,323437,88,70,-157,0,15084,12008,-27093,0,0,0,0,1,0
1244,323697,74,83,-157,0,12799,14337,-27136,0,0,0,0,1,0
1245,323958,60,96,-156,0,10390,16528,-26918,0,0,0,0,1,0
1246,324218,46,108,-153,0,7881,18560,-26442,0,0,0,0,1,0
1247,324479,31,118,-149,0,5297,20413,-25710,0,0,0,0,1,0
1248,324739,15,128,-144,0,2661,22069,-24731,0,0,0,0,1,0
1249,325000,0,136,-136,0,0,23513,-23513,0,0,0,0,1,0
1250,325260,-15,144,-128,0,-2661,24731,-22069,0,0,0,0,1,0
1251,325520,-31,149,-118,0,-5297,25710,-20413,0,0,0,0,1,0
1252,325781,-46,153,-108,0,-7881,26442,-18560,0,0,0,0,1,0
1253,326041,-60,156,-96,0,-10390,26918,-16528,0,0,0,0,1,0
1254,326302,-74,157,-83,0,-12799,27136,-14337,0,0,0,0,1,0
1255,326562,-88,157,-70,0,-15084,27093,-12008,0,0,0,0,1,0
1256,326822,-100,155,-56,0,-17224,26788,-9564,0,0,0,0,1,0
1257,327083,-111,152,-41,0,-19198,26226,-7027,0,0,0,0,1,0
1258,327343,-122,147,-26,0,-20988,25411,-4423,0,0,0,0,1,0
1259,327604,-131,141,-10,0,-22575,24351,-1776,0,0,0,0,1,0
1260,327864,-139,134,5,0,-23945,23056,888,0,0,0,0,1,0
1261,328125,-146,125,21,0,-25084,21540,3544,0,0,0,0,1,0
1262,328385,-151,115,36,0,-25982,19816,6165,0,0,0,0,1,0
1263,328645,-155,104,51,0,-26629,17902,8727,0,0,0,0,1,0
1264,328906,-157,92,65,0,-27020,15815,11205,0,0,0,0,1,0
1265,329166,-158,79,79,0,-27151,13575,13575,0,0,0,0,1,0
1266,329427,-157,65,92,0,-27020,11205,15815,0,0,0,0,1,0
1267,329687,-155,51,104,0,-26629,8727,17902,0,0,0,0,1,0
1268,329947,-151,36,115,0,-25982,6165,19816,0,0,0,0,1,0
1269,330208,-146,21,125,0,-25084,3544,21540,0,0,0,0,1,0
1270,330468,-139,5,134,0,-23945,888,23056,0,0,0,0,1,0
1271,330729,-131,-10,141,0,-22575,-1776,24351,0,0,0,0,1,0
1272,330989,-122,-26,147,0,-20988,-4423,25411,0,0,0,0,1,0
1273,331250,-111,-41,152,0,-19198,-7027,26226,0,0,0,0,1,0
1274,331510,-100,-56,155,0,-17224,-9564,26788,0,0,0,0,1,0
1275,331770,-88,-70,157,0,-15084,-12008,27093,0,0,0,0,1,0
1276,332031,-74,-83,157,0,-12799,-14337,27136,0,0,0,0,1,0
1277,332291,-60,-96,156,0,-10390,-16528,26918,0,0,0,0,1,0
1278,332552,-46,-108,153,0,-7881,-18560,26442,0,0,0,0,1,0
1279,332812,-31,-118,149,0,-5297,-20413,25710,0,0,0,0,1,0
1280,333072,-15,-128,144,0,-2661,-22069,24731,0,0,0,0,1,0
1281,333333,0,-136,136,0,0,-23513,23513,0,0,0,0,1,0
1282,333593,15,-144,128,0,2661,-24731,22069,0,0,0,0,1,0
1283,333854,31,-149,118,0,5297,-25710,20413,0,0,0,0,1,0
1284,334114,46,-153,108,0,7881,-26442,18560,0,0,0,0,1,0
1285,334375,60,-156,96,0,10390,-26918,16528,0,0,0,0,1,0
1286,334635,74,-157,83,0,12799,-27136,14337,0,0,0,0,1,0
1287,334895,88,-157,70,0,15084,-27093,12008,0,0,0,0,1,0
1288,335156,100,-155,56,0,17224,-26788,9564,0,0,0,0,1,0
1289,335416,111,-152,41,0,19198,-26226,7027,0,0,0,0,1,0
1290,335677,122,-147,26,0,20988,-25411,4423,0,0,0,0,1,0
1291,335937,131,-141,10,0,22575,-24351,1776,0,0,0,0,1,0
1292,336197,139,-134,-5,0,23945,-23056,-888,0,0,0,0,1,0
1293,336458,146,-125,-21,0,25084,-21540,-3544,0,0,0,0,1,0
1294,336718,151,-115,-36,0,25982,-19816,-6165,0,0,0,0,1,0
1295,336979,155,-104,-51,0,26629,-17902,-8727,0,0,0,0,1,0
1296,337239,157,-92,-65,0,27020,-15815,-11205,0,0,0,0,1,0
1297,337500,158,-79,-79,0,27151,-13575,-13575,0,0,0,0,1,0
1298,337760,157,-65,-92,0,27020,-11205,-15815,0,0,0,0,1,0
1299,338020,155,-51,-104,0,26629,-8727,-17902,0,0,0,0,1,0
1300,338281,151,-36,-115,0,25982,-6165,-19816,0,0,0,0,1,0
1301,338541,146,-21,-125,0,25084,-3544,-21540,0,0,0,0,1,0
1302,338802,139,-5,-134,0,23945,-888,-23056,0,0,0,0,1,0
1303,339062,131,10,-141,0,22575,1776,-24351,0,0,0,0,1,0
1304,339322,122,26,-147,0,20988,4423,-25411,0,0,0,0,1,0
1305,339583,111,41,-152,0,19198,7027,-26226,0,0,0,0,1,0
1306,339843,100,56,-155,0,17224,9564,-26788,0,0,0,0,1,0
1307,340104,88,70,-157,0,15084,12008,-27093,0,0,0,0,1,0
1308,340364,74,83,-157,0,12799,14337,-27136,0,0,0,0,1,0
1309,340625,60,96,-156,0,10390,16528,-26918,0,0,0,0,1,0
1310,340885,46,108,-153,0,7881,18560,-26442,0,0,0,0,1,0
1311,341145,31,118,-149,0,5297,20413,-25710,0,0,0,0,1,0
1312,341406,15,128,-144,0,2661,22069,-24731,0,0,0,0,1,0
1313,341666,0,136,-136,0,0,23513,-23513,0,0,0,0,1,0
1314,341927,-15,144,-128,0,-2661,24731,-22069,0,0,0,0,1,0
1315,342187,-31,149,-118,0,-5297,25710,-20413,0,0,0,0,1,0
1316,342447,-46,153,-108,0,-7881,26442,-18560,0,0,0,0,1,0
1317,342708,-60,156,-96,0,-10390,26918,-16528,0,0,0,0,1,0
1318,342968,-74,157,-83,0,-12799,27136,-14337,0,0,0,0,1,0
1319,343229,-88,157,-70,0,-15084,27093,-12008,0,0,0,0,1,0
1320,343489,-100,155,-56,0,-17224,26788,-9564,0,0,0,0,1,0
1321,343750,-111,152,-41,0,-19198,26226,-7027,0,0,0,0,1,0
1322,344010,-122,147,-26,0,-20988,25411,-4423,0,0,0,0,1,0
1323,344270,-131,141,-10,0,-22575,24351,-1776,0,0,0,0,1,0
1324,344531,-139,134,5,0,-23945,23056,888,0,0,0,0,1,0
1325,344791,-146,125,21,0,-25084,21540,3544,0,0,0,0,1,0
1326,345052,-151,115,36,0,-25982,19816,6165,0,0,0,0,1,0
1327,345312,-155,104,51,0,-26629,17902,8727,0,0,0,0,1,0
1328,345572,-157,92,65,0,-27020,15815,11205,0,0,0,0,1,0
1329,345833,-158,79,79,0,-27151,13575,13575,0,0,0,0,1,0
1330,346093,-157,65,92,0,-27020,11205,15815,0,0,0,0,1,0
1331,346354,-155,51,104,0,-26629,8727,17902,0,0,0,0,1,0
1332,346614,-151,36,115,0,-25982,6165,19816,0,0,0,0,1,0
1333,346875,-146,21,125,0,-25084,3544,21540,0,0,0,0,1,0
1334,347135,-139,5,134,0,-23945,888,23056,0,0,0,0,1,0
1335,347395,-131,-10,141,0,-22575,-1776,24351,0,0,0,0,1,0
1336,347656,-122,-26,147,0,-20988,-4423,25411,0,0,0,0,1,0
1337,347916,-111,-41,152,0,-19198,-7027,26226,0,0,0,0,1,0
1338,348177,-100,-56,155,0,-17224,-9564,26788,0,0,0,0,1,0
1339,348437,-88,-70,157,0,-15084,-12008,27093,0,0,0,0,1,0
1340,348697,-74,-83,157,0,-12799,-14337,27136,0,0,0,0,1,0
1341,348958,-60,-96,156,0,-10390,-16528,26918,0,0,0,0,1,0
1342,349218,-46,-108,153,0,-7881,-18560,26442,0,0,0,0,1,0
1343,349479,-31,-118,149,0,-5297,-20413,25710,0,0,0,0,1,0
1344,349739,-15,-128,144,0,-2661,-22069,24731,0,0,0,0,1,0
1345,350000,0,-136,136,0,0,-23513,23513,0,0,0,0,1,0
1346,350260,15,-144,128,0,2661,-24731,22069,0,0,0,0,1,0
1347,350520,31,-149,118,0,5297,-25710,20413,0,0,0,0,1,0
1348,350781,46,-153,108,0,7881,-26442,18560,0,0,0,0,1,0
1349,351041,60,-156,96,0,10390,-26918,16528,0,0,0,0,1,0
1350,351302,74,-157,83,0,12799,-27136,14337,0,0,0,0,1,0
1351,351562,88,-157,70,0,15084,-27093,12008,0,0,0,0,1,0
1352,351822,100,-155,56,0,17224,-26788,9564,0,0,0,0,1,0
1353,352083,111,-152,41,0,19198,-26226,7027,0,0,0,0,1,0
1354,352343,122,-147,26,0,20988,-25411,4423,0,0,0,0,1,0
1355,352604,131,-141,10,0,22575,-24351,1776,0,0,0,0,1,0
1356,352864,139,-134,-5,0,23945,-23056,-888,0,0,0,0,1,0
1357,353125,146,-125,-21,0,25084,-21540,-3544,0,0,0,0,1,0
1358,353385,151,-115,-36,0,25982,-19816,-6165,0,0,0,0,1,0
1359,353645,155,-104,-51,0,26629,-17902,-8727,0,0,0,0,1,0
1360,353906,157,-92,-65,0,27020,-15815,-11205,0,0,0,0,1,0
1361,354166,158,-79,-79,0,27151,-13575,-13575,0,0,0,0,1,0
1362,354427,157,-65,-92,0,27020,-11205,-15815,0,0,0,0,1,0
1363,354687,155,-51,-104,0,26629,-8727,-17902,0,0,0,0,1,0
1364,354947,151,-36,-115,0,25982,-6165,-19816,0,0,0,0,1,0
1365,355208,146,-21,-125,0,25084,-3544,-21540,0,0,0,0,1,0
1366,355468,139,-5,-134,0,23945,-888,-23056,0,0,0,0,1,0
1367,355729,131,10,-141,0,22575,1776,-24351,0,0,0,0,1,0
1368,355989,122,26,-147,0,20988,4423,-25411,0,0,0,0,1,0
1369,356250,111,41,-152,0,19198,7027,-26226,0,0,0,0,1,0
1370,356510,100,56,-155,0,17224,9564,-26788,0,0,0,0,1,0
1371,356770,88,70,-157,0,15084,12008,-27093,0,0,0,0,1,0
1372,357031,74,83,-157,0,12799,14337,-27136,0,0,0,0,1,0
1373,357291,60,96,-156,0,10390,16528,-26918,0,0,0,0,1,0
1374,357552,46,108,-153,0,7881,18560,-26442,0,0,0,0,1,0
1375,357812,31,118,-149,0,5297,20413,-25710,0,0,0,0,1,0
1376,358072,15,128,-144,0,2661,22069,-24731,0,0,0,0,1,0
1377,358333,0,136,-136,0,0,23513,-23513,0,0,0,0,1,0
1378,358593,-15,144,-128,0,-2661,24731,-22069,0,0,0,0,1,0
1379,358854,-31,149,-118,0,-5297,25710,-20413,0,0,0,0,1,0
1380,359114,-46,153,-108,0,-7881,26442,-18560,0,0,0,0,1,0
1381,359375,-60,156,-96,0,-10390,26918,-16528,0,0,0,0,1,0
1382,359635,-74,157,-83,0,-12799,27136,-14337,0,0,0,0,1,0
1383,359895,-88,157,-70,0,-15084,27093,-12008,0,0,0,0,1,0
1384,360156,-100,155,-56,0,-17224,26788,-9564,0,0,0,0,1,0
1385,360416,-111,152,-41,0,-19198,26226,-7027,0,0,0,0,1,0
1386,360677,-122,147,-26,0,-20988,25411,-4423,0,0,0,0,1,0
1387,360937,-131,141,-10,0,-22575,24351,-1776,0,0,0,0,1,0
1388,361197,-139,134,5,0,-23945,23056,888,0,0,0,0,1,0
1389,361458,-146,125,21,0,-25084,21540,3544,0,0,0,0,1,0
1390,361718,-151,115,36,0,-25982,19816,6165,0,0,0,0,1,0
1391,361979,-155,104,51,0,-26629,17902,8727,0,0,0,0,1,0
1392,362239,-157,92,65,0,-27020,15815,11205,0,0,0,0,1,0
1393,362500,-158,79,79,0,-27151,13575,13575,0,0,0,0,1,0
1394,362760,-157,65,92,0,-27020,11205,15815,0,0,0,0,1,0
1395,363020,-155,51,104,0,-26629,8727,17902,0,0,0,0,1,0
