1,0,0,-719,719,0,0,-25024,25024,0,0,0,0,1,0
2,520,162,-786,624,0,5637,-27362,21724,0,0,0,0,1,0
3,1041,318,-823,505,0,11058,-28648,17590,0,0,0,0,1,0
4,1562,461,-828,367,0,16053,-28833,12780,0,0,0,0,1,0
5,2083,587,-802,215,0,20432,-27910,7479,0,0,0,0,1,0
6,2604,690,-744,54,0,24025,-25915,1890,0,0,0,0,1,0
7,3125,767,-658,-108,0,26696,-22924,-3772,0,0,0,0,1,0
8,3645,814,-547,-267,0,28340,-19052,-9288,0,0,0,0,1,0
9,4166,830,-415,-415,0,28895,-14448,-14448,0,0,0,0,1,0
10,4687,814,-267,-547,0,28340,-9288,-19052,0,0,0,0,1,0
11,5208,767,-108,-658,0,26696,-3772,-22924,0,0,0,0,1,0
12,5729,690,54,-744,0,24025,1890,-25915,0,0,0,0,1,0
13,6250,587,215,-802,0,20432,7479,-27910,0,0,0,0,1,0
14,6770,461,367,-828,0,16053,12780,-28833,0,0,0,0,1,0
15,7291,318,505,-823,0,11058,17590,-28648,0,0,0,0,1,0
16,7812,162,624,-786,0,5637,21724,-27362,0,0,0,0,1,0
17,8333,0,719,-719,0,0,25024,-25024,0,0,0,0,1,0
18,8854,-162,786,-624,0,-5637,27362,-21724,0,0,0,0,1,0
19,9375,-318,823,-505,0,-11058,28648,-17590,0,0,0,0,1,0
20,9895,-461,828,-367,0,-16053,28833,-12780,0,0,0,0,1,0
21,10416,-587,802,-215,0,-20432,27910,-7479,0,0,0,0,1,0
22,10937,-690,744,-54,0,-24025,25915,-1890,0,0,0,0,1,0
23,11458,-767,658,108,0,-26696,22924,3772,0,0,0,0,1,0
24,11979,-814,547,267,0,-28340,19052,9288,0,0,0,0,1,0
25,12500,-830,415,415,0,-28895,14448,14448,0,0,0,0,1,0
26,13020,-814,267,547,0,-28340,9288,19052,0,0,0,0,1,0
27,13541,-767,108,658,0,-26696,3772,22924,0,0,0,0,1,0
28,14062,-690,-54,744,0,-24025,-1890,25915,0,0,0,0,1,0
29,14583,-587,-215,802,0,-20432,-7479,27910,0,0,0,0,1,0
30,15104,-461,-367,828,0,-16053,-12780,28833,0,0,0,0,1,0
31,15625,-318,-505,823,0,-11058,-17590,28648,0,0,0,0,1,0
32,16145,-162,-624,786,0,-5637,-21724,27362,0,0,0,0,1,0
33,16666,0,-719,719,0,0,-25024,25024,0,0,0,0,1,0
34,17187,162,-786,624,0,5637,-27362,21724,0,0,0,0,1,0
35,17708,318,-823,505,0,11058,-28648,17590,0,0,0,0,1,0
36,18229,461,-828,367,0,16053,-28833,12780,0,0,0,0,1,0
37,18750,587,-802,215,0,20432,-27910,7479,0,0,0,0,1,0
38,19270,690,-744,54,0,24025,-25915,1890,0,0,0,0,1,0
39,19791,767,-658,-108,0,26696,-22924,-3772,0,0,0,0,1,0
40,20312,814,-547,-267,0,28340,-19052,-9288,0,0,0,0,1,0
41,20833,830,-415,-415,0,28895,-14448,-14448,0,0,0,0,1,0
42,21354,814,-267,-547,0,28340,-9288,-19052,0,0,0,0,1,0
43,21875,767,-108,-658,0,26696,-3772,-22924,0,0,0,0,1,0
44,22395,690,54,-744,0,24025,1890,-25915,0,0,0,0,1,0
45,22916,587,215,-802,0,20432,7479,-27910,0,0,0,0,1,0
46,23437,461,367,-828,0,16053,12780,-28833,0,0,0,0,1,0
47,23958,318,505,-823,0,11058,17590,-28648,0,0,0,0,1,0
48,24479,162,624,-786,0,5637,21724,-27362,0,0,0,0,1,0
49,25000,0,719,-719,0,0,25024,-25024,0,0,0,0,1,0
50,25520,-162,786,-624,0,-5637,27362,-21724,0,0,0,0,1,0
51,26041,-318,823,-505,0,-11058,28648,-17590,0,0,0,0,1,0
52,26562,-461,828,-367,0,-16053,28833,-12780,0,0,0,0,1,0
53,27083,-587,802,-215,0,-20432,27910,-7479,0,0,0,0,1,0
54,27604,-690,744,-54,0,-24025,25915,-1890,0,0,0,0,1,0
55,28125,-767,658,108,0,-26696,22924,3772,0,0,0,0,1,0
56,28645,-814,547,267,0,-28340,19052,9288,0,0,0,0,1,0
57,29166,-830,415,415,0,-28895,14448,14448,0,0,0,0,1,0
58,29687,-814,267,547,0,-28340,9288,19052,0,0,0,0,1,0
59,30208,-767,108,658,0,-26696,3772,22924,0,0,0,0,1,0
60,30729,-690,-54,744,0,-24025,-1890,25915,0,0,0,0,1,0
61,31250,-587,-215,802,0,-20432,-7479,27910,0,0,0,0,1,0
62,31770,-461,-367,828,0,-16053,-12780,28833,0,0,0,0,1,0
63,32291,-318,-505,823,0,-11058,-17590,28648,0,0,0,0,1,0
64,32812,-162,-624,786,0,-5637,-21724,27362,0,0,0,0,1,0
65,33333,0,-719,719,0,0,-25024,25024,0,0,0,0,1,0
66,33854,162,-786,624,0,5637,-27362,21724,0,0,0,0,1,0
67,34375,318,-823,505,0,11058,-28648,17590,0,0,0,0,1,0
68,34895,461,-828,367,0,16053,-28833,12780,0,0,0,0,1,0
69,35416,587,-802,215,0,20432,-27910,7479,0,0,0,0,1,0
70,35937,690,-744,54,0,24025,-25915,1890,0,0,0,0,1,0
71,36458,767,-658,-108,0,26696,-22924,-3772,0,0,0,0,1,0
72,36979,814,-547,-267,0,28340,-19052,-9288,0,0,0,0,1,0
73,37500,830,-415,-415,0,28895,-14448,-14448,0,0,0,0,1,0
74,38020,814,-267,-547,0,28340,-9288,-19052,0,0,0,0,1,0
75,38541,767,-108,-658,0,26696,-3772,-22924,0,0,0,0,1,0
76,39062,690,54,-744,0,24025,1890,-25915,0,0,0,0,1,0
77,39583,587,215,-802,0,20432,7479,-27910,0,0,0,0,1,0
78,40104,461,367,-828,0,16053,12780,-28833,0,0,0,0,1,0
79,40625,318,505,-823,0,11058,17590,-28648,0,0,0,0,1,0
80,41145,162,624,-786,0,5637,21724,-27362,0,0,0,0,1,0
81,41666,0,719,-719,0,0,25024,-25024,0,0,0,0,1,0
82,42187,-162,786,-624,0,-5637,27362,-21724,0,0,0,0,1,0
83,42708,-318,823,-505,0,-11058,28648,-17590,0,0,0,0,1,0
84,43229,-461,828,-367,0,-16053,28833,-12780,0,0,0,0,1,0
85,43750,-587,802,-215,0,-20432,27910,-7479,0,0,0,0,1,0
86,44270,-690,744,-54,0,-24025,25915,-1890,0,0,0,0,1,0
87,44791,-767,658,108,0,-26696,22924,3772,0,0,0,0,1,0
88,45312,-814,547,267,0,-28340,19052,9288,0,0,0,0,1,0
89,45833,-830,415,415,0,-28895,14448,14448,0,0,0,0,1,0
90,46354,-814,267,547,0,-28340,9288,19052,0,0,0,0,1,0
91,46875,-767,108,658,0,-26696,3772,22924,0,0,0,0,1,0
92,47395,-690,-54,744,0,-24025,-1890,25915,0,0,0,0,1,0
93,47916,-587,-215,802,0,-20432,-7479,27910,0,0,0,0,1,0
94,48437,-461,-367,828,0,-16053,-12780,28833,0,0,0,0,1,0
95,48958,-318,-505,823,0,-11058,-17590,28648,0,0,0,0,1,0
96,49479,-162,-624,786,0,-5637,-21724,27362,0,0,0,0,1,0
97,50000,0,-719,31207,30488,0,-27026,2502,0,0,0,0,1,0
98,50520,162,-786,27781,27157,6088,-29551,2172,0,0,0,0,1,0
99,51041,318,-823,23863,23358,11942,-30940,1759,0,0,0,0,1,0
100,51562,461,-828,19594,19227,17337,-31140,1278,0,0,0,0,1,0
101,52083,587,-802,15125,14910,22066,-30143,748,0,0,0,0,1,0
102,52604,690,-744,10619,10564,25947,-27988,189,0,0,0,0,1,0
103,53125,767,-658,6236,6345,28831,-24758,-377,0,0,0,0,1,0
104,53645,814,-547,2137,2404,30607,-20576,-929,0,0,0,0,1,0
105,54166,830,-415,-1533,-1118,31207,-15603,-1445,0,0,0,0,1,0
106,54687,814,-267,-4641,-4094,30607,-10031,-1905,0,0,0,0,1,0
107,55208,767,-108,-7079,-6421,28831,-4073,-2292,0,0,0,0,1,0
108,55729,690,54,-8762,-8018,25947,2041,-2592,0,0,0,0,1,0
109,56250,587,215,-9635,-8833,22066,8077,-2791,0,0,0,0,1,0
110,56770,461,367,-9673,-8845,17337,13802,-2883,0,0,0,0,1,0
111,57291,318,505,-8885,-8062,11942,18997,-2865,0,0,0,0,1,0
112,57812,162,624,-7309,-6523,6088,23462,-2736,0,0,0,0,1,0
113,58333,0,719,-5014,-4295,0,27026,-2502,0,0,0,0,1,0
114,58854,-162,786,-2097,-1473,-6088,29551,-2172,0,0,0,0,1,0
115,59375,-318,823,1321,1826,-11942,30940,-1759,0,0,0,0,1,0
116,59895,-461,828,5101,5468,-17337,31140,-1278,0,0,0,0,1,0
117,60416,-587,802,9089,9304,-22066,30143,-748,0,0,0,0,1,0
118,60937,-690,744,13125,13179,-25947,27988,-189,0,0,0,0,1,0
119,61458,-767,658,17046,16937,-28831,24758,377,0,0,0,0,1,0
120,61979,-814,547,20692,20426,-30607,20576,929,0,0,0,0,1,0
121,62500,-830,415,23918,23503,-31207,15603,1445,0,0,0,0,1,0
122,63020,-814,267,26592,26044,-30607,10031,1905,0,0,0,0,1,0
123,63541,-767,108,28603,27944,-28831,4073,2292,0,0,0,0,1,0
124,64062,-690,-54,29867,29123,-25947,-2041,2592,0,0,0,0,1,0
125,64583,-587,-215,30330,29528,-22066,-8077,2791,0,0,0,0,1,0
126,65104,-461,-367,29966,29137,-17337,-13802,2883,0,0,0,0,1,0
127,65625,-318,-505,28783,27960,-11942,-18997,2865,0,0,0,0,1,0
128,66145,-162,-624,26819,26033,-6088,-23462,2736,0,0,0,0,1,0
129,66666,0,-719,24145,23426,0,-27026,2502,0,0,0,0,1,0
130,67187,162,-786,20857,20233,6088,-29551,2172,0,0,0,0,1,0
131,67708,318,-823,17074,16569,11942,-30940,1759,0,0,0,0,1,0
132,68229,461,-828,12936,12569,17337,-31140,1278,0,0,0,0,1,0
133,68750,587,-802,8597,8382,22066,-30143,748,0,0,0,0,1,0
134,69270,690,-744,4217,4163,25947,-27988,189,0,0,0,0,1,0
135,69791,767,-658,-40,68,28831,-24758,-377,0,0,0,0,1,0
136,70312,814,-547,-4018,-3751,30607,-20576,-929,0,0,0,0,1,0
137,70833,830,-415,-7568,-7153,31207,-15603,-1445,0,0,0,0,1,0
138,71354,814,-267,-10559,-10012,30607,-10031,-1905,0,0,0,0,1,0
139,71875,767,-108,-12882,-12223,28831,-4073,-2292,0,0,0,0,1,0
140,72395,690,54,-14452,-13708,25947,2041,-2592,0,0,0,0,1,0
141,72916,587,215,-15214,-14413,22066,8077,-2791,0,0,0,0,1,0
142,73437,461,367,-15144,-14316,17337,13802,-2883,0,0,0,0,1,0
143,73958,318,505,-14249,-13426,11942,18997,-2865,0,0,0,0,1,0
144,74479,162,624,-12569,-11783,6088,23462,-2736,0,0,0,0,1,0
145,75000,0,719,-10172,-9453,0,27026,-2502,0,0,0,0,1,0
146,75520,-162,786,-7155,-6531,-6088,29551,-2172,0,0,0,0,1,0
147,76041,-318,823,-3638,-3133,-11942,30940,-1759,0,0,0,0,1,0
148,76562,-461,828,238,605,-17337,31140,-1278,0,0,0,0,1,0
149,77083,-587,802,4321,4536,-22066,30143,-748,0,0,0,0,1,0
150,77604,-690,744,8450,8504,-25947,27988,-189,0,0,0,0,1,0
151,78125,-767,658,12461,12353,-28831,24758,377,0,0,0,0,1,0
152,78645,-814,547,16197,15930,-30607,20576,929,0,0,0,0,1,0
153,79166,-830,415,19510,19095,-31207,15603,1445,0,0,0,0,1,0
154,79687,-814,267,22269,21722,-30607,10031,1905,0,0,0,0,1,0
155,80208,-767,108,24364,23706,-28831,4073,2292,0,0,0,0,1,0
156,80729,-345,-27,372,0,-24025,-1890,25915,0,0,0,0,1,0
157,81250,-293,-107,401,0,-20432,-7479,27910,0,0,0,0,1,0
158,81770,-231,-184,414,0,-16053,-12780,28833,0,0,0,0,1,0
159,82291,-159,-253,411,0,-11058,-17590,28648,0,0,0,0,1,0
160,82812,-81,-312,393,0,-5637,-21724,27362,0,0,0,0,1,0
161,83333,0,-359,359,0,0,-25024,25024,0,0,0,0,1,0
162,83854,81,-393,312,0,5637,-27362,21724,0,0,0,0,1,0
163,84375,159,-411,253,0,11058,-28648,17590,0,0,0,0,1,0
164,84895,231,-414,184,0,16053,-28833,12780,0,0,0,0,1,0
165,85416,293,-401,107,0,20432,-27910,7479,0,0,0,0,1,0
166,85937,345,-372,27,0,24025,-25915,1890,0,0,0,0,1,0
167,86458,383,-329,-54,0,26696,-22924,-3772,0,0,0,0,1,0
168,86979,407,-274,-133,0,28340,-19052,-9288,0,0,0,0,1,0
169,87500,415,-207,-207,0,28895,-14448,-14448,0,0,0,0,1,0
170,88020,407,-133,-274,0,28340,-9288,-19052,0,0,0,0,1,0
171,88541,383,-54,-329,0,26696,-3772,-22924,0,0,0,0,1,0
172,89062,345,27,-372,0,24025,1890,-25915,0,0,0,0,1,0
173,89583,293,107,-401,0,20432,7479,-27910,0,0,0,0,1,0
174,90104,231,184,-414,0,16053,12780,-28833,0,0,0,0,1,0
175,90625,159,253,-411,0,11058,17590,-28648,0,0,0,0,1,0
176,91145,81,312,-393,0,5637,21724,-27362,0,0,0,0,1,0
177,91666,0,359,-359,0,0,25024,-25024,0,0,0,0,1,0
178,92187,-81,393,-312,0,-5637,27362,-21724,0,0,0,0,1,0
179,92708,-159,411,-253,0,-11058,28648,-17590,0,0,0,0,1,0
180,93229,-231,414,-184,0,-16053,28833,-12780,0,0,0,0,1,0
181,93750,-293,401,-107,0,-20432,27910,-7479,0,0,0,0,1,0
182,94270,-345,372,-27,0,-24025,25915,-1890,0,0,0,0,1,0
183,94791,-383,329,54,0,-26696,22924,3772,0,0,0,0,1,0
184,95312,-407,274,133,0,-28340,19052,9288,0,0,0,0,1,0
185,95833,-415,207,207,0,-28895,14448,14448,0,0,0,0,1,0
186,96354,-407,133,274,0,-28340,9288,19052,0,0,0,0,1,0
187,96875,-383,54,329,0,-26696,3772,22924,0,0,0,0,1,0
188,97395,-345,-27,372,0,-24025,-1890,25915,0,0,0,0,1,0
189,97916,-293,-107,401,0,-20432,-7479,27910,0,0,0,0,1,0
190,98437,-231,-184,414,0,-16053,-12780,28833,0,0,0,0,1,0
191,98958,-159,-253,411,0,-11058,-17590,28648,0,0,0,0,1,0
192,99479,-81,-312,393,0,-5637,-21724,27362,0,0,0,0,1,0
193,100000,0,-359,359,0,0,-25024,25024,0,0,0,0,1,0
194,100520,81,-393,312,0,5637,-27362,21724,0,0,0,0,1,0
195,101041,159,-411,253,0,11058,-28648,17590,0,0,0,0,1,0
196,101562,231,-414,184,0,16053,-28833,12780,0,0,0,0,1,0
197,102083,293,-401,107,0,20432,-27910,7479,0,0,0,0,1,0
198,102604,345,-372,27,0,24025,-25915,1890,0,0,0,0,1,0
199,103125,383,-329,-54,0,26696,-22924,-3772,0,0,0,0,1,0
200,103645,407,-274,-133,0,28340,-19052,-9288,0,0,0,0,1,0
201,104166,415,-207,-207,0,28895,-14448,-14448,0,0,0,0,1,0
202,104687,407,-133,-274,0,28340,-9288,-19052,0,0,0,0,1,0
203,105208,383,-54,-329,0,26696,-3772,-22924,0,0,0,0,1,0
204,105729,345,27,-372,0,24025,1890,-25915,0,0,0,0,1,0
205,106250,293,107,-401,0,20432,7479,-27910,0,0,0,0,1,0
206,106770,231,184,-414,0,16053,12780,-28833,0,0,0,0,1,0
207,107291,159,253,-411,0,11058,17590,-28648,0,0,0,0,1,0
208,107812,81,312,-393,0,5637,21724,-27362,0,0,0,0,1,0
209,108333,0,359,-359,0,0,25024,-25024,0,0,0,0,1,0
210,108854,-81,393,-312,0,-5637,27362,-21724,0,0,0,0,1,0
211,109375,-159,411,-253,0,-11058,28648,-17590,0,0,0,0,1,0
212,109895,-231,414,-184,0,-16053,28833,-12780,0,0,0,0,1,0
213,110416,-293,401,-107,0,-20432,27910,-7479,0,0,0,0,1,0
214,110937,-345,372,-27,0,-24025,25915,-1890,0,0,0,0,1,0
215,111458,-383,329,54,0,-26696,22924,3772,0,0,0,0,1,0
216,111979,-407,274,133,0,-28340,19052,9288,0,0,0,0,1,0
217,112500,-415,207,207,0,-28895,14448,14448,0,0,0,0,1,0
218,113020,-407,133,274,0,-28340,9288,19052,0,0,0,0,1,0
219,113541,-383,54,329,0,-26696,3772,22924,0,0,0,0,1,0
220,114062,-345,-27,372,0,-24025,-1890,25915,0,0,0,0,1,0
221,114583,-293,-107,401,0,-20432,-7479,27910,0,0,0,0,1,0
222,115104,-231,-184,414,0,-16053,-12780,28833,0,0,0,0,1,0
223,115625,-159,-253,411,0,-11058,-17590,28648,0,0,0,0,1,0
224,116145,-81,-312,393,0,-5637,-21724,27362,0,0,0,0,1,0
225,116666,0,-359,359,0,0,-25024,25024,0,0,0,0,1,0
226,117187,81,-393,312,0,5637,-27362,21724,0,0,0,0,1,0
227,117708,159,-411,253,0,11058,-28648,17590,0,0,0,0,1,0
228,118229,231,-414,184,0,16053,-28833,12780,0,0,0,0,1,0
229,118750,293,-401,107,0,20432,-27910,7479,0,0,0,0,1,0
230,119270,345,-372,27,0,24025,-25915,1890,0,0,0,0,1,0
231,119791,383,-329,-54,0,26696,-22924,-3772,0,0,0,0,1,0
232,120312,407,-274,-133,0,28340,-19052,-9288,0,0,0,0,1,0
233,120833,415,-207,-207,0,28895,-14448,-14448,0,0,0,0,1,0
234,121354,407,-133,-274,0,28340,-9288,-19052,0,0,0,0,1,0
235,121875,383,-54,-329,0,26696,-3772,-22924,0,0,0,0,1,0
236,122395,345,27,-372,0,24025,1890,-25915,0,0,0,0,1,0
237,122916,293,107,-401,0,20432,7479,-27910,0,0,0,0,1,0
238,123437,231,184,-414,0,16053,12780,-28833,0,0,0,0,1,0
239,123958,159,253,-411,0,11058,17590,-28648,0,0,0,0,1,0
240,124479,81,312,-393,0,5637,21724,-27362,0,0,0,0,1,0
241,125000,0,359,-359,0,0,25024,-25024,0,0,0,0,1,0
242,125520,-81,393,-312,0,-5637,27362,-21724,0,0,0,0,1,0
243,126041,-159,411,-253,0,-11058,28648,-17590,0,0,0,0,1,0
244,126562,-231,414,-184,0,-16053,28833,-12780,0,0,0,0,1,0
245,127083,-293,401,-107,0,-20432,27910,-7479,0,0,0,0,1,0
246,127604,-345,372,-27,0,-24025,25915,-1890,0,0,0,0,1,0
247,128124,-383,329,54,0,-26696,22924,3772,0,0,0,0,1,0
248,128645,-407,274,133,0,-28340,19052,9288,0,0,0,0,1,0
249,129166,-415,207,207,0,-28895,14448,14448,0,0,0,0,1,0
250,129687,-407,133,274,0,-28340,9288,19052,0,0,0,0,1,0
251,130208,-383,54,329,0,-26696,3772,22924,0,0,0,0,1,0
252,130729,-345,-27,372,0,-24025,-1890,25915,0,0,0,0,1,0
253,131250,-293,-107,401,0,-20432,-7479,27910,0,0,0,0,1,0
254,131770,-231,-184,414,0,-16053,-12780,28833,0,0,0,0,1,0
255,132291,-159,-253,411,0,-11058,-17590,28648,0,0,0,0,1,0
256,132812,-81,-312,393,0,-5637,-21724,27362,0,0,0,0,1,0
257,133333,0,-359,359,0,0,-25024,25024,0,0,0,0,1,0
258,133854,81,-393,312,0,5637,-27362,21724,0,0,0,0,1,0
259,134375,159,-411,253,0,11058,-28648,17590,0,0,0,0,1,0
260,134895,231,-414,184,0,16053,-28833,12780,0,0,0,0,1,0
261,135416,293,-401,107,0,20432,-27910,7479,0,0,0,0,1,0
262,135937,345,-372,27,0,24025,-25915,1890,0,0,0,0,1,0
263,136458,383,-329,-54,0,26696,-22924,-3772,0,0,0,0,1,0
264,136979,407,-274,-133,0,28340,-19052,-9288,0,0,0,0,1,0
265,137500,415,-207,-207,0,28895,-14448,-14448,0,0,0,0,1,0
266,138020,407,-133,-274,0,28340,-9288,-19052,0,0,0,0,1,0
267,138541,383,-54,-329,0,26696,-3772,-22924,0,0,0,0,1,0
268,139062,345,27,-372,0,24025,1890,-25915,0,0,0,0,1,0
269,139583,293,107,-401,0,20432,7479,-27910,0,0,0,0,1,0
270,140104,231,184,-414,0,16053,12780,-28833,0,0,0,0,1,0
271,140625,159,253,-411,0,11058,17590,-28648,0,0,0,0,1,0
272,141145,81,312,-393,0,5637,21724,-27362,0,0,0,0,1,0
273,141666,0,359,-359,0,0,25024,-25024,0,0,0,0,1,0
274,142187,-81,393,-312,0,-5637,27362,-21724,0,0,0,0,1,0
275,142708,-159,411,-253,0,-11058,28648,-17590,0,0,0,0,1,0
276,143229,-231,414,-184,0,-16053,28833,-12780,0,0,0,0,1,0
277,143750,-293,401,-107,0,-20432,27910,-7479,0,0,0,0,1,0
278,144270,-345,372,-27,0,-24025,25915,-1890,0,0,0,0,1,0
279,144791,-383,329,54,0,-26696,22924,3772,0,0,0,0,1,0
280,145312,-407,274,133,0,-28340,19052,9288,0,0,0,0,1,0
281,145833,-415,207,207,0,-28895,14448,14448,0,0,0,0,1,0
282,146354,-407,133,274,0,-28340,9288,19052,0,0,0,0,1,0
283,146875,-383,54,329,0,-26696,3772,22924,0,0,0,0,1,0
284,147395,-345,-27,372,0,-24025,-1890,25915,0,0,0,0,1,0
285,147916,-293,-107,401,0,-20432,-7479,27910,0,0,0,0,1,0
286,148437,-231,-184,414,0,-16053,-12780,28833,0,0,0,0,1,0
287,148958,-159,-253,411,0,-11058,-17590,28648,0,0,0,0,1,0
288,149479,-81,-312,393,0,-5637,-21724,27362,0,0,0,0,1,0
289,150000,0,-359,359,0,0,-25024,25024,0,0,0,0,1,0
290,150520,81,-393,312,0,5637,-27362,21724,0,0,0,0,1,0
291,151041,159,-411,253,0,11058,-28648,17590,0,0,0,0,1,0
292,151562,231,-414,184,0,16053,-28833,12780,0,0,0,0,1,0
293,152083,293,-401,107,0,20432,-27910,7479,0,0,0,0,1,0
294,152604,345,-372,27,0,24025,-25915,1890,0,0,0,0,1,0
295,153125,383,-329,-54,0,26696,-22924,-3772,0,0,0,0,1,0
296,153645,407,-274,-133,0,28340,-19052,-9288,0,0,0,0,1,0
297,154166,415,-207,-207,0,28895,-14448,-14448,0,0,0,0,1,0
298,154687,407,-133,-274,0,28340,-9288,-19052,0,0,0,0,1,0
299,155208,383,-54,-329,0,26696,-3772,-22924,0,0,0,0,1,0
300,155729,345,27,-372,0,24025,1890,-25915,0,0,0,0,1,0
301,156250,293,107,-401,0,20432,7479,-27910,0,0,0,0,1,0
302,156770,231,184,-414,0,16053,12780,-28833,0,0,0,0,1,0
303,157291,159,253,-411,0,11058,17590,-28648,0,0,0,0,1,0
304,157812,81,312,-393,0,5637,21724,-27362,0,0,0,0,1,0
305,158333,0,359,-359,0,0,25024,-25024,0,0,0,0,1,0
306,158854,-81,393,-312,0,-5637,27362,-21724,0,0,0,0,1,0
307,159375,-159,411,-253,0,-11058,28648,-17590,0,0,0,0,1,0
308,159895,-231,414,-184,0,-16053,28833,-12780,0,0,0,0,1,0
309,160416,-293,401,-107,0,-20432,27910,-7479,0,0,0,0,1,0
310,160937,-345,372,-27,0,-24025,25915,-1890,0,0,0,0,1,0
311,161458,-383,329,54,0,-26696,22924,3772,0,0,0,0,1,0
312,161979,-407,274,133,0,-28340,19052,9288,0,0,0,0,1,0
313,162500,-415,207,207,0,-28895,14448,14448,0,0,0,0,1,0
314,163020,-407,133,274,0,-28340,9288,19052,0,0,0,0,1,0
315,163541,-383,54,329,0,-26696,3772,22924,0,0,0,0,1,0
316,164062,-345,-27,372,0,-24025,-1890,25915,0,0,0,0,1,0
317,164583,-293,-107,401,0,-20432,-7479,27910,0,0,0,0,1,0
318,165104,-231,-184,414,0,-16053,-12780,28833,0,0,0,0,1,0
319,165625,-159,-253,411,0,-11058,-17590,28648,0,0,0,0,1,0
320,166145,-81,-312,393,0,-5637,-21724,27362,0,0,0,0,1,0
321,166666,0,-359,359,0,0,-25024,25024,0,0,0,0,1,0
322,167187,81,-393,312,0,5637,-27362,21724,0,0,0,0,1,0
323,167708,159,-411,253,0,11058,-28648,17590,0,0,0,0,1,0
324,168229,231,-414,184,0,16053,-28833,12780,0,0,0,0,1,0
325,168750,293,-401,107,0,20432,-27910,7479,0,0,0,0,1,0
326,169270,345,-372,27,0,24025,-25915,1890,0,0,0,0,1,0
327,169791,383,-329,-54,0,26696,-22924,-3772,0,0,0,0,1,0
328,170312,407,-274,-133,0,28340,-19052,-9288,0,0,0,0,1,0
329,170833,415,-207,-207,0,28895,-14448,-14448,0,0,0,0,1,0
330,171354,407,-133,-274,0,28340,-9288,-19052,0,0,0,0,1,0
331,171875,383,-54,-329,0,26696,-3772,-22924,0,0,0,0,1,0
332,172395,345,27,-372,0,24025,1890,-25915,0,0,0,0,1,0
333,172916,293,107,-401,0,20432,7479,-27910,0,0,0,0,1,0
334,173437,231,184,-414,0,16053,12780,-28833,0,0,0,0,1,0
335,173958,159,253,-411,0,11058,17590,-28648,0,0,0,0,1,0
336,174479,81,312,-393,0,5637,21724,-27362,0,0,0,0,1,0
337,175000,0,359,-359,0,0,25024,-25024,0,0,0,0,1,0
338,175520,-81,393,-312,0,-5637,27362,-21724,0,0,0,0,1,0
339,176041,-159,411,-253,0,-11058,28648,-17590,0,0,0,0,1,0
340,176562,-231,414,-184,0,-16053,28833,-12780,0,0,0,0,1,0
341,177083,-293,401,-107,0,-20432,27910,-7479,0,0,0,0,1,0
342,177604,-345,372,-27,0,-24025,25915,-1890,0,0,0,0,1,0
343,178125,-383,329,54,0,-26696,22924,3772,0,0,0,0,1,0
344,178645,-407,274,133,0,-28340,19052,9288,0,0,0,0,1,0
345,179166,-415,207,207,0,-28895,14448,14448,0,0,0,0,1,0
346,179687,-407,133,274,0,-28340,9288,19052,0,0,0,0,1,0
347,180208,-383,54,329,0,-26696,3772,22924,0,0,0,0,1,0
348,180729,-345,-27,372,0,-24025,-1890,25915,0,0,0,0,1,0
349,181250,-293,-107,401,0,-20432,-7479,27910,0,0,0,0,1,0
350,181770,-231,-184,414,0,-16053,-12780,28833,0,0,0,0,1,0
351,182291,-159,-253,411,0,-11058,-17590,28648,0,0,0,0,1,0
352,182812,-81,-312,393,0,-5637,-21724,27362,0,0,0,0,1,0
353,183333,0,-359,359,0,0,-25024,25024,0,0,0,0,1,0
354,183854,81,-393,312,0,5637,-27362,21724,0,0,0,0,1,0
355,184375,159,-411,253,0,11058,-28648,17590,0,0,0,0,1,0
356,184895,231,-414,184,0,16053,-28833,12780,0,0,0,0,1,0
357,185416,293,-401,107,0,20432,-27910,7479,0,0,0,0,1,0
358,185937,345,-372,27,0,24025,-25915,1890,0,0,0,0,1,0
359,186458,383,-329,-54,0,26696,-22924,-3772,0,0,0,0,1,0
360,186979,407,-274,-133,0,28340,-19052,-9288,0,0,0,0,1,0
361,187500,415,-207,-207,0,28895,-14448,-14448,0,0,0,0,1,0
362,188020,407,-133,-274,0,28340,-9288,-19052,0,0,0,0,1,0
363,188541,383,-54,-329,0,26696,-3772,-22924,0,0,0,0,1,0
364,189062,345,27,-372,0,24025,1890,-25915,0,0,0,0,1,0
365,189583,293,107,-401,0,20432,7479,-27910,0,0,0,0,1,0
366,190104,231,184,-414,0,16053,12780,-28833,0,0,0,0,1,0
367,190625,159,253,-411,0,11058,17590,-28648,0,0,0,0,1,0
368,191145,81,312,-393,0,5637,21724,-27362,0,0,0,0,1,0
369,191666,0,359,-359,0,0,25024,-25024,0,0,0,0,1,0
370,192187,-81,393,-312,0,-5637,27362,-21724,0,0,0,0,1,0
371,192708,-159,411,-253,0,-11058,28648,-17590,0,0,0,0,1,0
372,193229,-231,414,-184,0,-16053,28833,-12780,0,0,0,0,1,0
373,193750,-293,401,-107,0,-20432,27910,-7479,0,0,0,0,1,0
374,194270,-345,372,-27,0,-24025,25915,-1890,0,0,0,0,1,0
375,194791,-383,329,54,0,-26696,22924,3772,0,0,0,0,1,0
376,195312,-407,274,133,0,-28340,19052,9288,0,0,0,0,1,0
377,195833,-415,207,207,0,-28895,14448,14448,0,0,0,0,1,0
378,196354,-407,133,274,0,-28340,9288,19052,0,0,0,0,1,0
379,196875,-383,54,329,0,-26696,3772,22924,0,0,0,0,1,0
380,197395,-345,-27,372,0,-24025,-1890,25915,0,0,0,0,1,0
381,197916,-293,-107,401,0,-20432,-7479,27910,0,0,0,0,1,0
382,198437,-231,-184,414,0,-16053,-12780,28833,0,0,0,0,1,0
383,198958,-159,-253,411,0,-11058,-17590,28648,0,0,0,0,1,0
384,199479,-81,-312,393,0,-5637,-21724,27362,0,0,0,0,1,0
385,200000,0,-359,359,0,0,-25024,25024,0,0,0,0,1,0
386,200520,81,-393,312,0,5637,-27362,21724,0,0,0,0,1,0
387,201041,159,-411,253,0,11058,-28648,17590,0,0,0,0,1,0
388,201562,231,-414,184,0,16053,-28833,12780,0,0,0,0,1,0
389,202083,293,-401,107,0,20432,-27910,7479,0,0,0,0,1,0
390,202604,345,-372,27,0,24025,-25915,1890,0,0,0,0,1,0
391,203125,383,-329,-54,0,26696,-22924,-3772,0,0,0,0,1,0
392,203645,407,-274,-133,0,28340,-19052,-9288,0,0,0,0,1,0
393,204166,415,-207,-207,0,28895,-14448,-14448,0,0,0,0,1,0
394,204687,407,-133,-274,0,28340,-9288,-19052,0,0,0,0,1,0
395,205208,383,-54,-329,0,26696,-3772,-22924,0,0,0,0,1,0
396,205729,345,27,-372,0,24025,1890,-25915,0,0,0,0,1,0
397,206250,293,107,-401,0,20432,7479,-27910,0,0,0,0,1,0
398,206770,231,184,-414,0,16053,12780,-28833,0,0,0,0,1,0
399,207291,159,253,-411,0,11058,17590,-28648,0,0,0,0,1,0
400,207812,81,312,-393,0,5637,21724,-27362,0,0,0,0,1,0
401,208333,0,359,-359,0,0,25024,-25024,0,0,0,0,1,0
402,208854,-81,393,-312,0,-5637,27362,-21724,0,0,0,0,1,0
403,209375,-159,411,-253,0,-11058,28648,-17590,0,0,0,0,1,0
404,209895,-231,414,-184,0,-16053,28833,-12780,0,0,0,0,1,0
405,210416,-293,401,-107,0,-20432,27910,-7479,0,0,0,0,1,0
406,210937,-345,372,-27,0,-24025,25915,-1890,0,0,0,0,1,0
407,211458,-383,329,54,0,-26696,22924,3772,0,0,0,0,1,0
408,211979,-407,274,133,0,-28340,19052,9288,0,0,0,0,1,0
409,212500,-415,207,207,0,-28895,14448,14448,0,0,0,0,1,0
410,213020,-407,133,274,0,-28340,9288,19052,0,0,0,0,1,0
411,213541,-383,54,329,0,-26696,3772,22924,0,0,0,0,1,0
412,214062,-345,-27,372,0,-24025,-1890,25915,0,0,0,0,1,0
413,214583,-293,-107,401,0,-20432,-7479,27910,0,0,0,0,1,0
414,215104,-231,-184,414,0,-16053,-12780,28833,0,0,0,0,1,0
415,215625,-159,-253,411,0,-11058,-17590,28648,0,0,0,0,1,0
416,216145,-81,-312,393,0,-5637,-21724,27362,0,0,0,0,1,0
417,216666,0,-359,359,0,0,-25024,25024,0,0,0,0,1,0
418,217187,81,-393,312,0,5637,-27362,21724,0,0,0,0,1,0
419,217708,159,-411,253,0,11058,-28648,17590,0,0,0,0,1,0
420,218229,231,-414,184,0,16053,-28833,12780,0,0,0,0,1,0
421,218750,293,-401,107,0,20432,-27910,7479,0,0,0,0,1,0
422,219270,345,-372,27,0,24025,-25915,1890,0,0,0,0,1,0
423,219791,383,-329,-54,0,26696,-22924,-3772,0,0,0,0,1,0
424,220312,407,-274,-133,0,28340,-19052,-9288,0,0,0,0,1,0
425,220833,415,-207,-207,0,28895,-14448,-14448,0,0,0,0,1,0
426,221354,407,-133,-274,0,28340,-9288,-19052,0,0,0,0,1,0
427,221875,383,-54,-329,0,26696,-3772,-22924,0,0,0,0,1,0
428,222395,345,27,-372,0,24025,1890,-25915,0,0,0,0,1,0
429,222916,293,107,-401,0,20432,7479,-27910,0,0,0,0,1,0
430,223437,231,184,-414,0,16053,12780,-28833,0,0,0,0,1,0
431,223958,159,253,-411,0,11058,17590,-28648,0,0,0,0,1,0
432,224479,81,312,-393,0,5637,21724,-27362,0,0,0,0,1,0
433,225000,0,359,-359,0,0,25024,-25024,0,0,0,0,1,0
434,225520,-81,393,-312,0,-5637,27362,-21724,0,0,0,0,1,0
435,226041,-159,411,-253,0,-11058,28648,-17590,0,0,0,0,1,0
436,226562,-231,414,-184,0,-16053,28833,-12780,0,0,0,0,1,0
437,227083,-293,401,-107,0,-20432,27910,-7479,0,0,0,0,1,0
438,227604,-345,372,-27,0,-24025,25915,-1890,0,0,0,0,1,0
439,228125,-383,329,54,0,-26696,22924,3772,0,0,0,0,1,0
440,228645,-407,274,133,0,-28340,19052,9288,0,0,0,0,1,0
441,229166,-415,207,207,0,-28895,14448,14448,0,0,0,0,1,0
442,229687,-407,133,274,0,-28340,9288,19052,0,0,0,0,1,0
443,230208,-383,54,329,0,-26696,3772,22924,0,0,0,0,1,0
444,230729,-345,-27,372,0,-24025,-1890,25915,0,0,0,0,1,0
445,231250,-293,-107,401,0,-20432,-7479,27910,0,0,0,0,1,0
446,231770,-231,-184,414,0,-16053,-12780,28833,0,0,0,0,1,0
447,232291,-159,-253,411,0,-11058,-17590,28648,0,0,0,0,1,0
448,232812,-81,-312,393,0,-5637,-21724,27362,0,0,0,0,1,0
449,233333,0,-359,359,0,0,-25024,25024,0,0,0,0,1,0
450,233854,81,-393,312,0,5637,-27362,21724,0,0,0,0,1,0
451,234375,159,-411,253,0,11058,-28648,17590,0,0,0,0,1,0
452,234895,231,-414,184,0,16053,-28833,12780,0,0,0,0,1,0
453,235416,293,-401,107,0,20432,-27910,7479,0,0,0,0,1,0
454,235937,345,-372,27,0,24025,-25915,1890,0,0,0,0,1,0
455,236458,383,-329,-54,0,26696,-22924,-3772,0,0,0,0,1,0
456,236979,407,-274,-133,0,28340,-19052,-9288,0,0,0,0,1,0
457,237500,415,-207,-207,0,28895,-14448,-14448,0,0,0,0,1,0
458,238020,407,-133,-274,0,28340,-9288,-19052,0,0,0,0,1,0
459,238541,383,-54,-329,0,26696,-3772,-22924,0,0,0,0,1,0
460,239062,345,27,-372,0,24025,1890,-25915,0,0,0,0,1,0
461,239583,293,107,-401,0,20432,7479,-27910,0,0,0,0,1,0
462,240104,231,184,-414,0,16053,12780,-28833,0,0,0,0,1,0
463,240625,159,253,-411,0,11058,17590,-28648,0,0,0,0,1,0
464,241145,81,312,-393,0,5637,21724,-27362,0,0,0,0,1,0
465,241666,0,359,-359,0,0,25024,-25024,0,0,0,0,1,0
466,242187,-81,393,-312,0,-5637,27362,-21724,0,0,0,0,1,0
467,242708,-159,411,-253,0,-11058,28648,-17590,0,0,0,0,1,0
468,243229,-231,414,-184,0,-16053,28833,-12780,0,0,0,0,1,0
469,243750,-293,401,-107,0,-20432,27910,-7479,0,0,0,0,1,0
470,244270,-345,372,-27,0,-24025,25915,-1890,0,0,0,0,1,0
471,244791,-383,329,54,0,-26696,22924,3772,0,0,0,0,1,0
472,245312,-407,274,133,0,-28340,19052,9288,0,0,0,0,1,0
473,245833,-415,207,207,0,-28895,14448,14448,0,0,0,0,1,0
474,246354,-407,133,274,0,-28340,9288,19052,0,0,0,0,1,0
475,246875,-383,54,329,0,-26696,3772,22924,0,0,0,0,1,0
476,247395,-345,-27,372,0,-24025,-1890,25915,0,0,0,0,1,0
477,247916,-293,-107,401,0,-20432,-7479,27910,0,0,0,0,1,0
478,248437,-231,-184,414,0,-16053,-12780,28833,0,0,0,0,1,0
479,248958,-159,-253,411,0,-11058,-17590,28648,0,0,0,0,1,0
480,249479,-81,-312,393,0,-5637,-21724,27362,0,0,0,0,1,0
481,250000,0,-359,359,0,0,-25024,25024,0,0,0,0,1,0
482,250520,81,-393,312,0,5637,-27362,21724,0,0,0,0,1,0
483,251041,159,-411,253,0,11058,-28648,17590,0,0,0,0,1,0
484,251562,231,-414,184,0,16053,-28833,12780,0,0,0,0,1,0
485,252083,293,-401,107,0,20432,-27910,7479,0,0,0,0,1,0
486,252604,345,-372,27,0,24025,-25915,1890,0,0,0,0,1,0
487,253125,383,-329,-54,0,26696,-22924,-3772,0,0,0,0,1,0
488,253645,407,-274,-133,0,28340,-19052,-9288,0,0,0,0,1,0
489,254166,415,-207,-207,0,28895,-14448,-14448,0,0,0,0,1,0
490,254687,407,-133,-274,0,28340,-9288,-19052,0,0,0,0,1,0
491,255208,383,-54,-329,0,26696,-3772,-22924,0,0,0,0,1,0
492,255729,345,27,-372,0,24025,1890,-25915,0,0,0,0,1,0
493,256249,293,107,-401,0,20432,7479,-27910,0,0,0,0,1,0
494,256770,231,184,-414,0,16053,12780,-28833,0,0,0,0,1,0
495,257291,159,253,-411,0,11058,17590,-28648,0,0,0,0,1,0
496,257812,81,312,-393,0,5637,21724,-27362,0,0,0,0,1,0
497,258333,0,359,-359,0,0,25024,-25024,0,0,0,0,1,0
498,258854,-81,393,-312,0,-5637,27362,-21724,0,0,0,0,1,0
499,259375,-159,411,-253,0,-11058,28648,-17590,0,0,0,0,1,0
500,259895,-231,414,-184,0,-16053,28833,-12780,0,0,0,0,1,0
501,260416,-293,401,-107,0,-20432,27910,-7479,0,0,0,0,1,0
502,260937,-345,372,-27,0,-24025,25915,-1890,0,0,0,0,1,0
503,261458,-383,329,54,0,-26696,22924,3772,0,0,0,0,1,0
504,261979,-407,274,133,0,-28340,19052,9288,0,0,0,0,1,0
505,262500,-415,207,207,0,-28895,14448,14448,0,0,0,0,1,0
506,263020,-407,133,274,0,-28340,9288,19052,0,0,0,0,1,0
507,263541,-383,54,329,0,-26696,3772,22924,0,0,0,0,1,0
508,264062,-345,-27,372,0,-24025,-1890,25915,0,0,0,0,1,0
509,264583,-293,-107,401,0,-20432,-7479,27910,0,0,0,0,1,0
510,265104,-231,-184,414,0,-16053,-12780,28833,0,0,0,0,1,0
511,265625,-159,-253,411,0,-11058,-17590,28648,0,0,0,0,1,0
512,266145,-81,-312,393,0,-5637,-21724,27362,0,0,0,0,1,0
513,266666,0,-359,359,0,0,-25024,25024,0,0,0,0,1,0
514,267187,81,-393,312,0,5637,-27362,21724,0,0,0,0,1,0
515,267708,159,-411,253,0,11058,-28648,17590,0,0,0,0,1,0
516,268229,231,-414,184,0,16053,-28833,12780,0,0,0,0,1,0
517,268750,293,-401,107,0,20432,-27910,7479,0,0,0,0,1,0
518,269270,345,-372,27,0,24025,-25915,1890,0,0,0,0,1,0
519,269791,383,-329,-54,0,26696,-22924,-3772,0,0,0,0,1,0
520,270312,407,-274,-133,0,28340,-19052,-9288,0,0,0,0,1,0
521,270833,415,-207,-207,0,28895,-14448,-14448,0,0,0,0,1,0
522,271354,407,-133,-274,0,28340,-9288,-19052,0,0,0,0,1,0
523,271875,383,-54,-329,0,26696,-3772,-22924,0,0,0,0,1,0
524,272395,345,27,-372,0,24025,1890,-25915,0,0,0,0,1,0
525,272916,293,107,-401,0,20432,7479,-27910,0,0,0,0,1,0
526,273437,231,184,-414,0,16053,12780,-28833,0,0,0,0,1,0
527,273958,159,253,-411,0,11058,17590,-28648,0,0,0,0,1,0
528,274479,81,312,-393,0,5637,21724,-27362,0,0,0,0,1,0
529,275000,0,359,-359,0,0,25024,-25024,0,0,0,0,1,0
530,275520,-81,393,-312,0,-5637,27362,-21724,0,0,0,0,1,0
531,276041,-159,411,-253,0,-11058,28648,-17590,0,0,0,0,1,0
532,276562,-231,414,-184,0,-16053,28833,-12780,0,0,0,0,1,0
533,277083,-293,401,-107,0,-20432,27910,-7479,0,0,0,0,1,0
534,277604,-345,372,-27,0,-24025,25915,-1890,0,0,0,0,1,0
535,278125,-383,329,54,0,-26696,22924,3772,0,0,0,0,1,0
536,278645,-407,274,133,0,-28340,19052,9288,0,0,0,0,1,0
537,279166,-415,207,207,0,-28895,14448,14448,0,0,0,0,1,0
538,279687,-407,133,274,0,-28340,9288,19052,0,0,0,0,1,0
539,280208,-383,54,329,0,-26696,3772,22924,0,0,0,0,1,0
540,280729,-345,-27,372,0,-24025,-1890,25915,0,0,0,0,1,0
541,281250,-293,-107,401,0,-20432,-7479,27910,0,0,0,0,1,0
542,281770,-231,-184,414,0,-16053,-12780,28833,0,0,0,0,1,0
543,282291,-159,-253,411,0,-11058,-17590,28648,0,0,0,0,1,0
544,282812,-81,-312,393,0,-5637,-21724,27362,0,0,0,0,1,0
545,283333,0,-359,359,0,0,-25024,25024,0,0,0,0,1,0
546,283854,81,-393,312,0,5637,-27362,21724,0,0,0,0,1,0
547,284375,159,-411,253,0,11058,-28648,17590,0,0,0,0,1,0
548,284895,231,-414,184,0,16053,-28833,12780,0,0,0,0,1,0
549,285416,293,-401,107,0,20432,-27910,7479,0,0,0,0,1,0
550,285937,345,-372,27,0,24025,-25915,1890,0,0,0,0,1,0
551,286458,383,-329,-54,0,26696,-22924,-3772,0,0,0,0,1,0
552,286979,407,-274,-133,0,28340,-19052,-9288,0,0,0,0,1,0
553,287500,415,-207,-207,0,28895,-14448,-14448,0,0,0,0,1,0
554,288020,407,-133,-274,0,28340,-9288,-19052,0,0,0,0,1,0
555,288541,383,-54,-329,0,26696,-3772,-22924,0,0,0,0,1,0
556,289062,345,27,-372,0,24025,1890,-25915,0,0,0,0,1,0
557,289583,293,107,-401,0,20432,7479,-27910,0,0,0,0,1,0
558,290104,231,184,-414,0,16053,12780,-28833,0,0,0,0,1,0
559,290625,159,253,-411,0,11058,17590,-28648,0,0,0,0,1,0
560,291145,81,312,-393,0,5637,21724,-27362,0,0,0,0,1,0
561,291666,0,359,-359,0,0,25024,-25024,0,0,0,0,1,0
562,292187,-81,393,-312,0,-5637,27362,-21724,0,0,0,0,1,0
563,292708,-159,411,-253,0,-11058,28648,-17590,0,0,0,0,1,0
564,293229,-231,414,-184,0,-16053,28833,-12780,0,0,0,0,1,0
565,293750,-293,401,-107,0,-20432,27910,-7479,0,0,0,0,1,0
566,294270,-345,372,-27,0,-24025,25915,-1890,0,0,0,0,1,0
567,294791,-383,329,54,0,-26696,22924,3772,0,0,0,0,1,0
568,295312,-407,274,133,0,-28340,19052,9288,0,0,0,0,1,0
569,295833,-415,207,207,0,-28895,14448,14448,0,0,0,0,1,0
570,296354,-407,133,274,0,-28340,9288,19052,0,0,0,0,1,0
571,296875,-383,54,329,0,-26696,3772,22924,0,0,0,0,1,0
572,297395,-345,-27,372,0,-24025,-1890,25915,0,0,0,0,1,0
573,297916,-293,-107,401,0,-20432,-7479,27910,0,0,0,0,1,0
574,298437,-231,-184,414,0,-16053,-12780,28833,0,0,0,0,1,0
575,298958,-159,-253,411,0,-11058,-17590,28648,0,0,0,0,1,0
576,299479,-81,-312,393,0,-5637,-21724,27362,0,0,0,0,1,0
577,300000,0,-359,359,0,0,-25024,25024,0,0,0,0,1,0
578,300520,81,-393,312,0,5637,-27362,21724,0,0,0,0,1,0
579,301041,159,-411,253,0,11058,-28648,17590,0,0,0,0,1,0
580,301562,231,-414,184,0,16053,-28833,12780,0,0,0,0,1,0
581,302083,293,-401,107,0,20432,-27910,7479,0,0,0,0,1,0
582,302604,345,-372,27,0,24025,-25915,1890,0,0,0,0,1,0
583,303125,383,-329,-54,0,26696,-22924,-3772,0,0,0,0,1,0
584,303645,407,-274,-133,0,28340,-19052,-9288,0,0,0,0,1,0
585,304166,415,-207,-207,0,28895,-14448,-14448,0,0,0,0,1,0
586,304687,407,-133,-274,0,28340,-9288,-19052,0,0,0,0,1,0
587,305208,383,-54,-329,0,26696,-3772,-22924,0,0,0,0,1,0
588,305729,345,27,-372,0,24025,1890,-25915,0,0,0,0,1,0
589,306250,293,107,-401,0,20432,7479,-27910,0,0,0,0,1,0
590,306770,231,184,-414,0,16053,12780,-28833,0,0,0,0,1,0
591,307291,159,253,-411,0,11058,17590,-28648,0,0,0,0,1,0
592,307812,81,312,-393,0,5637,21724,-27362,0,0,0,0,1,0
593,308333,0,359,-359,0,0,25024,-25024,0,0,0,0,1,0
594,308854,-81,393,-312,0,-5637,27362,-21724,0,0,0,0,1,0
595,309375,-159,411,-253,0,-11058,28648,-17590,0,0,0,0,1,0
596,309895,-231,414,-184,0,-16053,28833,-12780,0,0,0,0,1,0
597,310416,-293,401,-107,0,-20432,27910,-7479,0,0,0,0,1,0
598,310937,-345,372,-27,0,-24025,25915,-1890,0,0,0,0,1,0
599,311458,-383,329,54,0,-26696,22924,3772,0,0,0,0,1,0
600,311979,-407,274,133,0,-28340,19052,9288,0,0,0,0,1,0
601,312500,-415,207,207,0,-28895,14448,14448,0,0,0,0,1,0
602,313020,-407,133,274,0,-28340,9288,19052,0,0,0,0,1,0
603,313541,-383,54,329,0,-26696,3772,22924,0,0,0,0,1,0
604,314062,-345,-27,372,0,-24025,-1890,25915,0,0,0,0,1,0
605,314583,-293,-107,401,0,-20432,-7479,27910,0,0,0,0,1,0
606,315104,-231,-184,414,0,-16053,-12780,28833,0,0,0,0,1,0
607,315625,-159,-253,411,0,-11058,-17590,28648,0,0,0,0,1,0
608,316145,-81,-312,393,0,-5637,-21724,27362,0,0,0,0,1,0
609,316666,0,-359,359,0,0,-25024,25024,0,0,0,0,1,0
610,317187,81,-393,312,0,5637,-27362,21724,0,0,0,0,1,0
611,317708,159,-411,253,0,11058,-28648,17590,0,0,0,0,1,0
612,318229,231,-414,184,0,16053,-28833,12780,0,0,0,0,1,0
613,318750,293,-401,107,0,20432,-27910,7479,0,0,0,0,1,0
614,319270,345,-372,27,0,24025,-25915,1890,0,0,0,0,1,0
615,319791,383,-329,-54,0,26696,-22924,-3772,0,0,0,0,1,0
616,320312,407,-274,-133,0,28340,-19052,-9288,0,0,0,0,1,0
617,320833,415,-207,-207,0,28895,-14448,-14448,0,0,0,0,1,0
618,321354,407,-133,-274,0,28340,-9288,-19052,0,0,0,0,1,0
619,321875,383,-54,-329,0,26696,-3772,-22924,0,0,0,0,1,0
620,322395,345,27,-372,0,24025,1890,-25915,0,0,0,0,1,0
621,322916,293,107,-401,0,20432,7479,-27910,0,0,0,0,1,0
622,323437,231,184,-414,0,16053,12780,-28833,0,0,0,0,1,0
623,323958,159,253,-411,0,11058,17590,-28648,0,0,0,0,1,0
624,324479,81,312,-393,0,5637,21724,-27362,0,0,0,0,1,0
625,325000,0,359,-359,0,0,25024,-25024,0,0,0,0,1,0
626,325520,-81,393,-312,0,-5637,27362,-21724,0,0,0,0,1,0
627,326041,-159,411,-253,0,-11058,28648,-17590,0,0,0,0,1,0
628,326562,-231,414,-184,0,-16053,28833,-12780,0,0,0,0,1,0
629,327083,-293,401,-107,0,-20432,27910,-7479,0,0,0,0,1,0
630,327604,-345,372,-27,0,-24025,25915,-1890,0,0,0,0,1,0
631,328125,-383,329,54,0,-26696,22924,3772,0,0,0,0,1,0
632,328645,-407,274,133,0,-28340,19052,9288,0,0,0,0,1,0
633,329166,-415,207,207,0,-28895,14448,14448,0,0,0,0,1,0
634,329687,-407,133,274,0,-28340,9288,19052,0,0,0,0,1,0
635,330208,-383,54,329,0,-26696,3772,22924,0,0,0,0,1,0
636,330729,-345,-27,372,0,-24025,-1890,25915,0,0,0,0,1,0
637,331250,-293,-107,401,0,-20432,-7479,27910,0,0,0,0,1,0
638,331770,-231,-184,414,0,-16053,-12780,28833,0,0,0,0,1,0
639,332291,-159,-253,411,0,-11058,-17590,28648,0,0,0,0,1,0
640,332812,-81,-312,393,0,-5637,-21724,27362,0,0,0,0,1,0
641,333333,0,-359,359,0,0,-25024,25024,0,0,0,0,1,0
642,333854,81,-393,312,0,5637,-27362,21724,0,0,0,0,1,0
643,334375,159,-411,253,0,11058,-28648,17590,0,0,0,0,1,0
644,334895,231,-414,184,0,16053,-28833,12780,0,0,0,0,1,0
645,335416,293,-401,107,0,20432,-27910,7479,0,0,0,0,1,0
646,335937,345,-372,27,0,24025,-25915,1890,0,0,0,0,1,0
647,336458,383,-329,-54,0,26696,-22924,-3772,0,0,0,0,1,0
648,336979,407,-274,-133,0,28340,-19052,-9288,0,0,0,0,1,0
649,337500,415,-207,-207,0,28895,-14448,-14448,0,0,0,0,1,0
650,338020,407,-133,-274,0,28340,-9288,-19052,0,0,0,0,1,0
651,338541,383,-54,-329,0,26696,-3772,-22924,0,0,0,0,1,0
652,339062,345,27,-372,0,24025,1890,-25915,0,0,0,0,1,0
653,339583,293,107,-401,0,20432,7479,-27910,0,0,0,0,1,0
654,340104,231,184,-414,0,16053,12780,-28833,0,0,0,0,1,0
655,340625,159,253,-411,0,11058,17590,-28648,0,0,0,0,1,0
656,341145,81,312,-393,0,5637,21724,-27362,0,0,0,0,1,0
657,341666,0,359,-359,0,0,25024,-25024,0,0,0,0,1,0
658,342187,-81,393,-312,0,-5637,27362,-21724,0,0,0,0,1,0
659,342708,-159,411,-253,0,-11058,28648,-17590,0,0,0,0,1,0
660,343229,-231,414,-184,0,-16053,28833,-12780,0,0,0,0,1,0
661,343750,-293,401,-107,0,-20432,27910,-7479,0,0,0,0,1,0
662,344270,-345,372,-27,0,-24025,25915,-1890,0,0,0,0,1,0
663,344791,-383,329,54,0,-26696,22924,3772,0,0,0,0,1,0
664,345312,-407,274,133,0,-28340,19052,9288,0,0,0,0,1,0
665,345833,-415,207,207,0,-28895,14448,14448,0,0,0,0,1,0
666,346354,-407,133,274,0,-28340,9288,19052,0,0,0,0,1,0
667,346875,-383,54,329,0,-26696,3772,22924,0,0,0,0,1,0
668,347395,-345,-27,372,0,-24025,-1890,25915,0,0,0,0,1,0
669,347916,-293,-107,401,0,-20432,-7479,27910,0,0,0,0,1,0
670,348437,-231,-184,414,0,-16053,-12780,28833,0,0,0,0,1,0
671,348958,-159,-253,411,0,-11058,-17590,28648,0,0,0,0,1,0
672,349479,-81,-312,393,0,-5637,-21724,27362,0,0,0,0,1,0
673,350000,0,-359,359,0,0,-25024,25024,0,0,0,0,1,0
674,350520,81,-393,312,0,5637,-27362,21724,0,0,0,0,1,0
675,351041,159,-411,253,0,11058,-28648,17590,0,0,0,0,1,0
676,351562,231,-414,184,0,16053,-28833,12780,0,0,0,0,1,0
677,352083,293,-401,107,0,20432,-27910,7479,0,0,0,0,1,0
678,352604,345,-372,27,0,24025,-25915,1890,0,0,0,0,1,0
679,353125,383,-329,-54,0,26696,-22924,-3772,0,0,0,0,1,0
680,353645,407,-274,-133,0,28340,-19052,-9288,0,0,0,0,1,0
681,354166,415,-207,-207,0,28895,-14448,-14448,0,0,0,0,1,0
682,354687,407,-133,-274,0,28340,-9288,-19052,0,0,0,0,1,0
683,355208,383,-54,-329,0,26696,-3772,-22924,0,0,0,0,1,0
684,355729,345,27,-372,0,24025,1890,-25915,0,0,0,0,1,0
685,356250,293,107,-401,0,20432,7479,-27910,0,0,0,0,1,0
686,356770,231,184,-414,0,16053,12780,-28833,0,0,0,0,1,0
687,357291,159,253,-411,0,11058,17590,-28648,0,0,0,0,1,0
688,357812,81,312,-393,0,5637,21724,-27362,0,0,0,0,1,0
689,358333,0,359,-359,0,0,25024,-25024,0,0,0,0,1,0
690,358854,-81,393,-312,0,-5637,27362,-21724,0,0,0,0,1,0
691,359375,-159,411,-253,0,-11058,28648,-17590,0,0,0,0,1,0
692,359895,-231,414,-184,0,-16053,28833,-12780,0,0,0,0,1,0
693,360416,-293,401,-107,0,-20432,27910,-7479,0,0,0,0,1,0
694,360937,-345,372,-27,0,-24025,25915,-1890,0,0,0,0,1,0
695,361458,-383,329,54,0,-26696,22924,3772,0,0,0,0,1,0
696,361979,-407,274,133,0,-28340,19052,9288,0,0,0,0,1,0
697,362500,-415,207,207,0,-28895,14448,14448,0,0,0,0,1,0
698,363020,-407,133,274,0,-28340,9288,19052,0,0,0,0,1,0
699,363541,-383,54,329,0,-26696,3772,22924,0,0,0,0,1,0
700,364062,-345,-27,372,0,-24025,-1890,25915,0,0,0,0,1,0
701,364583,-293,-107,401,0,-20432,-7479,27910,0,0,0,0,1,0
702,365104,-231,-184,414,0,-16053,-12780,28833,0,0,0,0,1,0
703,365625,-159,-253,411,0,-11058,-17590,28648,0,0,0,0,1,0
704,366145,-81,-312,393,0,-5637,-21724,27362,0,0,0,0,1,0
705,366666,0,-359,359,0,0,-25024,25024,0,0,0,0,1,0
706,367187,81,-393,312,0,5637,-27362,21724,0,0,0,0,1,0
707,367708,159,-411,253,0,11058,-28648,17590,0,0,0,0,1,0
708,368229,231,-414,184,0,16053,-28833,12780,0,0,0,0,1,0
709,368750,293,-401,107,0,20432,-27910,7479,0,0,0,0,1,0
710,369270,345,-372,27,0,24025,-25915,1890,0,0,0,0,1,0
711,369791,383,-329,-54,0,26696,-22924,-3772,0,0,0,0,1,0
712,370312,407,-274,-133,0,28340,-19052,-9288,0,0,0,0,1,0
713,370833,415,-207,-207,0,28895,-14448,-14448,0,0,0,0,1,0
714,371354,407,-133,-274,0,28340,-9288,-19052,0,0,0,0,1,0
715,371875,383,-54,-329,0,26696,-3772,-22924,0,0,0,0,1,0
716,372395,345,27,-372,0,24025,1890,-25915,0,0,0,0,1,0
717,372916,293,107,-401,0,20432,7479,-27910,0,0,0,0,1,0
718,373437,231,184,-414,0,16053,12780,-28833,0,0,0,0,1,0
719,373958,159,253,-411,0,11058,17590,-28648,0,0,0,0,1,0
720,374479,81,312,-393,0,5637,21724,-27362,0,0,0,0,1,0
721,375000,0,359,-359,0,0,25024,-25024,0,0,0,0,1,0
722,375520,-81,393,-312,0,-5637,27362,-21724,0,0,0,0,1,0
723,376041,-159,411,-253,0,-11058,28648,-17590,0,0,0,0,1,0
724,376562,-231,414,-184,0,-16053,28833,-12780,0,0,0,0,1,0
725,377083,-293,401,-107,0,-20432,27910,-7479,0,0,0,0,1,0
726,377604,-345,372,-27,0,-24025,25915,-1890,0,0,0,0,1,0
727,378125,-383,329,54,0,-26696,22924,3772,0,0,0,0,1,0
728,378645,-407,274,133,0,-28340,19052,9288,0,0,0,0,1,0
729,379166,-415,207,207,0,-28895,14448,14448,0,0,0,0,1,0
730,379687,-407,133,274,0,-28340,9288,19052,0,0,0,0,1,0
731,380208,-383,54,329,0,-26696,3772,22924,0,0,0,0,1,0
732,380729,-345,-27,372,0,-24025,-1890,25915,0,0,0,0,1,0
733,381250,-293,-107,401,0,-20432,-7479,27910,0,0,0,0,1,0
