1,0,0,-694,694,0,0,-25024,25024,0,0,0,0,1,0
2,520,156,-759,603,0,5637,-27362,21724,0,0,0,0,1,0
3,1041,307,-795,488,0,11058,-28648,17590,0,0,0,0,1,0
4,1562,445,-800,355,0,16053,-28833,12780,0,0,0,0,1,0
5,2083,567,-774,207,0,20432,-27910,7479,0,0,0,0,1,0
6,2604,667,-719,52,0,24025,-25915,1890,0,0,0,0,1,0
7,3125,741,-636,-105,0,26696,-22924,-3772,0,0,0,0,1,0
8,3645,786,-529,-258,0,28340,-19052,-9288,0,0,0,0,1,0
9,4166,802,-401,-401,0,28895,-14448,-14448,0,0,0,0,1,0
10,4687,786,-258,-529,0,28340,-9288,-19052,0,0,0,0,1,0
11,5208,741,-105,-636,0,26696,-3772,-22924,0,0,0,0,1,0
12,5729,667,52,-719,0,24025,1890,-25915,0,0,0,0,1,0
13,6250,567,207,-774,0,20432,7479,-27910,0,0,0,0,1,0
14,6770,445,355,-800,0,16053,12780,-28833,0,0,0,0,1,0
15,7291,307,488,-795,0,11058,17590,-28648,0,0,0,0,1,0
16,7812,156,603,-759,0,5637,21724,-27362,0,0,0,0,1,0
17,8333,0,694,-694,0,0,25024,-25024,0,0,0,0,1,0
18,8854,-156,759,-603,0,-5637,27362,-21724,0,0,0,0,1,0
19,9375,-307,795,-488,0,-11058,28648,-17590,0,0,0,0,1,0
20,9895,-445,800,-355,0,-16053,28833,-12780,0,0,0,0,1,0
21,10416,-567,774,-207,0,-20432,27910,-7479,0,0,0,0,1,0
22,10937,-667,719,-52,0,-24025,25915,-1890,0,0,0,0,1,0
23,11458,-741,636,105,0,-26696,22924,3772,0,0,0,0,1,0
24,11979,-786,529,258,0,-28340,19052,9288,0,0,0,0,1,0
25,12500,-802,401,401,0,-28895,14448,14448,0,0,0,0,1,0
26,13020,-786,258,529,0,-28340,9288,19052,0,0,0,0,1,0
27,13541,-741,105,636,0,-26696,3772,22924,0,0,0,0,1,0
28,14062,-667,-52,719,0,-24025,-1890,25915,0,0,0,0,1,0
29,14583,-567,-207,774,0,-20432,-7479,27910,0,0,0,0,1,0
30,15104,-445,-355,800,0,-16053,-12780,28833,0,0,0,0,1,0
31,15625,-307,-488,795,0,-11058,-17590,28648,0,0,0,0,1,0
32,16145,-156,-603,759,0,-5637,-21724,27362,0,0,0,0,1,0
33,16666,0,-694,694,0,0,-25024,25024,0,0,0,0,1,0
34,17187,156,-759,603,0,5637,-27362,21724,0,0,0,0,1,0
35,17708,307,-795,488,0,11058,-28648,17590,0,0,0,0,1,0
36,18229,445,-800,355,0,16053,-28833,12780,0,0,0,0,1,0
37,18750,567,-774,207,0,20432,-27910,7479,0,0,0,0,1,0
38,19270,667,-719,52,0,24025,-25915,1890,0,0,0,0,1,0
39,19791,741,-636,-105,0,26696,-22924,-3772,0,0,0,0,1,0
40,20312,786,-529,-258,0,28340,-19052,-9288,0,0,0,0,1,0
41,20833,802,-401,-401,0,28895,-14448,-14448,0,0,0,0,1,0
42,21354,786,-258,-529,0,28340,-9288,-19052,0,0,0,0,1,0
43,21875,741,-105,-636,0,26696,-3772,-22924,0,0,0,0,1,0
44,22395,667,52,-719,0,24025,1890,-25915,0,0,0,0,1,0
45,22916,567,207,-774,0,20432,7479,-27910,0,0,0,0,1,0
46,23437,445,355,-800,0,16053,12780,-28833,0,0,0,0,1,0
47,23958,307,488,-795,0,11058,17590,-28648,0,0,0,0,1,0
48,24479,156,603,-759,0,5637,21724,-27362,0,0,0,0,1,0
49,25000,0,694,-694,0,0,25024,-25024,0,0,0,0,1,0
50,25520,-156,759,-603,0,-5637,27362,-21724,0,0,0,0,1,0
51,26041,-307,795,-488,0,-11058,28648,-17590,0,0,0,0,1,0
52,26562,-445,800,-355,0,-16053,28833,-12780,0,0,0,0,1,0
53,27083,-567,774,-207,0,-20432,27910,-7479,0,0,0,0,1,0
54,27604,-667,719,-52,0,-24025,25915,-1890,0,0,0,0,1,0
55,28125,-741,636,105,0,-26696,22924,3772,0,0,0,0,1,0
56,28645,-786,529,258,0,-28340,19052,9288,0,0,0,0,1,0
57,29166,-802,401,401,0,-28895,14448,14448,0,0,0,0,1,0
58,29687,-786,258,529,0,-28340,9288,19052,0,0,0,0,1,0
59,30208,-741,105,636,0,-26696,3772,22924,0,0,0,0,1,0
60,30729,-667,-52,719,0,-24025,-1890,25915,0,0,0,0,1,0
61,31250,-567,-207,774,0,-20432,-7479,27910,0,0,0,0,1,0
62,31770,-445,-355,800,0,-16053,-12780,28833,0,0,0,0,1,0
63,32291,-307,-488,795,0,-11058,-17590,28648,0,0,0,0,1,0
64,32812,-156,-603,759,0,-5637,-21724,27362,0,0,0,0,1,0
65,33333,0,-694,694,0,0,-25024,25024,0,0,0,0,1,0
66,33854,156,-759,603,0,5637,-27362,21724,0,0,0,0,1,0
67,34375,307,-795,488,0,11058,-28648,17590,0,0,0,0,1,0
68,34895,445,-800,355,0,16053,-28833,12780,0,0,0,0,1,0
69,35416,567,-774,207,0,20432,-27910,7479,0,0,0,0,1,0
70,35937,667,-719,52,0,24025,-25915,1890,0,0,0,0,1,0
71,36458,741,-636,-105,0,26696,-22924,-3772,0,0,0,0,1,0
72,36979,786,-529,-258,0,28340,-19052,-9288,0,0,0,0,1,0
73,37500,802,-401,-401,0,28895,-14448,-14448,0,0,0,0,1,0
74,38020,786,-258,-529,0,28340,-9288,-19052,0,0,0,0,1,0
75,38541,741,-105,-636,0,26696,-3772,-22924,0,0,0,0,1,0
76,39062,667,52,-719,0,24025,1890,-25915,0,0,0,0,1,0
77,39583,567,207,-774,0,20432,7479,-27910,0,0,0,0,1,0
78,40104,445,355,-800,0,16053,12780,-28833,0,0,0,0,1,0
79,40625,307,488,-795,0,11058,17590,-28648,0,0,0,0,1,0
80,41145,156,603,-759,0,5637,21724,-27362,0,0,0,0,1,0
81,41666,0,694,-694,0,0,25024,-25024,0,0,0,0,1,0
82,42187,-156,759,-603,0,-5637,27362,-21724,0,0,0,0,1,0
83,42708,-307,795,-488,0,-11058,28648,-17590,0,0,0,0,1,0
84,43229,-445,800,-355,0,-16053,28833,-12780,0,0,0,0,1,0
85,43750,-567,774,-207,0,-20432,27910,-7479,0,0,0,0,1,0
86,44270,-667,719,-52,0,-24025,25915,-1890,0,0,0,0,1,0
87,44791,-741,636,105,0,-26696,22924,3772,0,0,0,0,1,0
88,45312,-786,529,258,0,-28340,19052,9288,0,0,0,0,1,0
89,45833,-802,401,401,0,-28895,14448,14448,0,0,0,0,1,0
90,46354,-786,258,529,0,-28340,9288,19052,0,0,0,0,1,0
91,46875,-741,105,636,0,-26696,3772,22924,0,0,0,0,1,0
92,47395,-667,-52,719,0,-24025,-1890,25915,0,0,0,0,1,0
93,47916,-567,-207,774,0,-20432,-7479,27910,0,0,0,0,1,0
94,48437,-445,-355,800,0,-16053,-12780,28833,0,0,0,0,1,0
95,48958,-307,-488,795,0,-11058,-17590,28648,0,0,0,0,1,0
96,49479,-156,-603,759,0,-5637,-21724,27362,0,0,0,0,1,0
97,50000,0,-694,31207,30512,0,-27026,2502,0,0,0,0,1,0
98,50520,156,-759,27781,27178,6088,-29551,2172,0,0,0,0,1,0
99,51041,307,-795,23863,23375,11942,-30940,1759,0,0,0,0,1,0
100,51562,445,-800,19594,19239,17337,-31140,1278,0,0,0,0,1,0
101,52083,567,-774,15125,14918,22066,-30143,748,0,0,0,0,1,0
102,52604,667,-719,10619,10566,25947,-27988,189,0,0,0,0,1,0
103,53125,741,-636,6236,6341,28831,-24758,-377,0,0,0,0,1,0
104,53645,786,-529,2137,2394,30607,-20576,-929,0,0,0,0,1,0
105,54166,802,-401,-1533,-1132,31207,-15603,-1445,0,0,0,0,1,0
106,54687,786,-258,-4641,-4113,30607,-10031,-1905,0,0,0,0,1,0
107,55208,741,-105,-7079,-6443,28831,-4073,-2292,0,0,0,0,1,0
108,55729,667,52,-8762,-8043,25947,2041,-2592,0,0,0,0,1,0
109,56250,567,207,-9635,-8861,22066,8077,-2791,0,0,0,0,1,0
110,56770,445,355,-9673,-8873,17337,13802,-2883,0,0,0,0,1,0
111,57291,307,488,-8885,-8090,11942,18997,-2865,0,0,0,0,1,0
112,57812,156,603,-7309,-6549,6088,23462,-2736,0,0,0,0,1,0
113,58333,0,694,-5014,-4320,0,27026,-2502,0,0,0,0,1,0
114,58854,-156,759,-2097,-1494,-6088,29551,-2172,0,0,0,0,1,0
115,59375,-307,795,1321,1809,-11942,30940,-1759,0,0,0,0,1,0
116,59895,-445,800,5101,5455,-17337,31140,-1278,0,0,0,0,1,0
117,60416,-567,774,9089,9297,-22066,30143,-748,0,0,0,0,1,0
118,60937,-667,719,13125,13177,-25947,27988,-189,0,0,0,0,1,0
119,61458,-741,636,17046,16941,-28831,24758,377,0,0,0,0,1,0
120,61979,-786,529,20692,20435,-30607,20576,929,0,0,0,0,1,0
121,62500,-802,401,23918,23517,-31207,15603,1445,0,0,0,0,1,0
122,63020,-786,258,26592,26063,-30607,10031,1905,0,0,0,0,1,0
123,63541,-741,105,28603,27967,-28831,4073,2292,0,0,0,0,1,0
124,64062,-667,-52,29867,29148,-25947,-2041,2592,0,0,0,0,1,0
125,64583,-567,-207,30330,29555,-22066,-8077,2791,0,0,0,0,1,0
126,65104,-445,-355,29966,29166,-17337,-13802,2883,0,0,0,0,1,0
127,65625,-307,-488,28783,27988,-11942,-18997,2865,0,0,0,0,1,0
128,66145,-156,-603,26819,26060,-6088,-23462,2736,0,0,0,0,1,0
129,66666,0,-694,24145,23451,0,-27026,2502,0,0,0,0,1,0
130,67187,156,-759,20857,20254,6088,-29551,2172,0,0,0,0,1,0
131,67708,307,-795,17074,16586,11942,-30940,1759,0,0,0,0,1,0
132,68229,445,-800,12936,12582,17337,-31140,1278,0,0,0,0,1,0
133,68750,567,-774,8597,8390,22066,-30143,748,0,0,0,0,1,0
134,69270,667,-719,4217,4165,25947,-27988,189,0,0,0,0,1,0
135,69791,741,-636,-40,64,28831,-24758,-377,0,0,0,0,1,0
136,70312,786,-529,-4018,-3760,30607,-20576,-929,0,0,0,0,1,0
137,70833,802,-401,-7568,-7167,31207,-15603,-1445,0,0,0,0,1,0
138,71354,786,-258,-10559,-10030,30607,-10031,-1905,0,0,0,0,1,0
139,71875,741,-105,-12882,-12246,28831,-4073,-2292,0,0,0,0,1,0
140,72395,667,52,-14452,-13733,25947,2041,-2592,0,0,0,0,1,0
141,72916,567,207,-15214,-14440,22066,8077,-2791,0,0,0,0,1,0
142,73437,445,355,-15144,-14344,17337,13802,-2883,0,0,0,0,1,0
143,73958,307,488,-14249,-13454,11942,18997,-2865,0,0,0,0,1,0
144,74479,156,603,-12569,-11809,6088,23462,-2736,0,0,0,0,1,0
145,75000,0,694,-10172,-9477,0,27026,-2502,0,0,0,0,1,0
146,75520,-156,759,-7155,-6552,-6088,29551,-2172,0,0,0,0,1,0
147,76041,-307,795,-3638,-3150,-11942,30940,-1759,0,0,0,0,1,0
148,76562,-223,400,-177,0,-16053,28833,-12780,0,0,0,0,1,0
149,77083,-283,387,-104,0,-20432,27910,-7479,0,0,0,0,1,0
150,77604,-333,360,-26,0,-24025,25915,-1890,0,0,0,0,1,0
151,78125,-370,318,52,0,-26696,22924,3772,0,0,0,0,1,0
152,78645,-393,264,129,0,-28340,19052,9288,0,0,0,0,1,0
153,79166,-401,200,200,0,-28895,14448,14448,0,0,0,0,1,0
154,79687,-393,129,264,0,-28340,9288,19052,0,0,0,0,1,0
155,80208,-370,52,318,0,-26696,3772,22924,0,0,0,0,1,0
156,80729,-333,-26,360,0,-24025,-1890,25915,0,0,0,0,1,0
157,81250,-283,-104,387,0,-20432,-7479,27910,0,0,0,0,1,0
158,81770,-223,-177,400,0,-16053,-12780,28833,0,0,0,0,1,0
159,82291,-153,-244,397,0,-11058,-17590,28648,0,0,0,0,1,0
160,82812,-78,-301,380,0,-5637,-21724,27362,0,0,0,0,1,0
161,83333,0,-347,347,0,0,-25024,25024,0,0,0,0,1,0
162,83854,78,-380,301,0,5637,-27362,21724,0,0,0,0,1,0
163,84375,153,-397,244,0,11058,-28648,17590,0,0,0,0,1,0
164,84895,223,-400,177,0,16053,-28833,12780,0,0,0,0,1,0
165,85416,283,-387,104,0,20432,-27910,7479,0,0,0,0,1,0
166,85937,333,-360,26,0,24025,-25915,1890,0,0,0,0,1,0
167,86458,370,-318,-52,0,26696,-22924,-3772,0,0,0,0,1,0
168,86979,393,-264,-129,0,28340,-19052,-9288,0,0,0,0,1,0
169,87500,401,-200,-200,0,28895,-14448,-14448,0,0,0,0,1,0
170,88020,393,-129,-264,0,28340,-9288,-19052,0,0,0,0,1,0
171,88541,370,-52,-318,0,26696,-3772,-22924,0,0,0,0,1,0
172,89062,333,26,-360,0,24025,1890,-25915,0,0,0,0,1,0
173,89583,283,104,-387,0,20432,7479,-27910,0,0,0,0,1,0
174,90104,223,177,-400,0,16053,12780,-28833,0,0,0,0,1,0
175,90625,153,244,-397,0,11058,17590,-28648,0,0,0,0,1,0
176,91145,78,301,-380,0,5637,21724,-27362,0,0,0,0,1,0
177,91666,0,347,-347,0,0,25024,-25024,0,0,0,0,1,0
178,92187,-78,380,-301,0,-5637,27362,-21724,0,0,0,0,1,0
179,92708,-153,397,-244,0,-11058,28648,-17590,0,0,0,0,1,0
180,93229,-223,400,-177,0,-16053,28833,-12780,0,0,0,0,1,0
181,93750,-283,387,-104,0,-20432,27910,-7479,0,0,0,0,1,0
182,94270,-333,360,-26,0,-24025,25915,-1890,0,0,0,0,1,0
183,94791,-370,318,52,0,-26696,22924,3772,0,0,0,0,1,0
184,95312,-393,264,129,0,-28340,19052,9288,0,0,0,0,1,0
185,95833,-401,200,200,0,-28895,14448,14448,0,0,0,0,1,0
186,96354,-393,129,264,0,-28340,9288,19052,0,0,0,0,1,0
187,96875,-370,52,318,0,-26696,3772,22924,0,0,0,0,1,0
188,97395,-333,-26,360,0,-24025,-1890,25915,0,0,0,0,1,0
189,97916,-283,-104,387,0,-20432,-7479,27910,0,0,0,0,1,0
190,98437,-223,-177,400,0,-16053,-12780,28833,0,0,0,0,1,0
191,98958,-153,-244,397,0,-11058,-17590,28648,0,0,0,0,1,0
192,99479,-78,-301,380,0,-5637,-21724,27362,0,0,0,0,1,0
193,100000,0,-347,347,0,0,-25024,25024,0,0,0,0,1,0
194,100520,78,-380,301,0,5637,-27362,21724,0,0,0,0,1,0
195,101041,153,-397,244,0,11058,-28648,17590,0,0,0,0,1,0
196,101562,223,-400,177,0,16053,-28833,12780,0,0,0,0,1,0
197,102083,283,-387,104,0,20432,-27910,7479,0,0,0,0,1,0
198,102604,333,-360,26,0,24025,-25915,1890,0,0,0,0,1,0
199,103125,370,-318,-52,0,26696,-22924,-3772,0,0,0,0,1,0
200,103645,393,-264,-129,0,28340,-19052,-9288,0,0,0,0,1,0
201,104166,401,-200,-200,0,28895,-14448,-14448,0,0,0,0,1,0
202,104687,393,-129,-264,0,28340,-9288,-19052,0,0,0,0,1,0
203,105208,370,-52,-318,0,26696,-3772,-22924,0,0,0,0,1,0
204,105729,333,26,-360,0,24025,1890,-25915,0,0,0,0,1,0
205,106250,283,104,-387,0,20432,7479,-27910,0,0,0,0,1,0
206,106770,223,177,-400,0,16053,12780,-28833,0,0,0,0,1,0
207,107291,153,244,-397,0,11058,17590,-28648,0,0,0,0,1,0
208,107812,78,301,-380,0,5637,21724,-27362,0,0,0,0,1,0
209,108333,0,347,-347,0,0,25024,-25024,0,0,0,0,1,0
210,108854,-78,380,-301,0,-5637,27362,-21724,0,0,0,0,1,0
211,109375,-153,397,-244,0,-11058,28648,-17590,0,0,0,0,1,0
212,109895,-223,400,-177,0,-16053,28833,-12780,0,0,0,0,1,0
213,110416,-283,387,-104,0,-20432,27910,-7479,0,0,0,0,1,0
214,110937,-333,360,-26,0,-24025,25915,-1890,0,0,0,0,1,0
215,111458,-370,318,52,0,-26696,22924,3772,0,0,0,0,1,0
216,111979,-393,264,129,0,-28340,19052,9288,0,0,0,0,1,0
217,112500,-401,200,200,0,-28895,14448,14448,0,0,0,0,1,0
218,113020,-393,129,264,0,-28340,9288,19052,0,0,0,0,1,0
219,113541,-370,52,318,0,-26696,3772,22924,0,0,0,0,1,0
220,114062,-333,-26,360,0,-24025,-1890,25915,0,0,0,0,1,0
221,114583,-283,-104,387,0,-20432,-7479,27910,0,0,0,0,1,0
222,115104,-223,-177,400,0,-16053,-12780,28833,0,0,0,0,1,0
223,115625,-153,-244,397,0,-11058,-17590,28648,0,0,0,0,1,0
224,116145,-78,-301,380,0,-5637,-21724,27362,0,0,0,0,1,0
225,116666,0,-347,347,0,0,-25024,25024,0,0,0,0,1,0
226,117187,78,-380,301,0,5637,-27362,21724,0,0,0,0,1,0
227,117708,153,-397,244,0,11058,-28648,17590,0,0,0,0,1,0
228,118229,223,-400,177,0,16053,-28833,12780,0,0,0,0,1,0
229,118750,283,-387,104,0,20432,-27910,7479,0,0,0,0,1,0
230,119270,333,-360,26,0,24025,-25915,1890,0,0,0,0,1,0
231,119791,370,-318,-52,0,26696,-22924,-3772,0,0,0,0,1,0
232,120312,393,-264,-129,0,28340,-19052,-9288,0,0,0,0,1,0
233,120833,401,-200,-200,0,28895,-14448,-14448,0,0,0,0,1,0
234,121354,393,-129,-264,0,28340,-9288,-19052,0,0,0,0,1,0
235,121875,370,-52,-318,0,26696,-3772,-22924,0,0,0,0,1,0
236,122395,333,26,-360,0,24025,1890,-25915,0,0,0,0,1,0
237,122916,283,104,-387,0,20432,7479,-27910,0,0,0,0,1,0
238,123437,223,177,-400,0,16053,12780,-28833,0,0,0,0,1,0
239,123958,153,244,-397,0,11058,17590,-28648,0,0,0,0,1,0
240,124479,78,301,-380,0,5637,21724,-27362,0,0,0,0,1,0
241,125000,0,347,-347,0,0,25024,-25024,0,0,0,0,1,0
242,125520,-78,380,-301,0,-5637,27362,-21724,0,0,0,0,1,0
243,126041,-153,397,-244,0,-11058,28648,-17590,0,0,0,0,1,0
244,126562,-223,400,-177,0,-16053,28833,-12780,0,0,0,0,1,0
245,127083,-283,387,-104,0,-20432,27910,-7479,0,0,0,0,1,0
246,127604,-333,360,-26,0,-24025,25915,-1890,0,0,0,0,1,0
247,128124,-370,318,52,0,-26696,22924,3772,0,0,0,0,1,0
248,128645,-393,264,129,0,-28340,19052,9288,0,0,0,0,1,0
249,129166,-401,200,200,0,-28895,14448,14448,0,0,0,0,1,0
250,129687,-393,129,264,0,-28340,9288,19052,0,0,0,0,1,0
251,130208,-370,52,318,0,-26696,3772,22924,0,0,0,0,1,0
252,130729,-333,-26,360,0,-24025,-1890,25915,0,0,0,0,1,0
253,131250,-283,-104,387,0,-20432,-7479,27910,0,0,0,0,1,0
254,131770,-223,-177,400,0,-16053,-12780,28833,0,0,0,0,1,0
255,132291,-153,-244,397,0,-11058,-17590,28648,0,0,0,0,1,0
256,132812,-78,-301,380,0,-5637,-21724,27362,0,0,0,0,1,0
257,133333,0,-347,347,0,0,-25024,25024,0,0,0,0,1,0
258,133854,78,-380,301,0,5637,-27362,21724,0,0,0,0,1,0
259,134375,153,-397,244,0,11058,-28648,17590,0,0,0,0,1,0
260,134895,223,-400,177,0,16053,-28833,12780,0,0,0,0,1,0
261,135416,283,-387,104,0,20432,-27910,7479,0,0,0,0,1,0
262,135937,333,-360,26,0,24025,-25915,1890,0,0,0,0,1,0
263,136458,370,-318,-52,0,26696,-22924,-3772,0,0,0,0,1,0
264,136979,393,-264,-129,0,28340,-19052,-9288,0,0,0,0,1,0
265,137500,401,-200,-200,0,28895,-14448,-14448,0,0,0,0,1,0
266,138020,393,-129,-264,0,28340,-9288,-19052,0,0,0,0,1,0
267,138541,370,-52,-318,0,26696,-3772,-22924,0,0,0,0,1,0
268,139062,333,26,-360,0,24025,1890,-25915,0,0,0,0,1,0
269,139583,283,104,-387,0,20432,7479,-27910,0,0,0,0,1,0
270,140104,223,177,-400,0,16053,12780,-28833,0,0,0,0,1,0
271,140625,153,244,-397,0,11058,17590,-28648,0,0,0,0,1,0
272,141145,78,301,-380,0,5637,21724,-27362,0,0,0,0,1,0
273,141666,0,347,-347,0,0,25024,-25024,0,0,0,0,1,0
274,142187,-78,380,-301,0,-5637,27362,-21724,0,0,0,0,1,0
275,142708,-153,397,-244,0,-11058,28648,-17590,0,0,0,0,1,0
276,143229,-223,400,-177,0,-16053,28833,-12780,0,0,0,0,1,0
277,143750,-283,387,-104,0,-20432,27910,-7479,0,0,0,0,1,0
278,144270,-333,360,-26,0,-24025,25915,-1890,0,0,0,0,1,0
279,144791,-370,318,52,0,-26696,22924,3772,0,0,0,0,1,0
280,145312,-393,264,129,0,-28340,19052,9288,0,0,0,0,1,0
281,145833,-401,200,200,0,-28895,14448,14448,0,0,0,0,1,0
282,146354,-393,129,264,0,-28340,9288,19052,0,0,0,0,1,0
283,146875,-370,52,318,0,-26696,3772,22924,0,0,0,0,1,0
284,147395,-333,-26,360,0,-24025,-1890,25915,0,0,0,0,1,0
285,147916,-283,-104,387,0,-20432,-7479,27910,0,0,0,0,1,0
286,148437,-223,-177,400,0,-16053,-12780,28833,0,0,0,0,1,0
287,148958,-153,-244,397,0,-11058,-17590,28648,0,0,0,0,1,0
288,149479,-78,-301,380,0,-5637,-21724,27362,0,0,0,0,1,0
289,150000,0,-347,347,0,0,-25024,25024,0,0,0,0,1,0
290,150520,78,-380,301,0,5637,-27362,21724,0,0,0,0,1,0
291,151041,153,-397,244,0,11058,-28648,17590,0,0,0,0,1,0
292,151562,223,-400,177,0,16053,-28833,12780,0,0,0,0,1,0
293,152083,283,-387,104,0,20432,-27910,7479,0,0,0,0,1,0
294,152604,333,-360,26,0,24025,-25915,1890,0,0,0,0,1,0
295,153125,370,-318,-52,0,26696,-22924,-3772,0,0,0,0,1,0
296,153645,393,-264,-129,0,28340,-19052,-9288,0,0,0,0,1,0
297,154166,401,-200,-200,0,28895,-14448,-14448,0,0,0,0,1,0
298,154687,393,-129,-264,0,28340,-9288,-19052,0,0,0,0,1,0
299,155208,370,-52,-318,0,26696,-3772,-22924,0,0,0,0,1,0
300,155729,333,26,-360,0,24025,1890,-25915,0,0,0,0,1,0
301,156250,283,104,-387,0,20432,7479,-27910,0,0,0,0,1,0
302,156770,223,177,-400,0,16053,12780,-28833,0,0,0,0,1,0
303,157291,153,244,-397,0,11058,17590,-28648,0,0,0,0,1,0
304,157812,78,301,-380,0,5637,21724,-27362,0,0,0,0,1,0
305,158333,0,347,-347,0,0,25024,-25024,0,0,0,0,1,0
306,158854,-78,380,-301,0,-5637,27362,-21724,0,0,0,0,1,0
307,159375,-153,397,-244,0,-11058,28648,-17590,0,0,0,0,1,0
308,159895,-223,400,-177,0,-16053,28833,-12780,0,0,0,0,1,0
309,160416,-283,387,-104,0,-20432,27910,-7479,0,0,0,0,1,0
310,160937,-333,360,-26,0,-24025,25915,-1890,0,0,0,0,1,0
311,161458,-370,318,52,0,-26696,22924,3772,0,0,0,0,1,0
312,161979,-393,264,129,0,-28340,19052,9288,0,0,0,0,1,0
313,162500,-401,200,200,0,-28895,14448,14448,0,0,0,0,1,0
314,163020,-393,129,264,0,-28340,9288,19052,0,0,0,0,1,0
315,163541,-370,52,318,0,-26696,3772,22924,0,0,0,0,1,0
316,164062,-333,-26,360,0,-24025,-1890,25915,0,0,0,0,1,0
317,164583,-283,-104,387,0,-20432,-7479,27910,0,0,0,0,1,0
318,165104,-223,-177,400,0,-16053,-12780,28833,0,0,0,0,1,0
319,165625,-153,-244,397,0,-11058,-17590,28648,0,0,0,0,1,0
320,166145,-78,-301,380,0,-5637,-21724,27362,0,0,0,0,1,0
321,166666,0,-347,347,0,0,-25024,25024,0,0,0,0,1,0
322,167187,78,-380,301,0,5637,-27362,21724,0,0,0,0,1,0
323,167708,153,-397,244,0,11058,-28648,17590,0,0,0,0,1,0
324,168229,223,-400,177,0,16053,-28833,12780,0,0,0,0,1,0
325,168750,283,-387,104,0,20432,-27910,7479,0,0,0,0,1,0
326,169270,333,-360,26,0,24025,-25915,1890,0,0,0,0,1,0
327,169791,370,-318,-52,0,26696,-22924,-3772,0,0,0,0,1,0
328,170312,393,-264,-129,0,28340,-19052,-9288,0,0,0,0,1,0
329,170833,401,-200,-200,0,28895,-14448,-14448,0,0,0,0,1,0
330,171354,393,-129,-264,0,28340,-9288,-19052,0,0,0,0,1,0
331,171875,370,-52,-318,0,26696,-3772,-22924,0,0,0,0,1,0
332,172395,333,26,-360,0,24025,1890,-25915,0,0,0,0,1,0
333,172916,283,104,-387,0,20432,7479,-27910,0,0,0,0,1,0
334,173437,223,177,-400,0,16053,12780,-28833,0,0,0,0,1,0
335,173958,153,244,-397,0,11058,17590,-28648,0,0,0,0,1,0
336,174479,78,301,-380,0,5637,21724,-27362,0,0,0,0,1,0
337,175000,0,347,-347,0,0,25024,-25024,0,0,0,0,1,0
338,175520,-78,380,-301,0,-5637,27362,-21724,0,0,0,0,1,0
339,176041,-153,397,-244,0,-11058,28648,-17590,0,0,0,0,1,0
340,176562,-223,400,-177,0,-16053,28833,-12780,0,0,0,0,1,0
341,177083,-283,387,-104,0,-20432,27910,-7479,0,0,0,0,1,0
342,177604,-333,360,-26,0,-24025,25915,-1890,0,0,0,0,1,0
343,178125,-370,318,52,0,-26696,22924,3772,0,0,0,0,1,0
344,178645,-393,264,129,0,-28340,19052,9288,0,0,0,0,1,0
345,179166,-401,200,200,0,-28895,14448,14448,0,0,0,0,1,0
346,179687,-393,129,264,0,-28340,9288,19052,0,0,0,0,1,0
347,180208,-370,52,318,0,-26696,3772,22924,0,0,0,0,1,0
348,180729,-333,-26,360,0,-24025,-1890,25915,0,0,0,0,1,0
349,181250,-283,-104,387,0,-20432,-7479,27910,0,0,0,0,1,0
350,181770,-223,-177,400,0,-16053,-12780,28833,0,0,0,0,1,0
351,182291,-153,-244,397,0,-11058,-17590,28648,0,0,0,0,1,0
352,182812,-78,-301,380,0,-5637,-21724,27362,0,0,0,0,1,0
353,183333,0,-347,347,0,0,-25024,25024,0,0,0,0,1,0
354,183854,78,-380,301,0,5637,-27362,21724,0,0,0,0,1,0
355,184375,153,-397,244,0,11058,-28648,17590,0,0,0,0,1,0
356,184895,223,-400,177,0,16053,-28833,12780,0,0,0,0,1,0
357,185416,283,-387,104,0,20432,-27910,7479,0,0,0,0,1,0
358,185937,333,-360,26,0,24025,-25915,1890,0,0,0,0,1,0
359,186458,370,-318,-52,0,26696,-22924,-3772,0,0,0,0,1,0
360,186979,393,-264,-129,0,28340,-19052,-9288,0,0,0,0,1,0
361,187500,401,-200,-200,0,28895,-14448,-14448,0,0,0,0,1,0
362,188020,393,-129,-264,0,28340,-9288,-19052,0,0,0,0,1,0
363,188541,370,-52,-318,0,26696,-3772,-22924,0,0,0,0,1,0
364,189062,333,26,-360,0,24025,1890,-25915,0,0,0,0,1,0
365,189583,283,104,-387,0,20432,7479,-27910,0,0,0,0,1,0
366,190104,223,177,-400,0,16053,12780,-28833,0,0,0,0,1,0
367,190625,153,244,-397,0,11058,17590,-28648,0,0,0,0,1,0
368,191145,78,301,-380,0,5637,21724,-27362,0,0,0,0,1,0
369,191666,0,347,-347,0,0,25024,-25024,0,0,0,0,1,0
370,192187,-78,380,-301,0,-5637,27362,-21724,0,0,0,0,1,0
371,192708,-153,397,-244,0,-11058,28648,-17590,0,0,0,0,1,0
372,193229,-223,400,-177,0,-16053,28833,-12780,0,0,0,0,1,0
373,193750,-283,387,-104,0,-20432,27910,-7479,0,0,0,0,1,0
374,194270,-333,360,-26,0,-24025,25915,-1890,0,0,0,0,1,0
375,194791,-370,318,52,0,-26696,22924,3772,0,0,0,0,1,0
376,195312,-393,264,129,0,-28340,19052,9288,0,0,0,0,1,0
377,195833,-401,200,200,0,-28895,14448,14448,0,0,0,0,1,0
378,196354,-393,129,264,0,-28340,9288,19052,0,0,0,0,1,0
379,196875,-370,52,318,0,-26696,3772,22924,0,0,0,0,1,0
380,197395,-333,-26,360,0,-24025,-1890,25915,0,0,0,0,1,0
381,197916,-283,-104,387,0,-20432,-7479,27910,0,0,0,0,1,0
382,198437,-223,-177,400,0,-16053,-12780,28833,0,0,0,0,1,0
383,198958,-153,-244,397,0,-11058,-17590,28648,0,0,0,0,1,0
384,199479,-78,-301,380,0,-5637,-21724,27362,0,0,0,0,1,0
385,200000,0,-347,347,0,0,-25024,25024,0,0,0,0,1,0
386,200520,78,-380,301,0,5637,-27362,21724,0,0,0,0,1,0
387,201041,153,-397,244,0,11058,-28648,17590,0,0,0,0,1,0
388,201562,223,-400,177,0,16053,-28833,12780,0,0,0,0,1,0
389,202083,283,-387,104,0,20432,-27910,7479,0,0,0,0,1,0
390,202604,333,-360,26,0,24025,-25915,1890,0,0,0,0,1,0
391,203125,370,-318,-52,0,26696,-22924,-3772,0,0,0,0,1,0
392,203645,393,-264,-129,0,28340,-19052,-9288,0,0,0,0,1,0
393,204166,401,-200,-200,0,28895,-14448,-14448,0,0,0,0,1,0
394,204687,393,-129,-264,0,28340,-9288,-19052,0,0,0,0,1,0
395,205208,370,-52,-318,0,26696,-3772,-22924,0,0,0,0,1,0
396,205729,333,26,-360,0,24025,1890,-25915,0,0,0,0,1,0
397,206250,283,104,-387,0,20432,7479,-27910,0,0,0,0,1,0
398,206770,223,177,-400,0,16053,12780,-28833,0,0,0,0,1,0
399,207291,153,244,-397,0,11058,17590,-28648,0,0,0,0,1,0
400,207812,78,301,-380,0,5637,21724,-27362,0,0,0,0,1,0
401,208333,0,347,-347,0,0,25024,-25024,0,0,0,0,1,0
402,208854,-78,380,-301,0,-5637,27362,-21724,0,0,0,0,1,0
403,209375,-153,397,-244,0,-11058,28648,-17590,0,0,0,0,1,0
404,209895,-223,400,-177,0,-16053,28833,-12780,0,0,0,0,1,0
405,210416,-283,387,-104,0,-20432,27910,-7479,0,0,0,0,1,0
406,210937,-333,360,-26,0,-24025,25915,-1890,0,0,0,0,1,0
407,211458,-370,318,52,0,-26696,22924,3772,0,0,0,0,1,0
408,211979,-393,264,129,0,-28340,19052,9288,0,0,0,0,1,0
409,212500,-401,200,200,0,-28895,14448,14448,0,0,0,0,1,0
410,213020,-393,129,264,0,-28340,9288,19052,0,0,0,0,1,0
411,213541,-370,52,318,0,-26696,3772,22924,0,0,0,0,1,0
412,214062,-333,-26,360,0,-24025,-1890,25915,0,0,0,0,1,0
413,214583,-283,-104,387,0,-20432,-7479,27910,0,0,0,0,1,0
414,215104,-223,-177,400,0,-16053,-12780,28833,0,0,0,0,1,0
415,215625,-153,-244,397,0,-11058,-17590,28648,0,0,0,0,1,0
416,216145,-78,-301,380,0,-5637,-21724,27362,0,0,0,0,1,0
417,216666,0,-347,347,0,0,-25024,25024,0,0,0,0,1,0
418,217187,78,-380,301,0,5637,-27362,21724,0,0,0,0,1,0
419,217708,153,-397,244,0,11058,-28648,17590,0,0,0,0,1,0
420,218229,223,-400,177,0,16053,-28833,12780,0,0,0,0,1,0
421,218750,283,-387,104,0,20432,-27910,7479,0,0,0,0,1,0
422,219270,333,-360,26,0,24025,-25915,1890,0,0,0,0,1,0
423,219791,370,-318,-52,0,26696,-22924,-3772,0,0,0,0,1,0
424,220312,393,-264,-129,0,28340,-19052,-9288,0,0,0,0,1,0
425,220833,401,-200,-200,0,28895,-14448,-14448,0,0,0,0,1,0
426,221354,393,-129,-264,0,28340,-9288,-19052,0,0,0,0,1,0
427,221875,370,-52,-318,0,26696,-3772,-22924,0,0,0,0,1,0
428,222395,333,26,-360,0,24025,1890,-25915,0,0,0,0,1,0
429,222916,283,104,-387,0,20432,7479,-27910,0,0,0,0,1,0
430,223437,223,177,-400,0,16053,12780,-28833,0,0,0,0,1,0
431,223958,153,244,-397,0,11058,17590,-28648,0,0,0,0,1,0
432,224479,78,301,-380,0,5637,21724,-27362,0,0,0,0,1,0
433,225000,0,347,-347,0,0,25024,-25024,0,0,0,0,1,0
434,225520,-78,380,-301,0,-5637,27362,-21724,0,0,0,0,1,0
435,226041,-153,397,-244,0,-11058,28648,-17590,0,0,0,0,1,0
436,226562,-223,400,-177,0,-16053,28833,-12780,0,0,0,0,1,0
437,227083,-283,387,-104,0,-20432,27910,-7479,0,0,0,0,1,0
438,227604,-333,360,-26,0,-24025,25915,-1890,0,0,0,0,1,0
439,228125,-370,318,52,0,-26696,22924,3772,0,0,0,0,1,0
440,228645,-393,264,129,0,-28340,19052,9288,0,0,0,0,1,0
441,229166,-401,200,200,0,-28895,14448,14448,0,0,0,0,1,0
442,229687,-393,129,264,0,-28340,9288,19052,0,0,0,0,1,0
443,230208,-370,52,318,0,-26696,3772,22924,0,0,0,0,1,0
444,230729,-333,-26,360,0,-24025,-1890,25915,0,0,0,0,1,0
445,231250,-283,-104,387,0,-20432,-7479,27910,0,0,0,0,1,0
446,231770,-223,-177,400,0,-16053,-12780,28833,0,0,0,0,1,0
447,232291,-153,-244,397,0,-11058,-17590,28648,0,0,0,0,1,0
448,232812,-78,-301,380,0,-5637,-21724,27362,0,0,0,0,1,0
449,233333,0,-347,347,0,0,-25024,25024,0,0,0,0,1,0
450,233854,78,-380,301,0,5637,-27362,21724,0,0,0,0,1,0
451,234375,153,-397,244,0,11058,-28648,17590,0,0,0,0,1,0
452,234895,223,-400,177,0,16053,-28833,12780,0,0,0,0,1,0
453,235416,283,-387,104,0,20432,-27910,7479,0,0,0,0,1,0
454,235937,333,-360,26,0,24025,-25915,1890,0,0,0,0,1,0
455,236458,370,-318,-52,0,26696,-22924,-3772,0,0,0,0,1,0
456,236979,393,-264,-129,0,28340,-19052,-9288,0,0,0,0,1,0
457,237500,401,-200,-200,0,28895,-14448,-14448,0,0,0,0,1,0
458,238020,393,-129,-264,0,28340,-9288,-19052,0,0,0,0,1,0
459,238541,370,-52,-318,0,26696,-3772,-22924,0,0,0,0,1,0
460,239062,333,26,-360,0,24025,1890,-25915,0,0,0,0,1,0
461,239583,283,104,-387,0,20432,7479,-27910,0,0,0,0,1,0
462,240104,223,177,-400,0,16053,12780,-28833,0,0,0,0,1,0
463,240625,153,244,-397,0,11058,17590,-28648,0,0,0,0,1,0
464,241145,78,301,-380,0,5637,21724,-27362,0,0,0,0,1,0
465,241666,0,347,-347,0,0,25024,-25024,0,0,0,0,1,0
466,242187,-78,380,-301,0,-5637,27362,-21724,0,0,0,0,1,0
467,242708,-153,397,-244,0,-11058,28648,-17590,0,0,0,0,1,0
468,243229,-223,400,-177,0,-16053,28833,-12780,0,0,0,0,1,0
469,243750,-283,387,-104,0,-20432,27910,-7479,0,0,0,0,1,0
470,244270,-333,360,-26,0,-24025,25915,-1890,0,0,0,0,1,0
471,244791,-370,318,52,0,-26696,22924,3772,0,0,0,0,1,0
472,245312,-393,264,129,0,-28340,19052,9288,0,0,0,0,1,0
473,245833,-401,200,200,0,-28895,14448,14448,0,0,0,0,1,0
474,246354,-393,129,264,0,-28340,9288,19052,0,0,0,0,1,0
475,246875,-370,52,318,0,-26696,3772,22924,0,0,0,0,1,0
476,247395,-333,-26,360,0,-24025,-1890,25915,0,0,0,0,1,0
477,247916,-283,-104,387,0,-20432,-7479,27910,0,0,0,0,1,0
478,248437,-223,-177,400,0,-16053,-12780,28833,0,0,0,0,1,0
479,248958,-153,-244,397,0,-11058,-17590,28648,0,0,0,0,1,0
480,249479,-78,-301,380,0,-5637,-21724,27362,0,0,0,0,1,0
481,250000,0,-347,347,0,0,-25024,25024,0,0,0,0,1,0
482,250520,78,-380,301,0,5637,-27362,21724,0,0,0,0,1,0
483,251041,153,-397,244,0,11058,-28648,17590,0,0,0,0,1,0
484,251562,223,-400,177,0,16053,-28833,12780,0,0,0,0,1,0
485,252083,283,-387,104,0,20432,-27910,7479,0,0,0,0,1,0
486,252604,333,-360,26,0,24025,-25915,1890,0,0,0,0,1,0
487,253125,370,-318,-52,0,26696,-22924,-3772,0,0,0,0,1,0
488,253645,393,-264,-129,0,28340,-19052,-9288,0,0,0,0,1,0
489,254166,401,-200,-200,0,28895,-14448,-14448,0,0,0,0,1,0
490,254687,393,-129,-264,0,28340,-9288,-19052,0,0,0,0,1,0
491,255208,370,-52,-318,0,26696,-3772,-22924,0,0,0,0,1,0
492,255729,333,26,-360,0,24025,1890,-25915,0,0,0,0,1,0
493,256249,283,104,-387,0,20432,7479,-27910,0,0,0,0,1,0
494,256770,223,177,-400,0,16053,12780,-28833,0,0,0,0,1,0
495,257291,153,244,-397,0,11058,17590,-28648,0,0,0,0,1,0
496,257812,78,301,-380,0,5637,21724,-27362,0,0,0,0,1,0
497,258333,0,347,-347,0,0,25024,-25024,0,0,0,0,1,0
498,258854,-78,380,-301,0,-5637,27362,-21724,0,0,0,0,1,0
499,259375,-153,397,-244,0,-11058,28648,-17590,0,0,0,0,1,0
500,259895,-223,400,-177,0,-16053,28833,-12780,0,0,0,0,1,0
501,260416,-283,387,-104,0,-20432,27910,-7479,0,0,0,0,1,0
502,260937,-333,360,-26,0,-24025,25915,-1890,0,0,0,0,1,0
503,261458,-370,318,52,0,-26696,22924,3772,0,0,0,0,1,0
504,261979,-393,264,129,0,-28340,19052,9288,0,0,0,0,1,0
505,262500,-401,200,200,0,-28895,14448,14448,0,0,0,0,1,0
506,263020,-393,129,264,0,-28340,9288,19052,0,0,0,0,1,0
507,263541,-370,52,318,0,-26696,3772,22924,0,0,0,0,1,0
508,264062,-333,-26,360,0,-24025,-1890,25915,0,0,0,0,1,0
509,264583,-283,-104,387,0,-20432,-7479,27910,0,0,0,0,1,0
510,265104,-223,-177,400,0,-16053,-12780,28833,0,0,0,0,1,0
511,265625,-153,-244,397,0,-11058,-17590,28648,0,0,0,0,1,0
512,266145,-78,-301,380,0,-5637,-21724,27362,0,0,0,0,1,0
513,266666,0,-347,347,0,0,-25024,25024,0,0,0,0,1,0
514,267187,78,-380,301,0,5637,-27362,21724,0,0,0,0,1,0
515,267708,153,-397,244,0,11058,-28648,17590,0,0,0,0,1,0
516,268229,223,-400,177,0,16053,-28833,12780,0,0,0,0,1,0
517,268750,283,-387,104,0,20432,-27910,7479,0,0,0,0,1,0
518,269270,333,-360,26,0,24025,-25915,1890,0,0,0,0,1,0
519,269791,370,-318,-52,0,26696,-22924,-3772,0,0,0,0,1,0
520,270312,393,-264,-129,0,28340,-19052,-9288,0,0,0,0,1,0
521,270833,401,-200,-200,0,28895,-14448,-14448,0,0,0,0,1,0
522,271354,393,-129,-264,0,28340,-9288,-19052,0,0,0,0,1,0
523,271875,370,-52,-318,0,26696,-3772,-22924,0,0,0,0,1,0
524,272395,333,26,-360,0,24025,1890,-25915,0,0,0,0,1,0
525,272916,283,104,-387,0,20432,7479,-27910,0,0,0,0,1,0
526,273437,223,177,-400,0,16053,12780,-28833,0,0,0,0,1,0
527,273958,153,244,-397,0,11058,17590,-28648,0,0,0,0,1,0
528,274479,78,301,-380,0,5637,21724,-27362,0,0,0,0,1,0
529,275000,0,347,-347,0,0,25024,-25024,0,0,0,0,1,0
530,275520,-78,380,-301,0,-5637,27362,-21724,0,0,0,0,1,0
531,276041,-153,397,-244,0,-11058,28648,-17590,0,0,0,0,1,0
532,276562,-223,400,-177,0,-16053,28833,-12780,0,0,0,0,1,0
533,277083,-283,387,-104,0,-20432,27910,-7479,0,0,0,0,1,0
534,277604,-333,360,-26,0,-24025,25915,-1890,0,0,0,0,1,0
535,278125,-370,318,52,0,-26696,22924,3772,0,0,0,0,1,0
536,278645,-393,264,129,0,-28340,19052,9288,0,0,0,0,1,0
537,279166,-401,200,200,0,-28895,14448,14448,0,0,0,0,1,0
538,279687,-393,129,264,0,-28340,9288,19052,0,0,0,0,1,0
539,280208,-370,52,318,0,-26696,3772,22924,0,0,0,0,1,0
540,280729,-333,-26,360,0,-24025,-1890,25915,0,0,0,0,1,0
541,281250,-283,-104,387,0,-20432,-7479,27910,0,0,0,0,1,0
542,281770,-223,-177,400,0,-16053,-12780,28833,0,0,0,0,1,0
543,282291,-153,-244,397,0,-11058,-17590,28648,0,0,0,0,1,0
544,282812,-78,-301,380,0,-5637,-21724,27362,0,0,0,0,1,0
545,283333,0,-347,347,0,0,-25024,25024,0,0,0,0,1,0
546,283854,78,-380,301,0,5637,-27362,21724,0,0,0,0,1,0
547,284375,153,-397,244,0,11058,-28648,17590,0,0,0,0,1,0
548,284895,223,-400,177,0,16053,-28833,12780,0,0,0,0,1,0
549,285416,283,-387,104,0,20432,-27910,7479,0,0,0,0,1,0
550,285937,333,-360,26,0,24025,-25915,1890,0,0,0,0,1,0
551,286458,370,-318,-52,0,26696,-22924,-3772,0,0,0,0,1,0
552,286979,393,-264,-129,0,28340,-19052,-9288,0,0,0,0,1,0
553,287500,401,-200,-200,0,28895,-14448,-14448,0,0,0,0,1,0
554,288020,393,-129,-264,0,28340,-9288,-19052,0,0,0,0,1,0
555,288541,370,-52,-318,0,26696,-3772,-22924,0,0,0,0,1,0
556,289062,333,26,-360,0,24025,1890,-25915,0,0,0,0,1,0
557,289583,283,104,-387,0,20432,7479,-27910,0,0,0,0,1,0
558,290104,223,177,-400,0,16053,12780,-28833,0,0,0,0,1,0
559,290625,153,244,-397,0,11058,17590,-28648,0,0,0,0,1,0
560,291145,78,301,-380,0,5637,21724,-27362,0,0,0,0,1,0
561,291666,0,347,-347,0,0,25024,-25024,0,0,0,0,1,0
562,292187,-78,380,-301,0,-5637,27362,-21724,0,0,0,0,1,0
563,292708,-153,397,-244,0,-11058,28648,-17590,0,0,0,0,1,0
564,293229,-223,400,-177,0,-16053,28833,-12780,0,0,0,0,1,0
565,293750,-283,387,-104,0,-20432,27910,-7479,0,0,0,0,1,0
566,294270,-333,360,-26,0,-24025,25915,-1890,0,0,0,0,1,0
567,294791,-370,318,52,0,-26696,22924,3772,0,0,0,0,1,0
568,295312,-393,264,129,0,-28340,19052,9288,0,0,0,0,1,0
569,295833,-401,200,200,0,-28895,14448,14448,0,0,0,0,1,0
570,296354,-393,129,264,0,-28340,9288,19052,0,0,0,0,1,0
571,296875,-370,52,318,0,-26696,3772,22924,0,0,0,0,1,0
572,297395,-333,-26,360,0,-24025,-1890,25915,0,0,0,0,1,0
573,297916,-283,-104,387,0,-20432,-7479,27910,0,0,0,0,1,0
574,298437,-223,-177,400,0,-16053,-12780,28833,0,0,0,0,1,0
575,298958,-153,-244,397,0,-11058,-17590,28648,0,0,0,0,1,0
576,299479,-78,-301,380,0,-5637,-21724,27362,0,0,0,0,1,0
577,300000,0,-347,347,0,0,-25024,25024,0,0,0,0,1,0
578,300520,78,-380,301,0,5637,-27362,21724,0,0,0,0,1,0
579,301041,153,-397,244,0,11058,-28648,17590,0,0,0,0,1,0
580,301562,223,-400,177,0,16053,-28833,12780,0,0,0,0,1,0
581,302083,283,-387,104,0,20432,-27910,7479,0,0,0,0,1,0
582,302604,333,-360,26,0,24025,-25915,1890,0,0,0,0,1,0
583,303125,370,-318,-52,0,26696,-22924,-3772,0,0,0,0,1,0
584,303645,393,-264,-129,0,28340,-19052,-9288,0,0,0,0,1,0
585,304166,401,-200,-200,0,28895,-14448,-14448,0,0,0,0,1,0
586,304687,393,-129,-264,0,28340,-9288,-19052,0,0,0,0,1,0
587,305208,370,-52,-318,0,26696,-3772,-22924,0,0,0,0,1,0
588,305729,333,26,-360,0,24025,1890,-25915,0,0,0,0,1,0
589,306250,283,104,-387,0,20432,7479,-27910,0,0,0,0,1,0
590,306770,223,177,-400,0,16053,12780,-28833,0,0,0,0,1,0
591,307291,153,244,-397,0,11058,17590,-28648,0,0,0,0,1,0
592,307812,78,301,-380,0,5637,21724,-27362,0,0,0,0,1,0
593,308333,0,347,-347,0,0,25024,-25024,0,0,0,0,1,0
594,308854,-78,380,-301,0,-5637,27362,-21724,0,0,0,0,1,0
595,309375,-153,397,-244,0,-11058,28648,-17590,0,0,0,0,1,0
596,309895,-223,400,-177,0,-16053,28833,-12780,0,0,0,0,1,0
597,310416,-283,387,-104,0,-20432,27910,-7479,0,0,0,0,1,0
598,310937,-333,360,-26,0,-24025,25915,-1890,0,0,0,0,1,0
599,311458,-370,318,52,0,-26696,22924,3772,0,0,0,0,1,0
600,311979,-393,264,129,0,-28340,19052,9288,0,0,0,0,1,0
601,312500,-401,200,200,0,-28895,14448,14448,0,0,0,0,1,0
602,313020,-393,129,264,0,-28340,9288,19052,0,0,0,0,1,0
603,313541,-370,52,318,0,-26696,3772,22924,0,0,0,0,1,0
604,314062,-333,-26,360,0,-24025,-1890,25915,0,0,0,0,1,0
605,314583,-283,-104,387,0,-20432,-7479,27910,0,0,0,0,1,0
606,315104,-223,-177,400,0,-16053,-12780,28833,0,0,0,0,1,0
607,315625,-153,-244,397,0,-11058,-17590,28648,0,0,0,0,1,0
608,316145,-78,-301,380,0,-5637,-21724,27362,0,0,0,0,1,0
609,316666,0,-347,347,0,0,-25024,25024,0,0,0,0,1,0
610,317187,78,-380,301,0,5637,-27362,21724,0,0,0,0,1,0
611,317708,153,-397,244,0,11058,-28648,17590,0,0,0,0,1,0
612,318229,223,-400,177,0,16053,-28833,12780,0,0,0,0,1,0
613,318750,283,-387,104,0,20432,-27910,7479,0,0,0,0,1,0
614,319270,333,-360,26,0,24025,-25915,1890,0,0,0,0,1,0
615,319791,370,-318,-52,0,26696,-22924,-3772,0,0,0,0,1,0
616,320312,393,-264,-129,0,28340,-19052,-9288,0,0,0,0,1,0
617,320833,401,-200,-200,0,28895,-14448,-14448,0,0,0,0,1,0
618,321354,393,-129,-264,0,28340,-9288,-19052,0,0,0,0,1,0
619,321875,370,-52,-318,0,26696,-3772,-22924,0,0,0,0,1,0
620,322395,333,26,-360,0,24025,1890,-25915,0,0,0,0,1,0
621,322916,283,104,-387,0,20432,7479,-27910,0,0,0,0,1,0
622,323437,223,177,-400,0,16053,12780,-28833,0,0,0,0,1,0
623,323958,153,244,-397,0,11058,17590,-28648,0,0,0,0,1,0
624,324479,78,301,-380,0,5637,21724,-27362,0,0,0,0,1,0
625,325000,0,347,-347,0,0,25024,-25024,0,0,0,0,1,0
626,325520,-78,380,-301,0,-5637,27362,-21724,0,0,0,0,1,0
627,326041,-153,397,-244,0,-11058,28648,-17590,0,0,0,0,1,0
628,326562,-223,400,-177,0,-16053,28833,-12780,0,0,0,0,1,0
629,327083,-283,387,-104,0,-20432,27910,-7479,0,0,0,0,1,0
630,327604,-333,360,-26,0,-24025,25915,-1890,0,0,0,0,1,0
631,328125,-370,318,52,0,-26696,22924,3772,0,0,0,0,1,0
632,328645,-393,264,129,0,-28340,19052,9288,0,0,0,0,1,0
633,329166,-401,200,200,0,-28895,14448,14448,0,0,0,0,1,0
634,329687,-393,129,264,0,-28340,9288,19052,0,0,0,0,1,0
635,330208,-370,52,318,0,-26696,3772,22924,0,0,0,0,1,0
636,330729,-333,-26,360,0,-24025,-1890,25915,0,0,0,0,1,0
637,331250,-283,-104,387,0,-20432,-7479,27910,0,0,0,0,1,0
638,331770,-223,-177,400,0,-16053,-12780,28833,0,0,0,0,1,0
639,332291,-153,-244,397,0,-11058,-17590,28648,0,0,0,0,1,0
640,332812,-78,-301,380,0,-5637,-21724,27362,0,0,0,0,1,0
641,333333,0,-347,347,0,0,-25024,25024,0,0,0,0,1,0
642,333854,78,-380,301,0,5637,-27362,21724,0,0,0,0,1,0
643,334375,153,-397,244,0,11058,-28648,17590,0,0,0,0,1,0
644,334895,223,-400,177,0,16053,-28833,12780,0,0,0,0,1,0
645,335416,283,-387,104,0,20432,-27910,7479,0,0,0,0,1,0
646,335937,333,-360,26,0,24025,-25915,1890,0,0,0,0,1,0
647,336458,370,-318,-52,0,26696,-22924,-3772,0,0,0,0,1,0
648,336979,393,-264,-129,0,28340,-19052,-9288,0,0,0,0,1,0
649,337500,401,-200,-200,0,28895,-14448,-14448,0,0,0,0,1,0
650,338020,393,-129,-264,0,28340,-9288,-19052,0,0,0,0,1,0
651,338541,370,-52,-318,0,26696,-3772,-22924,0,0,0,0,1,0
652,339062,333,26,-360,0,24025,1890,-25915,0,0,0,0,1,0
653,339583,283,104,-387,0,20432,7479,-27910,0,0,0,0,1,0
654,340104,223,177,-400,0,16053,12780,-28833,0,0,0,0,1,0
655,340625,153,244,-397,0,11058,17590,-28648,0,0,0,0,1,0
656,341145,78,301,-380,0,5637,21724,-27362,0,0,0,0,1,0
657,341666,0,347,-347,0,0,25024,-25024,0,0,0,0,1,0
658,342187,-78,380,-301,0,-5637,27362,-21724,0,0,0,0,1,0
659,342708,-153,397,-244,0,-11058,28648,-17590,0,0,0,0,1,0
660,343229,-223,400,-177,0,-16053,28833,-12780,0,0,0,0,1,0
661,343750,-283,387,-104,0,-20432,27910,-7479,0,0,0,0,1,0
662,344270,-333,360,-26,0,-24025,25915,-1890,0,0,0,0,1,0
663,344791,-370,318,52,0,-26696,22924,3772,0,0,0,0,1,0
664,345312,-393,264,129,0,-28340,19052,9288,0,0,0,0,1,0
665,345833,-401,200,200,0,-28895,14448,14448,0,0,0,0,1,0
666,346354,-393,129,264,0,-28340,9288,19052,0,0,0,0,1,0
667,346875,-370,52,318,0,-26696,3772,22924,0,0,0,0,1,0
668,347395,-333,-26,360,0,-24025,-1890,25915,0,0,0,0,1,0
669,347916,-283,-104,387,0,-20432,-7479,27910,0,0,0,0,1,0
670,348437,-223,-177,400,0,-16053,-12780,28833,0,0,0,0,1,0
671,348958,-153,-244,397,0,-11058,-17590,28648,0,0,0,0,1,0
672,349479,-78,-301,380,0,-5637,-21724,27362,0,0,0,0,1,0
673,350000,0,-347,347,0,0,-25024,25024,0,0,0,0,1,0
674,350520,78,-380,301,0,5637,-27362,21724,0,0,0,0,1,0
675,351041,153,-397,244,0,11058,-28648,17590,0,0,0,0,1,0
676,351562,223,-400,177,0,16053,-28833,12780,0,0,0,0,1,0
677,352083,283,-387,104,0,20432,-27910,7479,0,0,0,0,1,0
678,352604,333,-360,26,0,24025,-25915,1890,0,0,0,0,1,0
679,353125,370,-318,-52,0,26696,-22924,-3772,0,0,0,0,1,0
680,353645,393,-264,-129,0,28340,-19052,-9288,0,0,0,0,1,0
681,354166,401,-200,-200,0,28895,-14448,-14448,0,0,0,0,1,0
682,354687,393,-129,-264,0,28340,-9288,-19052,0,0,0,0,1,0
683,355208,370,-52,-318,0,26696,-3772,-22924,0,0,0,0,1,0
684,355729,333,26,-360,0,24025,1890,-25915,0,0,0,0,1,0
685,356250,283,104,-387,0,20432,7479,-27910,0,0,0,0,1,0
686,356770,223,177,-400,0,16053,12780,-28833,0,0,0,0,1,0
687,357291,153,244,-397,0,11058,17590,-28648,0,0,0,0,1,0
688,357812,78,301,-380,0,5637,21724,-27362,0,0,0,0,1,0
689,358333,0,347,-347,0,0,25024,-25024,0,0,0,0,1,0
690,358854,-78,380,-301,0,-5637,27362,-21724,0,0,0,0,1,0
691,359375,-153,397,-244,0,-11058,28648,-17590,0,0,0,0,1,0
692,359895,-223,400,-177,0,-16053,28833,-12780,0,0,0,0,1,0
693,360416,-283,387,-104,0,-20432,27910,-7479,0,0,0,0,1,0
694,360937,-333,360,-26,0,-24025,25915,-1890,0,0,0,0,1,0
695,361458,-370,318,52,0,-26696,22924,3772,0,0,0,0,1,0
696,361979,-393,264,129,0,-28340,19052,9288,0,0,0,0,1,0
697,362500,-401,200,200,0,-28895,14448,14448,0,0,0,0,1,0
698,363020,-393,129,264,0,-28340,9288,19052,0,0,0,0,1,0
699,363541,-370,52,318,0,-26696,3772,22924,0,0,0,0,1,0
700,364062,-333,-26,360,0,-24025,-1890,25915,0,0,0,0,1,0
701,364583,-283,-104,387,0,-20432,-7479,27910,0,0,0,0,1,0
702,365104,-223,-177,400,0,-16053,-12780,28833,0,0,0,0,1,0
703,365625,-153,-244,397,0,-11058,-17590,28648,0,0,0,0,1,0
704,366145,-78,-301,380,0,-5637,-21724,27362,0,0,0,0,1,0
705,366666,0,-347,347,0,0,-25024,25024,0,0,0,0,1,0
706,367187,78,-380,301,0,5637,-27362,21724,0,0,0,0,1,0
707,367708,153,-397,244,0,11058,-28648,17590,0,0,0,0,1,0
708,368229,223,-400,177,0,16053,-28833,12780,0,0,0,0,1,0
709,368750,283,-387,104,0,20432,-27910,7479,0,0,0,0,1,0
710,369270,333,-360,26,0,24025,-25915,1890,0,0,0,0,1,0
711,369791,370,-318,-52,0,26696,-22924,-3772,0,0,0,0,1,0
712,370312,393,-264,-129,0,28340,-19052,-9288,0,0,0,0,1,0
713,370833,401,-200,-200,0,28895,-14448,-14448,0,0,0,0,1,0
714,371354,393,-129,-264,0,28340,-9288,-19052,0,0,0,0,1,0
715,371875,370,-52,-318,0,26696,-3772,-22924,0,0,0,0,1,0
716,372395,333,26,-360,0,24025,1890,-25915,0,0,0,0,1,0
717,372916,283,104,-387,0,20432,7479,-27910,0,0,0,0,1,0
718,373437,223,177,-400,0,16053,12780,-28833,0,0,0,0,1,0
719,373958,153,244,-397,0,11058,17590,-28648,0,0,0,0,1,0
720,374479,78,301,-380,0,5637,21724,-27362,0,0,0,0,1,0
721,375000,0,347,-347,0,0,25024,-25024,0,0,0,0,1,0
722,375520,-78,380,-301,0,-5637,27362,-21724,0,0,0,0,1,0
723,376041,-153,397,-244,0,-11058,28648,-17590,0,0,0,0,1,0
724,376562,-223,400,-177,0,-16053,28833,-12780,0,0,0,0,1,0
725,377083,-283,387,-104,0,-20432,27910,-7479,0,0,0,0,1,0
726,377604,-333,360,-26,0,-24025,25915,-1890,0,0,0,0,1,0
727,378125,-370,318,52,0,-26696,22924,3772,0,0,0,0,1,0
728,378645,-393,264,129,0,-28340,19052,9288,0,0,0,0,1,0
729,379166,-401,200,200,0,-28895,14448,14448,0,0,0,0,1,0
730,379687,-393,129,264,0,-28340,9288,19052,0,0,0,0,1,0
731,380208,-370,52,318,0,-26696,3772,22924,0,0,0,0,1,0
732,380729,-333,-26,360,0,-24025,-1890,25915,0,0,0,0,1,0
733,381250,-283,-104,387,0,-20432,-7479,27910,0,0,0,0,1,0
734,381770,-223,-177,400,0,-16053,-12780,28833,0,0,0,0,1,0
735,382291,-153,-244,397,0,-11058,-17590,28648,0,0,0,0,1,0
736,382812,-78,-301,380,0,-5637,-21724,27362,0,0,0,0,1,0
737,383333,0,-347,347,0,0,-25024,25024,0,0,0,0,1,0
738,383854,78,-380,301,0,5637,-27362,21724,0,0,0,0,1,0
739,384375,153,-397,244,0,11058,-28648,17590,0,0,0,0,1,0
740,384895,223,-400,177,0,16053,-28833,12780,0,0,0,0,1,0
741,385416,283,-387,104,0,20432,-27910,7479,0,0,0,0,1,0
742,385937,333,-360,26,0,24025,-25915,1890,0,0,0,0,1,0
743,386458,370,-318,-52,0,26696,-22924,-3772,0,0,0,0,1,0
744,386979,393,-264,-129,0,28340,-19052,-9288,0,0,0,0,1,0
745,387500,401,-200,-200,0,28895,-14448,-14448,0,0,0,0,1,0
746,388020,393,-129,-264,0,28340,-9288,-19052,0,0,0,0,1,0
747,388541,370,-52,-318,0,26696,-3772,-22924,0,0,0,0,1,0
748,389062,333,26,-360,0,24025,1890,-25915,0,0,0,0,1,0
749,389583,283,104,-387,0,20432,7479,-27910,0,0,0,0,1,0
750,390104,223,177,-400,0,16053,12780,-28833,0,0,0,0,1,0
751,390625,153,244,-397,0,11058,17590,-28648,0,0,0,0,1,0
752,391145,78,301,-380,0,5637,21724,-27362,0,0,0,0,1,0
753,391666,0,347,-347,0,0,25024,-25024,0,0,0,0,1,0
754,392187,-78,380,-301,0,-5637,27362,-21724,0,0,0,0,1,0
755,392708,-153,397,-244,0,-11058,28648,-17590,0,0,0,0,1,0
756,393229,-223,400,-177,0,-16053,28833,-12780,0,0,0,0,1,0
757,393750,-283,387,-104,0,-20432,27910,-7479,0,0,0,0,1,0
758,394270,-333,360,-26,0,-24025,25915,-1890,0,0,0,0,1,0
759,394791,-370,318,52,0,-26696,22924,3772,0,0,0,0,1,0
760,395312,-393,264,129,0,-28340,19052,9288,0,0,0,0,1,0
761,395833,-401,200,200,0,-28895,14448,14448,0,0,0,0,1,0
762,396354,-393,129,264,0,-28340,9288,19052,0,0,0,0,1,0
763,396875,-370,52,318,0,-26696,3772,22924,0,0,0,0,1,0
764,397395,-333,-26,360,0,-24025,-1890,25915,0,0,0,0,1,0
765,397916,-283,-104,387,0,-20432,-7479,27910,0,0,0,0,1,0
766,398437,-223,-177,400,0,-16053,-12780,28833,0,0,0,0,1,0
767,398958,-153,-244,397,0,-11058,-17590,28648,0,0,0,0,1,0
768,399479,-78,-301,380,0,-5637,-21724,27362,0,0,0,0,1,0
769,400000,0,-347,347,0,0,-25024,25024,0,0,0,0,1,0
770,400520,78,-380,301,0,5637,-27362,21724,0,0,0,0,1,0
771,401041,153,-397,244,0,11058,-28648,17590,0,0,0,0,1,0
772,401562,223,-400,177,0,16053,-28833,12780,0,0,0,0,1,0
773,402083,283,-387,104,0,20432,-27910,7479,0,0,0,0,1,0
774,402604,333,-360,26,0,24025,-25915,1890,0,0,0,0,1,0
775,403125,370,-318,-52,0,26696,-22924,-3772,0,0,0,0,1,0
776,403645,393,-264,-129,0,28340,-19052,-9288,0,0,0,0,1,0
777,404166,401,-200,-200,0,28895,-14448,-14448,0,0,0,0,1,0
778,404687,393,-129,-264,0,28340,-9288,-19052,0,0,0,0,1,0
779,405208,370,-52,-318,0,26696,-3772,-22924,0,0,0,0,1,0
780,405729,333,26,-360,0,24025,1890,-25915,0,0,0,0,1,0
781,406250,283,104,-387,0,20432,7479,-27910,0,0,0,0,1,0
782,406770,223,177,-400,0,16053,12780,-28833,0,0,0,0,1,0
783,407291,153,244,-397,0,11058,17590,-28648,0,0,0,0,1,0
784,407812,78,301,-380,0,5637,21724,-27362,0,0,0,0,1,0
785,408333,0,347,-347,0,0,25024,-25024,0,0,0,0,1,0
786,408854,-78,380,-301,0,-5637,27362,-21724,0,0,0,0,1,0
787,409375,-153,397,-244,0,-11058,28648,-17590,0,0,0,0,1,0
788,409895,-223,400,-177,0,-16053,28833,-12780,0,0,0,0,1,0
789,410416,-283,387,-104,0,-20432,27910,-7479,0,0,0,0,1,0
790,410937,-333,360,-26,0,-24025,25915,-1890,0,0,0,0,1,0
791,411458,-370,318,52,0,-26696,22924,3772,0,0,0,0,1,0
792,411979,-393,264,129,0,-28340,19052,9288,0,0,0,0,1,0
793,412500,-401,200,200,0,-28895,14448,14448,0,0,0,0,1,0
794,413020,-393,129,264,0,-28340,9288,19052,0,0,0,0,1,0
795,413541,-370,52,318,0,-26696,3772,22924,0,0,0,0,1,0
796,414062,-333,-26,360,0,-24025,-1890,25915,0,0,0,0,1,0
797,414583,-283,-104,387,0,-20432,-7479,27910,0,0,0,0,1,0
798,415104,-223,-177,400,0,-16053,-12780,28833,0,0,0,0,1,0
799,415625,-153,-244,397,0,-11058,-17590,28648,0,0,0,0,1,0
800,416145,-78,-301,380,0,-5637,-21724,27362,0,0,0,0,1,0
801,416666,0,-347,347,0,0,-25024,25024,0,0,0,0,1,0
802,417187,78,-380,301,0,5637,-27362,21724,0,0,0,0,1,0
803,417708,153,-397,244,0,11058,-28648,17590,0,0,0,0,1,0
804,418229,223,-400,177,0,16053,-28833,12780,0,0,0,0,1,0
805,418750,283,-387,104,0,20432,-27910,7479,0,0,0,0,1,0
806,419270,333,-360,26,0,24025,-25915,1890,0,0,0,0,1,0
807,419791,370,-318,-52,0,26696,-22924,-3772,0,0,0,0,1,0
808,420312,393,-264,-129,0,28340,-19052,-9288,0,0,0,0,1,0
809,420833,401,-200,-200,0,28895,-14448,-14448,0,0,0,0,1,0
810,421354,393,-129,-264,0,28340,-9288,-19052,0,0,0,0,1,0
811,421875,370,-52,-318,0,26696,-3772,-22924,0,0,0,0,1,0
812,422395,333,26,-360,0,24025,1890,-25915,0,0,0,0,1,0
813,422916,283,104,-387,0,20432,7479,-27910,0,0,0,0,1,0
814,423437,223,177,-400,0,16053,12780,-28833,0,0,0,0,1,0
815,423958,153,244,-397,0,11058,17590,-28648,0,0,0,0,1,0
816,424479,78,301,-380,0,5637,21724,-27362,0,0,0,0,1,0
817,425000,0,347,-347,0,0,25024,-25024,0,0,0,0,1,0
818,425520,-78,380,-301,0,-5637,27362,-21724,0,0,0,0,1,0
819,426041,-153,397,-244,0,-11058,28648,-17590,0,0,0,0,1,0
