1,0,0,-795,795,0,0,-23551,23551,0,0,0,0,1,0
2,520,179,-869,690,0,5305,-25751,20446,0,0,0,0,1,0
3,1041,351,-910,559,0,10407,-26962,16555,0,0,0,0,1,0
4,1562,510,-916,406,0,15108,-27136,12028,0,0,0,0,1,0
5,2083,649,-886,238,0,19229,-26268,7038,0,0,0,0,1,0
6,2604,763,-823,60,0,22611,-24390,1779,0,0,0,0,1,0
7,3125,848,-728,-120,0,25124,-21575,-3550,0,0,0,0,1,0
8,3645,900,-605,-295,0,26672,-17931,-8741,0,0,0,0,1,0
9,4166,918,-459,-459,0,27194,-13597,-13597,0,0,0,0,1,0
10,4687,900,-295,-605,0,26672,-8741,-17931,0,0,0,0,1,0
11,5208,848,-120,-728,0,25124,-3550,-21575,0,0,0,0,1,0
12,5729,763,60,-823,0,22611,1779,-24390,0,0,0,0,1,0
13,6250,649,238,-886,0,19229,7038,-26268,0,0,0,0,1,0
14,6770,510,406,-916,0,15108,12028,-27136,0,0,0,0,1,0
15,7291,351,559,-910,0,10407,16555,-26962,0,0,0,0,1,0
16,7812,179,690,-869,0,5305,20446,-25751,0,0,0,0,1,0
17,8333,0,795,-795,0,0,23551,-23551,0,0,0,0,1,0
18,8854,-179,869,-690,0,-5305,25751,-20446,0,0,0,0,1,0
19,9375,-351,910,-559,0,-10407,26962,-16555,0,0,0,0,1,0
20,9895,-510,916,-406,0,-15108,27136,-12028,0,0,0,0,1,0
21,10416,-649,886,-238,0,-19229,26268,-7038,0,0,0,0,1,0
22,10937,-763,823,-60,0,-22611,24390,-1779,0,0,0,0,1,0
23,11458,-848,728,120,0,-25124,21575,3550,0,0,0,0,1,0
24,11979,-900,605,295,0,-26672,17931,8741,0,0,0,0,1,0
25,12500,-918,459,459,0,-27194,13597,13597,0,0,0,0,1,0
26,13020,-900,295,605,0,-26672,8741,17931,0,0,0,0,1,0
27,13541,-848,120,728,0,-25124,3550,21575,0,0,0,0,1,0
28,14062,-763,-60,823,0,-22611,-1779,24390,0,0,0,0,1,0
29,14583,-649,-238,886,0,-19229,-7038,26268,0,0,0,0,1,0
30,15104,-510,-406,916,0,-15108,-12028,27136,0,0,0,0,1,0
31,15625,-351,-559,910,0,-10407,-16555,26962,0,0,0,0,1,0
32,16145,-179,-690,869,0,-5305,-20446,25751,0,0,0,0,1,0
33,16666,0,-795,795,0,0,-23551,23551,0,0,0,0,1,0
34,17187,179,-869,690,0,5305,-25751,20446,0,0,0,0,1,0
35,17708,351,-910,559,0,10407,-26962,16555,0,0,0,0,1,0
36,18229,510,-916,406,0,15108,-27136,12028,0,0,0,0,1,0
37,18750,649,-886,238,0,19229,-26268,7038,0,0,0,0,1,0
38,19270,763,-823,60,0,22611,-24390,1779,0,0,0,0,1,0
39,19791,848,-728,-120,0,25124,-21575,-3550,0,0,0,0,1,0
40,20312,900,-605,-295,0,26672,-17931,-8741,0,0,0,0,1,0
41,20833,918,-459,-459,0,27194,-13597,-13597,0,0,0,0,1,0
42,21354,900,-295,-605,0,26672,-8741,-17931,0,0,0,0,1,0
43,21875,848,-120,-728,0,25124,-3550,-21575,0,0,0,0,1,0
44,22395,763,60,-823,0,22611,1779,-24390,0,0,0,0,1,0
45,22916,649,238,-886,0,19229,7038,-26268,0,0,0,0,1,0
46,23437,510,406,-916,0,15108,12028,-27136,0,0,0,0,1,0
47,23958,351,559,-910,0,10407,16555,-26962,0,0,0,0,1,0
48,24479,179,690,-869,0,5305,20446,-25751,0,0,0,0,1,0
49,25000,0,795,-795,0,0,23551,-23551,0,0,0,0,1,0
50,25520,-179,869,-690,0,-5305,25751,-20446,0,0,0,0,1,0
51,26041,-351,910,-559,0,-10407,26962,-16555,0,0,0,0,1,0
52,26562,-510,916,-406,0,-15108,27136,-12028,0,0,0,0,1,0
53,27083,-649,886,-238,0,-19229,26268,-7038,0,0,0,0,1,0
54,27604,-763,823,-60,0,-22611,24390,-1779,0,0,0,0,1,0
55,28125,-848,728,120,0,-25124,21575,3550,0,0,0,0,1,0
56,28645,-900,605,295,0,-26672,17931,8741,0,0,0,0,1,0
57,29166,-918,459,459,0,-27194,13597,13597,0,0,0,0,1,0
58,29687,-900,295,605,0,-26672,8741,17931,0,0,0,0,1,0
59,30208,-848,120,728,0,-25124,3550,21575,0,0,0,0,1,0
60,30729,-763,-60,823,0,-22611,-1779,24390,0,0,0,0,1,0
61,31250,-649,-238,886,0,-19229,-7038,26268,0,0,0,0,1,0
62,31770,-510,-406,916,0,-15108,-12028,27136,0,0,0,0,1,0
63,32291,-351,-559,910,0,-10407,-16555,26962,0,0,0,0,1,0
64,32812,-179,-690,869,0,-5305,-20446,25751,0,0,0,0,1,0
65,33333,0,-795,795,0,0,-23551,23551,0,0,0,0,1,0
66,33854,179,-869,690,0,5305,-25751,20446,0,0,0,0,1,0
67,34375,351,-910,559,0,10407,-26962,16555,0,0,0,0,1,0
68,34895,510,-916,406,0,15108,-27136,12028,0,0,0,0,1,0
69,35416,649,-886,238,0,19229,-26268,7038,0,0,0,0,1,0
70,35937,763,-823,60,0,22611,-24390,1779,0,0,0,0,1,0
71,36458,848,-728,-120,0,25124,-21575,-3550,0,0,0,0,1,0
72,36979,900,-605,-295,0,26672,-17931,-8741,0,0,0,0,1,0
73,37500,918,-459,-459,0,27194,-13597,-13597,0,0,0,0,1,0
74,38020,900,-295,-605,0,26672,-8741,-17931,0,0,0,0,1,0
75,38541,848,-120,-728,0,25124,-3550,-21575,0,0,0,0,1,0
76,39062,763,60,-823,0,22611,1779,-24390,0,0,0,0,1,0
77,39583,649,238,-886,0,19229,7038,-26268,0,0,0,0,1,0
78,40104,510,406,-916,0,15108,12028,-27136,0,0,0,0,1,0
79,40625,351,559,-910,0,10407,16555,-26962,0,0,0,0,1,0
80,41145,179,690,-869,0,5305,20446,-25751,0,0,0,0,1,0
81,41666,0,795,-795,0,0,23551,-23551,0,0,0,0,1,0
82,42187,-179,869,-690,0,-5305,25751,-20446,0,0,0,0,1,0
83,42708,-351,910,-559,0,-10407,26962,-16555,0,0,0,0,1,0
84,43229,-510,916,-406,0,-15108,27136,-12028,0,0,0,0,1,0
85,43750,-649,886,-238,0,-19229,26268,-7038,0,0,0,0,1,0
86,44270,-763,823,-60,0,-22611,24390,-1779,0,0,0,0,1,0
87,44791,-848,728,120,0,-25124,21575,3550,0,0,0,0,1,0
88,45312,-900,605,295,0,-26672,17931,8741,0,0,0,0,1,0
89,45833,-918,459,459,0,-27194,13597,13597,0,0,0,0,1,0
90,46354,-900,295,605,0,-26672,8741,17931,0,0,0,0,1,0
91,46875,-848,120,728,0,-25124,3550,21575,0,0,0,0,1,0
92,47395,-763,-60,823,0,-22611,-1779,24390,0,0,0,0,1,0
93,47916,-649,-238,886,0,-19229,-7038,26268,0,0,0,0,1,0
94,48437,-510,-406,916,0,-15108,-12028,27136,0,0,0,0,1,0
95,48958,-351,-559,910,0,-10407,-16555,26962,0,0,0,0,1,0
96,49479,-179,-690,869,0,-5305,-20446,25751,0,0,0,0,1,0
97,50000,16437,-14234,795,2997,0,-2355,27084,0,0,0,0,1,0
98,50520,19349,-12186,690,7853,424,-2575,23513,0,0,0,0,1,0
99,51041,21974,-9865,559,12667,833,-2696,19038,0,0,0,0,1,0
100,51562,24202,-7357,406,17251,1209,-2714,13832,0,0,0,0,1,0
101,52083,25940,-4754,238,21423,1538,-2627,8094,0,0,0,0,1,0
102,52604,27111,-2154,60,25017,1809,-2439,2045,0,0,0,0,1,0
103,53125,27663,349,-120,27892,2010,-2157,-4082,0,0,0,0,1,0
104,53645,27565,2661,-295,29931,2134,-1793,-10053,0,0,0,0,1,0
105,54166,26814,4696,-459,31052,2176,-1360,-15637,0,0,0,0,1,0
106,54687,25431,6381,-605,31207,2134,-874,-20620,0,0,0,0,1,0
107,55208,23461,7652,-728,30385,2010,-355,-24811,0,0,0,0,1,0
108,55729,20972,8466,-823,28615,1809,178,-28048,0,0,0,0,1,0
109,56250,18052,8794,-886,25960,1538,704,-30208,0,0,0,0,1,0
110,56770,14807,8626,-916,22517,1209,1203,-31207,0,0,0,0,1,0
111,57291,11353,7972,-910,18415,833,1655,-31006,0,0,0,0,1,0
112,57812,7817,6859,-869,13808,424,2045,-29614,0,0,0,0,1,0
113,58333,4328,5335,-795,8868,0,2355,-27084,0,0,0,0,1,0
114,58854,1012,3460,-690,3782,-424,2575,-23513,0,0,0,0,1,0
115,59375,-2009,1309,-559,-1259,-833,2696,-19038,0,0,0,0,1,0
116,59895,-4625,-1033,-406,-6064,-1209,2714,-13832,0,0,0,0,1,0
117,60416,-6743,-3473,-238,-10454,-1538,2627,-8094,0,0,0,0,1,0
118,60937,-8288,-5913,-60,-14261,-1809,2439,-2045,0,0,0,0,1,0
119,61458,-9205,-8259,120,-17345,-2010,2157,4082,0,0,0,0,1,0
120,61979,-9467,-10417,295,-19589,-2134,1793,10053,0,0,0,0,1,0
121,62500,-9068,-12302,459,-20911,-2176,1360,15637,0,0,0,0,1,0
122,63020,-8030,-13838,605,-21263,-2134,874,20620,0,0,0,0,1,0
123,63541,-6398,-14965,728,-20635,-2010,355,24811,0,0,0,0,1,0
124,64062,-4241,-15637,823,-19055,-1809,-178,28048,0,0,0,0,1,0
125,64583,-1647,-15825,886,-16585,-1538,-704,30208,0,0,0,0,1,0
126,65104,1280,-15520,916,-13325,-1209,-1203,31207,0,0,0,0,1,0
127,65625,4421,-14732,910,-9401,-833,-1655,31006,0,0,0,0,1,0
128,66145,7650,-13488,869,-4969,-424,-2045,29614,0,0,0,0,1,0
129,66666,10839,-11835,795,-202,0,-2355,27084,0,0,0,0,1,0
130,67187,13859,-9833,690,4716,424,-2575,23513,0,0,0,0,1,0
131,67708,16591,-7558,559,9592,833,-2696,19038,0,0,0,0,1,0
132,68229,18924,-5095,406,14235,1209,-2714,13832,0,0,0,0,1,0
133,68750,20764,-2536,238,18466,1538,-2627,8094,0,0,0,0,1,0
134,69270,22036,21,60,22118,1809,-2439,2045,0,0,0,0,1,0
135,69791,22687,2481,-120,25048,2010,-2157,-4082,0,0,0,0,1,0
136,70312,22686,4752,-295,27143,2134,-1793,-10053,0,0,0,0,1,0
137,70833,22030,6747,-459,28318,2176,-1360,-15637,0,0,0,0,1,0
138,71354,20740,8391,-605,28526,2134,-874,-20620,0,0,0,0,1,0
139,71875,18861,9624,-728,27757,2010,-355,-24811,0,0,0,0,1,0
140,72395,16461,10399,-823,26038,1809,178,-28048,0,0,0,0,1,0
141,72916,324,119,-443,0,19229,7038,-26268,0,0,0,0,1,0
142,73437,255,203,-457,0,15108,12028,-27136,0,0,0,0,1,0
143,73958,175,279,-454,0,10407,16555,-26962,0,0,0,0,1,0
144,74479,89,345,-434,0,5305,20446,-25751,0,0,0,0,1,0
145,75000,0,397,-397,0,0,23551,-23551,0,0,0,0,1,0
146,75520,-89,434,-345,0,-5305,25751,-20446,0,0,0,0,1,0
147,76041,-175,454,-279,0,-10407,26962,-16555,0,0,0,0,1,0
148,76562,-255,457,-203,0,-15108,27136,-12028,0,0,0,0,1,0
149,77083,-324,443,-119,0,-19229,26268,-7038,0,0,0,0,1,0
150,77604,-381,411,-30,0,-22611,24390,-1779,0,0,0,0,1,0
151,78125,-423,364,60,0,-25124,21575,3550,0,0,0,0,1,0
152,78645,-449,302,147,0,-26672,17931,8741,0,0,0,0,1,0
153,79166,-458,229,229,0,-27194,13597,13597,0,0,0,0,1,0
154,79687,-449,147,302,0,-26672,8741,17931,0,0,0,0,1,0
155,80208,-423,60,364,0,-25124,3550,21575,0,0,0,0,1,0
156,80729,-381,-30,411,0,-22611,-1779,24390,0,0,0,0,1,0
157,81250,-324,-119,443,0,-19229,-7038,26268,0,0,0,0,1,0
158,81770,-255,-203,457,0,-15108,-12028,27136,0,0,0,0,1,0
159,82291,-175,-279,454,0,-10407,-16555,26962,0,0,0,0,1,0
160,82812,-89,-345,434,0,-5305,-20446,25751,0,0,0,0,1,0
161,83333,0,-397,397,0,0,-23551,23551,0,0,0,0,1,0
162,83854,89,-434,345,0,5305,-25751,20446,0,0,0,0,1,0
163,84375,175,-454,279,0,10407,-26962,16555,0,0,0,0,1,0
164,84895,255,-457,203,0,15108,-27136,12028,0,0,0,0,1,0
165,85416,324,-443,119,0,19229,-26268,7038,0,0,0,0,1,0
166,85937,381,-411,30,0,22611,-24390,1779,0,0,0,0,1,0
167,86458,423,-364,-60,0,25124,-21575,-3550,0,0,0,0,1,0
168,86979,449,-302,-147,0,26672,-17931,-8741,0,0,0,0,1,0
169,87500,458,-229,-229,0,27194,-13597,-13597,0,0,0,0,1,0
170,88020,449,-147,-302,0,26672,-8741,-17931,0,0,0,0,1,0
171,88541,423,-60,-364,0,25124,-3550,-21575,0,0,0,0,1,0
172,89062,381,30,-411,0,22611,1779,-24390,0,0,0,0,1,0
173,89583,324,119,-443,0,19229,7038,-26268,0,0,0,0,1,0
174,90104,255,203,-457,0,15108,12028,-27136,0,0,0,0,1,0
175,90625,175,279,-454,0,10407,16555,-26962,0,0,0,0,1,0
176,91145,89,345,-434,0,5305,20446,-25751,0,0,0,0,1,0
177,91666,0,397,-397,0,0,23551,-23551,0,0,0,0,1,0
178,92187,-89,434,-345,0,-5305,25751,-20446,0,0,0,0,1,0
179,92708,-175,454,-279,0,-10407,26962,-16555,0,0,0,0,1,0
180,93229,-255,457,-203,0,-15108,27136,-12028,0,0,0,0,1,0
181,93750,-324,443,-119,0,-19229,26268,-7038,0,0,0,0,1,0
182,94270,-381,411,-30,0,-22611,24390,-1779,0,0,0,0,1,0
183,94791,-423,364,60,0,-25124,21575,3550,0,0,0,0,1,0
184,95312,-449,302,147,0,-26672,17931,8741,0,0,0,0,1,0
185,95833,-458,229,229,0,-27194,13597,13597,0,0,0,0,1,0
186,96354,-449,147,302,0,-26672,8741,17931,0,0,0,0,1,0
187,96875,-423,60,364,0,-25124,3550,21575,0,0,0,0,1,0
188,97395,-381,-30,411,0,-22611,-1779,24390,0,0,0,0,1,0
189,97916,-324,-119,443,0,-19229,-7038,26268,0,0,0,0,1,0
190,98437,-255,-203,457,0,-15108,-12028,27136,0,0,0,0,1,0
191,98958,-175,-279,454,0,-10407,-16555,26962,0,0,0,0,1,0
192,99479,-89,-345,434,0,-5305,-20446,25751,0,0,0,0,1,0
193,100000,0,-397,397,0,0,-23551,23551,0,0,0,0,1,0
194,100520,89,-434,345,0,5305,-25751,20446,0,0,0,0,1,0
195,101041,175,-454,279,0,10407,-26962,16555,0,0,0,0,1,0
196,101562,255,-457,203,0,15108,-27136,12028,0,0,0,0,1,0
197,102083,324,-443,119,0,19229,-26268,7038,0,0,0,0,1,0
198,102604,381,-411,30,0,22611,-24390,1779,0,0,0,0,1,0
199,103125,423,-364,-60,0,25124,-21575,-3550,0,0,0,0,1,0
200,103645,449,-302,-147,0,26672,-17931,-8741,0,0,0,0,1,0
201,104166,458,-229,-229,0,27194,-13597,-13597,0,0,0,0,1,0
202,104687,449,-147,-302,0,26672,-8741,-17931,0,0,0,0,1,0
203,105208,423,-60,-364,0,25124,-3550,-21575,0,0,0,0,1,0
204,105729,381,30,-411,0,22611,1779,-24390,0,0,0,0,1,0
205,106250,324,119,-443,0,19229,7038,-26268,0,0,0,0,1,0
206,106770,255,203,-457,0,15108,12028,-27136,0,0,0,0,1,0
207,107291,175,279,-454,0,10407,16555,-26962,0,0,0,0,1,0
208,107812,89,345,-434,0,5305,20446,-25751,0,0,0,0,1,0
209,108333,0,397,-397,0,0,23551,-23551,0,0,0,0,1,0
210,108854,-89,434,-345,0,-5305,25751,-20446,0,0,0,0,1,0
211,109375,-175,454,-279,0,-10407,26962,-16555,0,0,0,0,1,0
212,109895,-255,457,-203,0,-15108,27136,-12028,0,0,0,0,1,0
213,110416,-324,443,-119,0,-19229,26268,-7038,0,0,0,0,1,0
214,110937,-381,411,-30,0,-22611,24390,-1779,0,0,0,0,1,0
215,111458,-423,364,60,0,-25124,21575,3550,0,0,0,0,1,0
216,111979,-449,302,147,0,-26672,17931,8741,0,0,0,0,1,0
217,112500,-458,229,229,0,-27194,13597,13597,0,0,0,0,1,0
218,113020,-449,147,302,0,-26672,8741,17931,0,0,0,0,1,0
219,113541,-423,60,364,0,-25124,3550,21575,0,0,0,0,1,0
220,114062,-381,-30,411,0,-22611,-1779,24390,0,0,0,0,1,0
221,114583,-324,-119,443,0,-19229,-7038,26268,0,0,0,0,1,0
222,115104,-255,-203,457,0,-15108,-12028,27136,0,0,0,0,1,0
223,115625,-175,-279,454,0,-10407,-16555,26962,0,0,0,0,1,0
224,116145,-89,-345,434,0,-5305,-20446,25751,0,0,0,0,1,0
225,116666,0,-397,397,0,0,-23551,23551,0,0,0,0,1,0
226,117187,89,-434,345,0,5305,-25751,20446,0,0,0,0,1,0
227,117708,175,-454,279,0,10407,-26962,16555,0,0,0,0,1,0
228,118229,255,-457,203,0,15108,-27136,12028,0,0,0,0,1,0
229,118750,324,-443,119,0,19229,-26268,7038,0,0,0,0,1,0
230,119270,381,-411,30,0,22611,-24390,1779,0,0,0,0,1,0
231,119791,423,-364,-60,0,25124,-21575,-3550,0,0,0,0,1,0
232,120312,449,-302,-147,0,26672,-17931,-8741,0,0,0,0,1,0
233,120833,458,-229,-229,0,27194,-13597,-13597,0,0,0,0,1,0
234,121354,449,-147,-302,0,26672,-8741,-17931,0,0,0,0,1,0
235,121875,423,-60,-364,0,25124,-3550,-21575,0,0,0,0,1,0
236,122395,381,30,-411,0,22611,1779,-24390,0,0,0,0,1,0
237,122916,324,119,-443,0,19229,7038,-26268,0,0,0,0,1,0
238,123437,255,203,-457,0,15108,12028,-27136,0,0,0,0,1,0
239,123958,175,279,-454,0,10407,16555,-26962,0,0,0,0,1,0
240,124479,89,345,-434,0,5305,20446,-25751,0,0,0,0,1,0
241,125000,0,397,-397,0,0,23551,-23551,0,0,0,0,1,0
242,125520,-89,434,-345,0,-5305,25751,-20446,0,0,0,0,1,0
243,126041,-175,454,-279,0,-10407,26962,-16555,0,0,0,0,1,0
244,126562,-255,457,-203,0,-15108,27136,-12028,0,0,0,0,1,0
245,127083,-324,443,-119,0,-19229,26268,-7038,0,0,0,0,1,0
246,127604,-381,411,-30,0,-22611,24390,-1779,0,0,0,0,1,0
247,128124,-423,364,60,0,-25124,21575,3550,0,0,0,0,1,0
248,128645,-449,302,147,0,-26672,17931,8741,0,0,0,0,1,0
249,129166,-458,229,229,0,-27194,13597,13597,0,0,0,0,1,0
250,129687,-449,147,302,0,-26672,8741,17931,0,0,0,0,1,0
251,130208,-423,60,364,0,-25124,3550,21575,0,0,0,0,1,0
252,130729,-381,-30,411,0,-22611,-1779,24390,0,0,0,0,1,0
253,131250,-324,-119,443,0,-19229,-7038,26268,0,0,0,0,1,0
254,131770,-255,-203,457,0,-15108,-12028,27136,0,0,0,0,1,0
255,132291,-175,-279,454,0,-10407,-16555,26962,0,0,0,0,1,0
256,132812,-89,-345,434,0,-5305,-20446,25751,0,0,0,0,1,0
257,133333,0,-397,397,0,0,-23551,23551,0,0,0,0,1,0
258,133854,89,-434,345,0,5305,-25751,20446,0,0,0,0,1,0
259,134375,175,-454,279,0,10407,-26962,16555,0,0,0,0,1,0
260,134895,255,-457,203,0,15108,-27136,12028,0,0,0,0,1,0
261,135416,324,-443,119,0,19229,-26268,7038,0,0,0,0,1,0
262,135937,381,-411,30,0,22611,-24390,1779,0,0,0,0,1,0
263,136458,423,-364,-60,0,25124,-21575,-3550,0,0,0,0,1,0
264,136979,449,-302,-147,0,26672,-17931,-8741,0,0,0,0,1,0
265,137500,458,-229,-229,0,27194,-13597,-13597,0,0,0,0,1,0
266,138020,449,-147,-302,0,26672,-8741,-17931,0,0,0,0,1,0
267,138541,423,-60,-364,0,25124,-3550,-21575,0,0,0,0,1,0
268,139062,381,30,-411,0,22611,1779,-24390,0,0,0,0,1,0
269,139583,324,119,-443,0,19229,7038,-26268,0,0,0,0,1,0
270,140104,255,203,-457,0,15108,12028,-27136,0,0,0,0,1,0
271,140625,175,279,-454,0,10407,16555,-26962,0,0,0,0,1,0
272,141145,89,345,-434,0,5305,20446,-25751,0,0,0,0,1,0
273,141666,0,397,-397,0,0,23551,-23551,0,0,0,0,1,0
274,142187,-89,434,-345,0,-5305,25751,-20446,0,0,0,0,1,0
275,142708,-175,454,-279,0,-10407,26962,-16555,0,0,0,0,1,0
276,143229,-255,457,-203,0,-15108,27136,-12028,0,0,0,0,1,0
277,143750,-324,443,-119,0,-19229,26268,-7038,0,0,0,0,1,0
278,144270,-381,411,-30,0,-22611,24390,-1779,0,0,0,0,1,0
279,144791,-423,364,60,0,-25124,21575,3550,0,0,0,0,1,0
280,145312,-449,302,147,0,-26672,17931,8741,0,0,0,0,1,0
281,145833,-458,229,229,0,-27194,13597,13597,0,0,0,0,1,0
282,146354,-449,147,302,0,-26672,8741,17931,0,0,0,0,1,0
283,146875,-423,60,364,0,-25124,3550,21575,0,0,0,0,1,0
284,147395,-381,-30,411,0,-22611,-1779,24390,0,0,0,0,1,0
285,147916,-324,-119,443,0,-19229,-7038,26268,0,0,0,0,1,0
286,148437,-255,-203,457,0,-15108,-12028,27136,0,0,0,0,1,0
287,148958,-175,-279,454,0,-10407,-16555,26962,0,0,0,0,1,0
288,149479,-89,-345,434,0,-5305,-20446,25751,0,0,0,0,1,0
289,150000,0,-397,397,0,0,-23551,23551,0,0,0,0,1,0
290,150520,89,-434,345,0,5305,-25751,20446,0,0,0,0,1,0
291,151041,175,-454,279,0,10407,-26962,16555,0,0,0,0,1,0
292,151562,255,-457,203,0,15108,-27136,12028,0,0,0,0,1,0
293,152083,324,-443,119,0,19229,-26268,7038,0,0,0,0,1,0
294,152604,381,-411,30,0,22611,-24390,1779,0,0,0,0,1,0
295,153125,423,-364,-60,0,25124,-21575,-3550,0,0,0,0,1,0
296,153645,449,-302,-147,0,26672,-17931,-8741,0,0,0,0,1,0
297,154166,458,-229,-229,0,27194,-13597,-13597,0,0,0,0,1,0
298,154687,449,-147,-302,0,26672,-8741,-17931,0,0,0,0,1,0
299,155208,423,-60,-364,0,25124,-3550,-21575,0,0,0,0,1,0
300,155729,381,30,-411,0,22611,1779,-24390,0,0,0,0,1,0
301,156250,324,119,-443,0,19229,7038,-26268,0,0,0,0,1,0
302,156770,255,203,-457,0,15108,12028,-27136,0,0,0,0,1,0
303,157291,175,279,-454,0,10407,16555,-26962,0,0,0,0,1,0
304,157812,89,345,-434,0,5305,20446,-25751,0,0,0,0,1,0
305,158333,0,397,-397,0,0,23551,-23551,0,0,0,0,1,0
306,158854,-89,434,-345,0,-5305,25751,-20446,0,0,0,0,1,0
307,159375,-175,454,-279,0,-10407,26962,-16555,0,0,0,0,1,0
308,159895,-255,457,-203,0,-15108,27136,-12028,0,0,0,0,1,0
309,160416,-324,443,-119,0,-19229,26268,-7038,0,0,0,0,1,0
310,160937,-381,411,-30,0,-22611,24390,-1779,0,0,0,0,1,0
311,161458,-423,364,60,0,-25124,21575,3550,0,0,0,0,1,0
312,161979,-449,302,147,0,-26672,17931,8741,0,0,0,0,1,0
313,162500,-458,229,229,0,-27194,13597,13597,0,0,0,0,1,0
314,163020,-449,147,302,0,-26672,8741,17931,0,0,0,0,1,0
315,163541,-423,60,364,0,-25124,3550,21575,0,0,0,0,1,0
316,164062,-381,-30,411,0,-22611,-1779,24390,0,0,0,0,1,0
317,164583,-324,-119,443,0,-19229,-7038,26268,0,0,0,0,1,0
318,165104,-255,-203,457,0,-15108,-12028,27136,0,0,0,0,1,0
319,165625,-175,-279,454,0,-10407,-16555,26962,0,0,0,0,1,0
320,166145,-89,-345,434,0,-5305,-20446,25751,0,0,0,0,1,0
321,166666,0,-397,397,0,0,-23551,23551,0,0,0,0,1,0
322,167187,89,-434,345,0,5305,-25751,20446,0,0,0,0,1,0
323,167708,175,-454,279,0,10407,-26962,16555,0,0,0,0,1,0
324,168229,255,-457,203,0,15108,-27136,12028,0,0,0,0,1,0
325,168750,324,-443,119,0,19229,-26268,7038,0,0,0,0,1,0
326,169270,381,-411,30,0,22611,-24390,1779,0,0,0,0,1,0
327,169791,423,-364,-60,0,25124,-21575,-3550,0,0,0,0,1,0
328,170312,449,-302,-147,0,26672,-17931,-8741,0,0,0,0,1,0
329,170833,458,-229,-229,0,27194,-13597,-13597,0,0,0,0,1,0
330,171354,449,-147,-302,0,26672,-8741,-17931,0,0,0,0,1,0
331,171875,423,-60,-364,0,25124,-3550,-21575,0,0,0,0,1,0
332,172395,381,30,-411,0,22611,1779,-24390,0,0,0,0,1,0
333,172916,324,119,-443,0,19229,7038,-26268,0,0,0,0,1,0
334,173437,255,203,-457,0,15108,12028,-27136,0,0,0,0,1,0
335,173958,175,279,-454,0,10407,16555,-26962,0,0,0,0,1,0
336,174479,89,345,-434,0,5305,20446,-25751,0,0,0,0,1,0
337,175000,0,397,-397,0,0,23551,-23551,0,0,0,0,1,0
338,175520,-89,434,-345,0,-5305,25751,-20446,0,0,0,0,1,0
339,176041,-175,454,-279,0,-10407,26962,-16555,0,0,0,0,1,0
340,176562,-255,457,-203,0,-15108,27136,-12028,0,0,0,0,1,0
341,177083,-324,443,-119,0,-19229,26268,-7038,0,0,0,0,1,0
342,177604,-381,411,-30,0,-22611,24390,-1779,0,0,0,0,1,0
343,178125,-423,364,60,0,-25124,21575,3550,0,0,0,0,1,0
344,178645,-449,302,147,0,-26672,17931,8741,0,0,0,0,1,0
345,179166,-458,229,229,0,-27194,13597,13597,0,0,0,0,1,0
346,179687,-449,147,302,0,-26672,8741,17931,0,0,0,0,1,0
347,180208,-423,60,364,0,-25124,3550,21575,0,0,0,0,1,0
348,180729,-381,-30,411,0,-22611,-1779,24390,0,0,0,0,1,0
349,181250,-324,-119,443,0,-19229,-7038,26268,0,0,0,0,1,0
350,181770,-255,-203,457,0,-15108,-12028,27136,0,0,0,0,1,0
351,182291,-175,-279,454,0,-10407,-16555,26962,0,0,0,0,1,0
352,182812,-89,-345,434,0,-5305,-20446,25751,0,0,0,0,1,0
353,183333,0,-397,397,0,0,-23551,23551,0,0,0,0,1,0
354,183854,89,-434,345,0,5305,-25751,20446,0,0,0,0,1,0
355,184375,175,-454,279,0,10407,-26962,16555,0,0,0,0,1,0
356,184895,255,-457,203,0,15108,-27136,12028,0,0,0,0,1,0
357,185416,324,-443,119,0,19229,-26268,7038,0,0,0,0,1,0
358,185937,381,-411,30,0,22611,-24390,1779,0,0,0,0,1,0
359,186458,423,-364,-60,0,25124,-21575,-3550,0,0,0,0,1,0
360,186979,449,-302,-147,0,26672,-17931,-8741,0,0,0,0,1,0
361,187500,458,-229,-229,0,27194,-13597,-13597,0,0,0,0,1,0
362,188020,449,-147,-302,0,26672,-8741,-17931,0,0,0,0,1,0
363,188541,423,-60,-364,0,25124,-3550,-21575,0,0,0,0,1,0
364,189062,381,30,-411,0,22611,1779,-24390,0,0,0,0,1,0
365,189583,324,119,-443,0,19229,7038,-26268,0,0,0,0,1,0
366,190104,255,203,-457,0,15108,12028,-27136,0,0,0,0,1,0
367,190625,175,279,-454,0,10407,16555,-26962,0,0,0,0,1,0
368,191145,89,345,-434,0,5305,20446,-25751,0,0,0,0,1,0
369,191666,0,397,-397,0,0,23551,-23551,0,0,0,0,1,0
370,192187,-89,434,-345,0,-5305,25751,-20446,0,0,0,0,1,0
371,192708,-175,454,-279,0,-10407,26962,-16555,0,0,0,0,1,0
372,193229,-255,457,-203,0,-15108,27136,-12028,0,0,0,0,1,0
373,193750,-324,443,-119,0,-19229,26268,-7038,0,0,0,0,1,0
374,194270,-381,411,-30,0,-22611,24390,-1779,0,0,0,0,1,0
375,194791,-423,364,60,0,-25124,21575,3550,0,0,0,0,1,0
376,195312,-449,302,147,0,-26672,17931,8741,0,0,0,0,1,0
377,195833,-458,229,229,0,-27194,13597,13597,0,0,0,0,1,0
378,196354,-449,147,302,0,-26672,8741,17931,0,0,0,0,1,0
379,196875,-423,60,364,0,-25124,3550,21575,0,0,0,0,1,0
380,197395,-381,-30,411,0,-22611,-1779,24390,0,0,0,0,1,0
381,197916,-324,-119,443,0,-19229,-7038,26268,0,0,0,0,1,0
382,198437,-255,-203,457,0,-15108,-12028,27136,0,0,0,0,1,0
383,198958,-175,-279,454,0,-10407,-16555,26962,0,0,0,0,1,0
384,199479,-89,-345,434,0,-5305,-20446,25751,0,0,0,0,1,0
385,200000,0,-397,397,0,0,-23551,23551,0,0,0,0,1,0
386,200520,89,-434,345,0,5305,-25751,20446,0,0,0,0,1,0
387,201041,175,-454,279,0,10407,-26962,16555,0,0,0,0,1,0
388,201562,255,-457,203,0,15108,-27136,12028,0,0,0,0,1,0
389,202083,324,-443,119,0,19229,-26268,7038,0,0,0,0,1,0
390,202604,381,-411,30,0,22611,-24390,1779,0,0,0,0,1,0
391,203125,423,-364,-60,0,25124,-21575,-3550,0,0,0,0,1,0
392,203645,449,-302,-147,0,26672,-17931,-8741,0,0,0,0,1,0
393,204166,458,-229,-229,0,27194,-13597,-13597,0,0,0,0,1,0
394,204687,449,-147,-302,0,26672,-8741,-17931,0,0,0,0,1,0
395,205208,423,-60,-364,0,25124,-3550,-21575,0,0,0,0,1,0
396,205729,381,30,-411,0,22611,1779,-24390,0,0,0,0,1,0
397,206250,324,119,-443,0,19229,7038,-26268,0,0,0,0,1,0
398,206770,255,203,-457,0,15108,12028,-27136,0,0,0,0,1,0
399,207291,175,279,-454,0,10407,16555,-26962,0,0,0,0,1,0
400,207812,89,345,-434,0,5305,20446,-25751,0,0,0,0,1,0
401,208333,0,397,-397,0,0,23551,-23551,0,0,0,0,1,0
402,208854,-89,434,-345,0,-5305,25751,-20446,0,0,0,0,1,0
403,209375,-175,454,-279,0,-10407,26962,-16555,0,0,0,0,1,0
404,209895,-255,457,-203,0,-15108,27136,-12028,0,0,0,0,1,0
405,210416,-324,443,-119,0,-19229,26268,-7038,0,0,0,0,1,0
406,210937,-381,411,-30,0,-22611,24390,-1779,0,0,0,0,1,0
407,211458,-423,364,60,0,-25124,21575,3550,0,0,0,0,1,0
408,211979,-449,302,147,0,-26672,17931,8741,0,0,0,0,1,0
409,212500,-458,229,229,0,-27194,13597,13597,0,0,0,0,1,0
410,213020,-449,147,302,0,-26672,8741,17931,0,0,0,0,1,0
411,213541,-423,60,364,0,-25124,3550,21575,0,0,0,0,1,0
412,214062,-381,-30,411,0,-22611,-1779,24390,0,0,0,0,1,0
413,214583,-324,-119,443,0,-19229,-7038,26268,0,0,0,0,1,0
414,215104,-255,-203,457,0,-15108,-12028,27136,0,0,0,0,1,0
415,215625,-175,-279,454,0,-10407,-16555,26962,0,0,0,0,1,0
416,216145,-89,-345,434,0,-5305,-20446,25751,0,0,0,0,1,0
417,216666,0,-397,397,0,0,-23551,23551,0,0,0,0,1,0
418,217187,89,-434,345,0,5305,-25751,20446,0,0,0,0,1,0
419,217708,175,-454,279,0,10407,-26962,16555,0,0,0,0,1,0
420,218229,255,-457,203,0,15108,-27136,12028,0,0,0,0,1,0
421,218750,324,-443,119,0,19229,-26268,7038,0,0,0,0,1,0
422,219270,381,-411,30,0,22611,-24390,1779,0,0,0,0,1,0
423,219791,423,-364,-60,0,25124,-21575,-3550,0,0,0,0,1,0
424,220312,449,-302,-147,0,26672,-17931,-8741,0,0,0,0,1,0
425,220833,458,-229,-229,0,27194,-13597,-13597,0,0,0,0,1,0
426,221354,449,-147,-302,0,26672,-8741,-17931,0,0,0,0,1,0
427,221875,423,-60,-364,0,25124,-3550,-21575,0,0,0,0,1,0
428,222395,381,30,-411,0,22611,1779,-24390,0,0,0,0,1,0
429,222916,324,119,-443,0,19229,7038,-26268,0,0,0,0,1,0
430,223437,255,203,-457,0,15108,12028,-27136,0,0,0,0,1,0
431,223958,175,279,-454,0,10407,16555,-26962,0,0,0,0,1,0
432,224479,89,345,-434,0,5305,20446,-25751,0,0,0,0,1,0
433,225000,0,397,-397,0,0,23551,-23551,0,0,0,0,1,0
434,225520,-89,434,-345,0,-5305,25751,-20446,0,0,0,0,1,0
435,226041,-175,454,-279,0,-10407,26962,-16555,0,0,0,0,1,0
436,226562,-255,457,-203,0,-15108,27136,-12028,0,0,0,0,1,0
437,227083,-324,443,-119,0,-19229,26268,-7038,0,0,0,0,1,0
438,227604,-381,411,-30,0,-22611,24390,-1779,0,0,0,0,1,0
439,228125,-423,364,60,0,-25124,21575,3550,0,0,0,0,1,0
440,228645,-449,302,147,0,-26672,17931,8741,0,0,0,0,1,0
441,229166,-458,229,229,0,-27194,13597,13597,0,0,0,0,1,0
442,229687,-449,147,302,0,-26672,8741,17931,0,0,0,0,1,0
443,230208,-423,60,364,0,-25124,3550,21575,0,0,0,0,1,0
444,230729,-381,-30,411,0,-22611,-1779,24390,0,0,0,0,1,0
445,231250,-324,-119,443,0,-19229,-7038,26268,0,0,0,0,1,0
446,231770,-255,-203,457,0,-15108,-12028,27136,0,0,0,0,1,0
447,232291,-175,-279,454,0,-10407,-16555,26962,0,0,0,0,1,0
448,232812,-89,-345,434,0,-5305,-20446,25751,0,0,0,0,1,0
449,233333,0,-397,397,0,0,-23551,23551,0,0,0,0,1,0
450,233854,89,-434,345,0,5305,-25751,20446,0,0,0,0,1,0
451,234375,175,-454,279,0,10407,-26962,16555,0,0,0,0,1,0
452,234895,255,-457,203,0,15108,-27136,12028,0,0,0,0,1,0
453,235416,324,-443,119,0,19229,-26268,7038,0,0,0,0,1,0
454,235937,381,-411,30,0,22611,-24390,1779,0,0,0,0,1,0
455,236458,423,-364,-60,0,25124,-21575,-3550,0,0,0,0,1,0
456,236979,449,-302,-147,0,26672,-17931,-8741,0,0,0,0,1,0
457,237500,458,-229,-229,0,27194,-13597,-13597,0,0,0,0,1,0
458,238020,449,-147,-302,0,26672,-8741,-17931,0,0,0,0,1,0
459,238541,423,-60,-364,0,25124,-3550,-21575,0,0,0,0,1,0
460,239062,381,30,-411,0,22611,1779,-24390,0,0,0,0,1,0
461,239583,324,119,-443,0,19229,7038,-26268,0,0,0,0,1,0
462,240104,255,203,-457,0,15108,12028,-27136,0,0,0,0,1,0
463,240625,175,279,-454,0,10407,16555,-26962,0,0,0,0,1,0
464,241145,89,345,-434,0,5305,20446,-25751,0,0,0,0,1,0
465,241666,0,397,-397,0,0,23551,-23551,0,0,0,0,1,0
466,242187,-89,434,-345,0,-5305,25751,-20446,0,0,0,0,1,0
467,242708,-175,454,-279,0,-10407,26962,-16555,0,0,0,0,1,0
468,243229,-255,457,-203,0,-15108,27136,-12028,0,0,0,0,1,0
469,243750,-324,443,-119,0,-19229,26268,-7038,0,0,0,0,1,0
470,244270,-381,411,-30,0,-22611,24390,-1779,0,0,0,0,1,0
471,244791,-423,364,60,0,-25124,21575,3550,0,0,0,0,1,0
472,245312,-449,302,147,0,-26672,17931,8741,0,0,0,0,1,0
473,245833,-458,229,229,0,-27194,13597,13597,0,0,0,0,1,0
474,246354,-449,147,302,0,-26672,8741,17931,0,0,0,0,1,0
475,246875,-423,60,364,0,-25124,3550,21575,0,0,0,0,1,0
476,247395,-381,-30,411,0,-22611,-1779,24390,0,0,0,0,1,0
477,247916,-324,-119,443,0,-19229,-7038,26268,0,0,0,0,1,0
478,248437,-255,-203,457,0,-15108,-12028,27136,0,0,0,0,1,0
479,248958,-175,-279,454,0,-10407,-16555,26962,0,0,0,0,1,0
480,249479,-89,-345,434,0,-5305,-20446,25751,0,0,0,0,1,0
481,250000,0,-397,397,0,0,-23551,23551,0,0,0,0,1,0
482,250520,89,-434,345,0,5305,-25751,20446,0,0,0,0,1,0
483,251041,175,-454,279,0,10407,-26962,16555,0,0,0,0,1,0
484,251562,255,-457,203,0,15108,-27136,12028,0,0,0,0,1,0
485,252083,324,-443,119,0,19229,-26268,7038,0,0,0,0,1,0
486,252604,381,-411,30,0,22611,-24390,1779,0,0,0,0,1,0
487,253125,423,-364,-60,0,25124,-21575,-3550,0,0,0,0,1,0
488,253645,449,-302,-147,0,26672,-17931,-8741,0,0,0,0,1,0
489,254166,458,-229,-229,0,27194,-13597,-13597,0,0,0,0,1,0
490,254687,449,-147,-302,0,26672,-8741,-17931,0,0,0,0,1,0
491,255208,423,-60,-364,0,25124,-3550,-21575,0,0,0,0,1,0
492,255729,381,30,-411,0,22611,1779,-24390,0,0,0,0,1,0
493,256249,324,119,-443,0,19229,7038,-26268,0,0,0,0,1,0
494,256770,255,203,-457,0,15108,12028,-27136,0,0,0,0,1,0
495,257291,175,279,-454,0,10407,16555,-26962,0,0,0,0,1,0
496,257812,89,345,-434,0,5305,20446,-25751,0,0,0,0,1,0
497,258333,0,397,-397,0,0,23551,-23551,0,0,0,0,1,0
498,258854,-89,434,-345,0,-5305,25751,-20446,0,0,0,0,1,0
499,259375,-175,454,-279,0,-10407,26962,-16555,0,0,0,0,1,0
500,259895,-255,457,-203,0,-15108,27136,-12028,0,0,0,0,1,0
501,260416,-324,443,-119,0,-19229,26268,-7038,0,0,0,0,1,0
502,260937,-381,411,-30,0,-22611,24390,-1779,0,0,0,0,1,0
503,261458,-423,364,60,0,-25124,21575,3550,0,0,0,0,1,0
504,261979,-449,302,147,0,-26672,17931,8741,0,0,0,0,1,0
505,262500,-458,229,229,0,-27194,13597,13597,0,0,0,0,1,0
506,263020,-449,147,302,0,-26672,8741,17931,0,0,0,0,1,0
507,263541,-423,60,364,0,-25124,3550,21575,0,0,0,0,1,0
508,264062,-381,-30,411,0,-22611,-1779,24390,0,0,0,0,1,0
509,264583,-324,-119,443,0,-19229,-7038,26268,0,0,0,0,1,0
510,265104,-255,-203,457,0,-15108,-12028,27136,0,0,0,0,1,0
511,265625,-175,-279,454,0,-10407,-16555,26962,0,0,0,0,1,0
512,266145,-89,-345,434,0,-5305,-20446,25751,0,0,0,0,1,0
513,266666,0,-397,397,0,0,-23551,23551,0,0,0,0,1,0
514,267187,89,-434,345,0,5305,-25751,20446,0,0,0,0,1,0
515,267708,175,-454,279,0,10407,-26962,16555,0,0,0,0,1,0
516,268229,255,-457,203,0,15108,-27136,12028,0,0,0,0,1,0
517,268750,324,-443,119,0,19229,-26268,7038,0,0,0,0,1,0
518,269270,381,-411,30,0,22611,-24390,1779,0,0,0,0,1,0
519,269791,423,-364,-60,0,25124,-21575,-3550,0,0,0,0,1,0
520,270312,449,-302,-147,0,26672,-17931,-8741,0,0,0,0,1,0
521,270833,458,-229,-229,0,27194,-13597,-13597,0,0,0,0,1,0
522,271354,449,-147,-302,0,26672,-8741,-17931,0,0,0,0,1,0
523,271875,423,-60,-364,0,25124,-3550,-21575,0,0,0,0,1,0
524,272395,381,30,-411,0,22611,1779,-24390,0,0,0,0,1,0
525,272916,324,119,-443,0,19229,7038,-26268,0,0,0,0,1,0
526,273437,255,203,-457,0,15108,12028,-27136,0,0,0,0,1,0
527,273958,175,279,-454,0,10407,16555,-26962,0,0,0,0,1,0
528,274479,89,345,-434,0,5305,20446,-25751,0,0,0,0,1,0
529,275000,0,397,-397,0,0,23551,-23551,0,0,0,0,1,0
530,275520,-89,434,-345,0,-5305,25751,-20446,0,0,0,0,1,0
531,276041,-175,454,-279,0,-10407,26962,-16555,0,0,0,0,1,0
532,276562,-255,457,-203,0,-15108,27136,-12028,0,0,0,0,1,0
533,277083,-324,443,-119,0,-19229,26268,-7038,0,0,0,0,1,0
534,277604,-381,411,-30,0,-22611,24390,-1779,0,0,0,0,1,0
535,278125,-423,364,60,0,-25124,21575,3550,0,0,0,0,1,0
536,278645,-449,302,147,0,-26672,17931,8741,0,0,0,0,1,0
537,279166,-458,229,229,0,-27194,13597,13597,0,0,0,0,1,0
538,279687,-449,147,302,0,-26672,8741,17931,0,0,0,0,1,0
539,280208,-423,60,364,0,-25124,3550,21575,0,0,0,0,1,0
540,280729,-381,-30,411,0,-22611,-1779,24390,0,0,0,0,1,0
541,281250,-324,-119,443,0,-19229,-7038,26268,0,0,0,0,1,0
542,281770,-255,-203,457,0,-15108,-12028,27136,0,0,0,0,1,0
543,282291,-175,-279,454,0,-10407,-16555,26962,0,0,0,0,1,0
544,282812,-89,-345,434,0,-5305,-20446,25751,0,0,0,0,1,0
545,283333,0,-397,397,0,0,-23551,23551,0,0,0,0,1,0
546,283854,89,-434,345,0,5305,-25751,20446,0,0,0,0,1,0
547,284375,175,-454,279,0,10407,-26962,16555,0,0,0,0,1,0
548,284895,255,-457,203,0,15108,-27136,12028,0,0,0,0,1,0
549,285416,324,-443,119,0,19229,-26268,7038,0,0,0,0,1,0
550,285937,381,-411,30,0,22611,-24390,1779,0,0,0,0,1,0
551,286458,423,-364,-60,0,25124,-21575,-3550,0,0,0,0,1,0
552,286979,449,-302,-147,0,26672,-17931,-8741,0,0,0,0,1,0
553,287500,458,-229,-229,0,27194,-13597,-13597,0,0,0,0,1,0
554,288020,449,-147,-302,0,26672,-8741,-17931,0,0,0,0,1,0
555,288541,423,-60,-364,0,25124,-3550,-21575,0,0,0,0,1,0
556,289062,381,30,-411,0,22611,1779,-24390,0,0,0,0,1,0
557,289583,324,119,-443,0,19229,7038,-26268,0,0,0,0,1,0
558,290104,255,203,-457,0,15108,12028,-27136,0,0,0,0,1,0
559,290625,175,279,-454,0,10407,16555,-26962,0,0,0,0,1,0
560,291145,89,345,-434,0,5305,20446,-25751,0,0,0,0,1,0
561,291666,0,397,-397,0,0,23551,-23551,0,0,0,0,1,0
562,292187,-89,434,-345,0,-5305,25751,-20446,0,0,0,0,1,0
563,292708,-175,454,-279,0,-10407,26962,-16555,0,0,0,0,1,0
564,293229,-255,457,-203,0,-15108,27136,-12028,0,0,0,0,1,0
565,293750,-324,443,-119,0,-19229,26268,-7038,0,0,0,0,1,0
566,294270,-381,411,-30,0,-22611,24390,-1779,0,0,0,0,1,0
567,294791,-423,364,60,0,-25124,21575,3550,0,0,0,0,1,0
568,295312,-449,302,147,0,-26672,17931,8741,0,0,0,0,1,0
569,295833,-458,229,229,0,-27194,13597,13597,0,0,0,0,1,0
570,296354,-449,147,302,0,-26672,8741,17931,0,0,0,0,1,0
571,296875,-423,60,364,0,-25124,3550,21575,0,0,0,0,1,0
572,297395,-381,-30,411,0,-22611,-1779,24390,0,0,0,0,1,0
573,297916,-324,-119,443,0,-19229,-7038,26268,0,0,0,0,1,0
574,298437,-255,-203,457,0,-15108,-12028,27136,0,0,0,0,1,0
575,298958,-175,-279,454,0,-10407,-16555,26962,0,0,0,0,1,0
576,299479,-89,-345,434,0,-5305,-20446,25751,0,0,0,0,1,0
577,300000,0,-397,397,0,0,-23551,23551,0,0,0,0,1,0
578,300520,89,-434,345,0,5305,-25751,20446,0,0,0,0,1,0
579,301041,175,-454,279,0,10407,-26962,16555,0,0,0,0,1,0
580,301562,255,-457,203,0,15108,-27136,12028,0,0,0,0,1,0
581,302083,324,-443,119,0,19229,-26268,7038,0,0,0,0,1,0
582,302604,381,-411,30,0,22611,-24390,1779,0,0,0,0,1,0
583,303125,423,-364,-60,0,25124,-21575,-3550,0,0,0,0,1,0
584,303645,449,-302,-147,0,26672,-17931,-8741,0,0,0,0,1,0
585,304166,458,-229,-229,0,27194,-13597,-13597,0,0,0,0,1,0
586,304687,449,-147,-302,0,26672,-8741,-17931,0,0,0,0,1,0
587,305208,423,-60,-364,0,25124,-3550,-21575,0,0,0,0,1,0
588,305729,381,30,-411,0,22611,1779,-24390,0,0,0,0,1,0
589,306250,324,119,-443,0,19229,7038,-26268,0,0,0,0,1,0
590,306770,255,203,-457,0,15108,12028,-27136,0,0,0,0,1,0
591,307291,175,279,-454,0,10407,16555,-26962,0,0,0,0,1,0
592,307812,89,345,-434,0,5305,20446,-25751,0,0,0,0,1,0
593,308333,0,397,-397,0,0,23551,-23551,0,0,0,0,1,0
594,308854,-89,434,-345,0,-5305,25751,-20446,0,0,0,0,1,0
595,309375,-175,454,-279,0,-10407,26962,-16555,0,0,0,0,1,0
596,309895,-255,457,-203,0,-15108,27136,-12028,0,0,0,0,1,0
597,310416,-324,443,-119,0,-19229,26268,-7038,0,0,0,0,1,0
598,310937,-381,411,-30,0,-22611,24390,-1779,0,0,0,0,1,0
599,311458,-423,364,60,0,-25124,21575,3550,0,0,0,0,1,0
600,311979,-449,302,147,0,-26672,17931,8741,0,0,0,0,1,0
601,312500,-458,229,229,0,-27194,13597,13597,0,0,0,0,1,0
602,313020,-449,147,302,0,-26672,8741,17931,0,0,0,0,1,0
603,313541,-423,60,364,0,-25124,3550,21575,0,0,0,0,1,0
604,314062,-381,-30,411,0,-22611,-1779,24390,0,0,0,0,1,0
605,314583,-324,-119,443,0,-19229,-7038,26268,0,0,0,0,1,0
606,315104,-255,-203,457,0,-15108,-12028,27136,0,0,0,0,1,0
607,315625,-175,-279,454,0,-10407,-16555,26962,0,0,0,0,1,0
608,316145,-89,-345,434,0,-5305,-20446,25751,0,0,0,0,1,0
609,316666,0,-397,397,0,0,-23551,23551,0,0,0,0,1,0
610,317187,89,-434,345,0,5305,-25751,20446,0,0,0,0,1,0
611,317708,175,-454,279,0,10407,-26962,16555,0,0,0,0,1,0
612,318229,255,-457,203,0,15108,-27136,12028,0,0,0,0,1,0
613,318750,324,-443,119,0,19229,-26268,7038,0,0,0,0,1,0
614,319270,381,-411,30,0,22611,-24390,1779,0,0,0,0,1,0
615,319791,423,-364,-60,0,25124,-21575,-3550,0,0,0,0,1,0
616,320312,449,-302,-147,0,26672,-17931,-8741,0,0,0,0,1,0
617,320833,458,-229,-229,0,27194,-13597,-13597,0,0,0,0,1,0
618,321354,449,-147,-302,0,26672,-8741,-17931,0,0,0,0,1,0
619,321875,423,-60,-364,0,25124,-3550,-21575,0,0,0,0,1,0
620,322395,381,30,-411,0,22611,1779,-24390,0,0,0,0,1,0
621,322916,324,119,-443,0,19229,7038,-26268,0,0,0,0,1,0
622,323437,255,203,-457,0,15108,12028,-27136,0,0,0,0,1,0
623,323958,175,279,-454,0,10407,16555,-26962,0,0,0,0,1,0
624,324479,89,345,-434,0,5305,20446,-25751,0,0,0,0,1,0
625,325000,0,397,-397,0,0,23551,-23551,0,0,0,0,1,0
626,325520,-89,434,-345,0,-5305,25751,-20446,0,0,0,0,1,0
627,326041,-175,454,-279,0,-10407,26962,-16555,0,0,0,0,1,0
628,326562,-255,457,-203,0,-15108,27136,-12028,0,0,0,0,1,0
629,327083,-324,443,-119,0,-19229,26268,-7038,0,0,0,0,1,0
630,327604,-381,411,-30,0,-22611,24390,-1779,0,0,0,0,1,0
631,328125,-423,364,60,0,-25124,21575,3550,0,0,0,0,1,0
632,328645,-449,302,147,0,-26672,17931,8741,0,0,0,0,1,0
633,329166,-458,229,229,0,-27194,13597,13597,0,0,0,0,1,0
634,329687,-449,147,302,0,-26672,8741,17931,0,0,0,0,1,0
635,330208,-423,60,364,0,-25124,3550,21575,0,0,0,0,1,0
636,330729,-381,-30,411,0,-22611,-1779,24390,0,0,0,0,1,0
637,331250,-324,-119,443,0,-19229,-7038,26268,0,0,0,0,1,0
638,331770,-255,-203,457,0,-15108,-12028,27136,0,0,0,0,1,0
639,332291,-175,-279,454,0,-10407,-16555,26962,0,0,0,0,1,0
640,332812,-89,-345,434,0,-5305,-20446,25751,0,0,0,0,1,0
641,333333,0,-397,397,0,0,-23551,23551,0,0,0,0,1,0
642,333854,89,-434,345,0,5305,-25751,20446,0,0,0,0,1,0
643,334375,175,-454,279,0,10407,-26962,16555,0,0,0,0,1,0
644,334895,255,-457,203,0,15108,-27136,12028,0,0,0,0,1,0
645,335416,324,-443,119,0,19229,-26268,7038,0,0,0,0,1,0
646,335937,381,-411,30,0,22611,-24390,1779,0,0,0,0,1,0
647,336458,423,-364,-60,0,25124,-21575,-3550,0,0,0,0,1,0
648,336979,449,-302,-147,0,26672,-17931,-8741,0,0,0,0,1,0
649,337500,458,-229,-229,0,27194,-13597,-13597,0,0,0,0,1,0
650,338020,449,-147,-302,0,26672,-8741,-17931,0,0,0,0,1,0
651,338541,423,-60,-364,0,25124,-3550,-21575,0,0,0,0,1,0
652,339062,381,30,-411,0,22611,1779,-24390,0,0,0,0,1,0
653,339583,324,119,-443,0,19229,7038,-26268,0,0,0,0,1,0
654,340104,255,203,-457,0,15108,12028,-27136,0,0,0,0,1,0
655,340625,175,279,-454,0,10407,16555,-26962,0,0,0,0,1,0
656,341145,89,345,-434,0,5305,20446,-25751,0,0,0,0,1,0
657,341666,0,397,-397,0,0,23551,-23551,0,0,0,0,1,0
658,342187,-89,434,-345,0,-5305,25751,-20446,0,0,0,0,1,0
659,342708,-175,454,-279,0,-10407,26962,-16555,0,0,0,0,1,0
660,343229,-255,457,-203,0,-15108,27136,-12028,0,0,0,0,1,0
661,343750,-324,443,-119,0,-19229,26268,-7038,0,0,0,0,1,0
662,344270,-381,411,-30,0,-22611,24390,-1779,0,0,0,0,1,0
663,344791,-423,364,60,0,-25124,21575,3550,0,0,0,0,1,0
664,345312,-449,302,147,0,-26672,17931,8741,0,0,0,0,1,0
665,345833,-458,229,229,0,-27194,13597,13597,0,0,0,0,1,0
666,346354,-449,147,302,0,-26672,8741,17931,0,0,0,0,1,0
667,346875,-423,60,364,0,-25124,3550,21575,0,0,0,0,1,0
668,347395,-381,-30,411,0,-22611,-1779,24390,0,0,0,0,1,0
669,347916,-324,-119,443,0,-19229,-7038,26268,0,0,0,0,1,0
670,348437,-255,-203,457,0,-15108,-12028,27136,0,0,0,0,1,0
671,348958,-175,-279,454,0,-10407,-16555,26962,0,0,0,0,1,0
672,349479,-89,-345,434,0,-5305,-20446,25751,0,0,0,0,1,0
673,350000,0,-397,397,0,0,-23551,23551,0,0,0,0,1,0
674,350520,89,-434,345,0,5305,-25751,20446,0,0,0,0,1,0
675,351041,175,-454,279,0,10407,-26962,16555,0,0,0,0,1,0
676,351562,255,-457,203,0,15108,-27136,12028,0,0,0,0,1,0
677,352083,324,-443,119,0,19229,-26268,7038,0,0,0,0,1,0
678,352604,381,-411,30,0,22611,-24390,1779,0,0,0,0,1,0
