1,0,0,-1165,1165,0,0,-25024,25024,0,0,0,0,1,0
2,520,262,-1274,1012,0,5637,-27362,21724,0,0,0,0,1,0
3,1041,515,-1334,819,0,11058,-28648,17590,0,0,0,0,1,0
4,1562,747,-1343,595,0,16053,-28833,12780,0,0,0,0,1,0
5,2083,951,-1300,348,0,20432,-27910,7479,0,0,0,0,1,0
6,2604,1119,-1207,88,0,24025,-25915,1890,0,0,0,0,1,0
7,3125,1243,-1067,-176,0,26696,-22924,-3772,0,0,0,0,1,0
8,3645,1320,-887,-432,0,28340,-19052,-9288,0,0,0,0,1,0
9,4166,1345,-673,-673,0,28895,-14448,-14448,0,0,0,0,1,0
10,4687,1320,-432,-887,0,28340,-9288,-19052,0,0,0,0,1,0
11,5208,1243,-176,-1067,0,26696,-3772,-22924,0,0,0,0,1,0
12,5729,1119,88,-1207,0,24025,1890,-25915,0,0,0,0,1,0
13,6250,951,348,-1300,0,20432,7479,-27910,0,0,0,0,1,0
14,6770,747,595,-1343,0,16053,12780,-28833,0,0,0,0,1,0
15,7291,515,819,-1334,0,11058,17590,-28648,0,0,0,0,1,0
16,7812,262,1012,-1274,0,5637,21724,-27362,0,0,0,0,1,0
17,8333,0,1165,-1165,0,0,25024,-25024,0,0,0,0,1,0
18,8854,-262,1274,-1012,0,-5637,27362,-21724,0,0,0,0,1,0
19,9375,-515,1334,-819,0,-11058,28648,-17590,0,0,0,0,1,0
20,9895,-747,1343,-595,0,-16053,28833,-12780,0,0,0,0,1,0
21,10416,-951,1300,-348,0,-20432,27910,-7479,0,0,0,0,1,0
22,10937,-1119,1207,-88,0,-24025,25915,-1890,0,0,0,0,1,0
23,11458,-1243,1067,176,0,-26696,22924,3772,0,0,0,0,1,0
24,11979,-1320,887,432,0,-28340,19052,9288,0,0,0,0,1,0
25,12500,-1345,673,673,0,-28895,14448,14448,0,0,0,0,1,0
26,13020,-1320,432,887,0,-28340,9288,19052,0,0,0,0,1,0
27,13541,-1243,176,1067,0,-26696,3772,22924,0,0,0,0,1,0
28,14062,-1119,-88,1207,0,-24025,-1890,25915,0,0,0,0,1,0
29,14583,-951,-348,1300,0,-20432,-7479,27910,0,0,0,0,1,0
30,15104,-747,-595,1343,0,-16053,-12780,28833,0,0,0,0,1,0
31,15625,-515,-819,1334,0,-11058,-17590,28648,0,0,0,0,1,0
32,16145,-262,-1012,1274,0,-5637,-21724,27362,0,0,0,0,1,0
33,16666,0,-1165,1165,0,0,-25024,25024,0,0,0,0,1,0
34,17187,262,-1274,1012,0,5637,-27362,21724,0,0,0,0,1,0
35,17708,515,-1334,819,0,11058,-28648,17590,0,0,0,0,1,0
36,18229,747,-1343,595,0,16053,-28833,12780,0,0,0,0,1,0
37,18750,951,-1300,348,0,20432,-27910,7479,0,0,0,0,1,0
38,19270,1119,-1207,88,0,24025,-25915,1890,0,0,0,0,1,0
39,19791,1243,-1067,-176,0,26696,-22924,-3772,0,0,0,0,1,0
40,20312,1320,-887,-432,0,28340,-19052,-9288,0,0,0,0,1,0
41,20833,1345,-673,-673,0,28895,-14448,-14448,0,0,0,0,1,0
42,21354,1320,-432,-887,0,28340,-9288,-19052,0,0,0,0,1,0
43,21875,1243,-176,-1067,0,26696,-3772,-22924,0,0,0,0,1,0
44,22395,1119,88,-1207,0,24025,1890,-25915,0,0,0,0,1,0
45,22916,951,348,-1300,0,20432,7479,-27910,0,0,0,0,1,0
46,23437,747,595,-1343,0,16053,12780,-28833,0,0,0,0,1,0
47,23958,515,819,-1334,0,11058,17590,-28648,0,0,0,0,1,0
48,24479,262,1012,-1274,0,5637,21724,-27362,0,0,0,0,1,0
49,25000,0,1165,-1165,0,0,25024,-25024,0,0,0,0,1,0
50,25520,-262,1274,-1012,0,-5637,27362,-21724,0,0,0,0,1,0
51,26041,-515,1334,-819,0,-11058,28648,-17590,0,0,0,0,1,0
52,26562,-747,1343,-595,0,-16053,28833,-12780,0,0,0,0,1,0
53,27083,-951,1300,-348,0,-20432,27910,-7479,0,0,0,0,1,0
54,27604,-1119,1207,-88,0,-24025,25915,-1890,0,0,0,0,1,0
55,28125,-1243,1067,176,0,-26696,22924,3772,0,0,0,0,1,0
56,28645,-1320,887,432,0,-28340,19052,9288,0,0,0,0,1,0
57,29166,-1345,673,673,0,-28895,14448,14448,0,0,0,0,1,0
58,29687,-1320,432,887,0,-28340,9288,19052,0,0,0,0,1,0
59,30208,-1243,176,1067,0,-26696,3772,22924,0,0,0,0,1,0
60,30729,-1119,-88,1207,0,-24025,-1890,25915,0,0,0,0,1,0
61,31250,-951,-348,1300,0,-20432,-7479,27910,0,0,0,0,1,0
62,31770,-747,-595,1343,0,-16053,-12780,28833,0,0,0,0,1,0
63,32291,-515,-819,1334,0,-11058,-17590,28648,0,0,0,0,1,0
64,32812,-262,-1012,1274,0,-5637,-21724,27362,0,0,0,0,1,0
65,33333,0,-1165,1165,0,0,-25024,25024,0,0,0,0,1,0
66,33854,262,-1274,1012,0,5637,-27362,21724,0,0,0,0,1,0
67,34375,515,-1334,819,0,11058,-28648,17590,0,0,0,0,1,0
68,34895,747,-1343,595,0,16053,-28833,12780,0,0,0,0,1,0
69,35416,951,-1300,348,0,20432,-27910,7479,0,0,0,0,1,0
70,35937,1119,-1207,88,0,24025,-25915,1890,0,0,0,0,1,0
71,36458,1243,-1067,-176,0,26696,-22924,-3772,0,0,0,0,1,0
72,36979,1320,-887,-432,0,28340,-19052,-9288,0,0,0,0,1,0
73,37500,1345,-673,-673,0,28895,-14448,-14448,0,0,0,0,1,0
74,38020,1320,-432,-887,0,28340,-9288,-19052,0,0,0,0,1,0
75,38541,1243,-176,-1067,0,26696,-3772,-22924,0,0,0,0,1,0
76,39062,1119,88,-1207,0,24025,1890,-25915,0,0,0,0,1,0
77,39583,951,348,-1300,0,20432,7479,-27910,0,0,0,0,1,0
78,40104,747,595,-1343,0,16053,12780,-28833,0,0,0,0,1,0
79,40625,515,819,-1334,0,11058,17590,-28648,0,0,0,0,1,0
80,41145,262,1012,-1274,0,5637,21724,-27362,0,0,0,0,1,0
81,41666,0,1165,-1165,0,0,25024,-25024,0,0,0,0,1,0
82,42187,-262,1274,-1012,0,-5637,27362,-21724,0,0,0,0,1,0
83,42708,-515,1334,-819,0,-11058,28648,-17590,0,0,0,0,1,0
84,43229,-747,1343,-595,0,-16053,28833,-12780,0,0,0,0,1,0
85,43750,-951,1300,-348,0,-20432,27910,-7479,0,0,0,0,1,0
86,44270,-1119,1207,-88,0,-24025,25915,-1890,0,0,0,0,1,0
87,44791,-1243,1067,176,0,-26696,22924,3772,0,0,0,0,1,0
88,45312,-1320,887,432,0,-28340,19052,9288,0,0,0,0,1,0
89,45833,-1345,673,673,0,-28895,14448,14448,0,0,0,0,1,0
90,46354,-1320,432,887,0,-28340,9288,19052,0,0,0,0,1,0
91,46875,-1243,176,1067,0,-26696,3772,22924,0,0,0,0,1,0
92,47395,-1119,-88,1207,0,-24025,-1890,25915,0,0,0,0,1,0
93,47916,-951,-348,1300,0,-20432,-7479,27910,0,0,0,0,1,0
94,48437,-747,-595,1343,0,-16053,-12780,28833,0,0,0,0,1,0
95,48958,-515,-819,1334,0,-11058,-17590,28648,0,0,0,0,1,0
96,49479,-262,-1012,1274,0,-5637,-21724,27362,0,0,0,0,1,0
97,50000,0,-5243,1165,-4077,0,-2502,27026,0,0,0,0,1,0
98,50520,262,-6404,1012,-5130,6088,-2736,23462,0,0,0,0,1,0
99,51041,515,-6763,819,-5429,11942,-2865,18997,0,0,0,0,1,0
100,51562,747,-6317,595,-4974,17337,-2883,13802,0,0,0,0,1,0
101,52083,951,-5093,348,-3793,22066,-2791,8077,0,0,0,0,1,0
102,52604,1119,-3148,88,-1942,25947,-2592,2041,0,0,0,0,1,0
103,53125,1243,-569,-176,499,28831,-2292,-4073,0,0,0,0,1,0
104,53645,1320,2537,-432,3424,30607,-1905,-10031,0,0,0,0,1,0
105,54166,1345,6040,-673,6712,31207,-1445,-15603,0,0,0,0,1,0
106,54687,1320,9795,-887,10228,30607,-929,-20576,0,0,0,0,1,0
107,55208,1243,13650,-1067,13826,28831,-377,-24758,0,0,0,0,1,0
108,55729,1119,17446,-1207,17358,25947,189,-27988,0,0,0,0,1,0
109,56250,951,21029,-1300,20681,22066,748,-30143,0,0,0,0,1,0
110,56770,747,24253,-1343,23658,17337,1278,-31140,0,0,0,0,1,0
111,57291,515,26983,-1334,26164,11942,1759,-30940,0,0,0,0,1,0
112,57812,262,29108,-1274,28097,6088,2172,-29551,0,0,0,0,1,0
113,58333,0,30537,-1165,29372,0,2502,-27026,0,0,0,0,1,0
114,58854,-262,31207,-1012,29933,-6088,2736,-23462,0,0,0,0,1,0
115,59375,-515,31083,-819,29750,-11942,2865,-18997,0,0,0,0,1,0
116,59895,-747,30164,-595,28822,-17337,2883,-13802,0,0,0,0,1,0
117,60416,-951,28477,-348,27177,-22066,2791,-8077,0,0,0,0,1,0
118,60937,-1119,26078,-88,24871,-25947,2592,-2041,0,0,0,0,1,0
119,61458,-1243,23052,176,21985,-28831,2292,4073,0,0,0,0,1,0
120,61979,-1320,19509,432,18622,-30607,1905,10031,0,0,0,0,1,0
121,62500,-1345,15578,673,14905,-31207,1445,15603,0,0,0,0,1,0
122,63020,-1320,11402,887,10969,-30607,929,20576,0,0,0,0,1,0
123,63541,-1243,7135,1067,6959,-28831,377,24758,0,0,0,0,1,0
124,64062,-1119,2934,1207,3022,-25947,-189,27988,0,0,0,0,1,0
125,64583,-951,-1045,1300,-697,-22066,-748,30143,0,0,0,0,1,0
126,65104,-747,-4657,1343,-4062,-17337,-1278,31140,0,0,0,0,1,0
127,65625,-515,-7768,1334,-6949,-11942,-1759,30940,0,0,0,0,1,0
128,66145,-262,-10267,1274,-9255,-6088,-2172,29551,0,0,0,0,1,0
129,66666,0,-12062,1165,-10897,0,-2502,27026,0,0,0,0,1,0
130,67187,262,-13091,1012,-11817,6088,-2736,23462,0,0,0,0,1,0
131,67708,515,-13320,819,-11986,11942,-2865,18997,0,0,0,0,1,0
132,68229,374,-671,298,0,16053,-28833,12780,0,0,0,0,1,0
133,68750,476,-650,174,0,20432,-27910,7479,0,0,0,0,1,0
134,69270,559,-603,44,0,24025,-25915,1890,0,0,0,0,1,0
135,69791,622,-534,-88,0,26696,-22924,-3772,0,0,0,0,1,0
136,70312,660,-444,-216,0,28340,-19052,-9288,0,0,0,0,1,0
137,70833,673,-336,-336,0,28895,-14448,-14448,0,0,0,0,1,0
138,71354,660,-216,-444,0,28340,-9288,-19052,0,0,0,0,1,0
139,71875,622,-88,-534,0,26696,-3772,-22924,0,0,0,0,1,0
140,72395,559,44,-603,0,24025,1890,-25915,0,0,0,0,1,0
141,72916,476,174,-650,0,20432,7479,-27910,0,0,0,0,1,0
142,73437,374,298,-671,0,16053,12780,-28833,0,0,0,0,1,0
143,73958,257,410,-667,0,11058,17590,-28648,0,0,0,0,1,0
144,74479,131,506,-637,0,5637,21724,-27362,0,0,0,0,1,0
145,75000,0,583,-583,0,0,25024,-25024,0,0,0,0,1,0
146,75520,-131,637,-506,0,-5637,27362,-21724,0,0,0,0,1,0
147,76041,-257,667,-410,0,-11058,28648,-17590,0,0,0,0,1,0
148,76562,-374,671,-298,0,-16053,28833,-12780,0,0,0,0,1,0
149,77083,-476,650,-174,0,-20432,27910,-7479,0,0,0,0,1,0
150,77604,-559,603,-44,0,-24025,25915,-1890,0,0,0,0,1,0
151,78125,-622,534,88,0,-26696,22924,3772,0,0,0,0,1,0
152,78645,-660,444,216,0,-28340,19052,9288,0,0,0,0,1,0
153,79166,-673,336,336,0,-28895,14448,14448,0,0,0,0,1,0
154,79687,-660,216,444,0,-28340,9288,19052,0,0,0,0,1,0
155,80208,-622,88,534,0,-26696,3772,22924,0,0,0,0,1,0
156,80729,-559,-44,603,0,-24025,-1890,25915,0,0,0,0,1,0
157,81250,-476,-174,650,0,-20432,-7479,27910,0,0,0,0,1,0
158,81770,-374,-298,671,0,-16053,-12780,28833,0,0,0,0,1,0
159,82291,-257,-410,667,0,-11058,-17590,28648,0,0,0,0,1,0
160,82812,-131,-506,637,0,-5637,-21724,27362,0,0,0,0,1,0
161,83333,0,-583,583,0,0,-25024,25024,0,0,0,0,1,0
162,83854,131,-637,506,0,5637,-27362,21724,0,0,0,0,1,0
163,84375,257,-667,410,0,11058,-28648,17590,0,0,0,0,1,0
164,84895,374,-671,298,0,16053,-28833,12780,0,0,0,0,1,0
165,85416,476,-650,174,0,20432,-27910,7479,0,0,0,0,1,0
166,85937,559,-603,44,0,24025,-25915,1890,0,0,0,0,1,0
167,86458,622,-534,-88,0,26696,-22924,-3772,0,0,0,0,1,0
168,86979,660,-444,-216,0,28340,-19052,-9288,0,0,0,0,1,0
169,87500,673,-336,-336,0,28895,-14448,-14448,0,0,0,0,1,0
170,88020,660,-216,-444,0,28340,-9288,-19052,0,0,0,0,1,0
171,88541,622,-88,-534,0,26696,-3772,-22924,0,0,0,0,1,0
172,89062,559,44,-603,0,24025,1890,-25915,0,0,0,0,1,0
173,89583,476,174,-650,0,20432,7479,-27910,0,0,0,0,1,0
174,90104,374,298,-671,0,16053,12780,-28833,0,0,0,0,1,0
175,90625,257,410,-667,0,11058,17590,-28648,0,0,0,0,1,0
176,91145,131,506,-637,0,5637,21724,-27362,0,0,0,0,1,0
177,91666,0,583,-583,0,0,25024,-25024,0,0,0,0,1,0
178,92187,-131,637,-506,0,-5637,27362,-21724,0,0,0,0,1,0
179,92708,-257,667,-410,0,-11058,28648,-17590,0,0,0,0,1,0
180,93229,-374,671,-298,0,-16053,28833,-12780,0,0,0,0,1,0
181,93750,-476,650,-174,0,-20432,27910,-7479,0,0,0,0,1,0
182,94270,-559,603,-44,0,-24025,25915,-1890,0,0,0,0,1,0
183,94791,-622,534,88,0,-26696,22924,3772,0,0,0,0,1,0
184,95312,-660,444,216,0,-28340,19052,9288,0,0,0,0,1,0
185,95833,-673,336,336,0,-28895,14448,14448,0,0,0,0,1,0
186,96354,-660,216,444,0,-28340,9288,19052,0,0,0,0,1,0
187,96875,-622,88,534,0,-26696,3772,22924,0,0,0,0,1,0
188,97395,-559,-44,603,0,-24025,-1890,25915,0,0,0,0,1,0
189,97916,-476,-174,650,0,-20432,-7479,27910,0,0,0,0,1,0
190,98437,-374,-298,671,0,-16053,-12780,28833,0,0,0,0,1,0
191,98958,-257,-410,667,0,-11058,-17590,28648,0,0,0,0,1,0
192,99479,-131,-506,637,0,-5637,-21724,27362,0,0,0,0,1,0
193,100000,0,-583,583,0,0,-25024,25024,0,0,0,0,1,0
194,100520,131,-637,506,0,5637,-27362,21724,0,0,0,0,1,0
195,101041,257,-667,410,0,11058,-28648,17590,0,0,0,0,1,0
196,101562,374,-671,298,0,16053,-28833,12780,0,0,0,0,1,0
197,102083,476,-650,174,0,20432,-27910,7479,0,0,0,0,1,0
198,102604,559,-603,44,0,24025,-25915,1890,0,0,0,0,1,0
199,103125,622,-534,-88,0,26696,-22924,-3772,0,0,0,0,1,0
200,103645,660,-444,-216,0,28340,-19052,-9288,0,0,0,0,1,0
201,104166,673,-336,-336,0,28895,-14448,-14448,0,0,0,0,1,0
202,104687,660,-216,-444,0,28340,-9288,-19052,0,0,0,0,1,0
203,105208,622,-88,-534,0,26696,-3772,-22924,0,0,0,0,1,0
204,105729,559,44,-603,0,24025,1890,-25915,0,0,0,0,1,0
205,106250,476,174,-650,0,20432,7479,-27910,0,0,0,0,1,0
206,106770,374,298,-671,0,16053,12780,-28833,0,0,0,0,1,0
207,107291,257,410,-667,0,11058,17590,-28648,0,0,0,0,1,0
208,107812,131,506,-637,0,5637,21724,-27362,0,0,0,0,1,0
209,108333,0,583,-583,0,0,25024,-25024,0,0,0,0,1,0
210,108854,-131,637,-506,0,-5637,27362,-21724,0,0,0,0,1,0
211,109375,-257,667,-410,0,-11058,28648,-17590,0,0,0,0,1,0
212,109895,-374,671,-298,0,-16053,28833,-12780,0,0,0,0,1,0
213,110416,-476,650,-174,0,-20432,27910,-7479,0,0,0,0,1,0
214,110937,-559,603,-44,0,-24025,25915,-1890,0,0,0,0,1,0
215,111458,-622,534,88,0,-26696,22924,3772,0,0,0,0,1,0
216,111979,-660,444,216,0,-28340,19052,9288,0,0,0,0,1,0
217,112500,-673,336,336,0,-28895,14448,14448,0,0,0,0,1,0
218,113020,-660,216,444,0,-28340,9288,19052,0,0,0,0,1,0
219,113541,-622,88,534,0,-26696,3772,22924,0,0,0,0,1,0
220,114062,-559,-44,603,0,-24025,-1890,25915,0,0,0,0,1,0
221,114583,-476,-174,650,0,-20432,-7479,27910,0,0,0,0,1,0
222,115104,-374,-298,671,0,-16053,-12780,28833,0,0,0,0,1,0
223,115625,-257,-410,667,0,-11058,-17590,28648,0,0,0,0,1,0
224,116145,-131,-506,637,0,-5637,-21724,27362,0,0,0,0,1,0
225,116666,0,-583,583,0,0,-25024,25024,0,0,0,0,1,0
226,117187,131,-637,506,0,5637,-27362,21724,0,0,0,0,1,0
227,117708,257,-667,410,0,11058,-28648,17590,0,0,0,0,1,0
228,118229,374,-671,298,0,16053,-28833,12780,0,0,0,0,1,0
229,118750,476,-650,174,0,20432,-27910,7479,0,0,0,0,1,0
230,119270,559,-603,44,0,24025,-25915,1890,0,0,0,0,1,0
231,119791,622,-534,-88,0,26696,-22924,-3772,0,0,0,0,1,0
232,120312,660,-444,-216,0,28340,-19052,-9288,0,0,0,0,1,0
233,120833,673,-336,-336,0,28895,-14448,-14448,0,0,0,0,1,0
234,121354,660,-216,-444,0,28340,-9288,-19052,0,0,0,0,1,0
235,121875,622,-88,-534,0,26696,-3772,-22924,0,0,0,0,1,0
236,122395,559,44,-603,0,24025,1890,-25915,0,0,0,0,1,0
237,122916,476,174,-650,0,20432,7479,-27910,0,0,0,0,1,0
238,123437,374,298,-671,0,16053,12780,-28833,0,0,0,0,1,0
239,123958,257,410,-667,0,11058,17590,-28648,0,0,0,0,1,0
240,124479,131,506,-637,0,5637,21724,-27362,0,0,0,0,1,0
241,125000,0,583,-583,0,0,25024,-25024,0,0,0,0,1,0
242,125520,-131,637,-506,0,-5637,27362,-21724,0,0,0,0,1,0
243,126041,-257,667,-410,0,-11058,28648,-17590,0,0,0,0,1,0
244,126562,-374,671,-298,0,-16053,28833,-12780,0,0,0,0,1,0
245,127083,-476,650,-174,0,-20432,27910,-7479,0,0,0,0,1,0
246,127604,-559,603,-44,0,-24025,25915,-1890,0,0,0,0,1,0
247,128124,-622,534,88,0,-26696,22924,3772,0,0,0,0,1,0
248,128645,-660,444,216,0,-28340,19052,9288,0,0,0,0,1,0
249,129166,-673,336,336,0,-28895,14448,14448,0,0,0,0,1,0
250,129687,-660,216,444,0,-28340,9288,19052,0,0,0,0,1,0
251,130208,-622,88,534,0,-26696,3772,22924,0,0,0,0,1,0
252,130729,-559,-44,603,0,-24025,-1890,25915,0,0,0,0,1,0
253,131250,-476,-174,650,0,-20432,-7479,27910,0,0,0,0,1,0
254,131770,-374,-298,671,0,-16053,-12780,28833,0,0,0,0,1,0
255,132291,-257,-410,667,0,-11058,-17590,28648,0,0,0,0,1,0
256,132812,-131,-506,637,0,-5637,-21724,27362,0,0,0,0,1,0
257,133333,0,-583,583,0,0,-25024,25024,0,0,0,0,1,0
258,133854,131,-637,506,0,5637,-27362,21724,0,0,0,0,1,0
259,134375,257,-667,410,0,11058,-28648,17590,0,0,0,0,1,0
260,134895,374,-671,298,0,16053,-28833,12780,0,0,0,0,1,0
261,135416,476,-650,174,0,20432,-27910,7479,0,0,0,0,1,0
262,135937,559,-603,44,0,24025,-25915,1890,0,0,0,0,1,0
263,136458,622,-534,-88,0,26696,-22924,-3772,0,0,0,0,1,0
264,136979,660,-444,-216,0,28340,-19052,-9288,0,0,0,0,1,0
265,137500,673,-336,-336,0,28895,-14448,-14448,0,0,0,0,1,0
266,138020,660,-216,-444,0,28340,-9288,-19052,0,0,0,0,1,0
267,138541,622,-88,-534,0,26696,-3772,-22924,0,0,0,0,1,0
268,139062,559,44,-603,0,24025,1890,-25915,0,0,0,0,1,0
269,139583,476,174,-650,0,20432,7479,-27910,0,0,0,0,1,0
270,140104,374,298,-671,0,16053,12780,-28833,0,0,0,0,1,0
271,140625,257,410,-667,0,11058,17590,-28648,0,0,0,0,1,0
272,141145,131,506,-637,0,5637,21724,-27362,0,0,0,0,1,0
273,141666,0,583,-583,0,0,25024,-25024,0,0,0,0,1,0
274,142187,-131,637,-506,0,-5637,27362,-21724,0,0,0,0,1,0
275,142708,-257,667,-410,0,-11058,28648,-17590,0,0,0,0,1,0
276,143229,-374,671,-298,0,-16053,28833,-12780,0,0,0,0,1,0
277,143750,-476,650,-174,0,-20432,27910,-7479,0,0,0,0,1,0
278,144270,-559,603,-44,0,-24025,25915,-1890,0,0,0,0,1,0
279,144791,-622,534,88,0,-26696,22924,3772,0,0,0,0,1,0
280,145312,-660,444,216,0,-28340,19052,9288,0,0,0,0,1,0
281,145833,-673,336,336,0,-28895,14448,14448,0,0,0,0,1,0
282,146354,-660,216,444,0,-28340,9288,19052,0,0,0,0,1,0
283,146875,-622,88,534,0,-26696,3772,22924,0,0,0,0,1,0
284,147395,-559,-44,603,0,-24025,-1890,25915,0,0,0,0,1,0
285,147916,-476,-174,650,0,-20432,-7479,27910,0,0,0,0,1,0
286,148437,-374,-298,671,0,-16053,-12780,28833,0,0,0,0,1,0
287,148958,-257,-410,667,0,-11058,-17590,28648,0,0,0,0,1,0
288,149479,-131,-506,637,0,-5637,-21724,27362,0,0,0,0,1,0
289,150000,0,-583,583,0,0,-25024,25024,0,0,0,0,1,0
290,150520,131,-637,506,0,5637,-27362,21724,0,0,0,0,1,0
291,151041,257,-667,410,0,11058,-28648,17590,0,0,0,0,1,0
292,151562,374,-671,298,0,16053,-28833,12780,0,0,0,0,1,0
293,152083,476,-650,174,0,20432,-27910,7479,0,0,0,0,1,0
294,152604,559,-603,44,0,24025,-25915,1890,0,0,0,0,1,0
295,153125,622,-534,-88,0,26696,-22924,-3772,0,0,0,0,1,0
296,153645,660,-444,-216,0,28340,-19052,-9288,0,0,0,0,1,0
297,154166,673,-336,-336,0,28895,-14448,-14448,0,0,0,0,1,0
298,154687,660,-216,-444,0,28340,-9288,-19052,0,0,0,0,1,0
299,155208,622,-88,-534,0,26696,-3772,-22924,0,0,0,0,1,0
300,155729,559,44,-603,0,24025,1890,-25915,0,0,0,0,1,0
301,156250,476,174,-650,0,20432,7479,-27910,0,0,0,0,1,0
302,156770,374,298,-671,0,16053,12780,-28833,0,0,0,0,1,0
303,157291,257,410,-667,0,11058,17590,-28648,0,0,0,0,1,0
304,157812,131,506,-637,0,5637,21724,-27362,0,0,0,0,1,0
305,158333,0,583,-583,0,0,25024,-25024,0,0,0,0,1,0
306,158854,-131,637,-506,0,-5637,27362,-21724,0,0,0,0,1,0
307,159375,-257,667,-410,0,-11058,28648,-17590,0,0,0,0,1,0
308,159895,-374,671,-298,0,-16053,28833,-12780,0,0,0,0,1,0
309,160416,-476,650,-174,0,-20432,27910,-7479,0,0,0,0,1,0
310,160937,-559,603,-44,0,-24025,25915,-1890,0,0,0,0,1,0
311,161458,-622,534,88,0,-26696,22924,3772,0,0,0,0,1,0
312,161979,-660,444,216,0,-28340,19052,9288,0,0,0,0,1,0
313,162500,-673,336,336,0,-28895,14448,14448,0,0,0,0,1,0
314,163020,-660,216,444,0,-28340,9288,19052,0,0,0,0,1,0
315,163541,-622,88,534,0,-26696,3772,22924,0,0,0,0,1,0
316,164062,-559,-44,603,0,-24025,-1890,25915,0,0,0,0,1,0
317,164583,-476,-174,650,0,-20432,-7479,27910,0,0,0,0,1,0
318,165104,-374,-298,671,0,-16053,-12780,28833,0,0,0,0,1,0
319,165625,-257,-410,667,0,-11058,-17590,28648,0,0,0,0,1,0
320,166145,-131,-506,637,0,-5637,-21724,27362,0,0,0,0,1,0
321,166666,0,-583,583,0,0,-25024,25024,0,0,0,0,1,0
322,167187,131,-637,506,0,5637,-27362,21724,0,0,0,0,1,0
323,167708,257,-667,410,0,11058,-28648,17590,0,0,0,0,1,0
324,168229,374,-671,298,0,16053,-28833,12780,0,0,0,0,1,0
325,168750,476,-650,174,0,20432,-27910,7479,0,0,0,0,1,0
326,169270,559,-603,44,0,24025,-25915,1890,0,0,0,0,1,0
327,169791,622,-534,-88,0,26696,-22924,-3772,0,0,0,0,1,0
328,170312,660,-444,-216,0,28340,-19052,-9288,0,0,0,0,1,0
329,170833,673,-336,-336,0,28895,-14448,-14448,0,0,0,0,1,0
330,171354,660,-216,-444,0,28340,-9288,-19052,0,0,0,0,1,0
331,171875,622,-88,-534,0,26696,-3772,-22924,0,0,0,0,1,0
332,172395,559,44,-603,0,24025,1890,-25915,0,0,0,0,1,0
333,172916,476,174,-650,0,20432,7479,-27910,0,0,0,0,1,0
334,173437,374,298,-671,0,16053,12780,-28833,0,0,0,0,1,0
335,173958,257,410,-667,0,11058,17590,-28648,0,0,0,0,1,0
336,174479,131,506,-637,0,5637,21724,-27362,0,0,0,0,1,0
337,175000,0,583,-583,0,0,25024,-25024,0,0,0,0,1,0
338,175520,-131,637,-506,0,-5637,27362,-21724,0,0,0,0,1,0
339,176041,-257,667,-410,0,-11058,28648,-17590,0,0,0,0,1,0
340,176562,-374,671,-298,0,-16053,28833,-12780,0,0,0,0,1,0
341,177083,-476,650,-174,0,-20432,27910,-7479,0,0,0,0,1,0
342,177604,-559,603,-44,0,-24025,25915,-1890,0,0,0,0,1,0
343,178125,-622,534,88,0,-26696,22924,3772,0,0,0,0,1,0
344,178645,-660,444,216,0,-28340,19052,9288,0,0,0,0,1,0
345,179166,-673,336,336,0,-28895,14448,14448,0,0,0,0,1,0
346,179687,-660,216,444,0,-28340,9288,19052,0,0,0,0,1,0
347,180208,-622,88,534,0,-26696,3772,22924,0,0,0,0,1,0
348,180729,-559,-44,603,0,-24025,-1890,25915,0,0,0,0,1,0
349,181250,-476,-174,650,0,-20432,-7479,27910,0,0,0,0,1,0
350,181770,-374,-298,671,0,-16053,-12780,28833,0,0,0,0,1,0
351,182291,-257,-410,667,0,-11058,-17590,28648,0,0,0,0,1,0
352,182812,-131,-506,637,0,-5637,-21724,27362,0,0,0,0,1,0
353,183333,0,-583,583,0,0,-25024,25024,0,0,0,0,1,0
354,183854,131,-637,506,0,5637,-27362,21724,0,0,0,0,1,0
355,184375,257,-667,410,0,11058,-28648,17590,0,0,0,0,1,0
356,184895,374,-671,298,0,16053,-28833,12780,0,0,0,0,1,0
357,185416,476,-650,174,0,20432,-27910,7479,0,0,0,0,1,0
358,185937,559,-603,44,0,24025,-25915,1890,0,0,0,0,1,0
359,186458,622,-534,-88,0,26696,-22924,-3772,0,0,0,0,1,0
360,186979,660,-444,-216,0,28340,-19052,-9288,0,0,0,0,1,0
361,187500,673,-336,-336,0,28895,-14448,-14448,0,0,0,0,1,0
362,188020,660,-216,-444,0,28340,-9288,-19052,0,0,0,0,1,0
363,188541,622,-88,-534,0,26696,-3772,-22924,0,0,0,0,1,0
364,189062,559,44,-603,0,24025,1890,-25915,0,0,0,0,1,0
365,189583,476,174,-650,0,20432,7479,-27910,0,0,0,0,1,0
366,190104,374,298,-671,0,16053,12780,-28833,0,0,0,0,1,0
367,190625,257,410,-667,0,11058,17590,-28648,0,0,0,0,1,0
368,191145,131,506,-637,0,5637,21724,-27362,0,0,0,0,1,0
369,191666,0,583,-583,0,0,25024,-25024,0,0,0,0,1,0
370,192187,-131,637,-506,0,-5637,27362,-21724,0,0,0,0,1,0
371,192708,-257,667,-410,0,-11058,28648,-17590,0,0,0,0,1,0
372,193229,-374,671,-298,0,-16053,28833,-12780,0,0,0,0,1,0
373,193750,-476,650,-174,0,-20432,27910,-7479,0,0,0,0,1,0
374,194270,-559,603,-44,0,-24025,25915,-1890,0,0,0,0,1,0
375,194791,-622,534,88,0,-26696,22924,3772,0,0,0,0,1,0
376,195312,-660,444,216,0,-28340,19052,9288,0,0,0,0,1,0
377,195833,-673,336,336,0,-28895,14448,14448,0,0,0,0,1,0
378,196354,-660,216,444,0,-28340,9288,19052,0,0,0,0,1,0
379,196875,-622,88,534,0,-26696,3772,22924,0,0,0,0,1,0
380,197395,-559,-44,603,0,-24025,-1890,25915,0,0,0,0,1,0
381,197916,-476,-174,650,0,-20432,-7479,27910,0,0,0,0,1,0
382,198437,-374,-298,671,0,-16053,-12780,28833,0,0,0,0,1,0
383,198958,-257,-410,667,0,-11058,-17590,28648,0,0,0,0,1,0
384,199479,-131,-506,637,0,-5637,-21724,27362,0,0,0,0,1,0
385,200000,0,-583,583,0,0,-25024,25024,0,0,0,0,1,0
386,200520,131,-637,506,0,5637,-27362,21724,0,0,0,0,1,0
387,201041,257,-667,410,0,11058,-28648,17590,0,0,0,0,1,0
388,201562,374,-671,298,0,16053,-28833,12780,0,0,0,0,1,0
389,202083,476,-650,174,0,20432,-27910,7479,0,0,0,0,1,0
390,202604,559,-603,44,0,24025,-25915,1890,0,0,0,0,1,0
391,203125,622,-534,-88,0,26696,-22924,-3772,0,0,0,0,1,0
392,203645,660,-444,-216,0,28340,-19052,-9288,0,0,0,0,1,0
393,204166,673,-336,-336,0,28895,-14448,-14448,0,0,0,0,1,0
394,204687,660,-216,-444,0,28340,-9288,-19052,0,0,0,0,1,0
395,205208,622,-88,-534,0,26696,-3772,-22924,0,0,0,0,1,0
396,205729,559,44,-603,0,24025,1890,-25915,0,0,0,0,1,0
397,206250,476,174,-650,0,20432,7479,-27910,0,0,0,0,1,0
398,206770,374,298,-671,0,16053,12780,-28833,0,0,0,0,1,0
399,207291,257,410,-667,0,11058,17590,-28648,0,0,0,0,1,0
400,207812,131,506,-637,0,5637,21724,-27362,0,0,0,0,1,0
401,208333,0,583,-583,0,0,25024,-25024,0,0,0,0,1,0
402,208854,-131,637,-506,0,-5637,27362,-21724,0,0,0,0,1,0
403,209375,-257,667,-410,0,-11058,28648,-17590,0,0,0,0,1,0
404,209895,-374,671,-298,0,-16053,28833,-12780,0,0,0,0,1,0
405,210416,-476,650,-174,0,-20432,27910,-7479,0,0,0,0,1,0
406,210937,-559,603,-44,0,-24025,25915,-1890,0,0,0,0,1,0
407,211458,-622,534,88,0,-26696,22924,3772,0,0,0,0,1,0
408,211979,-660,444,216,0,-28340,19052,9288,0,0,0,0,1,0
409,212500,-673,336,336,0,-28895,14448,14448,0,0,0,0,1,0
410,213020,-660,216,444,0,-28340,9288,19052,0,0,0,0,1,0
411,213541,-622,88,534,0,-26696,3772,22924,0,0,0,0,1,0
412,214062,-559,-44,603,0,-24025,-1890,25915,0,0,0,0,1,0
413,214583,-476,-174,650,0,-20432,-7479,27910,0,0,0,0,1,0
414,215104,-374,-298,671,0,-16053,-12780,28833,0,0,0,0,1,0
415,215625,-257,-410,667,0,-11058,-17590,28648,0,0,0,0,1,0
416,216145,-131,-506,637,0,-5637,-21724,27362,0,0,0,0,1,0
417,216666,0,-583,583,0,0,-25024,25024,0,0,0,0,1,0
418,217187,131,-637,506,0,5637,-27362,21724,0,0,0,0,1,0
419,217708,257,-667,410,0,11058,-28648,17590,0,0,0,0,1,0
420,218229,374,-671,298,0,16053,-28833,12780,0,0,0,0,1,0
421,218750,476,-650,174,0,20432,-27910,7479,0,0,0,0,1,0
422,219270,559,-603,44,0,24025,-25915,1890,0,0,0,0,1,0
423,219791,622,-534,-88,0,26696,-22924,-3772,0,0,0,0,1,0
424,220312,660,-444,-216,0,28340,-19052,-9288,0,0,0,0,1,0
425,220833,673,-336,-336,0,28895,-14448,-14448,0,0,0,0,1,0
426,221354,660,-216,-444,0,28340,-9288,-19052,0,0,0,0,1,0
427,221875,622,-88,-534,0,26696,-3772,-22924,0,0,0,0,1,0
428,222395,559,44,-603,0,24025,1890,-25915,0,0,0,0,1,0
429,222916,476,174,-650,0,20432,7479,-27910,0,0,0,0,1,0
430,223437,374,298,-671,0,16053,12780,-28833,0,0,0,0,1,0
431,223958,257,410,-667,0,11058,17590,-28648,0,0,0,0,1,0
432,224479,131,506,-637,0,5637,21724,-27362,0,0,0,0,1,0
433,225000,0,583,-583,0,0,25024,-25024,0,0,0,0,1,0
434,225520,-131,637,-506,0,-5637,27362,-21724,0,0,0,0,1,0
435,226041,-257,667,-410,0,-11058,28648,-17590,0,0,0,0,1,0
436,226562,-374,671,-298,0,-16053,28833,-12780,0,0,0,0,1,0
437,227083,-476,650,-174,0,-20432,27910,-7479,0,0,0,0,1,0
438,227604,-559,603,-44,0,-24025,25915,-1890,0,0,0,0,1,0
439,228125,-622,534,88,0,-26696,22924,3772,0,0,0,0,1,0
440,228645,-660,444,216,0,-28340,19052,9288,0,0,0,0,1,0
441,229166,-673,336,336,0,-28895,14448,14448,0,0,0,0,1,0
442,229687,-660,216,444,0,-28340,9288,19052,0,0,0,0,1,0
443,230208,-622,88,534,0,-26696,3772,22924,0,0,0,0,1,0
444,230729,-559,-44,603,0,-24025,-1890,25915,0,0,0,0,1,0
445,231250,-476,-174,650,0,-20432,-7479,27910,0,0,0,0,1,0
446,231770,-374,-298,671,0,-16053,-12780,28833,0,0,0,0,1,0
447,232291,-257,-410,667,0,-11058,-17590,28648,0,0,0,0,1,0
448,232812,-131,-506,637,0,-5637,-21724,27362,0,0,0,0,1,0
449,233333,0,-583,583,0,0,-25024,25024,0,0,0,0,1,0
450,233854,131,-637,506,0,5637,-27362,21724,0,0,0,0,1,0
451,234375,257,-667,410,0,11058,-28648,17590,0,0,0,0,1,0
452,234895,374,-671,298,0,16053,-28833,12780,0,0,0,0,1,0
453,235416,476,-650,174,0,20432,-27910,7479,0,0,0,0,1,0
454,235937,559,-603,44,0,24025,-25915,1890,0,0,0,0,1,0
455,236458,622,-534,-88,0,26696,-22924,-3772,0,0,0,0,1,0
456,236979,660,-444,-216,0,28340,-19052,-9288,0,0,0,0,1,0
457,237500,673,-336,-336,0,28895,-14448,-14448,0,0,0,0,1,0
458,238020,660,-216,-444,0,28340,-9288,-19052,0,0,0,0,1,0
459,238541,622,-88,-534,0,26696,-3772,-22924,0,0,0,0,1,0
460,239062,559,44,-603,0,24025,1890,-25915,0,0,0,0,1,0
461,239583,476,174,-650,0,20432,7479,-27910,0,0,0,0,1,0
462,240104,374,298,-671,0,16053,12780,-28833,0,0,0,0,1,0
463,240625,257,410,-667,0,11058,17590,-28648,0,0,0,0,1,0
464,241145,131,506,-637,0,5637,21724,-27362,0,0,0,0,1,0
465,241666,0,583,-583,0,0,25024,-25024,0,0,0,0,1,0
466,242187,-131,637,-506,0,-5637,27362,-21724,0,0,0,0,1,0
467,242708,-257,667,-410,0,-11058,28648,-17590,0,0,0,0,1,0
468,243229,-374,671,-298,0,-16053,28833,-12780,0,0,0,0,1,0
469,243750,-476,650,-174,0,-20432,27910,-7479,0,0,0,0,1,0
470,244270,-559,603,-44,0,-24025,25915,-1890,0,0,0,0,1,0
471,244791,-622,534,88,0,-26696,22924,3772,0,0,0,0,1,0
472,245312,-660,444,216,0,-28340,19052,9288,0,0,0,0,1,0
473,245833,-673,336,336,0,-28895,14448,14448,0,0,0,0,1,0
474,246354,-660,216,444,0,-28340,9288,19052,0,0,0,0,1,0
475,246875,-622,88,534,0,-26696,3772,22924,0,0,0,0,1,0
476,247395,-559,-44,603,0,-24025,-1890,25915,0,0,0,0,1,0
477,247916,-476,-174,650,0,-20432,-7479,27910,0,0,0,0,1,0
478,248437,-374,-298,671,0,-16053,-12780,28833,0,0,0,0,1,0
479,248958,-257,-410,667,0,-11058,-17590,28648,0,0,0,0,1,0
480,249479,-131,-506,637,0,-5637,-21724,27362,0,0,0,0,1,0
481,250000,0,-583,583,0,0,-25024,25024,0,0,0,0,1,0
482,250520,131,-637,506,0,5637,-27362,21724,0,0,0,0,1,0
483,251041,257,-667,410,0,11058,-28648,17590,0,0,0,0,1,0
484,251562,374,-671,298,0,16053,-28833,12780,0,0,0,0,1,0
485,252083,476,-650,174,0,20432,-27910,7479,0,0,0,0,1,0
486,252604,559,-603,44,0,24025,-25915,1890,0,0,0,0,1,0
487,253125,622,-534,-88,0,26696,-22924,-3772,0,0,0,0,1,0
488,253645,660,-444,-216,0,28340,-19052,-9288,0,0,0,0,1,0
489,254166,673,-336,-336,0,28895,-14448,-14448,0,0,0,0,1,0
490,254687,660,-216,-444,0,28340,-9288,-19052,0,0,0,0,1,0
