1,0,0,-652,652,0,0,-25078,25078,0,0,0,0,1,0
2,520,147,-713,566,0,5649,-27420,21771,0,0,0,0,1,0
3,1041,288,-747,459,0,11081,-28709,17628,0,0,0,0,1,0
4,1562,419,-752,333,0,16088,-28895,12807,0,0,0,0,1,0
5,2083,533,-728,195,0,20476,-27970,7495,0,0,0,0,1,0
6,2604,626,-676,49,0,24077,-25971,1894,0,0,0,0,1,0
7,3125,696,-598,-98,0,26753,-22973,-3780,0,0,0,0,1,0
8,3645,739,-497,-242,0,28401,-19093,-9308,0,0,0,0,1,0
9,4166,753,-377,-377,0,28957,-14479,-14479,0,0,0,0,1,0
10,4687,739,-242,-497,0,28401,-9308,-19093,0,0,0,0,1,0
11,5208,696,-98,-598,0,26753,-3780,-22973,0,0,0,0,1,0
12,5729,626,49,-676,0,24077,1894,-25971,0,0,0,0,1,0
13,6250,533,195,-728,0,20476,7495,-27970,0,0,0,0,1,0
14,6770,419,333,-752,0,16088,12807,-28895,0,0,0,0,1,0
15,7291,288,459,-747,0,11081,17628,-28709,0,0,0,0,1,0
16,7812,147,566,-713,0,5649,21771,-27420,0,0,0,0,1,0
17,8333,0,652,-652,0,0,25078,-25078,0,0,0,0,1,0
18,8854,-147,713,-566,0,-5649,27420,-21771,0,0,0,0,1,0
19,9375,-288,747,-459,0,-11081,28709,-17628,0,0,0,0,1,0
20,9895,-419,752,-333,0,-16088,28895,-12807,0,0,0,0,1,0
21,10416,-533,728,-195,0,-20476,27970,-7495,0,0,0,0,1,0
22,10937,-626,676,-49,0,-24077,25971,-1894,0,0,0,0,1,0
23,11458,-696,598,98,0,-26753,22973,3780,0,0,0,0,1,0
24,11979,-739,497,242,0,-28401,19093,9308,0,0,0,0,1,0
25,12500,-753,377,377,0,-28957,14479,14479,0,0,0,0,1,0
26,13020,-739,242,497,0,-28401,9308,19093,0,0,0,0,1,0
27,13541,-696,98,598,0,-26753,3780,22973,0,0,0,0,1,0
28,14062,-626,-49,676,0,-24077,-1894,25971,0,0,0,0,1,0
29,14583,-533,-195,728,0,-20476,-7495,27970,0,0,0,0,1,0
30,15104,-419,-333,752,0,-16088,-12807,28895,0,0,0,0,1,0
31,15625,-288,-459,747,0,-11081,-17628,28709,0,0,0,0,1,0
32,16145,-147,-566,713,0,-5649,-21771,27420,0,0,0,0,1,0
33,16666,0,-652,652,0,0,-25078,25078,0,0,0,0,1,0
34,17187,147,-713,566,0,5649,-27420,21771,0,0,0,0,1,0
35,17708,288,-747,459,0,11081,-28709,17628,0,0,0,0,1,0
36,18229,419,-752,333,0,16088,-28895,12807,0,0,0,0,1,0
37,18750,533,-728,195,0,20476,-27970,7495,0,0,0,0,1,0
38,19270,626,-676,49,0,24077,-25971,1894,0,0,0,0,1,0
39,19791,696,-598,-98,0,26753,-22973,-3780,0,0,0,0,1,0
40,20312,739,-497,-242,0,28401,-19093,-9308,0,0,0,0,1,0
41,20833,753,-377,-377,0,28957,-14479,-14479,0,0,0,0,1,0
42,21354,739,-242,-497,0,28401,-9308,-19093,0,0,0,0,1,0
43,21875,696,-98,-598,0,26753,-3780,-22973,0,0,0,0,1,0
44,22395,626,49,-676,0,24077,1894,-25971,0,0,0,0,1,0
45,22916,533,195,-728,0,20476,7495,-27970,0,0,0,0,1,0
46,23437,419,333,-752,0,16088,12807,-28895,0,0,0,0,1,0
47,23958,288,459,-747,0,11081,17628,-28709,0,0,0,0,1,0
48,24479,147,566,-713,0,5649,21771,-27420,0,0,0,0,1,0
49,25000,0,652,-652,0,0,25078,-25078,0,0,0,0,1,0
50,25520,-147,713,-566,0,-5649,27420,-21771,0,0,0,0,1,0
51,26041,-288,747,-459,0,-11081,28709,-17628,0,0,0,0,1,0
52,26562,-419,752,-333,0,-16088,28895,-12807,0,0,0,0,1,0
53,27083,-533,728,-195,0,-20476,27970,-7495,0,0,0,0,1,0
54,27604,-626,676,-49,0,-24077,25971,-1894,0,0,0,0,1,0
55,28125,-696,598,98,0,-26753,22973,3780,0,0,0,0,1,0
56,28645,-739,497,242,0,-28401,19093,9308,0,0,0,0,1,0
57,29166,-753,377,377,0,-28957,14479,14479,0,0,0,0,1,0
58,29687,-739,242,497,0,-28401,9308,19093,0,0,0,0,1,0
59,30208,-696,98,598,0,-26753,3780,22973,0,0,0,0,1,0
60,30729,-626,-49,676,0,-24077,-1894,25971,0,0,0,0,1,0
61,31250,-533,-195,728,0,-20476,-7495,27970,0,0,0,0,1,0
62,31770,-419,-333,752,0,-16088,-12807,28895,0,0,0,0,1,0
63,32291,-288,-459,747,0,-11081,-17628,28709,0,0,0,0,1,0
64,32812,-147,-566,713,0,-5649,-21771,27420,0,0,0,0,1,0
65,33333,0,-652,652,0,0,-25078,25078,0,0,0,0,1,0
66,33854,147,-713,566,0,5649,-27420,21771,0,0,0,0,1,0
67,34375,288,-747,459,0,11081,-28709,17628,0,0,0,0,1,0
68,34895,419,-752,333,0,16088,-28895,12807,0,0,0,0,1,0
69,35416,533,-728,195,0,20476,-27970,7495,0,0,0,0,1,0
70,35937,626,-676,49,0,24077,-25971,1894,0,0,0,0,1,0
71,36458,696,-598,-98,0,26753,-22973,-3780,0,0,0,0,1,0
72,36979,739,-497,-242,0,28401,-19093,-9308,0,0,0,0,1,0
73,37500,753,-377,-377,0,28957,-14479,-14479,0,0,0,0,1,0
74,38020,739,-242,-497,0,28401,-9308,-19093,0,0,0,0,1,0
75,38541,696,-98,-598,0,26753,-3780,-22973,0,0,0,0,1,0
76,39062,626,49,-676,0,24077,1894,-25971,0,0,0,0,1,0
77,39583,533,195,-728,0,20476,7495,-27970,0,0,0,0,1,0
78,40104,419,333,-752,0,16088,12807,-28895,0,0,0,0,1,0
79,40625,288,459,-747,0,11081,17628,-28709,0,0,0,0,1,0
80,41145,147,566,-713,0,5649,21771,-27420,0,0,0,0,1,0
81,41666,0,652,-652,0,0,25078,-25078,0,0,0,0,1,0
82,42187,-147,713,-566,0,-5649,27420,-21771,0,0,0,0,1,0
83,42708,-288,747,-459,0,-11081,28709,-17628,0,0,0,0,1,0
84,43229,-419,752,-333,0,-16088,28895,-12807,0,0,0,0,1,0
85,43750,-533,728,-195,0,-20476,27970,-7495,0,0,0,0,1,0
86,44270,-626,676,-49,0,-24077,25971,-1894,0,0,0,0,1,0
87,44791,-696,598,98,0,-26753,22973,3780,0,0,0,0,1,0
88,45312,-739,497,242,0,-28401,19093,9308,0,0,0,0,1,0
89,45833,-753,377,377,0,-28957,14479,14479,0,0,0,0,1,0
90,46354,-739,242,497,0,-28401,9308,19093,0,0,0,0,1,0
91,46875,-696,98,598,0,-26753,3780,22973,0,0,0,0,1,0
92,47395,-626,-49,676,0,-24077,-1894,25971,0,0,0,0,1,0
93,47916,-533,-195,728,0,-20476,-7495,27970,0,0,0,0,1,0
94,48437,-419,-333,752,0,-16088,-12807,28895,0,0,0,0,1,0
95,48958,-288,-459,747,0,-11081,-17628,28709,0,0,0,0,1,0
96,49479,-147,-566,713,0,-5649,-21771,27420,0,0,0,0,1,0
97,50000,17598,-652,652,17598,0,-27084,27084,0,0,0,0,1,0
98,50520,20955,-713,566,20808,565,-29614,23513,0,0,0,0,1,0
99,51041,24024,-747,459,23736,1108,-31006,19038,0,0,0,0,1,0
100,51562,26676,-752,333,26257,1609,-31207,13832,0,0,0,0,1,0
101,52083,28799,-728,195,28266,2048,-30208,8094,0,0,0,0,1,0
102,52604,30302,-676,49,29676,2408,-28048,2045,0,0,0,0,1,0
103,53125,31118,-598,-98,30422,2675,-24811,-4082,0,0,0,0,1,0
104,53645,31207,-497,-242,30468,2840,-20620,-10053,0,0,0,0,1,0
105,54166,30555,-377,-377,29801,2896,-15637,-15637,0,0,0,0,1,0
106,54687,29179,-242,-497,28440,2840,-10053,-20620,0,0,0,0,1,0
107,55208,27123,-98,-598,26427,2675,-4082,-24811,0,0,0,0,1,0
108,55729,24457,49,-676,23831,2408,2045,-28048,0,0,0,0,1,0
109,56250,21276,195,-728,20744,2048,8094,-30208,0,0,0,0,1,0
110,56770,17694,333,-752,17275,1609,13832,-31207,0,0,0,0,1,0
111,57291,13839,459,-747,13551,1108,19038,-31006,0,0,0,0,1,0
112,57812,9853,566,-713,9706,565,23513,-29614,0,0,0,0,1,0
113,58333,5880,652,-652,5880,0,27084,-27084,0,0,0,0,1,0
114,58854,2066,713,-566,2213,-565,29614,-23513,0,0,0,0,1,0
115,59375,-1450,747,-459,-1162,-1108,31006,-19038,0,0,0,0,1,0
116,59895,-4541,752,-333,-4122,-1609,31207,-13832,0,0,0,0,1,0
117,60416,-7094,728,-195,-6562,-2048,30208,-8094,0,0,0,0,1,0
118,60937,-9020,676,-49,-8393,-2408,28048,-2045,0,0,0,0,1,0
119,61458,-10249,598,98,-9553,-2675,24811,4082,0,0,0,0,1,0
120,61979,-10744,497,242,-10005,-2840,20620,10053,0,0,0,0,1,0
121,62500,-10490,377,377,-9736,-2896,15637,15637,0,0,0,0,1,0
122,63020,-9504,242,497,-8765,-2840,10053,20620,0,0,0,0,1,0
123,63541,-7830,98,598,-7134,-2675,4082,24811,0,0,0,0,1,0
124,64062,-5540,-49,676,-4914,-2408,-2045,28048,0,0,0,0,1,0
125,64583,-2727,-195,728,-2194,-2048,-8094,30208,0,0,0,0,1,0
126,65104,495,-333,752,914,-1609,-13832,31207,0,0,0,0,1,0
127,65625,3996,-459,747,4284,-1108,-19038,31006,0,0,0,0,1,0
128,66145,7636,-566,713,7783,-565,-23513,29614,0,0,0,0,1,0
129,66666,11268,-652,652,11268,0,-27084,27084,0,0,0,0,1,0
130,67187,14749,-713,566,14602,565,-29614,23513,0,0,0,0,1,0
131,67708,17938,-747,459,17650,1108,-31006,19038,0,0,0,0,1,0
132,68229,20708,-752,333,20290,1609,-31207,13832,0,0,0,0,1,0
133,68750,22947,-728,195,22415,2048,-30208,8094,0,0,0,0,1,0
134,69270,24564,-676,49,23938,2408,-28048,2045,0,0,0,0,1,0
135,69791,25492,-598,-98,24796,2675,-24811,-4082,0,0,0,0,1,0
136,70312,25690,-497,-242,24951,2840,-20620,-10053,0,0,0,0,1,0
137,70833,25145,-377,-377,24392,2896,-15637,-15637,0,0,0,0,1,0
138,71354,23875,-242,-497,23136,2840,-10053,-20620,0,0,0,0,1,0
139,71875,21922,-98,-598,21226,2675,-4082,-24811,0,0,0,0,1,0
140,72395,19357,49,-676,18731,2408,2045,-28048,0,0,0,0,1,0
141,72916,16275,195,-728,15743,2048,8094,-30208,0,0,0,0,1,0
142,73437,12790,333,-752,12372,1609,13832,-31207,0,0,0,0,1,0
143,73958,9031,459,-747,8743,1108,19038,-31006,0,0,0,0,1,0
144,74479,5138,566,-713,4991,565,23513,-29614,0,0,0,0,1,0
145,75000,0,326,-326,0,0,25078,-25078,0,0,0,0,1,0
146,75520,-73,357,-283,0,-5649,27420,-21771,0,0,0,0,1,0
147,76041,-144,373,-229,0,-11081,28709,-17628,0,0,0,0,1,0
148,76562,-209,376,-167,0,-16088,28895,-12807,0,0,0,0,1,0
149,77083,-266,364,-97,0,-20476,27970,-7495,0,0,0,0,1,0
150,77604,-313,338,-25,0,-24077,25971,-1894,0,0,0,0,1,0
151,78125,-348,299,49,0,-26753,22973,3780,0,0,0,0,1,0
152,78645,-369,248,121,0,-28401,19093,9308,0,0,0,0,1,0
153,79166,-377,188,188,0,-28957,14479,14479,0,0,0,0,1,0
154,79687,-369,121,248,0,-28401,9308,19093,0,0,0,0,1,0
155,80208,-348,49,299,0,-26753,3780,22973,0,0,0,0,1,0
156,80729,-313,-25,338,0,-24077,-1894,25971,0,0,0,0,1,0
157,81250,-266,-97,364,0,-20476,-7495,27970,0,0,0,0,1,0
158,81770,-209,-167,376,0,-16088,-12807,28895,0,0,0,0,1,0
159,82291,-144,-229,373,0,-11081,-17628,28709,0,0,0,0,1,0
160,82812,-73,-283,357,0,-5649,-21771,27420,0,0,0,0,1,0
161,83333,0,-326,326,0,0,-25078,25078,0,0,0,0,1,0
162,83854,73,-357,283,0,5649,-27420,21771,0,0,0,0,1,0
163,84375,144,-373,229,0,11081,-28709,17628,0,0,0,0,1,0
164,84895,209,-376,167,0,16088,-28895,12807,0,0,0,0,1,0
165,85416,266,-364,97,0,20476,-27970,7495,0,0,0,0,1,0
166,85937,313,-338,25,0,24077,-25971,1894,0,0,0,0,1,0
167,86458,348,-299,-49,0,26753,-22973,-3780,0,0,0,0,1,0
168,86979,369,-248,-121,0,28401,-19093,-9308,0,0,0,0,1,0
169,87500,377,-188,-188,0,28957,-14479,-14479,0,0,0,0,1,0
170,88020,369,-121,-248,0,28401,-9308,-19093,0,0,0,0,1,0
171,88541,348,-49,-299,0,26753,-3780,-22973,0,0,0,0,1,0
172,89062,313,25,-338,0,24077,1894,-25971,0,0,0,0,1,0
173,89583,266,97,-364,0,20476,7495,-27970,0,0,0,0,1,0
174,90104,209,167,-376,0,16088,12807,-28895,0,0,0,0,1,0
175,90625,144,229,-373,0,11081,17628,-28709,0,0,0,0,1,0
176,91145,73,283,-357,0,5649,21771,-27420,0,0,0,0,1,0
177,91666,0,326,-326,0,0,25078,-25078,0,0,0,0,1,0
178,92187,-73,357,-283,0,-5649,27420,-21771,0,0,0,0,1,0
179,92708,-144,373,-229,0,-11081,28709,-17628,0,0,0,0,1,0
180,93229,-209,376,-167,0,-16088,28895,-12807,0,0,0,0,1,0
181,93750,-266,364,-97,0,-20476,27970,-7495,0,0,0,0,1,0
182,94270,-313,338,-25,0,-24077,25971,-1894,0,0,0,0,1,0
183,94791,-348,299,49,0,-26753,22973,3780,0,0,0,0,1,0
184,95312,-369,248,121,0,-28401,19093,9308,0,0,0,0,1,0
185,95833,-377,188,188,0,-28957,14479,14479,0,0,0,0,1,0
186,96354,-369,121,248,0,-28401,9308,19093,0,0,0,0,1,0
187,96875,-348,49,299,0,-26753,3780,22973,0,0,0,0,1,0
188,97395,-313,-25,338,0,-24077,-1894,25971,0,0,0,0,1,0
189,97916,-266,-97,364,0,-20476,-7495,27970,0,0,0,0,1,0
190,98437,-209,-167,376,0,-16088,-12807,28895,0,0,0,0,1,0
191,98958,-144,-229,373,0,-11081,-17628,28709,0,0,0,0,1,0
192,99479,-73,-283,357,0,-5649,-21771,27420,0,0,0,0,1,0
193,100000,0,-326,326,0,0,-25078,25078,0,0,0,0,1,0
194,100520,73,-357,283,0,5649,-27420,21771,0,0,0,0,1,0
195,101041,144,-373,229,0,11081,-28709,17628,0,0,0,0,1,0
196,101562,209,-376,167,0,16088,-28895,12807,0,0,0,0,1,0
197,102083,266,-364,97,0,20476,-27970,7495,0,0,0,0,1,0
198,102604,313,-338,25,0,24077,-25971,1894,0,0,0,0,1,0
199,103125,348,-299,-49,0,26753,-22973,-3780,0,0,0,0,1,0
200,103645,369,-248,-121,0,28401,-19093,-9308,0,0,0,0,1,0
201,104166,377,-188,-188,0,28957,-14479,-14479,0,0,0,0,1,0
202,104687,369,-121,-248,0,28401,-9308,-19093,0,0,0,0,1,0
203,105208,348,-49,-299,0,26753,-3780,-22973,0,0,0,0,1,0
204,105729,313,25,-338,0,24077,1894,-25971,0,0,0,0,1,0
205,106250,266,97,-364,0,20476,7495,-27970,0,0,0,0,1,0
206,106770,209,167,-376,0,16088,12807,-28895,0,0,0,0,1,0
207,107291,144,229,-373,0,11081,17628,-28709,0,0,0,0,1,0
208,107812,73,283,-357,0,5649,21771,-27420,0,0,0,0,1,0
209,108333,0,326,-326,0,0,25078,-25078,0,0,0,0,1,0
210,108854,-73,357,-283,0,-5649,27420,-21771,0,0,0,0,1,0
211,109375,-144,373,-229,0,-11081,28709,-17628,0,0,0,0,1,0
212,109895,-209,376,-167,0,-16088,28895,-12807,0,0,0,0,1,0
213,110416,-266,364,-97,0,-20476,27970,-7495,0,0,0,0,1,0
214,110937,-313,338,-25,0,-24077,25971,-1894,0,0,0,0,1,0
215,111458,-348,299,49,0,-26753,22973,3780,0,0,0,0,1,0
216,111979,-369,248,121,0,-28401,19093,9308,0,0,0,0,1,0
217,112500,-377,188,188,0,-28957,14479,14479,0,0,0,0,1,0
218,113020,-369,121,248,0,-28401,9308,19093,0,0,0,0,1,0
219,113541,-348,49,299,0,-26753,3780,22973,0,0,0,0,1,0
220,114062,-313,-25,338,0,-24077,-1894,25971,0,0,0,0,1,0
221,114583,-266,-97,364,0,-20476,-7495,27970,0,0,0,0,1,0
222,115104,-209,-167,376,0,-16088,-12807,28895,0,0,0,0,1,0
223,115625,-144,-229,373,0,-11081,-17628,28709,0,0,0,0,1,0
224,116145,-73,-283,357,0,-5649,-21771,27420,0,0,0,0,1,0
225,116666,0,-326,326,0,0,-25078,25078,0,0,0,0,1,0
226,117187,73,-357,283,0,5649,-27420,21771,0,0,0,0,1,0
227,117708,144,-373,229,0,11081,-28709,17628,0,0,0,0,1,0
228,118229,209,-376,167,0,16088,-28895,12807,0,0,0,0,1,0
229,118750,266,-364,97,0,20476,-27970,7495,0,0,0,0,1,0
230,119270,313,-338,25,0,24077,-25971,1894,0,0,0,0,1,0
231,119791,348,-299,-49,0,26753,-22973,-3780,0,0,0,0,1,0
232,120312,369,-248,-121,0,28401,-19093,-9308,0,0,0,0,1,0
233,120833,377,-188,-188,0,28957,-14479,-14479,0,0,0,0,1,0
234,121354,369,-121,-248,0,28401,-9308,-19093,0,0,0,0,1,0
235,121875,348,-49,-299,0,26753,-3780,-22973,0,0,0,0,1,0
236,122395,313,25,-338,0,24077,1894,-25971,0,0,0,0,1,0
237,122916,266,97,-364,0,20476,7495,-27970,0,0,0,0,1,0
238,123437,209,167,-376,0,16088,12807,-28895,0,0,0,0,1,0
239,123958,144,229,-373,0,11081,17628,-28709,0,0,0,0,1,0
240,124479,73,283,-357,0,5649,21771,-27420,0,0,0,0,1,0
241,125000,0,326,-326,0,0,25078,-25078,0,0,0,0,1,0
242,125520,-73,357,-283,0,-5649,27420,-21771,0,0,0,0,1,0
243,126041,-144,373,-229,0,-11081,28709,-17628,0,0,0,0,1,0
244,126562,-209,376,-167,0,-16088,28895,-12807,0,0,0,0,1,0
245,127083,-266,364,-97,0,-20476,27970,-7495,0,0,0,0,1,0
246,127604,-313,338,-25,0,-24077,25971,-1894,0,0,0,0,1,0
247,128124,-348,299,49,0,-26753,22973,3780,0,0,0,0,1,0
248,128645,-369,248,121,0,-28401,19093,9308,0,0,0,0,1,0
249,129166,-377,188,188,0,-28957,14479,14479,0,0,0,0,1,0
250,129687,-369,121,248,0,-28401,9308,19093,0,0,0,0,1,0
251,130208,-348,49,299,0,-26753,3780,22973,0,0,0,0,1,0
252,130729,-313,-25,338,0,-24077,-1894,25971,0,0,0,0,1,0
253,131250,-266,-97,364,0,-20476,-7495,27970,0,0,0,0,1,0
254,131770,-209,-167,376,0,-16088,-12807,28895,0,0,0,0,1,0
255,132291,-144,-229,373,0,-11081,-17628,28709,0,0,0,0,1,0
256,132812,-73,-283,357,0,-5649,-21771,27420,0,0,0,0,1,0
257,133333,0,-326,326,0,0,-25078,25078,0,0,0,0,1,0
258,133854,73,-357,283,0,5649,-27420,21771,0,0,0,0,1,0
259,134375,144,-373,229,0,11081,-28709,17628,0,0,0,0,1,0
260,134895,209,-376,167,0,16088,-28895,12807,0,0,0,0,1,0
261,135416,266,-364,97,0,20476,-27970,7495,0,0,0,0,1,0
262,135937,313,-338,25,0,24077,-25971,1894,0,0,0,0,1,0
263,136458,348,-299,-49,0,26753,-22973,-3780,0,0,0,0,1,0
264,136979,369,-248,-121,0,28401,-19093,-9308,0,0,0,0,1,0
265,137500,377,-188,-188,0,28957,-14479,-14479,0,0,0,0,1,0
266,138020,369,-121,-248,0,28401,-9308,-19093,0,0,0,0,1,0
267,138541,348,-49,-299,0,26753,-3780,-22973,0,0,0,0,1,0
268,139062,313,25,-338,0,24077,1894,-25971,0,0,0,0,1,0
269,139583,266,97,-364,0,20476,7495,-27970,0,0,0,0,1,0
270,140104,209,167,-376,0,16088,12807,-28895,0,0,0,0,1,0
271,140625,144,229,-373,0,11081,17628,-28709,0,0,0,0,1,0
272,141145,73,283,-357,0,5649,21771,-27420,0,0,0,0,1,0
273,141666,0,326,-326,0,0,25078,-25078,0,0,0,0,1,0
274,142187,-73,357,-283,0,-5649,27420,-21771,0,0,0,0,1,0
275,142708,-144,373,-229,0,-11081,28709,-17628,0,0,0,0,1,0
276,143229,-209,376,-167,0,-16088,28895,-12807,0,0,0,0,1,0
277,143750,-266,364,-97,0,-20476,27970,-7495,0,0,0,0,1,0
278,144270,-313,338,-25,0,-24077,25971,-1894,0,0,0,0,1,0
279,144791,-348,299,49,0,-26753,22973,3780,0,0,0,0,1,0
280,145312,-369,248,121,0,-28401,19093,9308,0,0,0,0,1,0
281,145833,-377,188,188,0,-28957,14479,14479,0,0,0,0,1,0
282,146354,-369,121,248,0,-28401,9308,19093,0,0,0,0,1,0
283,146875,-348,49,299,0,-26753,3780,22973,0,0,0,0,1,0
284,147395,-313,-25,338,0,-24077,-1894,25971,0,0,0,0,1,0
285,147916,-266,-97,364,0,-20476,-7495,27970,0,0,0,0,1,0
286,148437,-209,-167,376,0,-16088,-12807,28895,0,0,0,0,1,0
287,148958,-144,-229,373,0,-11081,-17628,28709,0,0,0,0,1,0
288,149479,-73,-283,357,0,-5649,-21771,27420,0,0,0,0,1,0
289,150000,0,-326,326,0,0,-25078,25078,0,0,0,0,1,0
290,150520,73,-357,283,0,5649,-27420,21771,0,0,0,0,1,0
291,151041,144,-373,229,0,11081,-28709,17628,0,0,0,0,1,0
292,151562,209,-376,167,0,16088,-28895,12807,0,0,0,0,1,0
293,152083,266,-364,97,0,20476,-27970,7495,0,0,0,0,1,0
294,152604,313,-338,25,0,24077,-25971,1894,0,0,0,0,1,0
295,153125,348,-299,-49,0,26753,-22973,-3780,0,0,0,0,1,0
296,153645,369,-248,-121,0,28401,-19093,-9308,0,0,0,0,1,0
297,154166,377,-188,-188,0,28957,-14479,-14479,0,0,0,0,1,0
298,154687,369,-121,-248,0,28401,-9308,-19093,0,0,0,0,1,0
299,155208,348,-49,-299,0,26753,-3780,-22973,0,0,0,0,1,0
300,155729,313,25,-338,0,24077,1894,-25971,0,0,0,0,1,0
301,156250,266,97,-364,0,20476,7495,-27970,0,0,0,0,1,0
302,156770,209,167,-376,0,16088,12807,-28895,0,0,0,0,1,0
303,157291,144,229,-373,0,11081,17628,-28709,0,0,0,0,1,0
304,157812,73,283,-357,0,5649,21771,-27420,0,0,0,0,1,0
305,158333,0,326,-326,0,0,25078,-25078,0,0,0,0,1,0
306,158854,-73,357,-283,0,-5649,27420,-21771,0,0,0,0,1,0
307,159375,-144,373,-229,0,-11081,28709,-17628,0,0,0,0,1,0
308,159895,-209,376,-167,0,-16088,28895,-12807,0,0,0,0,1,0
309,160416,-266,364,-97,0,-20476,27970,-7495,0,0,0,0,1,0
310,160937,-313,338,-25,0,-24077,25971,-1894,0,0,0,0,1,0
311,161458,-348,299,49,0,-26753,22973,3780,0,0,0,0,1,0
312,161979,-369,248,121,0,-28401,19093,9308,0,0,0,0,1,0
313,162500,-377,188,188,0,-28957,14479,14479,0,0,0,0,1,0
314,163020,-369,121,248,0,-28401,9308,19093,0,0,0,0,1,0
315,163541,-348,49,299,0,-26753,3780,22973,0,0,0,0,1,0
316,164062,-313,-25,338,0,-24077,-1894,25971,0,0,0,0,1,0
317,164583,-266,-97,364,0,-20476,-7495,27970,0,0,0,0,1,0
318,165104,-209,-167,376,0,-16088,-12807,28895,0,0,0,0,1,0
319,165625,-144,-229,373,0,-11081,-17628,28709,0,0,0,0,1,0
320,166145,-73,-283,357,0,-5649,-21771,27420,0,0,0,0,1,0
321,166666,0,-326,326,0,0,-25078,25078,0,0,0,0,1,0
322,167187,73,-357,283,0,5649,-27420,21771,0,0,0,0,1,0
323,167708,144,-373,229,0,11081,-28709,17628,0,0,0,0,1,0
324,168229,209,-376,167,0,16088,-28895,12807,0,0,0,0,1,0
325,168750,266,-364,97,0,20476,-27970,7495,0,0,0,0,1,0
326,169270,313,-338,25,0,24077,-25971,1894,0,0,0,0,1,0
327,169791,348,-299,-49,0,26753,-22973,-3780,0,0,0,0,1,0
328,170312,369,-248,-121,0,28401,-19093,-9308,0,0,0,0,1,0
329,170833,377,-188,-188,0,28957,-14479,-14479,0,0,0,0,1,0
330,171354,369,-121,-248,0,28401,-9308,-19093,0,0,0,0,1,0
331,171875,348,-49,-299,0,26753,-3780,-22973,0,0,0,0,1,0
332,172395,313,25,-338,0,24077,1894,-25971,0,0,0,0,1,0
333,172916,266,97,-364,0,20476,7495,-27970,0,0,0,0,1,0
334,173437,209,167,-376,0,16088,12807,-28895,0,0,0,0,1,0
335,173958,144,229,-373,0,11081,17628,-28709,0,0,0,0,1,0
336,174479,73,283,-357,0,5649,21771,-27420,0,0,0,0,1,0
337,175000,0,326,-326,0,0,25078,-25078,0,0,0,0,1,0
338,175520,-73,357,-283,0,-5649,27420,-21771,0,0,0,0,1,0
339,176041,-144,373,-229,0,-11081,28709,-17628,0,0,0,0,1,0
340,176562,-209,376,-167,0,-16088,28895,-12807,0,0,0,0,1,0
341,177083,-266,364,-97,0,-20476,27970,-7495,0,0,0,0,1,0
342,177604,-313,338,-25,0,-24077,25971,-1894,0,0,0,0,1,0
343,178125,-348,299,49,0,-26753,22973,3780,0,0,0,0,1,0
344,178645,-369,248,121,0,-28401,19093,9308,0,0,0,0,1,0
345,179166,-377,188,188,0,-28957,14479,14479,0,0,0,0,1,0
346,179687,-369,121,248,0,-28401,9308,19093,0,0,0,0,1,0
347,180208,-348,49,299,0,-26753,3780,22973,0,0,0,0,1,0
348,180729,-313,-25,338,0,-24077,-1894,25971,0,0,0,0,1,0
349,181250,-266,-97,364,0,-20476,-7495,27970,0,0,0,0,1,0
350,181770,-209,-167,376,0,-16088,-12807,28895,0,0,0,0,1,0
351,182291,-144,-229,373,0,-11081,-17628,28709,0,0,0,0,1,0
352,182812,-73,-283,357,0,-5649,-21771,27420,0,0,0,0,1,0
353,183333,0,-326,326,0,0,-25078,25078,0,0,0,0,1,0
354,183854,73,-357,283,0,5649,-27420,21771,0,0,0,0,1,0
355,184375,144,-373,229,0,11081,-28709,17628,0,0,0,0,1,0
356,184895,209,-376,167,0,16088,-28895,12807,0,0,0,0,1,0
357,185416,266,-364,97,0,20476,-27970,7495,0,0,0,0,1,0
358,185937,313,-338,25,0,24077,-25971,1894,0,0,0,0,1,0
359,186458,348,-299,-49,0,26753,-22973,-3780,0,0,0,0,1,0
360,186979,369,-248,-121,0,28401,-19093,-9308,0,0,0,0,1,0
361,187500,377,-188,-188,0,28957,-14479,-14479,0,0,0,0,1,0
362,188020,369,-121,-248,0,28401,-9308,-19093,0,0,0,0,1,0
363,188541,348,-49,-299,0,26753,-3780,-22973,0,0,0,0,1,0
364,189062,313,25,-338,0,24077,1894,-25971,0,0,0,0,1,0
365,189583,266,97,-364,0,20476,7495,-27970,0,0,0,0,1,0
366,190104,209,167,-376,0,16088,12807,-28895,0,0,0,0,1,0
367,190625,144,229,-373,0,11081,17628,-28709,0,0,0,0,1,0
368,191145,73,283,-357,0,5649,21771,-27420,0,0,0,0,1,0
369,191666,0,326,-326,0,0,25078,-25078,0,0,0,0,1,0
370,192187,-73,357,-283,0,-5649,27420,-21771,0,0,0,0,1,0
371,192708,-144,373,-229,0,-11081,28709,-17628,0,0,0,0,1,0
372,193229,-209,376,-167,0,-16088,28895,-12807,0,0,0,0,1,0
373,193750,-266,364,-97,0,-20476,27970,-7495,0,0,0,0,1,0
374,194270,-313,338,-25,0,-24077,25971,-1894,0,0,0,0,1,0
375,194791,-348,299,49,0,-26753,22973,3780,0,0,0,0,1,0
376,195312,-369,248,121,0,-28401,19093,9308,0,0,0,0,1,0
377,195833,-377,188,188,0,-28957,14479,14479,0,0,0,0,1,0
378,196354,-369,121,248,0,-28401,9308,19093,0,0,0,0,1,0
379,196875,-348,49,299,0,-26753,3780,22973,0,0,0,0,1,0
380,197395,-313,-25,338,0,-24077,-1894,25971,0,0,0,0,1,0
381,197916,-266,-97,364,0,-20476,-7495,27970,0,0,0,0,1,0
382,198437,-209,-167,376,0,-16088,-12807,28895,0,0,0,0,1,0
383,198958,-144,-229,373,0,-11081,-17628,28709,0,0,0,0,1,0
384,199479,-73,-283,357,0,-5649,-21771,27420,0,0,0,0,1,0
385,200000,0,-326,326,0,0,-25078,25078,0,0,0,0,1,0
386,200520,73,-357,283,0,5649,-27420,21771,0,0,0,0,1,0
387,201041,144,-373,229,0,11081,-28709,17628,0,0,0,0,1,0
388,201562,209,-376,167,0,16088,-28895,12807,0,0,0,0,1,0
389,202083,266,-364,97,0,20476,-27970,7495,0,0,0,0,1,0
390,202604,313,-338,25,0,24077,-25971,1894,0,0,0,0,1,0
391,203125,348,-299,-49,0,26753,-22973,-3780,0,0,0,0,1,0
392,203645,369,-248,-121,0,28401,-19093,-9308,0,0,0,0,1,0
393,204166,377,-188,-188,0,28957,-14479,-14479,0,0,0,0,1,0
394,204687,369,-121,-248,0,28401,-9308,-19093,0,0,0,0,1,0
395,205208,348,-49,-299,0,26753,-3780,-22973,0,0,0,0,1,0
396,205729,313,25,-338,0,24077,1894,-25971,0,0,0,0,1,0
397,206250,266,97,-364,0,20476,7495,-27970,0,0,0,0,1,0
398,206770,209,167,-376,0,16088,12807,-28895,0,0,0,0,1,0
399,207291,144,229,-373,0,11081,17628,-28709,0,0,0,0,1,0
400,207812,73,283,-357,0,5649,21771,-27420,0,0,0,0,1,0
401,208333,0,326,-326,0,0,25078,-25078,0,0,0,0,1,0
402,208854,-73,357,-283,0,-5649,27420,-21771,0,0,0,0,1,0
403,209375,-144,373,-229,0,-11081,28709,-17628,0,0,0,0,1,0
404,209895,-209,376,-167,0,-16088,28895,-12807,0,0,0,0,1,0
405,210416,-266,364,-97,0,-20476,27970,-7495,0,0,0,0,1,0
406,210937,-313,338,-25,0,-24077,25971,-1894,0,0,0,0,1,0
407,211458,-348,299,49,0,-26753,22973,3780,0,0,0,0,1,0
408,211979,-369,248,121,0,-28401,19093,9308,0,0,0,0,1,0
409,212500,-377,188,188,0,-28957,14479,14479,0,0,0,0,1,0
410,213020,-369,121,248,0,-28401,9308,19093,0,0,0,0,1,0
411,213541,-348,49,299,0,-26753,3780,22973,0,0,0,0,1,0
412,214062,-313,-25,338,0,-24077,-1894,25971,0,0,0,0,1,0
413,214583,-266,-97,364,0,-20476,-7495,27970,0,0,0,0,1,0
414,215104,-209,-167,376,0,-16088,-12807,28895,0,0,0,0,1,0
415,215625,-144,-229,373,0,-11081,-17628,28709,0,0,0,0,1,0
416,216145,-73,-283,357,0,-5649,-21771,27420,0,0,0,0,1,0
417,216666,0,-326,326,0,0,-25078,25078,0,0,0,0,1,0
418,217187,73,-357,283,0,5649,-27420,21771,0,0,0,0,1,0
419,217708,144,-373,229,0,11081,-28709,17628,0,0,0,0,1,0
420,218229,209,-376,167,0,16088,-28895,12807,0,0,0,0,1,0
421,218750,266,-364,97,0,20476,-27970,7495,0,0,0,0,1,0
422,219270,313,-338,25,0,24077,-25971,1894,0,0,0,0,1,0
423,219791,348,-299,-49,0,26753,-22973,-3780,0,0,0,0,1,0
424,220312,369,-248,-121,0,28401,-19093,-9308,0,0,0,0,1,0
425,220833,377,-188,-188,0,28957,-14479,-14479,0,0,0,0,1,0
426,221354,369,-121,-248,0,28401,-9308,-19093,0,0,0,0,1,0
427,221875,348,-49,-299,0,26753,-3780,-22973,0,0,0,0,1,0
428,222395,313,25,-338,0,24077,1894,-25971,0,0,0,0,1,0
429,222916,266,97,-364,0,20476,7495,-27970,0,0,0,0,1,0
430,223437,209,167,-376,0,16088,12807,-28895,0,0,0,0,1,0
431,223958,144,229,-373,0,11081,17628,-28709,0,0,0,0,1,0
432,224479,73,283,-357,0,5649,21771,-27420,0,0,0,0,1,0
433,225000,0,326,-326,0,0,25078,-25078,0,0,0,0,1,0
434,225520,-73,357,-283,0,-5649,27420,-21771,0,0,0,0,1,0
435,226041,-144,373,-229,0,-11081,28709,-17628,0,0,0,0,1,0
436,226562,-209,376,-167,0,-16088,28895,-12807,0,0,0,0,1,0
437,227083,-266,364,-97,0,-20476,27970,-7495,0,0,0,0,1,0
438,227604,-313,338,-25,0,-24077,25971,-1894,0,0,0,0,1,0
439,228125,-348,299,49,0,-26753,22973,3780,0,0,0,0,1,0
440,228645,-369,248,121,0,-28401,19093,9308,0,0,0,0,1,0
441,229166,-377,188,188,0,-28957,14479,14479,0,0,0,0,1,0
442,229687,-369,121,248,0,-28401,9308,19093,0,0,0,0,1,0
443,230208,-348,49,299,0,-26753,3780,22973,0,0,0,0,1,0
444,230729,-313,-25,338,0,-24077,-1894,25971,0,0,0,0,1,0
445,231250,-266,-97,364,0,-20476,-7495,27970,0,0,0,0,1,0
446,231770,-209,-167,376,0,-16088,-12807,28895,0,0,0,0,1,0
447,232291,-144,-229,373,0,-11081,-17628,28709,0,0,0,0,1,0
448,232812,-73,-283,357,0,-5649,-21771,27420,0,0,0,0,1,0
449,233333,0,-326,326,0,0,-25078,25078,0,0,0,0,1,0
450,233854,73,-357,283,0,5649,-27420,21771,0,0,0,0,1,0
451,234375,144,-373,229,0,11081,-28709,17628,0,0,0,0,1,0
452,234895,209,-376,167,0,16088,-28895,12807,0,0,0,0,1,0
453,235416,266,-364,97,0,20476,-27970,7495,0,0,0,0,1,0
454,235937,313,-338,25,0,24077,-25971,1894,0,0,0,0,1,0
455,236458,348,-299,-49,0,26753,-22973,-3780,0,0,0,0,1,0
456,236979,369,-248,-121,0,28401,-19093,-9308,0,0,0,0,1,0
457,237500,377,-188,-188,0,28957,-14479,-14479,0,0,0,0,1,0
458,238020,369,-121,-248,0,28401,-9308,-19093,0,0,0,0,1,0
459,238541,348,-49,-299,0,26753,-3780,-22973,0,0,0,0,1,0
460,239062,313,25,-338,0,24077,1894,-25971,0,0,0,0,1,0
461,239583,266,97,-364,0,20476,7495,-27970,0,0,0,0,1,0
462,240104,209,167,-376,0,16088,12807,-28895,0,0,0,0,1,0
463,240625,144,229,-373,0,11081,17628,-28709,0,0,0,0,1,0
464,241145,73,283,-357,0,5649,21771,-27420,0,0,0,0,1,0
465,241666,0,326,-326,0,0,25078,-25078,0,0,0,0,1,0
466,242187,-73,357,-283,0,-5649,27420,-21771,0,0,0,0,1,0
467,242708,-144,373,-229,0,-11081,28709,-17628,0,0,0,0,1,0
468,243229,-209,376,-167,0,-16088,28895,-12807,0,0,0,0,1,0
469,243750,-266,364,-97,0,-20476,27970,-7495,0,0,0,0,1,0
470,244270,-313,338,-25,0,-24077,25971,-1894,0,0,0,0,1,0
471,244791,-348,299,49,0,-26753,22973,3780,0,0,0,0,1,0
472,245312,-369,248,121,0,-28401,19093,9308,0,0,0,0,1,0
473,245833,-377,188,188,0,-28957,14479,14479,0,0,0,0,1,0
474,246354,-369,121,248,0,-28401,9308,19093,0,0,0,0,1,0
475,246875,-348,49,299,0,-26753,3780,22973,0,0,0,0,1,0
476,247395,-313,-25,338,0,-24077,-1894,25971,0,0,0,0,1,0
477,247916,-266,-97,364,0,-20476,-7495,27970,0,0,0,0,1,0
478,248437,-209,-167,376,0,-16088,-12807,28895,0,0,0,0,1,0
479,248958,-144,-229,373,0,-11081,-17628,28709,0,0,0,0,1,0
480,249479,-73,-283,357,0,-5649,-21771,27420,0,0,0,0,1,0
481,250000,0,-326,326,0,0,-25078,25078,0,0,0,0,1,0
482,250520,73,-357,283,0,5649,-27420,21771,0,0,0,0,1,0
483,251041,144,-373,229,0,11081,-28709,17628,0,0,0,0,1,0
484,251562,209,-376,167,0,16088,-28895,12807,0,0,0,0,1,0
485,252083,266,-364,97,0,20476,-27970,7495,0,0,0,0,1,0
486,252604,313,-338,25,0,24077,-25971,1894,0,0,0,0,1,0
487,253125,348,-299,-49,0,26753,-22973,-3780,0,0,0,0,1,0
488,253645,369,-248,-121,0,28401,-19093,-9308,0,0,0,0,1,0
489,254166,377,-188,-188,0,28957,-14479,-14479,0,0,0,0,1,0
490,254687,369,-121,-248,0,28401,-9308,-19093,0,0,0,0,1,0
491,255208,348,-49,-299,0,26753,-3780,-22973,0,0,0,0,1,0
492,255729,313,25,-338,0,24077,1894,-25971,0,0,0,0,1,0
493,256249,266,97,-364,0,20476,7495,-27970,0,0,0,0,1,0
494,256770,209,167,-376,0,16088,12807,-28895,0,0,0,0,1,0
495,257291,144,229,-373,0,11081,17628,-28709,0,0,0,0,1,0
496,257812,73,283,-357,0,5649,21771,-27420,0,0,0,0,1,0
497,258333,0,326,-326,0,0,25078,-25078,0,0,0,0,1,0
498,258854,-73,357,-283,0,-5649,27420,-21771,0,0,0,0,1,0
499,259375,-144,373,-229,0,-11081,28709,-17628,0,0,0,0,1,0
500,259895,-209,376,-167,0,-16088,28895,-12807,0,0,0,0,1,0
501,260416,-266,364,-97,0,-20476,27970,-7495,0,0,0,0,1,0
502,260937,-313,338,-25,0,-24077,25971,-1894,0,0,0,0,1,0
503,261458,-348,299,49,0,-26753,22973,3780,0,0,0,0,1,0
504,261979,-369,248,121,0,-28401,19093,9308,0,0,0,0,1,0
505,262500,-377,188,188,0,-28957,14479,14479,0,0,0,0,1,0
506,263020,-369,121,248,0,-28401,9308,19093,0,0,0,0,1,0
507,263541,-348,49,299,0,-26753,3780,22973,0,0,0,0,1,0
508,264062,-313,-25,338,0,-24077,-1894,25971,0,0,0,0,1,0
509,264583,-266,-97,364,0,-20476,-7495,27970,0,0,0,0,1,0
510,265104,-209,-167,376,0,-16088,-12807,28895,0,0,0,0,1,0
511,265625,-144,-229,373,0,-11081,-17628,28709,0,0,0,0,1,0
512,266145,-73,-283,357,0,-5649,-21771,27420,0,0,0,0,1,0
513,266666,0,-326,326,0,0,-25078,25078,0,0,0,0,1,0
514,267187,73,-357,283,0,5649,-27420,21771,0,0,0,0,1,0
515,267708,144,-373,229,0,11081,-28709,17628,0,0,0,0,1,0
516,268229,209,-376,167,0,16088,-28895,12807,0,0,0,0,1,0
517,268750,266,-364,97,0,20476,-27970,7495,0,0,0,0,1,0
518,269270,313,-338,25,0,24077,-25971,1894,0,0,0,0,1,0
519,269791,348,-299,-49,0,26753,-22973,-3780,0,0,0,0,1,0
520,270312,369,-248,-121,0,28401,-19093,-9308,0,0,0,0,1,0
521,270833,377,-188,-188,0,28957,-14479,-14479,0,0,0,0,1,0
522,271354,369,-121,-248,0,28401,-9308,-19093,0,0,0,0,1,0
523,271875,348,-49,-299,0,26753,-3780,-22973,0,0,0,0,1,0
524,272395,313,25,-338,0,24077,1894,-25971,0,0,0,0,1,0
525,272916,266,97,-364,0,20476,7495,-27970,0,0,0,0,1,0
526,273437,209,167,-376,0,16088,12807,-28895,0,0,0,0,1,0
527,273958,144,229,-373,0,11081,17628,-28709,0,0,0,0,1,0
528,274479,73,283,-357,0,5649,21771,-27420,0,0,0,0,1,0
529,275000,0,326,-326,0,0,25078,-25078,0,0,0,0,1,0
530,275520,-73,357,-283,0,-5649,27420,-21771,0,0,0,0,1,0
531,276041,-144,373,-229,0,-11081,28709,-17628,0,0,0,0,1,0
532,276562,-209,376,-167,0,-16088,28895,-12807,0,0,0,0,1,0
533,277083,-266,364,-97,0,-20476,27970,-7495,0,0,0,0,1,0
534,277604,-313,338,-25,0,-24077,25971,-1894,0,0,0,0,1,0
535,278125,-348,299,49,0,-26753,22973,3780,0,0,0,0,1,0
536,278645,-369,248,121,0,-28401,19093,9308,0,0,0,0,1,0
537,279166,-377,188,188,0,-28957,14479,14479,0,0,0,0,1,0
538,279687,-369,121,248,0,-28401,9308,19093,0,0,0,0,1,0
539,280208,-348,49,299,0,-26753,3780,22973,0,0,0,0,1,0
540,280729,-313,-25,338,0,-24077,-1894,25971,0,0,0,0,1,0
541,281250,-266,-97,364,0,-20476,-7495,27970,0,0,0,0,1,0
542,281770,-209,-167,376,0,-16088,-12807,28895,0,0,0,0,1,0
543,282291,-144,-229,373,0,-11081,-17628,28709,0,0,0,0,1,0
544,282812,-73,-283,357,0,-5649,-21771,27420,0,0,0,0,1,0
545,283333,0,-326,326,0,0,-25078,25078,0,0,0,0,1,0
546,283854,73,-357,283,0,5649,-27420,21771,0,0,0,0,1,0
547,284375,144,-373,229,0,11081,-28709,17628,0,0,0,0,1,0
548,284895,209,-376,167,0,16088,-28895,12807,0,0,0,0,1,0
549,285416,266,-364,97,0,20476,-27970,7495,0,0,0,0,1,0
550,285937,313,-338,25,0,24077,-25971,1894,0,0,0,0,1,0
551,286458,348,-299,-49,0,26753,-22973,-3780,0,0,0,0,1,0
552,286979,369,-248,-121,0,28401,-19093,-9308,0,0,0,0,1,0
553,287500,377,-188,-188,0,28957,-14479,-14479,0,0,0,0,1,0
554,288020,369,-121,-248,0,28401,-9308,-19093,0,0,0,0,1,0
555,288541,348,-49,-299,0,26753,-3780,-22973,0,0,0,0,1,0
556,289062,313,25,-338,0,24077,1894,-25971,0,0,0,0,1,0
557,289583,266,97,-364,0,20476,7495,-27970,0,0,0,0,1,0
558,290104,209,167,-376,0,16088,12807,-28895,0,0,0,0,1,0
559,290625,144,229,-373,0,11081,17628,-28709,0,0,0,0,1,0
560,291145,73,283,-357,0,5649,21771,-27420,0,0,0,0,1,0
561,291666,0,326,-326,0,0,25078,-25078,0,0,0,0,1,0
562,292187,-73,357,-283,0,-5649,27420,-21771,0,0,0,0,1,0
563,292708,-144,373,-229,0,-11081,28709,-17628,0,0,0,0,1,0
564,293229,-209,376,-167,0,-16088,28895,-12807,0,0,0,0,1,0
565,293750,-266,364,-97,0,-20476,27970,-7495,0,0,0,0,1,0
566,294270,-313,338,-25,0,-24077,25971,-1894,0,0,0,0,1,0
567,294791,-348,299,49,0,-26753,22973,3780,0,0,0,0,1,0
568,295312,-369,248,121,0,-28401,19093,9308,0,0,0,0,1,0
569,295833,-377,188,188,0,-28957,14479,14479,0,0,0,0,1,0
570,296354,-369,121,248,0,-28401,9308,19093,0,0,0,0,1,0
571,296875,-348,49,299,0,-26753,3780,22973,0,0,0,0,1,0
572,297395,-313,-25,338,0,-24077,-1894,25971,0,0,0,0,1,0
573,297916,-266,-97,364,0,-20476,-7495,27970,0,0,0,0,1,0
574,298437,-209,-167,376,0,-16088,-12807,28895,0,0,0,0,1,0
575,298958,-144,-229,373,0,-11081,-17628,28709,0,0,0,0,1,0
576,299479,-73,-283,357,0,-5649,-21771,27420,0,0,0,0,1,0
577,300000,0,-326,326,0,0,-25078,25078,0,0,0,0,1,0
578,300520,73,-357,283,0,5649,-27420,21771,0,0,0,0,1,0
579,301041,144,-373,229,0,11081,-28709,17628,0,0,0,0,1,0
580,301562,209,-376,167,0,16088,-28895,12807,0,0,0,0,1,0
581,302083,266,-364,97,0,20476,-27970,7495,0,0,0,0,1,0
582,302604,313,-338,25,0,24077,-25971,1894,0,0,0,0,1,0
583,303125,348,-299,-49,0,26753,-22973,-3780,0,0,0,0,1,0
584,303645,369,-248,-121,0,28401,-19093,-9308,0,0,0,0,1,0
585,304166,377,-188,-188,0,28957,-14479,-14479,0,0,0,0,1,0
586,304687,369,-121,-248,0,28401,-9308,-19093,0,0,0,0,1,0
587,305208,348,-49,-299,0,26753,-3780,-22973,0,0,0,0,1,0
588,305729,313,25,-338,0,24077,1894,-25971,0,0,0,0,1,0
589,306250,266,97,-364,0,20476,7495,-27970,0,0,0,0,1,0
590,306770,209,167,-376,0,16088,12807,-28895,0,0,0,0,1,0
591,307291,144,229,-373,0,11081,17628,-28709,0,0,0,0,1,0
592,307812,73,283,-357,0,5649,21771,-27420,0,0,0,0,1,0
593,308333,0,326,-326,0,0,25078,-25078,0,0,0,0,1,0
594,308854,-73,357,-283,0,-5649,27420,-21771,0,0,0,0,1,0
595,309375,-144,373,-229,0,-11081,28709,-17628,0,0,0,0,1,0
596,309895,-209,376,-167,0,-16088,28895,-12807,0,0,0,0,1,0
597,310416,-266,364,-97,0,-20476,27970,-7495,0,0,0,0,1,0
598,310937,-313,338,-25,0,-24077,25971,-1894,0,0,0,0,1,0
599,311458,-348,299,49,0,-26753,22973,3780,0,0,0,0,1,0
600,311979,-369,248,121,0,-28401,19093,9308,0,0,0,0,1,0
601,312500,-377,188,188,0,-28957,14479,14479,0,0,0,0,1,0
602,313020,-369,121,248,0,-28401,9308,19093,0,0,0,0,1,0
603,313541,-348,49,299,0,-26753,3780,22973,0,0,0,0,1,0
604,314062,-313,-25,338,0,-24077,-1894,25971,0,0,0,0,1,0
605,314583,-266,-97,364,0,-20476,-7495,27970,0,0,0,0,1,0
606,315104,-209,-167,376,0,-16088,-12807,28895,0,0,0,0,1,0
607,315625,-144,-229,373,0,-11081,-17628,28709,0,0,0,0,1,0
608,316145,-73,-283,357,0,-5649,-21771,27420,0,0,0,0,1,0
609,316666,0,-326,326,0,0,-25078,25078,0,0,0,0,1,0
610,317187,73,-357,283,0,5649,-27420,21771,0,0,0,0,1,0
611,317708,144,-373,229,0,11081,-28709,17628,0,0,0,0,1,0
612,318229,209,-376,167,0,16088,-28895,12807,0,0,0,0,1,0
613,318750,266,-364,97,0,20476,-27970,7495,0,0,0,0,1,0
614,319270,313,-338,25,0,24077,-25971,1894,0,0,0,0,1,0
615,319791,348,-299,-49,0,26753,-22973,-3780,0,0,0,0,1,0
616,320312,369,-248,-121,0,28401,-19093,-9308,0,0,0,0,1,0
617,320833,377,-188,-188,0,28957,-14479,-14479,0,0,0,0,1,0
618,321354,369,-121,-248,0,28401,-9308,-19093,0,0,0,0,1,0
619,321875,348,-49,-299,0,26753,-3780,-22973,0,0,0,0,1,0
620,322395,313,25,-338,0,24077,1894,-25971,0,0,0,0,1,0
621,322916,266,97,-364,0,20476,7495,-27970,0,0,0,0,1,0
622,323437,209,167,-376,0,16088,12807,-28895,0,0,0,0,1,0
623,323958,144,229,-373,0,11081,17628,-28709,0,0,0,0,1,0
624,324479,73,283,-357,0,5649,21771,-27420,0,0,0,0,1,0
625,325000,0,326,-326,0,0,25078,-25078,0,0,0,0,1,0
626,325520,-73,357,-283,0,-5649,27420,-21771,0,0,0,0,1,0
627,326041,-144,373,-229,0,-11081,28709,-17628,0,0,0,0,1,0
628,326562,-209,376,-167,0,-16088,28895,-12807,0,0,0,0,1,0
629,327083,-266,364,-97,0,-20476,27970,-7495,0,0,0,0,1,0
630,327604,-313,338,-25,0,-24077,25971,-1894,0,0,0,0,1,0
631,328125,-348,299,49,0,-26753,22973,3780,0,0,0,0,1,0
632,328645,-369,248,121,0,-28401,19093,9308,0,0,0,0,1,0
633,329166,-377,188,188,0,-28957,14479,14479,0,0,0,0,1,0
634,329687,-369,121,248,0,-28401,9308,19093,0,0,0,0,1,0
635,330208,-348,49,299,0,-26753,3780,22973,0,0,0,0,1,0
636,330729,-313,-25,338,0,-24077,-1894,25971,0,0,0,0,1,0
637,331250,-266,-97,364,0,-20476,-7495,27970,0,0,0,0,1,0
638,331770,-209,-167,376,0,-16088,-12807,28895,0,0,0,0,1,0
639,332291,-144,-229,373,0,-11081,-17628,28709,0,0,0,0,1,0
640,332812,-73,-283,357,0,-5649,-21771,27420,0,0,0,0,1,0
641,333333,0,-326,326,0,0,-25078,25078,0,0,0,0,1,0
642,333854,73,-357,283,0,5649,-27420,21771,0,0,0,0,1,0
643,334375,144,-373,229,0,11081,-28709,17628,0,0,0,0,1,0
644,334895,209,-376,167,0,16088,-28895,12807,0,0,0,0,1,0
645,335416,266,-364,97,0,20476,-27970,7495,0,0,0,0,1,0
646,335937,313,-338,25,0,24077,-25971,1894,0,0,0,0,1,0
647,336458,348,-299,-49,0,26753,-22973,-3780,0,0,0,0,1,0
648,336979,369,-248,-121,0,28401,-19093,-9308,0,0,0,0,1,0
649,337500,377,-188,-188,0,28957,-14479,-14479,0,0,0,0,1,0
650,338020,369,-121,-248,0,28401,-9308,-19093,0,0,0,0,1,0
651,338541,348,-49,-299,0,26753,-3780,-22973,0,0,0,0,1,0
652,339062,313,25,-338,0,24077,1894,-25971,0,0,0,0,1,0
653,339583,266,97,-364,0,20476,7495,-27970,0,0,0,0,1,0
654,340104,209,167,-376,0,16088,12807,-28895,0,0,0,0,1,0
655,340625,144,229,-373,0,11081,17628,-28709,0,0,0,0,1,0
656,341145,73,283,-357,0,5649,21771,-27420,0,0,0,0,1,0
657,341666,0,326,-326,0,0,25078,-25078,0,0,0,0,1,0
658,342187,-73,357,-283,0,-5649,27420,-21771,0,0,0,0,1,0
659,342708,-144,373,-229,0,-11081,28709,-17628,0,0,0,0,1,0
660,343229,-209,376,-167,0,-16088,28895,-12807,0,0,0,0,1,0
661,343750,-266,364,-97,0,-20476,27970,-7495,0,0,0,0,1,0
662,344270,-313,338,-25,0,-24077,25971,-1894,0,0,0,0,1,0
663,344791,-348,299,49,0,-26753,22973,3780,0,0,0,0,1,0
664,345312,-369,248,121,0,-28401,19093,9308,0,0,0,0,1,0
665,345833,-377,188,188,0,-28957,14479,14479,0,0,0,0,1,0
666,346354,-369,121,248,0,-28401,9308,19093,0,0,0,0,1,0
667,346875,-348,49,299,0,-26753,3780,22973,0,0,0,0,1,0
668,347395,-313,-25,338,0,-24077,-1894,25971,0,0,0,0,1,0
669,347916,-266,-97,364,0,-20476,-7495,27970,0,0,0,0,1,0
670,348437,-209,-167,376,0,-16088,-12807,28895,0,0,0,0,1,0
671,348958,-144,-229,373,0,-11081,-17628,28709,0,0,0,0,1,0
672,349479,-73,-283,357,0,-5649,-21771,27420,0,0,0,0,1,0
673,350000,0,-326,326,0,0,-25078,25078,0,0,0,0,1,0
674,350520,73,-357,283,0,5649,-27420,21771,0,0,0,0,1,0
675,351041,144,-373,229,0,11081,-28709,17628,0,0,0,0,1,0
676,351562,209,-376,167,0,16088,-28895,12807,0,0,0,0,1,0
677,352083,266,-364,97,0,20476,-27970,7495,0,0,0,0,1,0
678,352604,313,-338,25,0,24077,-25971,1894,0,0,0,0,1,0
679,353125,348,-299,-49,0,26753,-22973,-3780,0,0,0,0,1,0
680,353645,369,-248,-121,0,28401,-19093,-9308,0,0,0,0,1,0
681,354166,377,-188,-188,0,28957,-14479,-14479,0,0,0,0,1,0
682,354687,369,-121,-248,0,28401,-9308,-19093,0,0,0,0,1,0
683,355208,348,-49,-299,0,26753,-3780,-22973,0,0,0,0,1,0
684,355729,313,25,-338,0,24077,1894,-25971,0,0,0,0,1,0
685,356250,266,97,-364,0,20476,7495,-27970,0,0,0,0,1,0
686,356770,209,167,-376,0,16088,12807,-28895,0,0,0,0,1,0
687,357291,144,229,-373,0,11081,17628,-28709,0,0,0,0,1,0
688,357812,73,283,-357,0,5649,21771,-27420,0,0,0,0,1,0
689,358333,0,326,-326,0,0,25078,-25078,0,0,0,0,1,0
690,358854,-73,357,-283,0,-5649,27420,-21771,0,0,0,0,1,0
691,359375,-144,373,-229,0,-11081,28709,-17628,0,0,0,0,1,0
692,359895,-209,376,-167,0,-16088,28895,-12807,0,0,0,0,1,0
693,360416,-266,364,-97,0,-20476,27970,-7495,0,0,0,0,1,0
694,360937,-313,338,-25,0,-24077,25971,-1894,0,0,0,0,1,0
695,361458,-348,299,49,0,-26753,22973,3780,0,0,0,0,1,0
696,361979,-369,248,121,0,-28401,19093,9308,0,0,0,0,1,0
697,362500,-377,188,188,0,-28957,14479,14479,0,0,0,0,1,0
698,363020,-369,121,248,0,-28401,9308,19093,0,0,0,0,1,0
699,363541,-348,49,299,0,-26753,3780,22973,0,0,0,0,1,0
700,364062,-313,-25,338,0,-24077,-1894,25971,0,0,0,0,1,0
701,364583,-266,-97,364,0,-20476,-7495,27970,0,0,0,0,1,0
702,365104,-209,-167,376,0,-16088,-12807,28895,0,0,0,0,1,0
703,365625,-144,-229,373,0,-11081,-17628,28709,0,0,0,0,1,0
704,366145,-73,-283,357,0,-5649,-21771,27420,0,0,0,0,1,0
705,366666,0,-326,326,0,0,-25078,25078,0,0,0,0,1,0
706,367187,73,-357,283,0,5649,-27420,21771,0,0,0,0,1,0
707,367708,144,-373,229,0,11081,-28709,17628,0,0,0,0,1,0
708,368229,209,-376,167,0,16088,-28895,12807,0,0,0,0,1,0
709,368750,266,-364,97,0,20476,-27970,7495,0,0,0,0,1,0
710,369270,313,-338,25,0,24077,-25971,1894,0,0,0,0,1,0
711,369791,348,-299,-49,0,26753,-22973,-3780,0,0,0,0,1,0
712,370312,369,-248,-121,0,28401,-19093,-9308,0,0,0,0,1,0
713,370833,377,-188,-188,0,28957,-14479,-14479,0,0,0,0,1,0
714,371354,369,-121,-248,0,28401,-9308,-19093,0,0,0,0,1,0
715,371875,348,-49,-299,0,26753,-3780,-22973,0,0,0,0,1,0
716,372395,313,25,-338,0,24077,1894,-25971,0,0,0,0,1,0
717,372916,266,97,-364,0,20476,7495,-27970,0,0,0,0,1,0
718,373437,209,167,-376,0,16088,12807,-28895,0,0,0,0,1,0
719,373958,144,229,-373,0,11081,17628,-28709,0,0,0,0,1,0
720,374479,73,283,-357,0,5649,21771,-27420,0,0,0,0,1,0
721,375000,0,326,-326,0,0,25078,-25078,0,0,0,0,1,0
722,375520,-73,357,-283,0,-5649,27420,-21771,0,0,0,0,1,0
723,376041,-144,373,-229,0,-11081,28709,-17628,0,0,0,0,1,0
724,376562,-209,376,-167,0,-16088,28895,-12807,0,0,0,0,1,0
725,377083,-266,364,-97,0,-20476,27970,-7495,0,0,0,0,1,0
726,377604,-313,338,-25,0,-24077,25971,-1894,0,0,0,0,1,0
727,378125,-348,299,49,0,-26753,22973,3780,0,0,0,0,1,0
728,378645,-369,248,121,0,-28401,19093,9308,0,0,0,0,1,0
729,379166,-377,188,188,0,-28957,14479,14479,0,0,0,0,1,0
730,379687,-369,121,248,0,-28401,9308,19093,0,0,0,0,1,0
731,380208,-348,49,299,0,-26753,3780,22973,0,0,0,0,1,0
732,380729,-313,-25,338,0,-24077,-1894,25971,0,0,0,0,1,0
733,381250,-266,-97,364,0,-20476,-7495,27970,0,0,0,0,1,0
734,381770,-209,-167,376,0,-16088,-12807,28895,0,0,0,0,1,0
735,382291,-144,-229,373,0,-11081,-17628,28709,0,0,0,0,1,0
736,382812,-73,-283,357,0,-5649,-21771,27420,0,0,0,0,1,0
737,383333,0,-326,326,0,0,-25078,25078,0,0,0,0,1,0
738,383854,73,-357,283,0,5649,-27420,21771,0,0,0,0,1,0
739,384375,144,-373,229,0,11081,-28709,17628,0,0,0,0,1,0
740,384895,209,-376,167,0,16088,-28895,12807,0,0,0,0,1,0
741,385416,266,-364,97,0,20476,-27970,7495,0,0,0,0,1,0
742,385937,313,-338,25,0,24077,-25971,1894,0,0,0,0,1,0
743,386458,348,-299,-49,0,26753,-22973,-3780,0,0,0,0,1,0
744,386979,369,-248,-121,0,28401,-19093,-9308,0,0,0,0,1,0
745,387500,377,-188,-188,0,28957,-14479,-14479,0,0,0,0,1,0
746,388020,369,-121,-248,0,28401,-9308,-19093,0,0,0,0,1,0
747,388541,348,-49,-299,0,26753,-3780,-22973,0,0,0,0,1,0
748,389062,313,25,-338,0,24077,1894,-25971,0,0,0,0,1,0
749,389583,266,97,-364,0,20476,7495,-27970,0,0,0,0,1,0
750,390104,209,167,-376,0,16088,12807,-28895,0,0,0,0,1,0
751,390625,144,229,-373,0,11081,17628,-28709,0,0,0,0,1,0
752,391145,73,283,-357,0,5649,21771,-27420,0,0,0,0,1,0
753,391666,0,326,-326,0,0,25078,-25078,0,0,0,0,1,0
754,392187,-73,357,-283,0,-5649,27420,-21771,0,0,0,0,1,0
755,392708,-144,373,-229,0,-11081,28709,-17628,0,0,0,0,1,0
756,393229,-209,376,-167,0,-16088,28895,-12807,0,0,0,0,1,0
757,393750,-266,364,-97,0,-20476,27970,-7495,0,0,0,0,1,0
758,394270,-313,338,-25,0,-24077,25971,-1894,0,0,0,0,1,0
759,394791,-348,299,49,0,-26753,22973,3780,0,0,0,0,1,0
760,395312,-369,248,121,0,-28401,19093,9308,0,0,0,0,1,0
761,395833,-377,188,188,0,-28957,14479,14479,0,0,0,0,1,0
762,396354,-369,121,248,0,-28401,9308,19093,0,0,0,0,1,0
763,396875,-348,49,299,0,-26753,3780,22973,0,0,0,0,1,0
764,397395,-313,-25,338,0,-24077,-1894,25971,0,0,0,0,1,0
765,397916,-266,-97,364,0,-20476,-7495,27970,0,0,0,0,1,0
766,398437,-209,-167,376,0,-16088,-12807,28895,0,0,0,0,1,0
767,398958,-144,-229,373,0,-11081,-17628,28709,0,0,0,0,1,0
768,399479,-73,-283,357,0,-5649,-21771,27420,0,0,0,0,1,0
769,400000,0,-326,326,0,0,-25078,25078,0,0,0,0,1,0
770,400520,73,-357,283,0,5649,-27420,21771,0,0,0,0,1,0
771,401041,144,-373,229,0,11081,-28709,17628,0,0,0,0,1,0
772,401562,209,-376,167,0,16088,-28895,12807,0,0,0,0,1,0
773,402083,266,-364,97,0,20476,-27970,7495,0,0,0,0,1,0
774,402604,313,-338,25,0,24077,-25971,1894,0,0,0,0,1,0
775,403125,348,-299,-49,0,26753,-22973,-3780,0,0,0,0,1,0
776,403645,369,-248,-121,0,28401,-19093,-9308,0,0,0,0,1,0
777,404166,377,-188,-188,0,28957,-14479,-14479,0,0,0,0,1,0
778,404687,369,-121,-248,0,28401,-9308,-19093,0,0,0,0,1,0
779,405208,348,-49,-299,0,26753,-3780,-22973,0,0,0,0,1,0
780,405729,313,25,-338,0,24077,1894,-25971,0,0,0,0,1,0
781,406250,266,97,-364,0,20476,7495,-27970,0,0,0,0,1,0
782,406770,209,167,-376,0,16088,12807,-28895,0,0,0,0,1,0
783,407291,144,229,-373,0,11081,17628,-28709,0,0,0,0,1,0
784,407812,73,283,-357,0,5649,21771,-27420,0,0,0,0,1,0
785,408333,0,326,-326,0,0,25078,-25078,0,0,0,0,1,0
786,408854,-73,357,-283,0,-5649,27420,-21771,0,0,0,0,1,0
787,409375,-144,373,-229,0,-11081,28709,-17628,0,0,0,0,1,0
788,409895,-209,376,-167,0,-16088,28895,-12807,0,0,0,0,1,0
789,410416,-266,364,-97,0,-20476,27970,-7495,0,0,0,0,1,0
790,410937,-313,338,-25,0,-24077,25971,-1894,0,0,0,0,1,0
791,411458,-348,299,49,0,-26753,22973,3780,0,0,0,0,1,0
792,411979,-369,248,121,0,-28401,19093,9308,0,0,0,0,1,0
793,412500,-377,188,188,0,-28957,14479,14479,0,0,0,0,1,0
794,413020,-369,121,248,0,-28401,9308,19093,0,0,0,0,1,0
795,413541,-348,49,299,0,-26753,3780,22973,0,0,0,0,1,0
796,414062,-313,-25,338,0,-24077,-1894,25971,0,0,0,0,1,0
797,414583,-266,-97,364,0,-20476,-7495,27970,0,0,0,0,1,0
798,415104,-209,-167,376,0,-16088,-12807,28895,0,0,0,0,1,0
799,415625,-144,-229,373,0,-11081,-17628,28709,0,0,0,0,1,0
800,416145,-73,-283,357,0,-5649,-21771,27420,0,0,0,0,1,0
801,416666,0,-326,326,0,0,-25078,25078,0,0,0,0,1,0
802,417187,73,-357,283,0,5649,-27420,21771,0,0,0,0,1,0
803,417708,144,-373,229,0,11081,-28709,17628,0,0,0,0,1,0
804,418229,209,-376,167,0,16088,-28895,12807,0,0,0,0,1,0
805,418750,266,-364,97,0,20476,-27970,7495,0,0,0,0,1,0
806,419270,313,-338,25,0,24077,-25971,1894,0,0,0,0,1,0
807,419791,348,-299,-49,0,26753,-22973,-3780,0,0,0,0,1,0
808,420312,369,-248,-121,0,28401,-19093,-9308,0,0,0,0,1,0
809,420833,377,-188,-188,0,28957,-14479,-14479,0,0,0,0,1,0
