1,0,0,-849,849,0,0,-25024,25024,0,0,0,0,1,0
2,520,191,-928,737,0,5637,-27362,21724,0,0,0,0,1,0
3,1041,375,-972,597,0,11058,-28648,17590,0,0,0,0,1,0
4,1562,545,-978,434,0,16053,-28833,12780,0,0,0,0,1,0
5,2083,693,-947,254,0,20432,-27910,7479,0,0,0,0,1,0
6,2604,815,-879,64,0,24025,-25915,1890,0,0,0,0,1,0
7,3125,906,-778,-128,0,26696,-22924,-3772,0,0,0,0,1,0
8,3645,961,-646,-315,0,28340,-19052,-9288,0,0,0,0,1,0
9,4166,980,-490,-490,0,28895,-14448,-14448,0,0,0,0,1,0
10,4687,961,-315,-646,0,28340,-9288,-19052,0,0,0,0,1,0
11,5208,906,-128,-778,0,26696,-3772,-22924,0,0,0,0,1,0
12,5729,815,64,-879,0,24025,1890,-25915,0,0,0,0,1,0
13,6250,693,254,-947,0,20432,7479,-27910,0,0,0,0,1,0
14,6770,545,434,-978,0,16053,12780,-28833,0,0,0,0,1,0
15,7291,375,597,-972,0,11058,17590,-28648,0,0,0,0,1,0
16,7812,191,737,-928,0,5637,21724,-27362,0,0,0,0,1,0
17,8333,0,849,-849,0,0,25024,-25024,0,0,0,0,1,0
18,8854,-191,928,-737,0,-5637,27362,-21724,0,0,0,0,1,0
19,9375,-375,972,-597,0,-11058,28648,-17590,0,0,0,0,1,0
20,9895,-545,978,-434,0,-16053,28833,-12780,0,0,0,0,1,0
21,10416,-693,947,-254,0,-20432,27910,-7479,0,0,0,0,1,0
22,10937,-815,879,-64,0,-24025,25915,-1890,0,0,0,0,1,0
23,11458,-906,778,128,0,-26696,22924,3772,0,0,0,0,1,0
24,11979,-961,646,315,0,-28340,19052,9288,0,0,0,0,1,0
25,12500,-980,490,490,0,-28895,14448,14448,0,0,0,0,1,0
26,13020,-961,315,646,0,-28340,9288,19052,0,0,0,0,1,0
27,13541,-906,128,778,0,-26696,3772,22924,0,0,0,0,1,0
28,14062,-815,-64,879,0,-24025,-1890,25915,0,0,0,0,1,0
29,14583,-693,-254,947,0,-20432,-7479,27910,0,0,0,0,1,0
30,15104,-545,-434,978,0,-16053,-12780,28833,0,0,0,0,1,0
31,15625,-375,-597,972,0,-11058,-17590,28648,0,0,0,0,1,0
32,16145,-191,-737,928,0,-5637,-21724,27362,0,0,0,0,1,0
33,16666,0,-849,849,0,0,-25024,25024,0,0,0,0,1,0
34,17187,191,-928,737,0,5637,-27362,21724,0,0,0,0,1,0
35,17708,375,-972,597,0,11058,-28648,17590,0,0,0,0,1,0
36,18229,545,-978,434,0,16053,-28833,12780,0,0,0,0,1,0
37,18750,693,-947,254,0,20432,-27910,7479,0,0,0,0,1,0
38,19270,815,-879,64,0,24025,-25915,1890,0,0,0,0,1,0
39,19791,906,-778,-128,0,26696,-22924,-3772,0,0,0,0,1,0
40,20312,961,-646,-315,0,28340,-19052,-9288,0,0,0,0,1,0
41,20833,980,-490,-490,0,28895,-14448,-14448,0,0,0,0,1,0
42,21354,961,-315,-646,0,28340,-9288,-19052,0,0,0,0,1,0
43,21875,906,-128,-778,0,26696,-3772,-22924,0,0,0,0,1,0
44,22395,815,64,-879,0,24025,1890,-25915,0,0,0,0,1,0
45,22916,693,254,-947,0,20432,7479,-27910,0,0,0,0,1,0
46,23437,545,434,-978,0,16053,12780,-28833,0,0,0,0,1,0
47,23958,375,597,-972,0,11058,17590,-28648,0,0,0,0,1,0
48,24479,191,737,-928,0,5637,21724,-27362,0,0,0,0,1,0
49,25000,0,849,-849,0,0,25024,-25024,0,0,0,0,1,0
50,25520,-191,928,-737,0,-5637,27362,-21724,0,0,0,0,1,0
51,26041,-375,972,-597,0,-11058,28648,-17590,0,0,0,0,1,0
52,26562,-545,978,-434,0,-16053,28833,-12780,0,0,0,0,1,0
53,27083,-693,947,-254,0,-20432,27910,-7479,0,0,0,0,1,0
54,27604,-815,879,-64,0,-24025,25915,-1890,0,0,0,0,1,0
55,28125,-906,778,128,0,-26696,22924,3772,0,0,0,0,1,0
56,28645,-961,646,315,0,-28340,19052,9288,0,0,0,0,1,0
57,29166,-980,490,490,0,-28895,14448,14448,0,0,0,0,1,0
58,29687,-961,315,646,0,-28340,9288,19052,0,0,0,0,1,0
59,30208,-906,128,778,0,-26696,3772,22924,0,0,0,0,1,0
60,30729,-815,-64,879,0,-24025,-1890,25915,0,0,0,0,1,0
61,31250,-693,-254,947,0,-20432,-7479,27910,0,0,0,0,1,0
62,31770,-545,-434,978,0,-16053,-12780,28833,0,0,0,0,1,0
63,32291,-375,-597,972,0,-11058,-17590,28648,0,0,0,0,1,0
64,32812,-191,-737,928,0,-5637,-21724,27362,0,0,0,0,1,0
65,33333,0,-849,849,0,0,-25024,25024,0,0,0,0,1,0
66,33854,191,-928,737,0,5637,-27362,21724,0,0,0,0,1,0
67,34375,375,-972,597,0,11058,-28648,17590,0,0,0,0,1,0
68,34895,545,-978,434,0,16053,-28833,12780,0,0,0,0,1,0
69,35416,693,-947,254,0,20432,-27910,7479,0,0,0,0,1,0
70,35937,815,-879,64,0,24025,-25915,1890,0,0,0,0,1,0
71,36458,906,-778,-128,0,26696,-22924,-3772,0,0,0,0,1,0
72,36979,961,-646,-315,0,28340,-19052,-9288,0,0,0,0,1,0
73,37500,980,-490,-490,0,28895,-14448,-14448,0,0,0,0,1,0
74,38020,961,-315,-646,0,28340,-9288,-19052,0,0,0,0,1,0
75,38541,906,-128,-778,0,26696,-3772,-22924,0,0,0,0,1,0
76,39062,815,64,-879,0,24025,1890,-25915,0,0,0,0,1,0
77,39583,693,254,-947,0,20432,7479,-27910,0,0,0,0,1,0
78,40104,545,434,-978,0,16053,12780,-28833,0,0,0,0,1,0
79,40625,375,597,-972,0,11058,17590,-28648,0,0,0,0,1,0
80,41145,191,737,-928,0,5637,21724,-27362,0,0,0,0,1,0
81,41666,0,849,-849,0,0,25024,-25024,0,0,0,0,1,0
82,42187,-191,928,-737,0,-5637,27362,-21724,0,0,0,0,1,0
83,42708,-375,972,-597,0,-11058,28648,-17590,0,0,0,0,1,0
84,43229,-545,978,-434,0,-16053,28833,-12780,0,0,0,0,1,0
85,43750,-693,947,-254,0,-20432,27910,-7479,0,0,0,0,1,0
86,44270,-815,879,-64,0,-24025,25915,-1890,0,0,0,0,1,0
87,44791,-906,778,128,0,-26696,22924,3772,0,0,0,0,1,0
88,45312,-961,646,315,0,-28340,19052,9288,0,0,0,0,1,0
89,45833,-980,490,490,0,-28895,14448,14448,0,0,0,0,1,0
90,46354,-961,315,646,0,-28340,9288,19052,0,0,0,0,1,0
91,46875,-906,128,778,0,-26696,3772,22924,0,0,0,0,1,0
92,47395,-815,-64,879,0,-24025,-1890,25915,0,0,0,0,1,0
93,47916,-693,-254,947,0,-20432,-7479,27910,0,0,0,0,1,0
94,48437,-545,-434,978,0,-16053,-12780,28833,0,0,0,0,1,0
95,48958,-375,-597,972,0,-11058,-17590,28648,0,0,0,0,1,0
96,49479,-191,-737,928,0,-5637,-21724,27362,0,0,0,0,1,0
97,50000,0,-849,31207,30358,0,-27026,2502,0,0,0,0,1,0
98,50520,191,-928,27781,27044,6088,-29551,2172,0,0,0,0,1,0
99,51041,375,-972,23863,23267,11942,-30940,1759,0,0,0,0,1,0
100,51562,545,-978,19594,19160,17337,-31140,1278,0,0,0,0,1,0
101,52083,693,-947,15125,14871,22066,-30143,748,0,0,0,0,1,0
102,52604,815,-879,10619,10554,25947,-27988,189,0,0,0,0,1,0
103,53125,906,-778,6236,6364,28831,-24758,-377,0,0,0,0,1,0
104,53645,961,-646,2137,2452,30607,-20576,-929,0,0,0,0,1,0
105,54166,980,-490,-1533,-1043,31207,-15603,-1445,0,0,0,0,1,0
106,54687,961,-315,-4641,-3995,30607,-10031,-1905,0,0,0,0,1,0
107,55208,906,-128,-7079,-6302,28831,-4073,-2292,0,0,0,0,1,0
108,55729,815,64,-8762,-7883,25947,2041,-2592,0,0,0,0,1,0
109,56250,693,254,-9635,-8688,22066,8077,-2791,0,0,0,0,1,0
110,56770,545,434,-9673,-8695,17337,13802,-2883,0,0,0,0,1,0
111,57291,375,597,-8885,-7913,11942,18997,-2865,0,0,0,0,1,0
112,57812,191,737,-7309,-6380,6088,23462,-2736,0,0,0,0,1,0
113,58333,0,849,-5014,-4165,0,27026,-2502,0,0,0,0,1,0
114,58854,-191,928,-2097,-1360,-6088,29551,-2172,0,0,0,0,1,0
115,59375,-375,972,1321,1918,-11942,30940,-1759,0,0,0,0,1,0
116,59895,-545,978,5101,5534,-17337,31140,-1278,0,0,0,0,1,0
117,60416,-693,947,9089,9343,-22066,30143,-748,0,0,0,0,1,0
118,60937,-815,879,13125,13189,-25947,27988,-189,0,0,0,0,1,0
119,61458,-906,778,17046,16918,-28831,24758,377,0,0,0,0,1,0
120,61979,-961,646,20692,20377,-30607,20576,929,0,0,0,0,1,0
121,62500,-980,490,23918,23428,-31207,15603,1445,0,0,0,0,1,0
122,63020,-961,315,26592,25945,-30607,10031,1905,0,0,0,0,1,0
123,63541,-906,128,28603,27825,-28831,4073,2292,0,0,0,0,1,0
124,64062,-815,-64,29867,28988,-25947,-2041,2592,0,0,0,0,1,0
125,64583,-693,-254,30330,29383,-22066,-8077,2791,0,0,0,0,1,0
126,65104,-545,-434,29966,28987,-17337,-13802,2883,0,0,0,0,1,0
127,65625,-375,-597,28783,27811,-11942,-18997,2865,0,0,0,0,1,0
128,66145,-191,-737,26819,25891,-6088,-23462,2736,0,0,0,0,1,0
129,66666,0,-849,24145,23296,0,-27026,2502,0,0,0,0,1,0
130,67187,191,-928,20857,20119,6088,-29551,2172,0,0,0,0,1,0
131,67708,375,-972,17074,16477,11942,-30940,1759,0,0,0,0,1,0
132,68229,545,-978,12936,12503,17337,-31140,1278,0,0,0,0,1,0
133,68750,693,-947,8597,8343,22066,-30143,748,0,0,0,0,1,0
134,69270,815,-879,4217,4153,25947,-27988,189,0,0,0,0,1,0
135,69791,906,-778,-40,88,28831,-24758,-377,0,0,0,0,1,0
136,70312,961,-646,-4018,-3703,30607,-20576,-929,0,0,0,0,1,0
137,70833,980,-490,-7568,-7078,31207,-15603,-1445,0,0,0,0,1,0
138,71354,961,-315,-10559,-9913,30607,-10031,-1905,0,0,0,0,1,0
139,71875,906,-128,-12882,-12104,28831,-4073,-2292,0,0,0,0,1,0
140,72395,815,64,-14452,-13573,25947,2041,-2592,0,0,0,0,1,0
141,72916,693,254,-15214,-14267,22066,8077,-2791,0,0,0,0,1,0
142,73437,545,434,-15144,-14166,17337,13802,-2883,0,0,0,0,1,0
143,73958,375,597,-14249,-13277,11942,18997,-2865,0,0,0,0,1,0
144,74479,191,737,-12569,-11640,6088,23462,-2736,0,0,0,0,1,0
145,75000,0,849,-10172,-9323,0,27026,-2502,0,0,0,0,1,0
146,75520,-191,928,-7155,-6418,-6088,29551,-2172,0,0,0,0,1,0
147,76041,-375,972,-3638,-3042,-11942,30940,-1759,0,0,0,0,1,0
148,76562,-545,978,238,672,-17337,31140,-1278,0,0,0,0,1,0
149,77083,-347,473,-127,0,-20432,27910,-7479,0,0,0,0,1,0
150,77604,-408,440,-32,0,-24025,25915,-1890,0,0,0,0,1,0
151,78125,-453,389,64,0,-26696,22924,3772,0,0,0,0,1,0
152,78645,-481,323,158,0,-28340,19052,9288,0,0,0,0,1,0
153,79166,-490,245,245,0,-28895,14448,14448,0,0,0,0,1,0
154,79687,-481,158,323,0,-28340,9288,19052,0,0,0,0,1,0
155,80208,-453,64,389,0,-26696,3772,22924,0,0,0,0,1,0
156,80729,-408,-32,440,0,-24025,-1890,25915,0,0,0,0,1,0
157,81250,-347,-127,473,0,-20432,-7479,27910,0,0,0,0,1,0
158,81770,-272,-217,489,0,-16053,-12780,28833,0,0,0,0,1,0
159,82291,-188,-298,486,0,-11058,-17590,28648,0,0,0,0,1,0
160,82812,-96,-369,464,0,-5637,-21724,27362,0,0,0,0,1,0
161,83333,0,-424,424,0,0,-25024,25024,0,0,0,0,1,0
162,83854,96,-464,369,0,5637,-27362,21724,0,0,0,0,1,0
163,84375,188,-486,298,0,11058,-28648,17590,0,0,0,0,1,0
164,84895,272,-489,217,0,16053,-28833,12780,0,0,0,0,1,0
165,85416,347,-473,127,0,20432,-27910,7479,0,0,0,0,1,0
166,85937,408,-440,32,0,24025,-25915,1890,0,0,0,0,1,0
167,86458,453,-389,-64,0,26696,-22924,-3772,0,0,0,0,1,0
168,86979,481,-323,-158,0,28340,-19052,-9288,0,0,0,0,1,0
169,87500,490,-245,-245,0,28895,-14448,-14448,0,0,0,0,1,0
170,88020,481,-158,-323,0,28340,-9288,-19052,0,0,0,0,1,0
171,88541,453,-64,-389,0,26696,-3772,-22924,0,0,0,0,1,0
172,89062,408,32,-440,0,24025,1890,-25915,0,0,0,0,1,0
173,89583,347,127,-473,0,20432,7479,-27910,0,0,0,0,1,0
174,90104,272,217,-489,0,16053,12780,-28833,0,0,0,0,1,0
175,90625,188,298,-486,0,11058,17590,-28648,0,0,0,0,1,0
176,91145,96,369,-464,0,5637,21724,-27362,0,0,0,0,1,0
177,91666,0,424,-424,0,0,25024,-25024,0,0,0,0,1,0
178,92187,-96,464,-369,0,-5637,27362,-21724,0,0,0,0,1,0
179,92708,-188,486,-298,0,-11058,28648,-17590,0,0,0,0,1,0
180,93229,-272,489,-217,0,-16053,28833,-12780,0,0,0,0,1,0
181,93750,-347,473,-127,0,-20432,27910,-7479,0,0,0,0,1,0
182,94270,-408,440,-32,0,-24025,25915,-1890,0,0,0,0,1,0
183,94791,-453,389,64,0,-26696,22924,3772,0,0,0,0,1,0
184,95312,-481,323,158,0,-28340,19052,9288,0,0,0,0,1,0
185,95833,-490,245,245,0,-28895,14448,14448,0,0,0,0,1,0
186,96354,-481,158,323,0,-28340,9288,19052,0,0,0,0,1,0
187,96875,-453,64,389,0,-26696,3772,22924,0,0,0,0,1,0
188,97395,-408,-32,440,0,-24025,-1890,25915,0,0,0,0,1,0
189,97916,-347,-127,473,0,-20432,-7479,27910,0,0,0,0,1,0
190,98437,-272,-217,489,0,-16053,-12780,28833,0,0,0,0,1,0
191,98958,-188,-298,486,0,-11058,-17590,28648,0,0,0,0,1,0
192,99479,-96,-369,464,0,-5637,-21724,27362,0,0,0,0,1,0
193,100000,0,-424,424,0,0,-25024,25024,0,0,0,0,1,0
194,100520,96,-464,369,0,5637,-27362,21724,0,0,0,0,1,0
195,101041,188,-486,298,0,11058,-28648,17590,0,0,0,0,1,0
196,101562,272,-489,217,0,16053,-28833,12780,0,0,0,0,1,0
197,102083,347,-473,127,0,20432,-27910,7479,0,0,0,0,1,0
198,102604,408,-440,32,0,24025,-25915,1890,0,0,0,0,1,0
199,103125,453,-389,-64,0,26696,-22924,-3772,0,0,0,0,1,0
200,103645,481,-323,-158,0,28340,-19052,-9288,0,0,0,0,1,0
201,104166,490,-245,-245,0,28895,-14448,-14448,0,0,0,0,1,0
202,104687,481,-158,-323,0,28340,-9288,-19052,0,0,0,0,1,0
203,105208,453,-64,-389,0,26696,-3772,-22924,0,0,0,0,1,0
204,105729,408,32,-440,0,24025,1890,-25915,0,0,0,0,1,0
205,106250,347,127,-473,0,20432,7479,-27910,0,0,0,0,1,0
206,106770,272,217,-489,0,16053,12780,-28833,0,0,0,0,1,0
207,107291,188,298,-486,0,11058,17590,-28648,0,0,0,0,1,0
208,107812,96,369,-464,0,5637,21724,-27362,0,0,0,0,1,0
209,108333,0,424,-424,0,0,25024,-25024,0,0,0,0,1,0
210,108854,-96,464,-369,0,-5637,27362,-21724,0,0,0,0,1,0
211,109375,-188,486,-298,0,-11058,28648,-17590,0,0,0,0,1,0
212,109895,-272,489,-217,0,-16053,28833,-12780,0,0,0,0,1,0
213,110416,-347,473,-127,0,-20432,27910,-7479,0,0,0,0,1,0
214,110937,-408,440,-32,0,-24025,25915,-1890,0,0,0,0,1,0
215,111458,-453,389,64,0,-26696,22924,3772,0,0,0,0,1,0
216,111979,-481,323,158,0,-28340,19052,9288,0,0,0,0,1,0
217,112500,-490,245,245,0,-28895,14448,14448,0,0,0,0,1,0
218,113020,-481,158,323,0,-28340,9288,19052,0,0,0,0,1,0
219,113541,-453,64,389,0,-26696,3772,22924,0,0,0,0,1,0
220,114062,-408,-32,440,0,-24025,-1890,25915,0,0,0,0,1,0
221,114583,-347,-127,473,0,-20432,-7479,27910,0,0,0,0,1,0
222,115104,-272,-217,489,0,-16053,-12780,28833,0,0,0,0,1,0
223,115625,-188,-298,486,0,-11058,-17590,28648,0,0,0,0,1,0
224,116145,-96,-369,464,0,-5637,-21724,27362,0,0,0,0,1,0
225,116666,0,-424,424,0,0,-25024,25024,0,0,0,0,1,0
226,117187,96,-464,369,0,5637,-27362,21724,0,0,0,0,1,0
227,117708,188,-486,298,0,11058,-28648,17590,0,0,0,0,1,0
228,118229,272,-489,217,0,16053,-28833,12780,0,0,0,0,1,0
229,118750,347,-473,127,0,20432,-27910,7479,0,0,0,0,1,0
230,119270,408,-440,32,0,24025,-25915,1890,0,0,0,0,1,0
231,119791,453,-389,-64,0,26696,-22924,-3772,0,0,0,0,1,0
232,120312,481,-323,-158,0,28340,-19052,-9288,0,0,0,0,1,0
233,120833,490,-245,-245,0,28895,-14448,-14448,0,0,0,0,1,0
234,121354,481,-158,-323,0,28340,-9288,-19052,0,0,0,0,1,0
235,121875,453,-64,-389,0,26696,-3772,-22924,0,0,0,0,1,0
236,122395,408,32,-440,0,24025,1890,-25915,0,0,0,0,1,0
237,122916,347,127,-473,0,20432,7479,-27910,0,0,0,0,1,0
238,123437,272,217,-489,0,16053,12780,-28833,0,0,0,0,1,0
239,123958,188,298,-486,0,11058,17590,-28648,0,0,0,0,1,0
240,124479,96,369,-464,0,5637,21724,-27362,0,0,0,0,1,0
241,125000,0,424,-424,0,0,25024,-25024,0,0,0,0,1,0
242,125520,-96,464,-369,0,-5637,27362,-21724,0,0,0,0,1,0
243,126041,-188,486,-298,0,-11058,28648,-17590,0,0,0,0,1,0
244,126562,-272,489,-217,0,-16053,28833,-12780,0,0,0,0,1,0
245,127083,-347,473,-127,0,-20432,27910,-7479,0,0,0,0,1,0
246,127604,-408,440,-32,0,-24025,25915,-1890,0,0,0,0,1,0
247,128124,-453,389,64,0,-26696,22924,3772,0,0,0,0,1,0
248,128645,-481,323,158,0,-28340,19052,9288,0,0,0,0,1,0
249,129166,-490,245,245,0,-28895,14448,14448,0,0,0,0,1,0
250,129687,-481,158,323,0,-28340,9288,19052,0,0,0,0,1,0
251,130208,-453,64,389,0,-26696,3772,22924,0,0,0,0,1,0
252,130729,-408,-32,440,0,-24025,-1890,25915,0,0,0,0,1,0
253,131250,-347,-127,473,0,-20432,-7479,27910,0,0,0,0,1,0
254,131770,-272,-217,489,0,-16053,-12780,28833,0,0,0,0,1,0
255,132291,-188,-298,486,0,-11058,-17590,28648,0,0,0,0,1,0
256,132812,-96,-369,464,0,-5637,-21724,27362,0,0,0,0,1,0
257,133333,0,-424,424,0,0,-25024,25024,0,0,0,0,1,0
258,133854,96,-464,369,0,5637,-27362,21724,0,0,0,0,1,0
259,134375,188,-486,298,0,11058,-28648,17590,0,0,0,0,1,0
260,134895,272,-489,217,0,16053,-28833,12780,0,0,0,0,1,0
261,135416,347,-473,127,0,20432,-27910,7479,0,0,0,0,1,0
262,135937,408,-440,32,0,24025,-25915,1890,0,0,0,0,1,0
263,136458,453,-389,-64,0,26696,-22924,-3772,0,0,0,0,1,0
264,136979,481,-323,-158,0,28340,-19052,-9288,0,0,0,0,1,0
265,137500,490,-245,-245,0,28895,-14448,-14448,0,0,0,0,1,0
266,138020,481,-158,-323,0,28340,-9288,-19052,0,0,0,0,1,0
267,138541,453,-64,-389,0,26696,-3772,-22924,0,0,0,0,1,0
268,139062,408,32,-440,0,24025,1890,-25915,0,0,0,0,1,0
269,139583,347,127,-473,0,20432,7479,-27910,0,0,0,0,1,0
270,140104,272,217,-489,0,16053,12780,-28833,0,0,0,0,1,0
271,140625,188,298,-486,0,11058,17590,-28648,0,0,0,0,1,0
272,141145,96,369,-464,0,5637,21724,-27362,0,0,0,0,1,0
273,141666,0,424,-424,0,0,25024,-25024,0,0,0,0,1,0
274,142187,-96,464,-369,0,-5637,27362,-21724,0,0,0,0,1,0
275,142708,-188,486,-298,0,-11058,28648,-17590,0,0,0,0,1,0
276,143229,-272,489,-217,0,-16053,28833,-12780,0,0,0,0,1,0
277,143750,-347,473,-127,0,-20432,27910,-7479,0,0,0,0,1,0
278,144270,-408,440,-32,0,-24025,25915,-1890,0,0,0,0,1,0
279,144791,-453,389,64,0,-26696,22924,3772,0,0,0,0,1,0
280,145312,-481,323,158,0,-28340,19052,9288,0,0,0,0,1,0
281,145833,-490,245,245,0,-28895,14448,14448,0,0,0,0,1,0
282,146354,-481,158,323,0,-28340,9288,19052,0,0,0,0,1,0
283,146875,-453,64,389,0,-26696,3772,22924,0,0,0,0,1,0
284,147395,-408,-32,440,0,-24025,-1890,25915,0,0,0,0,1,0
285,147916,-347,-127,473,0,-20432,-7479,27910,0,0,0,0,1,0
286,148437,-272,-217,489,0,-16053,-12780,28833,0,0,0,0,1,0
287,148958,-188,-298,486,0,-11058,-17590,28648,0,0,0,0,1,0
288,149479,-96,-369,464,0,-5637,-21724,27362,0,0,0,0,1,0
289,150000,0,-424,424,0,0,-25024,25024,0,0,0,0,1,0
290,150520,96,-464,369,0,5637,-27362,21724,0,0,0,0,1,0
291,151041,188,-486,298,0,11058,-28648,17590,0,0,0,0,1,0
292,151562,272,-489,217,0,16053,-28833,12780,0,0,0,0,1,0
293,152083,347,-473,127,0,20432,-27910,7479,0,0,0,0,1,0
294,152604,408,-440,32,0,24025,-25915,1890,0,0,0,0,1,0
295,153125,453,-389,-64,0,26696,-22924,-3772,0,0,0,0,1,0
296,153645,481,-323,-158,0,28340,-19052,-9288,0,0,0,0,1,0
297,154166,490,-245,-245,0,28895,-14448,-14448,0,0,0,0,1,0
298,154687,481,-158,-323,0,28340,-9288,-19052,0,0,0,0,1,0
299,155208,453,-64,-389,0,26696,-3772,-22924,0,0,0,0,1,0
300,155729,408,32,-440,0,24025,1890,-25915,0,0,0,0,1,0
301,156250,347,127,-473,0,20432,7479,-27910,0,0,0,0,1,0
302,156770,272,217,-489,0,16053,12780,-28833,0,0,0,0,1,0
303,157291,188,298,-486,0,11058,17590,-28648,0,0,0,0,1,0
304,157812,96,369,-464,0,5637,21724,-27362,0,0,0,0,1,0
305,158333,0,424,-424,0,0,25024,-25024,0,0,0,0,1,0
306,158854,-96,464,-369,0,-5637,27362,-21724,0,0,0,0,1,0
307,159375,-188,486,-298,0,-11058,28648,-17590,0,0,0,0,1,0
308,159895,-272,489,-217,0,-16053,28833,-12780,0,0,0,0,1,0
309,160416,-347,473,-127,0,-20432,27910,-7479,0,0,0,0,1,0
310,160937,-408,440,-32,0,-24025,25915,-1890,0,0,0,0,1,0
311,161458,-453,389,64,0,-26696,22924,3772,0,0,0,0,1,0
312,161979,-481,323,158,0,-28340,19052,9288,0,0,0,0,1,0
313,162500,-490,245,245,0,-28895,14448,14448,0,0,0,0,1,0
314,163020,-481,158,323,0,-28340,9288,19052,0,0,0,0,1,0
315,163541,-453,64,389,0,-26696,3772,22924,0,0,0,0,1,0
316,164062,-408,-32,440,0,-24025,-1890,25915,0,0,0,0,1,0
317,164583,-347,-127,473,0,-20432,-7479,27910,0,0,0,0,1,0
318,165104,-272,-217,489,0,-16053,-12780,28833,0,0,0,0,1,0
319,165625,-188,-298,486,0,-11058,-17590,28648,0,0,0,0,1,0
320,166145,-96,-369,464,0,-5637,-21724,27362,0,0,0,0,1,0
321,166666,0,-424,424,0,0,-25024,25024,0,0,0,0,1,0
322,167187,96,-464,369,0,5637,-27362,21724,0,0,0,0,1,0
323,167708,188,-486,298,0,11058,-28648,17590,0,0,0,0,1,0
324,168229,272,-489,217,0,16053,-28833,12780,0,0,0,0,1,0
325,168750,347,-473,127,0,20432,-27910,7479,0,0,0,0,1,0
326,169270,408,-440,32,0,24025,-25915,1890,0,0,0,0,1,0
327,169791,453,-389,-64,0,26696,-22924,-3772,0,0,0,0,1,0
328,170312,481,-323,-158,0,28340,-19052,-9288,0,0,0,0,1,0
329,170833,490,-245,-245,0,28895,-14448,-14448,0,0,0,0,1,0
330,171354,481,-158,-323,0,28340,-9288,-19052,0,0,0,0,1,0
331,171875,453,-64,-389,0,26696,-3772,-22924,0,0,0,0,1,0
332,172395,408,32,-440,0,24025,1890,-25915,0,0,0,0,1,0
333,172916,347,127,-473,0,20432,7479,-27910,0,0,0,0,1,0
334,173437,272,217,-489,0,16053,12780,-28833,0,0,0,0,1,0
335,173958,188,298,-486,0,11058,17590,-28648,0,0,0,0,1,0
336,174479,96,369,-464,0,5637,21724,-27362,0,0,0,0,1,0
337,175000,0,424,-424,0,0,25024,-25024,0,0,0,0,1,0
338,175520,-96,464,-369,0,-5637,27362,-21724,0,0,0,0,1,0
339,176041,-188,486,-298,0,-11058,28648,-17590,0,0,0,0,1,0
340,176562,-272,489,-217,0,-16053,28833,-12780,0,0,0,0,1,0
341,177083,-347,473,-127,0,-20432,27910,-7479,0,0,0,0,1,0
342,177604,-408,440,-32,0,-24025,25915,-1890,0,0,0,0,1,0
343,178125,-453,389,64,0,-26696,22924,3772,0,0,0,0,1,0
344,178645,-481,323,158,0,-28340,19052,9288,0,0,0,0,1,0
345,179166,-490,245,245,0,-28895,14448,14448,0,0,0,0,1,0
346,179687,-481,158,323,0,-28340,9288,19052,0,0,0,0,1,0
347,180208,-453,64,389,0,-26696,3772,22924,0,0,0,0,1,0
348,180729,-408,-32,440,0,-24025,-1890,25915,0,0,0,0,1,0
349,181250,-347,-127,473,0,-20432,-7479,27910,0,0,0,0,1,0
350,181770,-272,-217,489,0,-16053,-12780,28833,0,0,0,0,1,0
351,182291,-188,-298,486,0,-11058,-17590,28648,0,0,0,0,1,0
352,182812,-96,-369,464,0,-5637,-21724,27362,0,0,0,0,1,0
353,183333,0,-424,424,0,0,-25024,25024,0,0,0,0,1,0
354,183854,96,-464,369,0,5637,-27362,21724,0,0,0,0,1,0
355,184375,188,-486,298,0,11058,-28648,17590,0,0,0,0,1,0
356,184895,272,-489,217,0,16053,-28833,12780,0,0,0,0,1,0
357,185416,347,-473,127,0,20432,-27910,7479,0,0,0,0,1,0
358,185937,408,-440,32,0,24025,-25915,1890,0,0,0,0,1,0
359,186458,453,-389,-64,0,26696,-22924,-3772,0,0,0,0,1,0
360,186979,481,-323,-158,0,28340,-19052,-9288,0,0,0,0,1,0
361,187500,490,-245,-245,0,28895,-14448,-14448,0,0,0,0,1,0
362,188020,481,-158,-323,0,28340,-9288,-19052,0,0,0,0,1,0
363,188541,453,-64,-389,0,26696,-3772,-22924,0,0,0,0,1,0
364,189062,408,32,-440,0,24025,1890,-25915,0,0,0,0,1,0
365,189583,347,127,-473,0,20432,7479,-27910,0,0,0,0,1,0
366,190104,272,217,-489,0,16053,12780,-28833,0,0,0,0,1,0
367,190625,188,298,-486,0,11058,17590,-28648,0,0,0,0,1,0
368,191145,96,369,-464,0,5637,21724,-27362,0,0,0,0,1,0
369,191666,0,424,-424,0,0,25024,-25024,0,0,0,0,1,0
370,192187,-96,464,-369,0,-5637,27362,-21724,0,0,0,0,1,0
371,192708,-188,486,-298,0,-11058,28648,-17590,0,0,0,0,1,0
372,193229,-272,489,-217,0,-16053,28833,-12780,0,0,0,0,1,0
373,193750,-347,473,-127,0,-20432,27910,-7479,0,0,0,0,1,0
374,194270,-408,440,-32,0,-24025,25915,-1890,0,0,0,0,1,0
375,194791,-453,389,64,0,-26696,22924,3772,0,0,0,0,1,0
376,195312,-481,323,158,0,-28340,19052,9288,0,0,0,0,1,0
377,195833,-490,245,245,0,-28895,14448,14448,0,0,0,0,1,0
378,196354,-481,158,323,0,-28340,9288,19052,0,0,0,0,1,0
379,196875,-453,64,389,0,-26696,3772,22924,0,0,0,0,1,0
380,197395,-408,-32,440,0,-24025,-1890,25915,0,0,0,0,1,0
381,197916,-347,-127,473,0,-20432,-7479,27910,0,0,0,0,1,0
382,198437,-272,-217,489,0,-16053,-12780,28833,0,0,0,0,1,0
383,198958,-188,-298,486,0,-11058,-17590,28648,0,0,0,0,1,0
384,199479,-96,-369,464,0,-5637,-21724,27362,0,0,0,0,1,0
385,200000,0,-424,424,0,0,-25024,25024,0,0,0,0,1,0
386,200520,96,-464,369,0,5637,-27362,21724,0,0,0,0,1,0
387,201041,188,-486,298,0,11058,-28648,17590,0,0,0,0,1,0
388,201562,272,-489,217,0,16053,-28833,12780,0,0,0,0,1,0
389,202083,347,-473,127,0,20432,-27910,7479,0,0,0,0,1,0
390,202604,408,-440,32,0,24025,-25915,1890,0,0,0,0,1,0
391,203125,453,-389,-64,0,26696,-22924,-3772,0,0,0,0,1,0
392,203645,481,-323,-158,0,28340,-19052,-9288,0,0,0,0,1,0
393,204166,490,-245,-245,0,28895,-14448,-14448,0,0,0,0,1,0
394,204687,481,-158,-323,0,28340,-9288,-19052,0,0,0,0,1,0
395,205208,453,-64,-389,0,26696,-3772,-22924,0,0,0,0,1,0
396,205729,408,32,-440,0,24025,1890,-25915,0,0,0,0,1,0
397,206250,347,127,-473,0,20432,7479,-27910,0,0,0,0,1,0
398,206770,272,217,-489,0,16053,12780,-28833,0,0,0,0,1,0
399,207291,188,298,-486,0,11058,17590,-28648,0,0,0,0,1,0
400,207812,96,369,-464,0,5637,21724,-27362,0,0,0,0,1,0
401,208333,0,424,-424,0,0,25024,-25024,0,0,0,0,1,0
402,208854,-96,464,-369,0,-5637,27362,-21724,0,0,0,0,1,0
403,209375,-188,486,-298,0,-11058,28648,-17590,0,0,0,0,1,0
404,209895,-272,489,-217,0,-16053,28833,-12780,0,0,0,0,1,0
405,210416,-347,473,-127,0,-20432,27910,-7479,0,0,0,0,1,0
406,210937,-408,440,-32,0,-24025,25915,-1890,0,0,0,0,1,0
407,211458,-453,389,64,0,-26696,22924,3772,0,0,0,0,1,0
408,211979,-481,323,158,0,-28340,19052,9288,0,0,0,0,1,0
409,212500,-490,245,245,0,-28895,14448,14448,0,0,0,0,1,0
410,213020,-481,158,323,0,-28340,9288,19052,0,0,0,0,1,0
411,213541,-453,64,389,0,-26696,3772,22924,0,0,0,0,1,0
412,214062,-408,-32,440,0,-24025,-1890,25915,0,0,0,0,1,0
413,214583,-347,-127,473,0,-20432,-7479,27910,0,0,0,0,1,0
414,215104,-272,-217,489,0,-16053,-12780,28833,0,0,0,0,1,0
415,215625,-188,-298,486,0,-11058,-17590,28648,0,0,0,0,1,0
416,216145,-96,-369,464,0,-5637,-21724,27362,0,0,0,0,1,0
417,216666,0,-424,424,0,0,-25024,25024,0,0,0,0,1,0
418,217187,96,-464,369,0,5637,-27362,21724,0,0,0,0,1,0
419,217708,188,-486,298,0,11058,-28648,17590,0,0,0,0,1,0
420,218229,272,-489,217,0,16053,-28833,12780,0,0,0,0,1,0
421,218750,347,-473,127,0,20432,-27910,7479,0,0,0,0,1,0
422,219270,408,-440,32,0,24025,-25915,1890,0,0,0,0,1,0
423,219791,453,-389,-64,0,26696,-22924,-3772,0,0,0,0,1,0
424,220312,481,-323,-158,0,28340,-19052,-9288,0,0,0,0,1,0
425,220833,490,-245,-245,0,28895,-14448,-14448,0,0,0,0,1,0
426,221354,481,-158,-323,0,28340,-9288,-19052,0,0,0,0,1,0
427,221875,453,-64,-389,0,26696,-3772,-22924,0,0,0,0,1,0
428,222395,408,32,-440,0,24025,1890,-25915,0,0,0,0,1,0
429,222916,347,127,-473,0,20432,7479,-27910,0,0,0,0,1,0
430,223437,272,217,-489,0,16053,12780,-28833,0,0,0,0,1,0
431,223958,188,298,-486,0,11058,17590,-28648,0,0,0,0,1,0
432,224479,96,369,-464,0,5637,21724,-27362,0,0,0,0,1,0
433,225000,0,424,-424,0,0,25024,-25024,0,0,0,0,1,0
434,225520,-96,464,-369,0,-5637,27362,-21724,0,0,0,0,1,0
435,226041,-188,486,-298,0,-11058,28648,-17590,0,0,0,0,1,0
436,226562,-272,489,-217,0,-16053,28833,-12780,0,0,0,0,1,0
437,227083,-347,473,-127,0,-20432,27910,-7479,0,0,0,0,1,0
438,227604,-408,440,-32,0,-24025,25915,-1890,0,0,0,0,1,0
439,228125,-453,389,64,0,-26696,22924,3772,0,0,0,0,1,0
440,228645,-481,323,158,0,-28340,19052,9288,0,0,0,0,1,0
441,229166,-490,245,245,0,-28895,14448,14448,0,0,0,0,1,0
442,229687,-481,158,323,0,-28340,9288,19052,0,0,0,0,1,0
443,230208,-453,64,389,0,-26696,3772,22924,0,0,0,0,1,0
444,230729,-408,-32,440,0,-24025,-1890,25915,0,0,0,0,1,0
445,231250,-347,-127,473,0,-20432,-7479,27910,0,0,0,0,1,0
446,231770,-272,-217,489,0,-16053,-12780,28833,0,0,0,0,1,0
447,232291,-188,-298,486,0,-11058,-17590,28648,0,0,0,0,1,0
448,232812,-96,-369,464,0,-5637,-21724,27362,0,0,0,0,1,0
449,233333,0,-424,424,0,0,-25024,25024,0,0,0,0,1,0
450,233854,96,-464,369,0,5637,-27362,21724,0,0,0,0,1,0
451,234375,188,-486,298,0,11058,-28648,17590,0,0,0,0,1,0
452,234895,272,-489,217,0,16053,-28833,12780,0,0,0,0,1,0
453,235416,347,-473,127,0,20432,-27910,7479,0,0,0,0,1,0
454,235937,408,-440,32,0,24025,-25915,1890,0,0,0,0,1,0
455,236458,453,-389,-64,0,26696,-22924,-3772,0,0,0,0,1,0
456,236979,481,-323,-158,0,28340,-19052,-9288,0,0,0,0,1,0
457,237500,490,-245,-245,0,28895,-14448,-14448,0,0,0,0,1,0
458,238020,481,-158,-323,0,28340,-9288,-19052,0,0,0,0,1,0
459,238541,453,-64,-389,0,26696,-3772,-22924,0,0,0,0,1,0
460,239062,408,32,-440,0,24025,1890,-25915,0,0,0,0,1,0
461,239583,347,127,-473,0,20432,7479,-27910,0,0,0,0,1,0
462,240104,272,217,-489,0,16053,12780,-28833,0,0,0,0,1,0
463,240625,188,298,-486,0,11058,17590,-28648,0,0,0,0,1,0
464,241145,96,369,-464,0,5637,21724,-27362,0,0,0,0,1,0
465,241666,0,424,-424,0,0,25024,-25024,0,0,0,0,1,0
466,242187,-96,464,-369,0,-5637,27362,-21724,0,0,0,0,1,0
467,242708,-188,486,-298,0,-11058,28648,-17590,0,0,0,0,1,0
468,243229,-272,489,-217,0,-16053,28833,-12780,0,0,0,0,1,0
469,243750,-347,473,-127,0,-20432,27910,-7479,0,0,0,0,1,0
470,244270,-408,440,-32,0,-24025,25915,-1890,0,0,0,0,1,0
471,244791,-453,389,64,0,-26696,22924,3772,0,0,0,0,1,0
472,245312,-481,323,158,0,-28340,19052,9288,0,0,0,0,1,0
473,245833,-490,245,245,0,-28895,14448,14448,0,0,0,0,1,0
474,246354,-481,158,323,0,-28340,9288,19052,0,0,0,0,1,0
475,246875,-453,64,389,0,-26696,3772,22924,0,0,0,0,1,0
476,247395,-408,-32,440,0,-24025,-1890,25915,0,0,0,0,1,0
477,247916,-347,-127,473,0,-20432,-7479,27910,0,0,0,0,1,0
478,248437,-272,-217,489,0,-16053,-12780,28833,0,0,0,0,1,0
479,248958,-188,-298,486,0,-11058,-17590,28648,0,0,0,0,1,0
480,249479,-96,-369,464,0,-5637,-21724,27362,0,0,0,0,1,0
481,250000,0,-424,424,0,0,-25024,25024,0,0,0,0,1,0
482,250520,96,-464,369,0,5637,-27362,21724,0,0,0,0,1,0
483,251041,188,-486,298,0,11058,-28648,17590,0,0,0,0,1,0
484,251562,272,-489,217,0,16053,-28833,12780,0,0,0,0,1,0
485,252083,347,-473,127,0,20432,-27910,7479,0,0,0,0,1,0
486,252604,408,-440,32,0,24025,-25915,1890,0,0,0,0,1,0
487,253125,453,-389,-64,0,26696,-22924,-3772,0,0,0,0,1,0
488,253645,481,-323,-158,0,28340,-19052,-9288,0,0,0,0,1,0
489,254166,490,-245,-245,0,28895,-14448,-14448,0,0,0,0,1,0
490,254687,481,-158,-323,0,28340,-9288,-19052,0,0,0,0,1,0
491,255208,453,-64,-389,0,26696,-3772,-22924,0,0,0,0,1,0
492,255729,408,32,-440,0,24025,1890,-25915,0,0,0,0,1,0
493,256249,347,127,-473,0,20432,7479,-27910,0,0,0,0,1,0
494,256770,272,217,-489,0,16053,12780,-28833,0,0,0,0,1,0
495,257291,188,298,-486,0,11058,17590,-28648,0,0,0,0,1,0
496,257812,96,369,-464,0,5637,21724,-27362,0,0,0,0,1,0
497,258333,0,424,-424,0,0,25024,-25024,0,0,0,0,1,0
498,258854,-96,464,-369,0,-5637,27362,-21724,0,0,0,0,1,0
499,259375,-188,486,-298,0,-11058,28648,-17590,0,0,0,0,1,0
