1,0,0,-344,344,0,0,-23703,23703,0,0,0,0,1,0
2,1041,152,-394,242,0,10474,-27136,16662,0,0,0,0,1,0
3,2083,281,-384,103,0,19354,-26438,7084,0,0,0,0,1,0
4,3125,367,-315,-52,0,25287,-21714,-3573,0,0,0,0,1,0
5,4166,397,-199,-199,0,27370,-13685,-13685,0,0,0,0,1,0
6,5208,367,-52,-315,0,25287,-3573,-21714,0,0,0,0,1,0
7,6250,281,103,-384,0,19354,7084,-26438,0,0,0,0,1,0
8,7291,152,242,-394,0,10474,16662,-27136,0,0,0,0,1,0
9,8333,0,344,-344,0,0,23703,-23703,0,0,0,0,1,0
10,9375,-152,394,-242,0,-10474,27136,-16662,0,0,0,0,1,0
11,10416,-281,384,-103,0,-19354,26438,-7084,0,0,0,0,1,0
12,11458,-367,315,52,0,-25287,21714,3573,0,0,0,0,1,0
13,12500,-397,199,199,0,-27370,13685,13685,0,0,0,0,1,0
14,13541,-367,52,315,0,-25287,3573,21714,0,0,0,0,1,0
15,14583,-281,-103,384,0,-19354,-7084,26438,0,0,0,0,1,0
16,15625,-152,-242,394,0,-10474,-16662,27136,0,0,0,0,1,0
17,16666,0,-344,344,0,0,-23703,23703,0,0,0,0,1,0
18,17708,152,-394,242,0,10474,-27136,16662,0,0,0,0,1,0
19,18750,281,-384,103,0,19354,-26438,7084,0,0,0,0,1,0
20,19791,367,-315,-52,0,25287,-21714,-3573,0,0,0,0,1,0
21,20833,397,-199,-199,0,27370,-13685,-13685,0,0,0,0,1,0
22,21875,367,-52,-315,0,25287,-3573,-21714,0,0,0,0,1,0
23,22916,281,103,-384,0,19354,7084,-26438,0,0,0,0,1,0
24,23958,152,242,-394,0,10474,16662,-27136,0,0,0,0,1,0
25,25000,0,344,-344,0,0,23703,-23703,0,0,0,0,1,0
26,26041,-152,394,-242,0,-10474,27136,-16662,0,0,0,0,1,0
27,27083,-281,384,-103,0,-19354,26438,-7084,0,0,0,0,1,0
28,28125,-367,315,52,0,-25287,21714,3573,0,0,0,0,1,0
29,29166,-397,199,199,0,-27370,13685,13685,0,0,0,0,1,0
30,30208,-367,52,315,0,-25287,3573,21714,0,0,0,0,1,0
31,31250,-281,-103,384,0,-19354,-7084,26438,0,0,0,0,1,0
32,32291,-152,-242,394,0,-10474,-16662,27136,0,0,0,0,1,0
33,33333,0,-344,344,0,0,-23703,23703,0,0,0,0,1,0
34,34375,152,-394,242,0,10474,-27136,16662,0,0,0,0,1,0
35,35416,281,-384,103,0,19354,-26438,7084,0,0,0,0,1,0
36,36458,367,-315,-52,0,25287,-21714,-3573,0,0,0,0,1,0
37,37500,397,-199,-199,0,27370,-13685,-13685,0,0,0,0,1,0
38,38541,367,-52,-315,0,25287,-3573,-21714,0,0,0,0,1,0
39,39583,281,103,-384,0,19354,7084,-26438,0,0,0,0,1,0
40,40625,152,242,-394,0,10474,16662,-27136,0,0,0,0,1,0
41,41666,0,344,-344,0,0,23703,-23703,0,0,0,0,1,0
42,42708,-152,394,-242,0,-10474,27136,-16662,0,0,0,0,1,0
43,43750,-281,384,-103,0,-19354,26438,-7084,0,0,0,0,1,0
44,44791,-367,315,52,0,-25287,21714,3573,0,0,0,0,1,0
45,45833,-397,199,199,0,-27370,13685,13685,0,0,0,0,1,0
46,46875,-367,52,315,0,-25287,3573,21714,0,0,0,0,1,0
47,47916,-281,-103,384,0,-19354,-7084,26438,0,0,0,0,1,0
48,48958,-152,-242,394,0,-10474,-16662,27136,0,0,0,0,1,0
49,50000,16382,-344,-14187,1851,0,-27259,2370,0,1,0,0,1,0
50,51041,21900,-394,-9832,11675,838,-31207,1666,0,1,0,0,1,0
51,52083,25853,-384,-4739,20731,1548,-30403,708,0,1,0,0,1,0
52,53125,27570,-315,348,27603,2023,-24972,-357,0,1,0,0,1,0
53,54166,26725,-199,4680,31207,2190,-15738,-1369,0,1,0,0,1,0
54,55208,23383,-52,7627,30958,2023,-4108,-2171,0,1,0,0,1,0
55,56250,17992,103,8765,26859,1548,8147,-2644,0,1,0,0,1,0
56,57291,11316,242,7945,19502,838,19161,-2714,0,1,0,0,1,0
57,58333,4313,344,5317,9975,0,27259,-2370,0,1,0,0,1,0
58,59375,-2002,394,1304,-304,-838,31207,-1666,0,1,0,0,1,0
59,60416,-6721,384,-3461,-9798,-1548,30403,-708,0,1,0,0,1,0
60,61458,-9175,315,-8232,-17091,-2023,24972,357,0,1,0,0,1,0
61,62500,-9038,199,-12261,-21100,-2190,15738,1369,0,1,0,0,1,0
62,63541,-6377,52,-14915,-21240,-2023,4108,2171,0,1,0,0,1,0
63,64583,-1641,-103,-15772,-17516,-1548,-8147,2644,0,1,0,0,1,0
64,65625,4406,-242,-14683,-10519,-838,-19161,2714,0,1,0,0,1,0
65,66666,0,0,0,0,0,0,0,1,0,0,0,0,0
66,67708,0,0,0,0,0,0,0,1,0,0,0,0,0
67,68750,0,0,0,0,0,0,0,1,0,0,0,0,0
68,69791,0,0,0,0,0,0,0,1,0,0,0,0,0
69,70833,0,0,0,0,0,0,0,1,0,0,0,0,0
70,71875,0,0,0,0,0,0,0,1,0,0,0,0,0
71,72916,0,0,0,0,0,0,0,1,0,0,0,0,0
72,73958,0,0,0,0,0,0,0,1,0,0,0,0,0
73,75000,0,0,0,0,0,0,0,1,0,0,0,0,0
74,76041,0,0,0,0,0,0,0,1,0,0,0,0,0
75,77083,0,0,0,0,0,0,0,1,0,0,0,0,0
76,78125,0,0,0,0,0,0,0,1,0,0,0,0,0
77,79166,0,0,0,0,0,0,0,1,0,0,0,0,0
78,80208,0,0,0,0,0,0,0,1,0,0,0,0,0
79,81250,0,0,0,0,0,0,0,1,0,0,0,0,0
80,82291,0,0,0,0,0,0,0,1,0,0,0,0,0
81,83333,0,0,0,0,0,0,0,1,0,0,0,0,0
82,84375,0,0,0,0,0,0,0,1,0,0,0,0,0
83,85416,0,0,0,0,0,0,0,1,0,0,0,0,0
84,86458,0,0,0,0,0,0,0,1,0,0,0,0,0
85,87500,0,0,0,0,0,0,0,1,0,0,0,0,0
86,88541,0,0,0,0,0,0,0,1,0,0,0,0,0
87,89583,0,0,0,0,0,0,0,1,0,0,0,0,0
88,90625,0,0,0,0,0,0,0,1,0,0,0,0,0
89,91666,0,0,0,0,0,0,0,1,0,0,0,0,0
90,92708,0,0,0,0,0,0,0,1,0,0,0,0,0
91,93750,0,0,0,0,0,0,0,1,0,0,0,0,0
92,94791,0,0,0,0,0,0,0,1,0,0,0,0,0
93,95833,0,0,0,0,0,0,0,1,0,0,0,0,0
94,96875,0,0,0,0,0,0,0,1,0,0,0,0,0
95,97916,0,0,0,0,0,0,0,1,0,0,0,0,0
96,98958,0,0,0,0,0,0,0,1,0,0,0,0,0
97,100000,0,0,0,0,0,0,0,1,0,0,0,0,0
98,101041,0,0,0,0,0,0,0,1,0,0,0,0,0
99,102083,0,0,0,0,0,0,0,1,0,0,0,0,0
100,103125,0,0,0,0,0,0,0,1,0,0,0,0,0
101,104166,0,0,0,0,0,0,0,1,0,0,0,0,0
102,105208,0,0,0,0,0,0,0,1,0,0,0,0,0
103,106250,0,0,0,0,0,0,0,1,0,0,0,0,0
104,107291,0,0,0,0,0,0,0,1,0,0,0,0,0
105,108333,0,0,0,0,0,0,0,1,0,0,0,0,0
106,109375,0,0,0,0,0,0,0,1,0,0,0,0,0
107,110416,0,0,0,0,0,0,0,1,0,0,0,0,0
108,111458,0,0,0,0,0,0,0,1,0,0,0,0,0
109,112500,0,0,0,0,0,0,0,1,0,0,0,0,0
110,113541,0,0,0,0,0,0,0,1,0,0,0,0,0
111,114583,0,0,0,0,0,0,0,1,0,0,0,0,0
112,115625,0,0,0,0,0,0,0,1,0,0,0,0,0
113,116666,0,0,0,0,0,0,0,1,0,0,0,0,0
114,117708,0,0,0,0,0,0,0,1,0,0,0,0,0
115,118750,0,0,0,0,0,0,0,1,0,0,0,0,0
116,119791,0,0,0,0,0,0,0,1,0,0,0,0,0
117,120833,0,0,0,0,0,0,0,1,0,0,0,0,0
118,121875,0,0,0,0,0,0,0,1,0,0,0,0,0
119,122916,0,0,0,0,0,0,0,1,0,0,0,0,0
120,123958,0,0,0,0,0,0,0,1,0,0,0,0,0
121,125000,0,0,0,0,0,0,0,1,0,0,0,0,0
122,126041,0,0,0,0,0,0,0,1,0,0,0,0,0
123,127083,0,0,0,0,0,0,0,1,0,0,0,0,0
124,128124,0,0,0,0,0,0,0,1,0,0,0,0,0
125,129166,0,0,0,0,0,0,0,1,0,0,0,0,0
126,130208,0,0,0,0,0,0,0,1,0,0,0,0,0
127,131250,0,0,0,0,0,0,0,1,0,0,0,0,0
128,132291,0,0,0,0,0,0,0,1,0,0,0,0,0
129,133333,0,0,0,0,0,0,0,1,0,0,0,0,0
130,134375,0,0,0,0,0,0,0,1,0,0,0,0,0
131,135416,0,0,0,0,0,0,0,1,0,0,0,0,0
132,136458,0,0,0,0,0,0,0,1,0,0,0,0,0
133,137500,0,0,0,0,0,0,0,1,0,0,0,0,0
134,138541,0,0,0,0,0,0,0,1,0,0,0,0,0
135,139583,0,0,0,0,0,0,0,1,0,0,0,0,0
136,140625,0,0,0,0,0,0,0,1,0,0,0,0,0
137,141666,0,0,0,0,0,0,0,1,0,0,0,0,0
138,142708,0,0,0,0,0,0,0,1,0,0,0,0,0
139,143750,0,0,0,0,0,0,0,1,0,0,0,0,0
140,144791,0,0,0,0,0,0,0,1,0,0,0,0,0
141,145833,0,0,0,0,0,0,0,1,0,0,0,0,0
142,146875,0,0,0,0,0,0,0,1,0,0,0,0,0
143,147916,0,0,0,0,0,0,0,1,0,0,0,0,0
144,148958,0,0,0,0,0,0,0,1,0,0,0,0,0
145,150000,0,0,0,0,0,0,0,1,0,0,0,0,0
146,151041,0,0,0,0,0,0,0,1,0,0,0,0,0
147,152083,0,0,0,0,0,0,0,1,0,0,0,0,0
148,153125,0,0,0,0,0,0,0,1,0,0,0,0,0
149,154166,0,0,0,0,0,0,0,1,0,0,0,0,0
150,155208,0,0,0,0,0,0,0,1,0,0,0,0,0
151,156250,0,0,0,0,0,0,0,1,0,0,0,0,0
152,157291,0,0,0,0,0,0,0,1,0,0,0,0,0
153,158333,0,0,0,0,0,0,0,1,0,0,0,0,0
154,159375,0,0,0,0,0,0,0,1,0,0,0,0,0
155,160416,0,0,0,0,0,0,0,1,0,0,0,0,0
156,161458,0,0,0,0,0,0,0,1,0,0,0,0,0
157,162500,0,0,0,0,0,0,0,1,0,0,0,0,0
158,163541,0,0,0,0,0,0,0,1,0,0,0,0,0
159,164583,0,0,0,0,0,0,0,1,0,0,0,0,0
160,165625,0,0,0,0,0,0,0,1,0,0,0,0,0
161,166666,0,0,0,0,0,0,0,1,0,0,0,0,0
162,167708,0,0,0,0,0,0,0,1,0,0,0,0,0
163,168750,0,0,0,0,0,0,0,1,0,0,0,0,0
164,169791,0,0,0,0,0,0,0,1,0,0,0,0,0
165,170833,0,0,0,0,0,0,0,1,0,0,0,0,0
166,171875,0,0,0,0,0,0,0,1,0,0,0,0,0
167,172916,0,0,0,0,0,0,0,1,0,0,0,0,0
168,173958,0,0,0,0,0,0,0,1,0,0,0,0,0
169,175000,0,0,0,0,0,0,0,1,0,0,0,0,0
170,176041,0,0,0,0,0,0,0,1,0,0,0,0,0
171,177083,0,0,0,0,0,0,0,1,0,0,0,0,0
172,178125,0,0,0,0,0,0,0,1,0,0,0,0,0
173,179166,0,0,0,0,0,0,0,1,0,0,0,0,0
174,180208,0,0,0,0,0,0,0,1,0,0,0,0,0
175,181250,0,0,0,0,0,0,0,1,0,0,0,0,0
176,182291,0,0,0,0,0,0,0,1,0,0,0,0,0
177,183333,0,0,0,0,0,0,0,1,0,0,0,0,0
178,184375,0,0,0,0,0,0,0,1,0,0,0,0,0
179,185416,0,0,0,0,0,0,0,1,0,0,0,0,0
180,186458,0,0,0,0,0,0,0,1,0,0,0,0,0
181,187500,0,0,0,0,0,0,0,1,0,0,0,0,0
182,188541,0,0,0,0,0,0,0,1,0,0,0,0,0
183,189583,0,0,0,0,0,0,0,1,0,0,0,0,0
184,190625,0,0,0,0,0,0,0,1,0,0,0,0,0
185,191666,0,0,0,0,0,0,0,1,0,0,0,0,0
186,192708,0,0,0,0,0,0,0,1,0,0,0,0,0
187,193750,0,0,0,0,0,0,0,1,0,0,0,0,0
188,194791,0,0,0,0,0,0,0,1,0,0,0,0,0
189,195833,0,0,0,0,0,0,0,1,0,0,0,0,0
190,196875,0,0,0,0,0,0,0,1,0,0,0,0,0
191,197916,0,0,0,0,0,0,0,1,0,0,0,0,0
192,198958,0,0,0,0,0,0,0,1,0,0,0,0,0
193,200000,0,0,0,0,0,0,0,1,0,0,0,0,0
194,201041,0,0,0,0,0,0,0,1,0,0,0,0,0
195,202083,0,0,0,0,0,0,0,1,0,0,0,0,0
196,203125,0,0,0,0,0,0,0,1,0,0,0,0,0
197,204166,0,0,0,0,0,0,0,1,0,0,0,0,0
198,205208,0,0,0,0,0,0,0,1,0,0,0,0,0
199,206250,0,0,0,0,0,0,0,1,0,0,0,0,0
200,207291,0,0,0,0,0,0,0,1,0,0,0,0,0
201,208333,0,0,0,0,0,0,0,1,0,0,0,0,0
202,209375,0,0,0,0,0,0,0,1,0,0,0,0,0
203,210416,0,0,0,0,0,0,0,1,0,0,0,0,0
204,211458,0,0,0,0,0,0,0,1,0,0,0,0,0
205,212500,0,0,0,0,0,0,0,1,0,0,0,0,0
206,213541,0,0,0,0,0,0,0,1,0,0,0,0,0
207,214583,0,0,0,0,0,0,0,1,0,0,0,0,0
208,215625,0,0,0,0,0,0,0,1,0,0,0,0,0
209,216666,0,0,0,0,0,0,0,1,0,0,0,0,0
210,217708,0,0,0,0,0,0,0,1,0,0,0,0,0
211,218750,0,0,0,0,0,0,0,1,0,0,0,0,0
212,219791,0,0,0,0,0,0,0,1,0,0,0,0,0
213,220833,0,0,0,0,0,0,0,1,0,0,0,0,0
214,221875,0,0,0,0,0,0,0,1,0,0,0,0,0
215,222916,0,0,0,0,0,0,0,1,0,0,0,0,0
216,223958,0,0,0,0,0,0,0,1,0,0,0,0,0
217,225000,0,0,0,0,0,0,0,1,0,0,0,0,0
218,226041,0,0,0,0,0,0,0,1,0,0,0,0,0
219,227083,0,0,0,0,0,0,0,1,0,0,0,0,0
220,228125,0,0,0,0,0,0,0,1,0,0,0,0,0
221,229166,0,0,0,0,0,0,0,1,0,0,0,0,0
222,230208,0,0,0,0,0,0,0,1,0,0,0,0,0
223,231250,0,0,0,0,0,0,0,1,0,0,0,0,0
224,232291,0,0,0,0,0,0,0,1,0,0,0,0,0
225,233333,0,0,0,0,0,0,0,1,0,0,0,0,0
226,234375,0,0,0,0,0,0,0,1,0,0,0,0,0
227,235416,0,0,0,0,0,0,0,1,0,0,0,0,0
228,236458,0,0,0,0,0,0,0,1,0,0,0,0,0
229,237500,0,0,0,0,0,0,0,1,0,0,0,0,0
230,238541,0,0,0,0,0,0,0,1,0,0,0,0,0
231,239583,0,0,0,0,0,0,0,1,0,0,0,0,0
232,240625,0,0,0,0,0,0,0,1,0,0,0,0,0
233,241666,0,0,0,0,0,0,0,1,0,0,0,0,0
234,242708,0,0,0,0,0,0,0,1,0,0,0,0,0
235,243750,0,0,0,0,0,0,0,1,0,0,0,0,0
236,244791,0,0,0,0,0,0,0,1,0,0,0,0,0
237,245833,0,0,0,0,0,0,0,1,0,0,0,0,0
238,246875,0,0,0,0,0,0,0,1,0,0,0,0,0
239,247916,0,0,0,0,0,0,0,1,0,0,0,0,0
240,248958,0,0,0,0,0,0,0,1,0,0,0,0,0
241,250000,0,0,0,0,0,0,0,1,0,0,0,0,0
242,251041,0,0,0,0,0,0,0,1,0,0,0,0,0
243,252083,0,0,0,0,0,0,0,1,0,0,0,0,0
244,253125,0,0,0,0,0,0,0,1,0,0,0,0,0
245,254166,0,0,0,0,0,0,0,1,0,0,0,0,0
246,255208,0,0,0,0,0,0,0,1,0,0,0,0,0
247,256249,0,0,0,0,0,0,0,1,0,0,0,0,0
248,257291,0,0,0,0,0,0,0,1,0,0,0,0,0
249,258333,0,0,0,0,0,0,0,1,0,0,0,0,0
250,259375,0,0,0,0,0,0,0,1,0,0,0,0,0
251,260416,0,0,0,0,0,0,0,1,0,0,0,0,0
252,261458,0,0,0,0,0,0,0,1,0,0,0,0,0
253,262500,0,0,0,0,0,0,0,1,0,0,0,0,0
254,263541,0,0,0,0,0,0,0,1,0,0,0,0,0
255,264583,0,0,0,0,0,0,0,1,0,0,0,0,0
256,265625,0,0,0,0,0,0,0,1,0,0,0,0,0
257,266666,0,0,0,0,0,0,0,1,0,0,0,0,0
258,267708,0,0,0,0,0,0,0,1,0,0,0,0,0
259,268750,0,0,0,0,0,0,0,1,0,0,0,0,0
260,269791,0,0,0,0,0,0,0,1,0,0,0,0,0
261,270833,0,0,0,0,0,0,0,1,0,0,0,0,0
262,271875,0,0,0,0,0,0,0,1,0,0,0,0,0
263,272916,0,0,0,0,0,0,0,1,0,0,0,0,0
264,273958,0,0,0,0,0,0,0,1,0,0,0,0,0
265,275000,0,0,0,0,0,0,0,1,0,0,0,0,0
266,276041,0,0,0,0,0,0,0,1,0,0,0,0,0
267,277083,0,0,0,0,0,0,0,1,0,0,0,0,0
268,278125,0,0,0,0,0,0,0,1,0,0,0,0,0
269,279166,0,0,0,0,0,0,0,1,0,0,0,0,0
270,280208,0,0,0,0,0,0,0,1,0,0,0,0,0
271,281250,0,0,0,0,0,0,0,1,0,0,0,0,0
272,282291,0,0,0,0,0,0,0,1,0,0,0,0,0
273,283333,0,0,0,0,0,0,0,1,0,0,0,0,0
274,284375,0,0,0,0,0,0,0,1,0,0,0,0,0
275,285416,0,0,0,0,0,0,0,1,0,0,0,0,0
276,286458,0,0,0,0,0,0,0,1,0,0,0,0,0
277,287500,0,0,0,0,0,0,0,1,0,0,0,0,0
278,288541,0,0,0,0,0,0,0,1,0,0,0,0,0
279,289583,0,0,0,0,0,0,0,1,0,0,0,0,0
280,290625,0,0,0,0,0,0,0,1,0,0,0,0,0
281,291666,0,0,0,0,0,0,0,1,0,0,0,0,0
282,292708,0,0,0,0,0,0,0,1,0,0,0,0,0
283,293750,0,0,0,0,0,0,0,1,0,0,0,0,0
284,294791,0,0,0,0,0,0,0,1,0,0,0,0,0
285,295833,0,0,0,0,0,0,0,1,0,0,0,0,0
286,296875,0,0,0,0,0,0,0,1,0,0,0,0,0
287,297916,0,0,0,0,0,0,0,1,0,0,0,0,0
288,298958,0,0,0,0,0,0,0,1,0,0,0,0,0
289,300000,0,0,0,0,0,0,0,1,0,0,0,0,0
290,301041,0,0,0,0,0,0,0,1,0,0,0,0,0
291,302083,0,0,0,0,0,0,0,1,0,0,0,0,0
292,303125,0,0,0,0,0,0,0,1,0,0,0,0,0
293,304166,0,0,0,0,0,0,0,1,0,0,0,0,0
294,305208,0,0,0,0,0,0,0,1,0,0,0,0,0
295,306250,0,0,0,0,0,0,0,1,0,0,0,0,0
296,307291,0,0,0,0,0,0,0,1,0,0,0,0,0
297,308333,0,0,0,0,0,0,0,1,0,0,0,0,0
298,309375,0,0,0,0,0,0,0,1,0,0,0,0,0
299,310416,0,0,0,0,0,0,0,1,0,0,0,0,0
300,311458,0,0,0,0,0,0,0,1,0,0,0,0,0
301,312500,0,0,0,0,0,0,0,1,0,0,0,0,0
302,313541,0,0,0,0,0,0,0,1,0,0,0,0,0
303,314583,0,0,0,0,0,0,0,1,0,0,0,0,0
304,315625,0,0,0,0,0,0,0,1,0,0,0,0,0
305,316666,0,0,0,0,0,0,0,1,0,0,0,0,0
306,317708,0,0,0,0,0,0,0,1,0,0,0,0,0
307,318750,0,0,0,0,0,0,0,1,0,0,0,0,0
308,319791,0,0,0,0,0,0,0,1,0,0,0,0,0
309,320833,0,0,0,0,0,0,0,1,0,0,0,0,0
310,321875,0,0,0,0,0,0,0,1,0,0,0,0,0
311,322916,0,0,0,0,0,0,0,1,0,0,0,0,0
312,323958,0,0,0,0,0,0,0,1,0,0,0,0,0
313,325000,0,0,0,0,0,0,0,1,0,0,0,0,0
314,326041,0,0,0,0,0,0,0,1,0,0,0,0,0
315,327083,0,0,0,0,0,0,0,1,0,0,0,0,0
316,328125,0,0,0,0,0,0,0,1,0,0,0,0,0
317,329166,0,0,0,0,0,0,0,1,0,0,0,0,0
318,330208,0,0,0,0,0,0,0,1,0,0,0,0,0
319,331250,0,0,0,0,0,0,0,1,0,0,0,0,0
320,332291,0,0,0,0,0,0,0,1,0,0,0,0,0
321,333333,0,0,0,0,0,0,0,1,0,0,0,0,0
322,334375,0,0,0,0,0,0,0,1,0,0,0,0,0
323,335416,0,0,0,0,0,0,0,1,0,0,0,0,0
324,336458,0,0,0,0,0,0,0,1,0,0,0,0,0
325,337500,0,0,0,0,0,0,0,1,0,0,0,0,0
326,338541,0,0,0,0,0,0,0,1,0,0,0,0,0
327,339583,0,0,0,0,0,0,0,1,0,0,0,0,0
328,340625,0,0,0,0,0,0,0,1,0,0,0,0,0
329,341666,0,0,0,0,0,0,0,1,0,0,0,0,0
330,342708,0,0,0,0,0,0,0,1,0,0,0,0,0
331,343750,0,0,0,0,0,0,0,1,0,0,0,0,0
332,344791,0,0,0,0,0,0,0,1,0,0,0,0,0
333,345833,0,0,0,0,0,0,0,1,0,0,0,0,0
334,346875,0,0,0,0,0,0,0,1,0,0,0,0,0
335,347916,0,0,0,0,0,0,0,1,0,0,0,0,0
336,348958,0,0,0,0,0,0,0,1,0,0,0,0,0
337,350000,0,0,0,0,0,0,0,1,0,0,0,0,0
338,351041,0,0,0,0,0,0,0,1,0,0,0,0,0
339,352083,0,0,0,0,0,0,0,1,0,0,0,0,0
340,353125,0,0,0,0,0,0,0,1,0,0,0,0,0
341,354166,0,0,0,0,0,0,0,1,0,0,0,0,0
342,355208,0,0,0,0,0,0,0,1,0,0,0,0,0
343,356250,0,0,0,0,0,0,0,1,0,0,0,0,0
344,357291,0,0,0,0,0,0,0,1,0,0,0,0,0
345,358333,0,0,0,0,0,0,0,1,0,0,0,0,0
346,359375,0,0,0,0,0,0,0,1,0,0,0,0,0
347,360416,0,0,0,0,0,0,0,1,0,0,0,0,0
348,361458,0,0,0,0,0,0,0,1,0,0,0,0,0
349,362500,0,0,0,0,0,0,0,1,0,0,0,0,0
350,363541,0,0,0,0,0,0,0,1,0,0,0,0,0
351,364583,0,0,0,0,0,0,0,1,0,0,0,0,0
352,365625,0,0,0,0,0,0,0,1,0,0,0,0,0
353,366666,0,0,0,0,0,0,0,1,0,0,0,0,0
354,367708,0,0,0,0,0,0,0,1,0,0,0,0,0
355,368750,0,0,0,0,0,0,0,1,0,0,0,0,0
356,369791,0,0,0,0,0,0,0,1,0,0,0,0,0
357,370833,0,0,0,0,0,0,0,1,0,0,0,0,0
358,371875,0,0,0,0,0,0,0,1,0,0,0,0,0
359,372916,0,0,0,0,0,0,0,1,0,0,0,0,0
360,373958,0,0,0,0,0,0,0,1,0,0,0,0,0
361,375000,0,0,0,0,0,0,0,1,0,0,0,0,0
362,376041,0,0,0,0,0,0,0,1,0,0,0,0,0
363,377083,0,0,0,0,0,0,0,1,0,0,0,0,0
364,378125,0,0,0,0,0,0,0,1,0,0,0,0,0
365,379166,0,0,0,0,0,0,0,1,0,0,0,0,0
366,380208,0,0,0,0,0,0,0,1,0,0,0,0,0
367,381250,0,0,0,0,0,0,0,1,0,0,0,0,0
368,382291,0,0,0,0,0,0,0,1,0,0,0,0,0
369,383333,0,0,0,0,0,0,0,1,0,0,0,0,0
370,384375,0,0,0,0,0,0,0,1,0,0,0,0,0
371,385416,0,0,0,0,0,0,0,1,0,0,0,0,0
372,386458,0,0,0,0,0,0,0,1,0,0,0,0,0
373,387500,0,0,0,0,0,0,0,1,0,0,0,0,0
374,388541,0,0,0,0,0,0,0,1,0,0,0,0,0
375,389583,0,0,0,0,0,0,0,1,0,0,0,0,0
376,390625,0,0,0,0,0,0,0,1,0,0,0,0,0
377,391666,0,0,0,0,0,0,0,1,0,0,0,0,0
378,392708,0,0,0,0,0,0,0,1,0,0,0,0,0
379,393750,0,0,0,0,0,0,0,1,0,0,0,0,0
380,394791,0,0,0,0,0,0,0,1,0,0,0,0,0
381,395833,0,0,0,0,0,0,0,1,0,0,0,0,0
382,396875,0,0,0,0,0,0,0,1,0,0,0,0,0
383,397916,0,0,0,0,0,0,0,1,0,0,0,0,0
384,398958,0,0,0,0,0,0,0,1,0,0,0,0,0
385,400000,0,0,0,0,0,0,0,1,0,0,0,0,0
386,401041,0,0,0,0,0,0,0,1,0,0,0,0,0
387,402083,0,0,0,0,0,0,0,1,0,0,0,0,0
388,403125,0,0,0,0,0,0,0,1,0,0,0,0,0
389,404166,0,0,0,0,0,0,0,1,0,0,0,0,0
390,405208,0,0,0,0,0,0,0,1,0,0,0,0,0
391,406250,0,0,0,0,0,0,0,1,0,0,0,0,0
392,407291,0,0,0,0,0,0,0,1,0,0,0,0,0
393,408333,0,0,0,0,0,0,0,1,0,0,0,0,0
394,409375,0,0,0,0,0,0,0,1,0,0,0,0,0
395,410416,0,0,0,0,0,0,0,1,0,0,0,0,0
396,411458,0,0,0,0,0,0,0,1,0,0,0,0,0
397,412500,0,0,0,0,0,0,0,1,0,0,0,0,0
398,413541,0,0,0,0,0,0,0,1,0,0,0,0,0
399,414583,0,0,0,0,0,0,0,1,0,0,0,0,0
400,415625,0,0,0,0,0,0,0,1,0,0,0,0,0
401,416666,0,0,0,0,0,0,0,1,0,0,0,0,0
402,417708,0,0,0,0,0,0,0,1,0,0,0,0,0
403,418750,0,0,0,0,0,0,0,1,0,0,0,0,0
404,419791,0,0,0,0,0,0,0,1,0,0,0,0,0
405,420833,0,0,0,0,0,0,0,1,0,0,0,0,0
406,421875,0,0,0,0,0,0,0,1,0,0,0,0,0
407,422916,0,0,0,0,0,0,0,1,0,0,0,0,0
408,423958,0,0,0,0,0,0,0,1,0,0,0,0,0
409,425000,0,0,0,0,0,0,0,1,0,0,0,0,0
410,426041,0,0,0,0,0,0,0,1,0,0,0,0,0
411,427083,0,0,0,0,0,0,0,1,0,0,0,0,0
412,428125,0,0,0,0,0,0,0,1,0,0,0,0,0
413,429166,0,0,0,0,0,0,0,1,0,0,0,0,0
414,430208,0,0,0,0,0,0,0,1,0,0,0,0,0
415,431250,0,0,0,0,0,0,0,1,0,0,0,0,0
416,432291,0,0,0,0,0,0,0,1,0,0,0,0,0
417,433333,0,0,0,0,0,0,0,1,0,0,0,0,0
418,434375,0,0,0,0,0,0,0,1,0,0,0,0,0
419,435416,0,0,0,0,0,0,0,1,0,0,0,0,0
420,436458,0,0,0,0,0,0,0,1,0,0,0,0,0
421,437500,0,0,0,0,0,0,0,1,0,0,0,0,0
422,438541,0,0,0,0,0,0,0,1,0,0,0,0,0
423,439583,0,0,0,0,0,0,0,1,0,0,0,0,0
424,440625,0,0,0,0,0,0,0,1,0,0,0,0,0
425,441666,0,0,0,0,0,0,0,1,0,0,0,0,0
426,442708,0,0,0,0,0,0,0,1,0,0,0,0,0
427,443750,0,0,0,0,0,0,0,1,0,0,0,0,0
428,444791,0,0,0,0,0,0,0,1,0,0,0,0,0
429,445833,0,0,0,0,0,0,0,1,0,0,0,0,0
430,446875,0,0,0,0,0,0,0,1,0,0,0,0,0
431,447916,0,0,0,0,0,0,0,1,0,0,0,0,0
432,448958,0,0,0,0,0,0,0,1,0,0,0,0,0
433,450000,0,0,0,0,0,0,0,1,0,0,0,0,0
434,451041,0,0,0,0,0,0,0,1,0,0,0,0,0
435,452083,0,0,0,0,0,0,0,1,0,0,0,0,0
436,453125,0,0,0,0,0,0,0,1,0,0,0,0,0
437,454166,0,0,0,0,0,0,0,1,0,0,0,0,0
438,455208,0,0,0,0,0,0,0,1,0,0,0,0,0
439,456250,0,0,0,0,0,0,0,1,0,0,0,0,0
440,457291,0,0,0,0,0,0,0,1,0,0,0,0,0
441,458333,0,0,0,0,0,0,0,1,0,0,0,0,0
442,459375,0,0,0,0,0,0,0,1,0,0,0,0,0
443,460416,0,0,0,0,0,0,0,1,0,0,0,0,0
444,461458,0,0,0,0,0,0,0,1,0,0,0,0,0
445,462500,0,0,0,0,0,0,0,1,0,0,0,0,0
446,463541,0,0,0,0,0,0,0,1,0,0,0,0,0
447,464583,0,0,0,0,0,0,0,1,0,0,0,0,0
448,465625,0,0,0,0,0,0,0,1,0,0,0,0,0
449,466666,0,0,0,0,0,0,0,1,0,0,0,0,0
450,467708,0,0,0,0,0,0,0,1,0,0,0,0,0
451,468750,0,0,0,0,0,0,0,1,0,0,0,0,0
452,469791,0,0,0,0,0,0,0,1,0,0,0,0,0
453,470833,0,0,0,0,0,0,0,1,0,0,0,0,0
454,471875,0,0,0,0,0,0,0,1,0,0,0,0,0
455,472916,0,0,0,0,0,0,0,1,0,0,0,0,0
456,473958,0,0,0,0,0,0,0,1,0,0,0,0,0
457,475000,0,0,0,0,0,0,0,1,0,0,0,0,0
458,476041,0,0,0,0,0,0,0,1,0,0,0,0,0
459,477083,0,0,0,0,0,0,0,1,0,0,0,0,0
460,478125,0,0,0,0,0,0,0,1,0,0,0,0,0
461,479166,0,0,0,0,0,0,0,1,0,0,0,0,0
462,480208,0,0,0,0,0,0,0,1,0,0,0,0,0
463,481250,0,0,0,0,0,0,0,1,0,0,0,0,0
464,482291,0,0,0,0,0,0,0,1,0,0,0,0,0
465,483333,0,0,0,0,0,0,0,1,0,0,0,0,0
466,484375,0,0,0,0,0,0,0,1,0,0,0,0,0
467,485416,0,0,0,0,0,0,0,1,0,0,0,0,0
468,486458,0,0,0,0,0,0,0,1,0,0,0,0,0
469,487500,0,0,0,0,0,0,0,1,0,0,0,0,0
470,488541,0,0,0,0,0,0,0,1,0,0,0,0,0
471,489583,0,0,0,0,0,0,0,1,0,0,0,0,0
472,490625,0,0,0,0,0,0,0,1,0,0,0,0,0
473,491666,0,0,0,0,0,0,0,1,0,0,0,0,0
474,492708,0,0,0,0,0,0,0,1,0,0,0,0,0
475,493750,0,0,0,0,0,0,0,1,0,0,0,0,0
476,494791,0,0,0,0,0,0,0,1,0,0,0,0,0
477,495833,0,0,0,0,0,0,0,1,0,0,0,0,0
478,496875,0,0,0,0,0,0,0,1,0,0,0,0,0
479,497916,0,0,0,0,0,0,0,1,0,0,0,0,0
480,498958,0,0,0,0,0,0,0,1,0,0,0,0,0
481,500000,0,0,0,0,0,0,0,1,0,0,0,0,0
482,501041,0,0,0,0,0,0,0,1,0,0,0,0,0
483,502083,0,0,0,0,0,0,0,1,0,0,0,0,0
484,503125,0,0,0,0,0,0,0,1,0,0,0,0,0
485,504166,0,0,0,0,0,0,0,1,0,0,0,0,0
486,505208,0,0,0,0,0,0,0,1,0,0,0,0,0
487,506250,0,0,0,0,0,0,0,1,0,0,0,0,0
488,507291,0,0,0,0,0,0,0,1,0,0,0,0,0
489,508333,0,0,0,0,0,0,0,1,0,0,0,0,0
490,509375,0,0,0,0,0,0,0,1,0,0,0,0,0
491,510416,0,0,0,0,0,0,0,1,0,0,0,0,0
492,511458,0,0,0,0,0,0,0,1,0,0,0,0,0
493,512499,0,0,0,0,0,0,0,1,0,0,0,0,0
494,513541,0,0,0,0,0,0,0,1,0,0,0,0,0
495,514583,0,0,0,0,0,0,0,1,0,0,0,0,0
496,515625,0,0,0,0,0,0,0,1,0,0,0,0,0
497,516666,0,0,0,0,0,0,0,1,0,0,0,0,0
498,517708,0,0,0,0,0,0,0,1,0,0,0,0,0
499,518750,0,0,0,0,0,0,0,1,0,0,0,0,0
500,519791,0,0,0,0,0,0,0,1,0,0,0,0,0
501,520833,0,0,0,0,0,0,0,1,0,0,0,0,0
502,521875,0,0,0,0,0,0,0,1,0,0,0,0,0
503,522916,0,0,0,0,0,0,0,1,0,0,0,0,0
504,523958,0,0,0,0,0,0,0,1,0,0,0,0,0
505,525000,0,0,0,0,0,0,0,1,0,0,0,0,0
506,526041,0,0,0,0,0,0,0,1,0,0,0,0,0
507,527083,0,0,0,0,0,0,0,1,0,0,0,0,0
508,528125,0,0,0,0,0,0,0,1,0,0,0,0,0
509,529166,0,0,0,0,0,0,0,1,0,0,0,0,0
510,530208,0,0,0,0,0,0,0,1,0,0,0,0,0
511,531250,0,0,0,0,0,0,0,1,0,0,0,0,0
512,532291,0,0,0,0,0,0,0,1,0,0,0,0,0
513,533333,0,0,0,0,0,0,0,1,0,0,0,0,0
514,534375,0,0,0,0,0,0,0,1,0,0,0,0,0
515,535416,0,0,0,0,0,0,0,1,0,0,0,0,0
516,536458,0,0,0,0,0,0,0,1,0,0,0,0,0
517,537500,0,0,0,0,0,0,0,1,0,0,0,0,0
518,538541,0,0,0,0,0,0,0,1,0,0,0,0,0
519,539583,0,0,0,0,0,0,0,1,0,0,0,0,0
520,540625,0,0,0,0,0,0,0,1,0,0,0,0,0
521,541666,0,0,0,0,0,0,0,1,0,0,0,0,0
522,542708,0,0,0,0,0,0,0,1,0,0,0,0,0
523,543750,0,0,0,0,0,0,0,1,0,0,0,0,0
524,544791,0,0,0,0,0,0,0,1,0,0,0,0,0
525,545833,0,0,0,0,0,0,0,1,0,0,0,0,0
526,546875,0,0,0,0,0,0,0,1,0,0,0,0,0
527,547916,0,0,0,0,0,0,0,1,0,0,0,0,0
528,548958,0,0,0,0,0,0,0,1,0,0,0,0,0
529,550000,0,0,0,0,0,0,0,1,0,0,0,0,0
530,551041,0,0,0,0,0,0,0,1,0,0,0,0,0
531,552083,0,0,0,0,0,0,0,1,0,0,0,0,0
532,553125,0,0,0,0,0,0,0,1,0,0,0,0,0
533,554166,0,0,0,0,0,0,0,1,0,0,0,0,0
534,555208,0,0,0,0,0,0,0,1,0,0,0,0,0
535,556250,0,0,0,0,0,0,0,1,0,0,0,0,0
536,557291,0,0,0,0,0,0,0,1,0,0,0,0,0
537,558333,0,0,0,0,0,0,0,1,0,0,0,0,0
538,559375,0,0,0,0,0,0,0,1,0,0,0,0,0
539,560416,0,0,0,0,0,0,0,1,0,0,0,0,0
540,561458,0,0,0,0,0,0,0,1,0,0,0,0,0
541,562500,0,0,0,0,0,0,0,1,0,0,0,0,0
542,563541,0,0,0,0,0,0,0,1,0,0,0,0,0
543,564583,0,0,0,0,0,0,0,1,0,0,0,0,0
544,565625,0,0,0,0,0,0,0,1,0,0,0,0,0
545,566666,0,0,0,0,0,0,0,1,0,0,0,0,0
546,567708,0,0,0,0,0,0,0,1,0,0,0,0,0
547,568750,0,0,0,0,0,0,0,1,0,0,0,0,0
548,569791,0,0,0,0,0,0,0,1,0,0,0,0,0
549,570833,0,0,0,0,0,0,0,1,0,0,0,0,0
550,571875,0,0,0,0,0,0,0,1,0,0,0,0,0
551,572916,0,0,0,0,0,0,0,1,0,0,0,0,0
552,573958,0,0,0,0,0,0,0,1,0,0,0,0,0
553,575000,0,0,0,0,0,0,0,1,0,0,0,0,0
554,576041,0,0,0,0,0,0,0,1,0,0,0,0,0
555,577083,0,0,0,0,0,0,0,1,0,0,0,0,0
556,578125,0,0,0,0,0,0,0,1,0,0,0,0,0
557,579166,0,0,0,0,0,0,0,1,0,0,0,0,0
558,580208,0,0,0,0,0,0,0,1,0,0,0,0,0
559,581250,0,0,0,0,0,0,0,1,0,0,0,0,0
560,582291,0,0,0,0,0,0,0,1,0,0,0,0,0
561,583333,0,0,0,0,0,0,0,1,0,0,0,0,0
562,584375,0,0,0,0,0,0,0,1,0,0,0,0,0
563,585416,0,0,0,0,0,0,0,1,0,0,0,0,0
564,586458,0,0,0,0,0,0,0,1,0,0,0,0,0
565,587500,0,0,0,0,0,0,0,1,0,0,0,0,0
566,588541,0,0,0,0,0,0,0,1,0,0,0,0,0
567,589583,0,0,0,0,0,0,0,1,0,0,0,0,0
568,590625,0,0,0,0,0,0,0,1,0,0,0,0,0
569,591666,0,0,0,0,0,0,0,1,0,0,0,0,0
570,592708,0,0,0,0,0,0,0,1,0,0,0,0,0
571,593750,0,0,0,0,0,0,0,1,0,0,0,0,0
572,594791,0,0,0,0,0,0,0,1,0,0,0,0,0
573,595833,0,0,0,0,0,0,0,1,0,0,0,0,0
574,596875,0,0,0,0,0,0,0,1,0,0,0,0,0
575,597916,0,0,0,0,0,0,0,1,0,0,0,0,0
576,598958,0,0,0,0,0,0,0,1,0,0,0,0,0
577,600000,0,0,0,0,0,0,0,1,0,0,0,0,0
578,601041,0,0,0,0,0,0,0,1,0,0,0,0,0
579,602083,0,0,0,0,0,0,0,1,0,0,0,0,0
580,603125,0,0,0,0,0,0,0,1,0,0,0,0,0
581,604166,0,0,0,0,0,0,0,1,0,0,0,0,0
582,605208,0,0,0,0,0,0,0,1,0,0,0,0,0
583,606250,0,0,0,0,0,0,0,1,0,0,0,0,0
584,607291,0,0,0,0,0,0,0,1,0,0,0,0,0
585,608333,0,0,0,0,0,0,0,1,0,0,0,0,0
586,609375,0,0,0,0,0,0,0,1,0,0,0,0,0
587,610416,0,0,0,0,0,0,0,1,0,0,0,0,0
588,611458,0,0,0,0,0,0,0,1,0,0,0,0,0
589,612500,0,0,0,0,0,0,0,1,0,0,0,0,0
590,613541,0,0,0,0,0,0,0,1,0,0,0,0,0
591,614583,0,0,0,0,0,0,0,1,0,0,0,0,0
592,615625,0,0,0,0,0,0,0,1,0,0,0,0,0
593,616666,0,0,0,0,0,0,0,1,0,0,0,0,0
594,617708,0,0,0,0,0,0,0,1,0,0,0,0,0
595,618750,0,0,0,0,0,0,0,1,0,0,0,0,0
596,619791,0,0,0,0,0,0,0,1,0,0,0,0,0
597,620833,0,0,0,0,0,0,0,1,0,0,0,0,0
598,621875,0,0,0,0,0,0,0,1,0,0,0,0,0
599,622916,0,0,0,0,0,0,0,1,0,0,0,0,0
600,623958,0,0,0,0,0,0,0,1,0,0,0,0,0
601,625000,0,0,0,0,0,0,0,1,0,0,0,0,0
602,626041,0,0,0,0,0,0,0,1,0,0,0,0,0
603,627083,0,0,0,0,0,0,0,1,0,0,0,0,0
604,628125,0,0,0,0,0,0,0,1,0,0,0,0,0
605,629166,0,0,0,0,0,0,0,1,0,0,0,0,0
606,630208,0,0,0,0,0,0,0,1,0,0,0,0,0
607,631250,0,0,0,0,0,0,0,1,0,0,0,0,0
608,632291,0,0,0,0,0,0,0,1,0,0,0,0,0
609,633333,0,0,0,0,0,0,0,1,0,0,0,0,0
610,634375,0,0,0,0,0,0,0,1,0,0,0,0,0
611,635416,0,0,0,0,0,0,0,1,0,0,0,0,0
612,636458,0,0,0,0,0,0,0,1,0,0,0,0,0
613,637500,0,0,0,0,0,0,0,1,0,0,0,0,0
614,638541,0,0,0,0,0,0,0,1,0,0,0,0,0
615,639583,0,0,0,0,0,0,0,1,0,0,0,0,0
616,640625,0,0,0,0,0,0,0,1,0,0,0,0,0
617,641666,0,0,0,0,0,0,0,1,0,0,0,0,0
618,642708,0,0,0,0,0,0,0,1,0,0,0,0,0
619,643750,0,0,0,0,0,0,0,1,0,0,0,0,0
620,644791,0,0,0,0,0,0,0,1,0,0,0,0,0
621,645833,0,0,0,0,0,0,0,1,0,0,0,0,0
622,646875,0,0,0,0,0,0,0,1,0,0,0,0,0
623,647916,0,0,0,0,0,0,0,1,0,0,0,0,0
624,648958,0,0,0,0,0,0,0,1,0,0,0,0,0
625,650000,0,0,0,0,0,0,0,1,0,0,0,0,0
626,651041,0,0,0,0,0,0,0,1,0,0,0,0,0
627,652083,0,0,0,0,0,0,0,1,0,0,0,0,0
628,653125,0,0,0,0,0,0,0,1,0,0,0,0,0
629,654166,0,0,0,0,0,0,0,1,0,0,0,0,0
630,655208,0,0,0,0,0,0,0,1,0,0,0,0,0
631,656250,0,0,0,0,0,0,0,1,0,0,0,0,0
632,657291,0,0,0,0,0,0,0,1,0,0,0,0,0
633,658333,0,344,-344,0,0,23703,-23703,0,0,0,1,1,0
634,659375,-152,394,-242,0,-10474,27136,-16662,0,0,0,1,1,0
635,660416,-281,384,-103,0,-19354,26438,-7084,0,0,0,1,1,0
636,661458,-367,315,52,0,-25287,21714,3573,0,0,0,1,1,0
637,662500,-397,199,199,0,-27370,13685,13685,0,0,0,1,1,0
638,663541,-367,52,315,0,-25287,3573,21714,0,0,0,1,1,0
639,664583,-281,-103,384,0,-19354,-7084,26438,0,0,0,1,1,0
640,665625,-152,-242,394,0,-10474,-16662,27136,0,0,0,1,1,0
641,666666,0,-344,344,0,0,-23703,23703,0,0,0,1,1,0
642,667708,152,-394,242,0,10474,-27136,16662,0,0,0,1,1,0
643,668750,281,-384,103,0,19354,-26438,7084,0,0,0,0,1,0
644,669791,367,-315,-52,0,25287,-21714,-3573,0,0,0,0,1,0
645,670833,397,-199,-199,0,27370,-13685,-13685,0,0,0,0,1,0
646,671875,367,-52,-315,0,25287,-3573,-21714,0,0,0,0,1,0
647,672916,281,103,-384,0,19354,7084,-26438,0,0,0,0,1,0
648,673958,152,242,-394,0,10474,16662,-27136,0,0,0,0,1,0
649,675000,0,344,-344,0,0,23703,-23703,0,0,0,0,1,0
650,676041,-152,394,-242,0,-10474,27136,-16662,0,0,0,0,1,0
651,677083,-281,384,-103,0,-19354,26438,-7084,0,0,0,0,1,0
652,678125,-367,315,52,0,-25287,21714,3573,0,0,0,0,1,0
653,679166,-397,199,199,0,-27370,13685,13685,0,0,0,0,1,0
654,680208,-367,52,315,0,-25287,3573,21714,0,0,0,0,1,0
655,681250,-281,-103,384,0,-19354,-7084,26438,0,0,0,0,1,0
656,682291,-152,-242,394,0,-10474,-16662,27136,0,0,0,0,1,0
657,683333,0,-344,344,0,0,-23703,23703,0,0,0,0,1,0
658,684375,152,-394,242,0,10474,-27136,16662,0,0,0,0,1,0
659,685416,281,-384,103,0,19354,-26438,7084,0,0,0,0,1,0
660,686458,367,-315,-52,0,25287,-21714,-3573,0,0,0,0,1,0
661,687500,397,-199,-199,0,27370,-13685,-13685,0,0,0,0,1,0
662,688541,367,-52,-315,0,25287,-3573,-21714,0,0,0,0,1,0
663,689583,281,103,-384,0,19354,7084,-26438,0,0,0,0,1,0
664,690625,152,242,-394,0,10474,16662,-27136,0,0,0,0,1,0
665,691666,0,344,-344,0,0,23703,-23703,0,0,0,0,1,0
666,692708,-152,394,-242,0,-10474,27136,-16662,0,0,0,0,1,0
667,693750,-281,384,-103,0,-19354,26438,-7084,0,0,0,0,1,0
668,694791,-367,315,52,0,-25287,21714,3573,0,0,0,0,1,0
669,695833,-397,199,199,0,-27370,13685,13685,0,0,0,0,1,0
670,696875,-367,52,315,0,-25287,3573,21714,0,0,0,0,1,0
671,697916,-281,-103,384,0,-19354,-7084,26438,0,0,0,0,1,0
672,698958,-152,-242,394,0,-10474,-16662,27136,0,0,0,0,1,0
673,700000,0,-344,344,0,0,-23703,23703,0,0,0,0,1,0
674,701041,152,-394,242,0,10474,-27136,16662,0,0,0,0,1,0
675,702083,281,-384,103,0,19354,-26438,7084,0,0,0,0,1,0
676,703125,367,-315,-52,0,25287,-21714,-3573,0,0,0,0,1,0
677,704166,397,-199,-199,0,27370,-13685,-13685,0,0,0,0,1,0
678,705208,367,-52,-315,0,25287,-3573,-21714,0,0,0,0,1,0
679,706250,281,103,-384,0,19354,7084,-26438,0,0,0,0,1,0
680,707291,152,242,-394,0,10474,16662,-27136,0,0,0,0,1,0
681,708333,0,344,-344,0,0,23703,-23703,0,0,0,0,1,0
682,709375,-152,394,-242,0,-10474,27136,-16662,0,0,0,0,1,0
683,710416,-281,384,-103,0,-19354,26438,-7084,0,0,0,0,1,0
684,711458,-367,315,52,0,-25287,21714,3573,0,0,0,0,1,0
685,712500,-397,199,199,0,-27370,13685,13685,0,0,0,0,1,0
686,713541,-367,52,315,0,-25287,3573,21714,0,0,0,0,1,0
687,714583,-281,-103,384,0,-19354,-7084,26438,0,0,0,0,1,0
688,715625,-152,-242,394,0,-10474,-16662,27136,0,0,0,0,1,0
689,716666,0,-344,344,0,0,-23703,23703,0,0,0,0,1,0
690,717708,152,-394,242,0,10474,-27136,16662,0,0,0,0,1,0
691,718750,281,-384,103,0,19354,-26438,7084,0,0,0,0,1,0
692,719791,367,-315,-52,0,25287,-21714,-3573,0,0,0,0,1,0
693,720833,397,-199,-199,0,27370,-13685,-13685,0,0,0,0,1,0
694,721875,367,-52,-315,0,25287,-3573,-21714,0,0,0,0,1,0
695,722916,281,103,-384,0,19354,7084,-26438,0,0,0,0,1,0
696,723958,152,242,-394,0,10474,16662,-27136,0,0,0,0,1,0
697,725000,0,344,-344,0,0,23703,-23703,0,0,0,0,1,0
698,726041,-152,394,-242,0,-10474,27136,-16662,0,0,0,0,1,0
699,727083,-281,384,-103,0,-19354,26438,-7084,0,0,0,0,1,0
700,728125,-367,315,52,0,-25287,21714,3573,0,0,0,0,1,0
701,729166,-397,199,199,0,-27370,13685,13685,0,0,0,0,1,0
702,730208,-367,52,315,0,-25287,3573,21714,0,0,0,0,1,0
703,731250,-281,-103,384,0,-19354,-7084,26438,0,0,0,0,1,0
704,732291,-152,-242,394,0,-10474,-16662,27136,0,0,0,0,1,0
705,733333,0,-344,344,0,0,-23703,23703,0,0,0,0,1,0
706,734375,152,-394,242,0,10474,-27136,16662,0,0,0,0,1,0
707,735416,281,-384,103,0,19354,-26438,7084,0,0,0,0,1,0
708,736458,367,-315,-52,0,25287,-21714,-3573,0,0,0,0,1,0
709,737500,397,-199,-199,0,27370,-13685,-13685,0,0,0,0,1,0
710,738541,367,-52,-315,0,25287,-3573,-21714,0,0,0,0,1,0
711,739583,281,103,-384,0,19354,7084,-26438,0,0,0,0,1,0
712,740625,152,242,-394,0,10474,16662,-27136,0,0,0,0,1,0
713,741666,0,344,-344,0,0,23703,-23703,0,0,0,0,1,0
714,742708,-152,394,-242,0,-10474,27136,-16662,0,0,0,0,1,0
715,743750,-281,384,-103,0,-19354,26438,-7084,0,0,0,0,1,0
716,744791,-367,315,52,0,-25287,21714,3573,0,0,0,0,1,0
717,745833,-397,199,199,0,-27370,13685,13685,0,0,0,0,1,0
718,746875,-367,52,315,0,-25287,3573,21714,0,0,0,0,1,0
719,747916,-281,-103,384,0,-19354,-7084,26438,0,0,0,0,1,0
720,748958,-152,-242,394,0,-10474,-16662,27136,0,0,0,0,1,0
721,750000,0,-344,344,0,0,-23703,23703,0,0,0,0,1,0
722,751041,152,-394,242,0,10474,-27136,16662,0,0,0,0,1,0
723,752083,281,-384,103,0,19354,-26438,7084,0,0,0,0,1,0
724,753125,367,-315,-52,0,25287,-21714,-3573,0,0,0,0,1,0
725,754166,397,-199,-199,0,27370,-13685,-13685,0,0,0,0,1,0
726,755208,367,-52,-315,0,25287,-3573,-21714,0,0,0,0,1,0
727,756250,281,103,-384,0,19354,7084,-26438,0,0,0,0,1,0
728,757291,152,242,-394,0,10474,16662,-27136,0,0,0,0,1,0
729,758333,0,344,-344,0,0,23703,-23703,0,0,0,0,1,0
730,759375,-152,394,-242,0,-10474,27136,-16662,0,0,0,0,1,0
731,760416,-281,384,-103,0,-19354,26438,-7084,0,0,0,0,1,0
732,761458,-367,315,52,0,-25287,21714,3573,0,0,0,0,1,0
733,762500,-397,199,199,0,-27370,13685,13685,0,0,0,0,1,0
734,763541,-367,52,315,0,-25287,3573,21714,0,0,0,0,1,0
735,764583,-281,-103,384,0,-19354,-7084,26438,0,0,0,0,1,0
736,765625,-152,-242,394,0,-10474,-16662,27136,0,0,0,0,1,0
737,766666,0,-344,344,0,0,-23703,23703,0,0,0,0,1,0
738,767708,152,-394,242,0,10474,-27136,16662,0,0,0,0,1,0
739,768750,281,-384,103,0,19354,-26438,7084,0,0,0,0,1,0
740,769791,367,-315,-52,0,25287,-21714,-3573,0,0,0,0,1,0
741,770833,397,-199,-199,0,27370,-13685,-13685,0,0,0,0,1,0
742,771875,367,-52,-315,0,25287,-3573,-21714,0,0,0,0,1,0
743,772916,281,103,-384,0,19354,7084,-26438,0,0,0,0,1,0
744,773958,152,242,-394,0,10474,16662,-27136,0,0,0,0,1,0
745,775000,0,344,-344,0,0,23703,-23703,0,0,0,0,1,0
746,776041,-152,394,-242,0,-10474,27136,-16662,0,0,0,0,1,0
747,777083,-281,384,-103,0,-19354,26438,-7084,0,0,0,0,1,0
748,778125,-367,315,52,0,-25287,21714,3573,0,0,0,0,1,0
749,779166,-397,199,199,0,-27370,13685,13685,0,0,0,0,1,0
750,780208,-367,52,315,0,-25287,3573,21714,0,0,0,0,1,0
751,781250,-281,-103,384,0,-19354,-7084,26438,0,0,0,0,1,0
752,782291,-152,-242,394,0,-10474,-16662,27136,0,0,0,0,1,0
753,783333,0,-344,344,0,0,-23703,23703,0,0,0,0,1,0
754,784375,152,-394,242,0,10474,-27136,16662,0,0,0,0,1,0
755,785416,281,-384,103,0,19354,-26438,7084,0,0,0,0,1,0
756,786458,367,-315,-52,0,25287,-21714,-3573,0,0,0,0,1,0
757,787500,397,-199,-199,0,27370,-13685,-13685,0,0,0,0,1,0
758,788541,367,-52,-315,0,25287,-3573,-21714,0,0,0,0,1,0
759,789583,281,103,-384,0,19354,7084,-26438,0,0,0,0,1,0
760,790625,152,242,-394,0,10474,16662,-27136,0,0,0,0,1,0
761,791666,0,344,-344,0,0,23703,-23703,0,0,0,0,1,0
762,792708,-152,394,-242,0,-10474,27136,-16662,0,0,0,0,1,0
763,793750,-281,384,-103,0,-19354,26438,-7084,0,0,0,0,1,0
764,794791,-367,315,52,0,-25287,21714,3573,0,0,0,0,1,0
765,795833,-397,199,199,0,-27370,13685,13685,0,0,0,0,1,0
766,796875,-367,52,315,0,-25287,3573,21714,0,0,0,0,1,0
767,797916,-281,-103,384,0,-19354,-7084,26438,0,0,0,0,1,0
768,798958,-152,-242,394,0,-10474,-16662,27136,0,0,0,0,1,0
769,800000,0,-344,344,0,0,-23703,23703,0,0,0,0,1,0
770,801041,152,-394,242,0,10474,-27136,16662,0,0,0,0,1,0
771,802083,281,-384,103,0,19354,-26438,7084,0,0,0,0,1,0
772,803125,367,-315,-52,0,25287,-21714,-3573,0,0,0,0,1,0
773,804166,397,-199,-199,0,27370,-13685,-13685,0,0,0,0,1,0
774,805208,367,-52,-315,0,25287,-3573,-21714,0,0,0,0,1,0
775,806250,281,103,-384,0,19354,7084,-26438,0,0,0,0,1,0
776,807291,152,242,-394,0,10474,16662,-27136,0,0,0,0,1,0
777,808333,0,344,-344,0,0,23703,-23703,0,0,0,0,1,0
778,809375,-152,394,-242,0,-10474,27136,-16662,0,0,0,0,1,0
779,810416,-281,384,-103,0,-19354,26438,-7084,0,0,0,0,1,0
780,811458,-367,315,52,0,-25287,21714,3573,0,0,0,0,1,0
781,812500,-397,199,199,0,-27370,13685,13685,0,0,0,0,1,0
782,813541,-367,52,315,0,-25287,3573,21714,0,0,0,0,1,0
783,814583,-281,-103,384,0,-19354,-7084,26438,0,0,0,0,1,0
784,815625,-152,-242,394,0,-10474,-16662,27136,0,0,0,0,1,0
785,816666,0,-344,344,0,0,-23703,23703,0,0,0,0,1,0
786,817708,152,-394,242,0,10474,-27136,16662,0,0,0,0,1,0
787,818750,281,-384,103,0,19354,-26438,7084,0,0,0,0,1,0
788,819791,367,-315,-52,0,25287,-21714,-3573,0,0,0,0,1,0
789,820833,397,-199,-199,0,27370,-13685,-13685,0,0,0,0,1,0
790,821875,367,-52,-315,0,25287,-3573,-21714,0,0,0,0,1,0
791,822916,281,103,-384,0,19354,7084,-26438,0,0,0,0,1,0
792,823958,152,242,-394,0,10474,16662,-27136,0,0,0,0,1,0
793,825000,0,344,-344,0,0,23703,-23703,0,0,0,0,1,0
794,826041,-152,394,-242,0,-10474,27136,-16662,0,0,0,0,1,0
795,827083,-281,384,-103,0,-19354,26438,-7084,0,0,0,0,1,0
796,828125,-367,315,52,0,-25287,21714,3573,0,0,0,0,1,0
797,829166,-397,199,199,0,-27370,13685,13685,0,0,0,0,1,0
798,830208,-367,52,315,0,-25287,3573,21714,0,0,0,0,1,0
799,831250,-281,-103,384,0,-19354,-7084,26438,0,0,0,0,1,0
800,832291,-152,-242,394,0,-10474,-16662,27136,0,0,0,0,1,0
801,833333,0,-344,344,0,0,-23703,23703,0,0,0,0,1,0
802,834375,152,-394,242,0,10474,-27136,16662,0,0,0,0,1,0
803,835416,281,-384,103,0,19354,-26438,7084,0,0,0,0,1,0
804,836458,367,-315,-52,0,25287,-21714,-3573,0,0,0,0,1,0
805,837500,397,-199,-199,0,27370,-13685,-13685,0,0,0,0,1,0
806,838541,367,-52,-315,0,25287,-3573,-21714,0,0,0,0,1,0
807,839583,281,103,-384,0,19354,7084,-26438,0,0,0,0,1,0
808,840625,152,242,-394,0,10474,16662,-27136,0,0,0,0,1,0
809,841666,0,344,-344,0,0,23703,-23703,0,0,0,0,1,0
810,842708,-152,394,-242,0,-10474,27136,-16662,0,0,0,0,1,0
811,843750,-281,384,-103,0,-19354,26438,-7084,0,0,0,0,1,0
812,844791,-367,315,52,0,-25287,21714,3573,0,0,0,0,1,0
813,845833,-397,199,199,0,-27370,13685,13685,0,0,0,0,1,0
814,846875,-367,52,315,0,-25287,3573,21714,0,0,0,0,1,0
815,847916,-281,-103,384,0,-19354,-7084,26438,0,0,0,0,1,0
816,848958,-152,-242,394,0,-10474,-16662,27136,0,0,0,0,1,0
817,850000,0,-344,344,0,0,-23703,23703,0,0,0,0,1,0
818,851041,152,-394,242,0,10474,-27136,16662,0,0,0,0,1,0
819,852083,281,-384,103,0,19354,-26438,7084,0,0,0,0,1,0
820,853125,367,-315,-52,0,25287,-21714,-3573,0,0,0,0,1,0
821,854166,397,-199,-199,0,27370,-13685,-13685,0,0,0,0,1,0
822,855208,367,-52,-315,0,25287,-3573,-21714,0,0,0,0,1,0
823,856250,281,103,-384,0,19354,7084,-26438,0,0,0,0,1,0
824,857291,152,242,-394,0,10474,16662,-27136,0,0,0,0,1,0
825,858333,0,344,-344,0,0,23703,-23703,0,0,0,0,1,0
826,859375,-152,394,-242,0,-10474,27136,-16662,0,0,0,0,1,0
827,860416,-281,384,-103,0,-19354,26438,-7084,0,0,0,0,1,0
828,861458,-367,315,52,0,-25287,21714,3573,0,0,0,0,1,0
829,862500,-397,199,199,0,-27370,13685,13685,0,0,0,0,1,0
830,863541,-367,52,315,0,-25287,3573,21714,0,0,0,0,1,0
831,864583,-281,-103,384,0,-19354,-7084,26438,0,0,0,0,1,0
832,865625,-152,-242,394,0,-10474,-16662,27136,0,0,0,0,1,0
833,866666,0,-344,344,0,0,-23703,23703,0,0,0,0,1,0
834,867708,152,-394,242,0,10474,-27136,16662,0,0,0,0,1,0
835,868750,281,-384,103,0,19354,-26438,7084,0,0,0,0,1,0
836,869791,367,-315,-52,0,25287,-21714,-3573,0,0,0,0,1,0
837,870833,397,-199,-199,0,27370,-13685,-13685,0,0,0,0,1,0
838,871875,367,-52,-315,0,25287,-3573,-21714,0,0,0,0,1,0
839,872916,281,103,-384,0,19354,7084,-26438,0,0,0,0,1,0
840,873958,152,242,-394,0,10474,16662,-27136,0,0,0,0,1,0
841,875000,0,344,-344,0,0,23703,-23703,0,0,0,0,1,0
842,876041,-152,394,-242,0,-10474,27136,-16662,0,0,0,0,1,0
843,877083,-281,384,-103,0,-19354,26438,-7084,0,0,0,0,1,0
844,878125,-367,315,52,0,-25287,21714,3573,0,0,0,0,1,0
845,879166,-397,199,199,0,-27370,13685,13685,0,0,0,0,1,0
846,880208,-367,52,315,0,-25287,3573,21714,0,0,0,0,1,0
847,881250,-281,-103,384,0,-19354,-7084,26438,0,0,0,0,1,0
848,882291,-152,-242,394,0,-10474,-16662,27136,0,0,0,0,1,0
849,883333,0,-344,344,0,0,-23703,23703,0,0,0,0,1,0
850,884375,152,-394,242,0,10474,-27136,16662,0,0,0,0,1,0
851,885416,281,-384,103,0,19354,-26438,7084,0,0,0,0,1,0
852,886458,367,-315,-52,0,25287,-21714,-3573,0,0,0,0,1,0
853,887500,397,-199,-199,0,27370,-13685,-13685,0,0,0,0,1,0
854,888541,367,-52,-315,0,25287,-3573,-21714,0,0,0,0,1,0
855,889583,281,103,-384,0,19354,7084,-26438,0,0,0,0,1,0
856,890625,152,242,-394,0,10474,16662,-27136,0,0,0,0,1,0
857,891666,0,344,-344,0,0,23703,-23703,0,0,0,0,1,0
858,892708,-152,394,-242,0,-10474,27136,-16662,0,0,0,0,1,0
859,893750,-281,384,-103,0,-19354,26438,-7084,0,0,0,0,1,0
860,894791,-367,315,52,0,-25287,21714,3573,0,0,0,0,1,0
861,895833,-397,199,199,0,-27370,13685,13685,0,0,0,0,1,0
862,896875,-367,52,315,0,-25287,3573,21714,0,0,0,0,1,0
863,897916,-281,-103,384,0,-19354,-7084,26438,0,0,0,0,1,0
864,898958,-152,-242,394,0,-10474,-16662,27136,0,0,0,0,1,0
865,900000,0,-344,344,0,0,-23703,23703,0,0,0,0,1,0
866,901041,152,-394,242,0,10474,-27136,16662,0,0,0,0,1,0
867,902083,281,-384,103,0,19354,-26438,7084,0,0,0,0,1,0
868,903125,367,-315,-52,0,25287,-21714,-3573,0,0,0,0,1,0
869,904166,397,-199,-199,0,27370,-13685,-13685,0,0,0,0,1,0
870,905208,367,-52,-315,0,25287,-3573,-21714,0,0,0,0,1,0
871,906250,281,103,-384,0,19354,7084,-26438,0,0,0,0,1,0
872,907291,152,242,-394,0,10474,16662,-27136,0,0,0,0,1,0
873,908333,0,344,-344,0,0,23703,-23703,0,0,0,0,1,0
874,909375,-152,394,-242,0,-10474,27136,-16662,0,0,0,0,1,0
875,910416,-281,384,-103,0,-19354,26438,-7084,0,0,0,0,1,0
876,911458,-367,315,52,0,-25287,21714,3573,0,0,0,0,1,0
877,912500,-397,199,199,0,-27370,13685,13685,0,0,0,0,1,0
878,913541,-367,52,315,0,-25287,3573,21714,0,0,0,0,1,0
879,914583,-281,-103,384,0,-19354,-7084,26438,0,0,0,0,1,0
880,915625,-152,-242,394,0,-10474,-16662,27136,0,0,0,0,1,0
881,916666,0,-344,344,0,0,-23703,23703,0,0,0,0,1,0
882,917708,152,-394,242,0,10474,-27136,16662,0,0,0,0,1,0
883,918750,281,-384,103,0,19354,-26438,7084,0,0,0,0,1,0
884,919791,367,-315,-52,0,25287,-21714,-3573,0,0,0,0,1,0
885,920833,397,-199,-199,0,27370,-13685,-13685,0,0,0,0,1,0
886,921875,367,-52,-315,0,25287,-3573,-21714,0,0,0,0,1,0
887,922916,281,103,-384,0,19354,7084,-26438,0,0,0,0,1,0
888,923958,152,242,-394,0,10474,16662,-27136,0,0,0,0,1,0
889,925000,0,344,-344,0,0,23703,-23703,0,0,0,0,1,0
890,926041,-152,394,-242,0,-10474,27136,-16662,0,0,0,0,1,0
891,927083,-281,384,-103,0,-19354,26438,-7084,0,0,0,0,1,0
892,928125,-367,315,52,0,-25287,21714,3573,0,0,0,0,1,0
893,929166,-397,199,199,0,-27370,13685,13685,0,0,0,0,1,0
894,930208,-367,52,315,0,-25287,3573,21714,0,0,0,0,1,0
895,931250,-281,-103,384,0,-19354,-7084,26438,0,0,0,0,1,0
896,932291,-152,-242,394,0,-10474,-16662,27136,0,0,0,0,1,0
897,933333,0,-344,344,0,0,-23703,23703,0,0,0,0,1,0
898,934375,152,-394,242,0,10474,-27136,16662,0,0,0,0,1,0
899,935416,281,-384,103,0,19354,-26438,7084,0,0,0,0,1,0
900,936458,367,-315,-52,0,25287,-21714,-3573,0,0,0,0,1,0
901,937500,397,-199,-199,0,27370,-13685,-13685,0,0,0,0,1,0
902,938541,367,-52,-315,0,25287,-3573,-21714,0,0,0,0,1,0
903,939583,281,103,-384,0,19354,7084,-26438,0,0,0,0,1,0
904,940625,152,242,-394,0,10474,16662,-27136,0,0,0,0,1,0
905,941666,0,344,-344,0,0,23703,-23703,0,0,0,0,1,0
906,942708,-152,394,-242,0,-10474,27136,-16662,0,0,0,0,1,0
907,943750,-281,384,-103,0,-19354,26438,-7084,0,0,0,0,1,0
908,944791,-367,315,52,0,-25287,21714,3573,0,0,0,0,1,0
909,945833,-397,199,199,0,-27370,13685,13685,0,0,0,0,1,0
910,946875,-367,52,315,0,-25287,3573,21714,0,0,0,0,1,0
911,947916,-281,-103,384,0,-19354,-7084,26438,0,0,0,0,1,0
912,948958,-152,-242,394,0,-10474,-16662,27136,0,0,0,0,1,0
913,950000,0,-344,344,0,0,-23703,23703,0,0,0,0,1,0
914,951041,152,-394,242,0,10474,-27136,16662,0,0,0,0,1,0
915,952083,281,-384,103,0,19354,-26438,7084,0,0,0,0,1,0
916,953125,367,-315,-52,0,25287,-21714,-3573,0,0,0,0,1,0
917,954166,397,-199,-199,0,27370,-13685,-13685,0,0,0,0,1,0
918,955208,367,-52,-315,0,25287,-3573,-21714,0,0,0,0,1,0
919,956250,281,103,-384,0,19354,7084,-26438,0,0,0,0,1,0
920,957291,152,242,-394,0,10474,16662,-27136,0,0,0,0,1,0
921,958333,0,344,-344,0,0,23703,-23703,0,0,0,0,1,0
922,959375,-152,394,-242,0,-10474,27136,-16662,0,0,0,0,1,0
923,960416,-281,384,-103,0,-19354,26438,-7084,0,0,0,0,1,0
924,961458,-367,315,52,0,-25287,21714,3573,0,0,0,0,1,0
925,962500,-397,199,199,0,-27370,13685,13685,0,0,0,0,1,0
926,963541,-367,52,315,0,-25287,3573,21714,0,0,0,0,1,0
927,964583,-281,-103,384,0,-19354,-7084,26438,0,0,0,0,1,0
928,965625,-152,-242,394,0,-10474,-16662,27136,0,0,0,0,1,0
929,966666,0,-344,344,0,0,-23703,23703,0,0,0,0,1,0
930,967708,152,-394,242,0,10474,-27136,16662,0,0,0,0,1,0
931,968750,281,-384,103,0,19354,-26438,7084,0,0,0,0,1,0
932,969791,367,-315,-52,0,25287,-21714,-3573,0,0,0,0,1,0
933,970833,397,-199,-199,0,27370,-13685,-13685,0,0,0,0,1,0
934,971875,367,-52,-315,0,25287,-3573,-21714,0,0,0,0,1,0
935,972916,281,103,-384,0,19354,7084,-26438,0,0,0,0,1,0
936,973958,152,242,-394,0,10474,16662,-27136,0,0,0,0,1,0
937,975000,0,344,-344,0,0,23703,-23703,0,0,0,0,1,0
938,976041,-152,394,-242,0,-10474,27136,-16662,0,0,0,0,1,0
939,977083,-281,384,-103,0,-19354,26438,-7084,0,0,0,0,1,0
940,978125,-367,315,52,0,-25287,21714,3573,0,0,0,0,1,0
941,979166,-397,199,199,0,-27370,13685,13685,0,0,0,0,1,0
942,980208,-367,52,315,0,-25287,3573,21714,0,0,0,0,1,0
943,981250,-281,-103,384,0,-19354,-7084,26438,0,0,0,0,1,0
944,982291,-152,-242,394,0,-10474,-16662,27136,0,0,0,0,1,0
945,983333,0,-344,344,0,0,-23703,23703,0,0,0,0,1,0
946,984375,152,-394,242,0,10474,-27136,16662,0,0,0,0,1,0
947,985416,281,-384,103,0,19354,-26438,7084,0,0,0,0,1,0
948,986458,367,-315,-52,0,25287,-21714,-3573,0,0,0,0,1,0
949,987500,397,-199,-199,0,27370,-13685,-13685,0,0,0,0,1,0
950,988541,367,-52,-315,0,25287,-3573,-21714,0,0,0,0,1,0
951,989583,281,103,-384,0,19354,7084,-26438,0,0,0,0,1,0
952,990625,152,242,-394,0,10474,16662,-27136,0,0,0,0,1,0
953,991666,0,344,-344,0,0,23703,-23703,0,0,0,0,1,0
954,992708,-152,394,-242,0,-10474,27136,-16662,0,0,0,0,1,0
955,993750,-281,384,-103,0,-19354,26438,-7084,0,0,0,0,1,0
956,994791,-367,315,52,0,-25287,21714,3573,0,0,0,0,1,0
957,995833,-397,199,199,0,-27370,13685,13685,0,0,0,0,1,0
958,996875,-367,52,315,0,-25287,3573,21714,0,0,0,0,1,0
959,997916,-281,-103,384,0,-19354,-7084,26438,0,0,0,0,1,0
960,998958,-152,-242,394,0,-10474,-16662,27136,0,0,0,0,1,0
961,1000000,0,-344,344,0,0,-23703,23703,0,0,0,0,1,0
962,1001041,152,-394,242,0,10474,-27136,16662,0,0,0,0,1,0
963,1002083,281,-384,103,0,19354,-26438,7084,0,0,0,0,1,0
964,1003125,367,-315,-52,0,25287,-21714,-3573,0,0,0,0,1,0
965,1004166,397,-199,-199,0,27370,-13685,-13685,0,0,0,0,1,0
966,1005208,367,-52,-315,0,25287,-3573,-21714,0,0,0,0,1,0
967,1006250,281,103,-384,0,19354,7084,-26438,0,0,0,0,1,0
968,1007291,152,242,-394,0,10474,16662,-27136,0,0,0,0,1,0
969,1008333,0,344,-344,0,0,23703,-23703,0,0,0,0,1,0
970,1009374,-152,394,-242,0,-10474,27136,-16662,0,0,0,0,1,0
971,1010416,-281,384,-103,0,-19354,26438,-7084,0,0,0,0,1,0
972,1011458,-367,315,52,0,-25287,21714,3573,0,0,0,0,1,0
973,1012500,-397,199,199,0,-27370,13685,13685,0,0,0,0,1,0
974,1013541,-367,52,315,0,-25287,3573,21714,0,0,0,0,1,0
975,1014583,-281,-103,384,0,-19354,-7084,26438,0,0,0,0,1,0
976,1015625,-152,-242,394,0,-10474,-16662,27136,0,0,0,0,1,0
977,1016666,0,-344,344,0,0,-23703,23703,0,0,0,0,1,0
978,1017708,152,-394,242,0,10474,-27136,16662,0,0,0,0,1,0
979,1018750,281,-384,103,0,19354,-26438,7084,0,0,0,0,1,0
980,1019791,367,-315,-52,0,25287,-21714,-3573,0,0,0,0,1,0
981,1020833,397,-199,-199,0,27370,-13685,-13685,0,0,0,0,1,0
982,1021875,367,-52,-315,0,25287,-3573,-21714,0,0,0,0,1,0
983,1022916,281,103,-384,0,19354,7084,-26438,0,0,0,0,1,0
984,1023958,152,242,-394,0,10474,16662,-27136,0,0,0,0,1,0
985,1024999,0,344,-344,0,0,23703,-23703,0,0,0,0,1,0
986,1026041,-152,394,-242,0,-10474,27136,-16662,0,0,0,0,1,0
987,1027083,-281,384,-103,0,-19354,26438,-7084,0,0,0,0,1,0
988,1028125,-367,315,52,0,-25287,21714,3573,0,0,0,0,1,0
989,1029166,-397,199,199,0,-27370,13685,13685,0,0,0,0,1,0
990,1030208,-367,52,315,0,-25287,3573,21714,0,0,0,0,1,0
