1,0,0,-403,403,0,0,-23551,23551,0,0,0,0,1,0
2,520,91,-441,350,0,5305,-25751,20446,0,0,0,0,1,0
3,1041,178,-462,284,0,10407,-26962,16555,0,0,0,0,1,0
4,1562,259,-465,206,0,15108,-27136,12028,0,0,0,0,1,0
5,2083,329,-450,121,0,19229,-26268,7038,0,0,0,0,1,0
6,2604,387,-418,30,0,22611,-24390,1779,0,0,0,0,1,0
7,3125,430,-370,-61,0,25124,-21575,-3550,0,0,0,0,1,0
8,3645,457,-307,-150,0,26672,-17931,-8741,0,0,0,0,1,0
9,4166,466,-233,-233,0,27194,-13597,-13597,0,0,0,0,1,0
10,4687,457,-150,-307,0,26672,-8741,-17931,0,0,0,0,1,0
11,5208,430,-61,-370,0,25124,-3550,-21575,0,0,0,0,1,0
12,5729,387,30,-418,0,22611,1779,-24390,0,0,0,0,1,0
13,6250,329,121,-450,0,19229,7038,-26268,0,0,0,0,1,0
14,6770,259,206,-465,0,15108,12028,-27136,0,0,0,0,1,0
15,7291,178,284,-462,0,10407,16555,-26962,0,0,0,0,1,0
16,7812,91,350,-441,0,5305,20446,-25751,0,0,0,0,1,0
17,8333,0,403,-403,0,0,23551,-23551,0,0,0,0,1,0
18,8854,-91,441,-350,0,-5305,25751,-20446,0,0,0,0,1,0
19,9375,-178,462,-284,0,-10407,26962,-16555,0,0,0,0,1,0
20,9895,-259,465,-206,0,-15108,27136,-12028,0,0,0,0,1,0
21,10416,-329,450,-121,0,-19229,26268,-7038,0,0,0,0,1,0
22,10937,-387,418,-30,0,-22611,24390,-1779,0,0,0,0,1,0
23,11458,-430,370,61,0,-25124,21575,3550,0,0,0,0,1,0
24,11979,-457,307,150,0,-26672,17931,8741,0,0,0,0,1,0
25,12500,-466,233,233,0,-27194,13597,13597,0,0,0,0,1,0
26,13020,-457,150,307,0,-26672,8741,17931,0,0,0,0,1,0
27,13541,-430,61,370,0,-25124,3550,21575,0,0,0,0,1,0
28,14062,-387,-30,418,0,-22611,-1779,24390,0,0,0,0,1,0
29,14583,-329,-121,450,0,-19229,-7038,26268,0,0,0,0,1,0
30,15104,-259,-206,465,0,-15108,-12028,27136,0,0,0,0,1,0
31,15625,-178,-284,462,0,-10407,-16555,26962,0,0,0,0,1,0
32,16145,-91,-350,441,0,-5305,-20446,25751,0,0,0,0,1,0
33,16666,0,-403,403,0,0,-23551,23551,0,0,0,0,1,0
34,17187,91,-441,350,0,5305,-25751,20446,0,0,0,0,1,0
35,17708,178,-462,284,0,10407,-26962,16555,0,0,0,0,1,0
36,18229,259,-465,206,0,15108,-27136,12028,0,0,0,0,1,0
37,18750,329,-450,121,0,19229,-26268,7038,0,0,0,0,1,0
38,19270,387,-418,30,0,22611,-24390,1779,0,0,0,0,1,0
39,19791,430,-370,-61,0,25124,-21575,-3550,0,0,0,0,1,0
40,20312,457,-307,-150,0,26672,-17931,-8741,0,0,0,0,1,0
41,20833,466,-233,-233,0,27194,-13597,-13597,0,0,0,0,1,0
42,21354,457,-150,-307,0,26672,-8741,-17931,0,0,0,0,1,0
43,21875,430,-61,-370,0,25124,-3550,-21575,0,0,0,0,1,0
44,22395,387,30,-418,0,22611,1779,-24390,0,0,0,0,1,0
45,22916,329,121,-450,0,19229,7038,-26268,0,0,0,0,1,0
46,23437,259,206,-465,0,15108,12028,-27136,0,0,0,0,1,0
47,23958,178,284,-462,0,10407,16555,-26962,0,0,0,0,1,0
48,24479,91,350,-441,0,5305,20446,-25751,0,0,0,0,1,0
49,25000,0,403,-403,0,0,23551,-23551,0,0,0,0,1,0
50,25520,-91,441,-350,0,-5305,25751,-20446,0,0,0,0,1,0
51,26041,-178,462,-284,0,-10407,26962,-16555,0,0,0,0,1,0
52,26562,-259,465,-206,0,-15108,27136,-12028,0,0,0,0,1,0
53,27083,-329,450,-121,0,-19229,26268,-7038,0,0,0,0,1,0
54,27604,-387,418,-30,0,-22611,24390,-1779,0,0,0,0,1,0
55,28125,-430,370,61,0,-25124,21575,3550,0,0,0,0,1,0
56,28645,-457,307,150,0,-26672,17931,8741,0,0,0,0,1,0
57,29166,-466,233,233,0,-27194,13597,13597,0,0,0,0,1,0
58,29687,-457,150,307,0,-26672,8741,17931,0,0,0,0,1,0
59,30208,-430,61,370,0,-25124,3550,21575,0,0,0,0,1,0
60,30729,-387,-30,418,0,-22611,-1779,24390,0,0,0,0,1,0
61,31250,-329,-121,450,0,-19229,-7038,26268,0,0,0,0,1,0
62,31770,-259,-206,465,0,-15108,-12028,27136,0,0,0,0,1,0
63,32291,-178,-284,462,0,-10407,-16555,26962,0,0,0,0,1,0
64,32812,-91,-350,441,0,-5305,-20446,25751,0,0,0,0,1,0
65,33333,0,-403,403,0,0,-23551,23551,0,0,0,0,1,0
66,33854,91,-441,350,0,5305,-25751,20446,0,0,0,0,1,0
67,34375,178,-462,284,0,10407,-26962,16555,0,0,0,0,1,0
68,34895,259,-465,206,0,15108,-27136,12028,0,0,0,0,1,0
69,35416,329,-450,121,0,19229,-26268,7038,0,0,0,0,1,0
70,35937,387,-418,30,0,22611,-24390,1779,0,0,0,0,1,0
71,36458,430,-370,-61,0,25124,-21575,-3550,0,0,0,0,1,0
72,36979,457,-307,-150,0,26672,-17931,-8741,0,0,0,0,1,0
73,37500,466,-233,-233,0,27194,-13597,-13597,0,0,0,0,1,0
74,38020,457,-150,-307,0,26672,-8741,-17931,0,0,0,0,1,0
75,38541,430,-61,-370,0,25124,-3550,-21575,0,0,0,0,1,0
76,39062,387,30,-418,0,22611,1779,-24390,0,0,0,0,1,0
77,39583,329,121,-450,0,19229,7038,-26268,0,0,0,0,1,0
78,40104,259,206,-465,0,15108,12028,-27136,0,0,0,0,1,0
79,40625,178,284,-462,0,10407,16555,-26962,0,0,0,0,1,0
80,41145,91,350,-441,0,5305,20446,-25751,0,0,0,0,1,0
81,41666,0,403,-403,0,0,23551,-23551,0,0,0,0,1,0
82,42187,-91,441,-350,0,-5305,25751,-20446,0,0,0,0,1,0
83,42708,-178,462,-284,0,-10407,26962,-16555,0,0,0,0,1,0
84,43229,-259,465,-206,0,-15108,27136,-12028,0,0,0,0,1,0
85,43750,-329,450,-121,0,-19229,26268,-7038,0,0,0,0,1,0
86,44270,-387,418,-30,0,-22611,24390,-1779,0,0,0,0,1,0
87,44791,-430,370,61,0,-25124,21575,3550,0,0,0,0,1,0
88,45312,-457,307,150,0,-26672,17931,8741,0,0,0,0,1,0
89,45833,-466,233,233,0,-27194,13597,13597,0,0,0,0,1,0
90,46354,-457,150,307,0,-26672,8741,17931,0,0,0,0,1,0
91,46875,-430,61,370,0,-25124,3550,21575,0,0,0,0,1,0
92,47395,-387,-30,418,0,-22611,-1779,24390,0,0,0,0,1,0
93,47916,-329,-121,450,0,-19229,-7038,26268,0,0,0,0,1,0
94,48437,-259,-206,465,0,-15108,-12028,27136,0,0,0,0,1,0
95,48958,-178,-284,462,0,-10407,-16555,26962,0,0,0,0,1,0
96,49479,-91,-350,441,0,-5305,-20446,25751,0,0,0,0,1,0
97,50000,16202,-403,-14031,1768,0,-27084,2355,0,0,1,0,1,0
98,50520,19072,-441,-12012,6619,424,-29614,2045,0,0,1,0,1,0
99,51041,21659,-462,-9724,11474,833,-31006,1655,0,0,1,0,1,0
100,51562,23856,-465,-7252,16139,1209,-31207,1203,0,0,1,0,1,0
101,52083,25568,-450,-4686,20432,1538,-30208,704,0,0,1,0,1,0
102,52604,26723,-418,-2123,24182,1809,-28048,178,0,0,1,0,1,0
103,53125,27267,-370,344,27241,2010,-24811,-355,0,0,1,0,1,0
104,53645,27171,-307,2623,29486,2134,-20620,-874,0,0,1,0,1,0
105,54166,26431,-233,4629,30827,2176,-15637,-1360,0,0,1,0,1,0
106,54687,25067,-150,6289,31207,2134,-10053,-1793,0,0,1,0,1,0
107,55208,23125,-61,7543,30607,2010,-4082,-2157,0,0,1,0,1,0
108,55729,20672,30,8345,29047,1809,2045,-2439,0,0,1,0,1,0
109,56250,17794,121,8668,26583,1538,8094,-2627,0,0,1,0,1,0
110,56770,14595,206,8502,23304,1209,13832,-2714,0,0,1,0,1,0
111,57291,11191,284,7858,19332,833,19038,-2696,0,0,1,0,1,0
112,57812,7706,350,6761,14817,424,23513,-2575,0,0,1,0,1,0
113,58333,4266,403,5259,9928,0,27084,-2355,0,0,1,0,1,0
114,58854,998,441,3410,4849,-424,29614,-2045,0,0,1,0,1,0
115,59375,-1980,462,1290,-228,-833,31006,-1655,0,0,1,0,1,0
116,59895,-4559,465,-1018,-5113,-1209,31207,-1203,0,0,1,0,1,0
117,60416,-6647,450,-3423,-9620,-1538,30208,-704,0,0,1,0,1,0
118,60937,-8169,418,-5829,-13580,-1809,28048,-178,0,0,1,0,1,0
119,61458,-9074,370,-8141,-16845,-2010,24811,355,0,0,1,0,1,0
120,61979,-9331,307,-10268,-19292,-2134,20620,874,0,0,1,0,1,0
121,62500,-8938,233,-12126,-20831,-2176,15637,1360,0,0,1,0,1,0
122,63020,-7915,150,-13640,-21405,-2134,10053,1793,0,0,1,0,1,0
123,63541,-6306,61,-14751,-20997,-2010,4082,2157,0,0,1,0,1,0
124,64062,-4180,-30,-15413,-19624,-1809,-2045,2439,0,0,1,0,1,0
125,64583,-1623,-121,-15598,-17342,-1538,-8094,2627,0,0,1,0,1,0
126,65104,1262,-206,-15298,-14243,-1209,-13832,2714,0,0,1,0,1,0
127,65625,4357,-284,-14521,-10447,-833,-19038,2696,0,0,1,0,1,0
128,66145,7541,-350,-13295,-6105,-424,-23513,2575,0,0,1,0,1,0
129,66666,10684,-403,-11666,-1385,0,-27084,2355,0,0,1,0,1,0
130,67187,13661,-441,-9693,3527,424,-29614,2045,0,0,1,0,1,0
131,67708,16354,-462,-7450,8442,833,-31006,1655,0,0,1,0,1,0
132,68229,18653,-465,-5022,13167,1209,-31207,1203,0,0,1,0,1,0
133,68750,20467,-450,-2500,17517,1538,-30208,704,0,0,1,0,1,0
134,69270,21721,-418,21,21324,1809,-28048,178,0,0,1,0,1,0
135,69791,22362,-370,2446,24438,2010,-24811,-355,0,0,1,0,1,0
136,70312,22361,-307,4684,26738,2134,-20620,-874,0,0,1,0,1,0
137,70833,21715,-233,6650,28132,2176,-15637,-1360,0,0,1,0,1,0
138,71354,20443,-150,8271,28564,2134,-10053,-1793,0,0,1,0,1,0
139,71875,18591,-61,9486,28016,2010,-4082,-2157,0,0,1,0,1,0
140,72395,16226,30,10251,26507,1809,2045,-2439,0,0,1,0,1,0
141,72916,13434,121,10536,24091,1538,8094,-2627,0,0,1,0,1,0
142,73437,10320,206,10334,20861,1209,13832,-2714,0,0,1,0,1,0
143,73958,6999,284,9654,16937,833,19038,-2696,0,0,1,0,1,0
144,74479,3595,350,8523,12468,424,23513,-2575,0,0,1,0,1,0
145,75000,236,403,6986,7625,0,27084,-2355,0,0,1,0,1,0
146,75520,-2954,441,5104,2591,-424,29614,-2045,0,0,1,0,1,0
147,76041,-5855,462,2951,-2443,-833,31006,-1655,0,0,1,0,1,0
148,76562,-8359,465,610,-7284,-1209,31207,-1203,0,0,1,0,1,0
149,77083,-10373,450,-1826,-11749,-1538,30208,-704,0,0,1,0,1,0
150,77604,-11823,418,-4263,-15668,-1809,28048,-178,0,0,1,0,1,0
151,78125,-12656,370,-6606,-18892,-2010,24811,355,0,0,1,0,1,0
152,78645,-12844,307,-8762,-21299,-2134,20620,874,0,0,1,0,1,0
153,79166,-12383,233,-10649,-22799,-2176,15637,1360,0,0,1,0,1,0
154,79687,-11292,150,-12193,-23335,-2134,10053,1793,0,0,1,0,1,0
155,80208,-9618,61,-13332,-22889,-2010,4082,2157,0,0,1,0,1,0
156,80729,-7428,-30,-14021,-21479,-1809,-2045,2439,0,0,1,0,1,0
157,81250,-4807,-121,-14234,-19162,-1538,-8094,2627,0,0,1,0,1,0
158,81770,-1861,-206,-13960,-16027,-1209,-13832,2714,0,0,1,0,1,0
159,82291,1296,-284,-13209,-12197,-833,-19038,2696,0,0,1,0,1,0
160,82812,4538,-350,-12009,-7821,-424,-23513,2575,0,0,1,0,1,0
161,83333,7740,-403,-10404,-3068,0,-27084,2355,0,0,1,0,1,0
162,83854,10775,-441,-8456,1878,424,-29614,2045,0,0,1,0,1,0
163,84375,13523,-462,-6237,6825,833,-31006,1655,0,0,1,0,1,0
164,84895,15878,-465,-3833,11581,1209,-31207,1203,0,0,1,0,1,0
165,85416,17746,-450,-1334,15962,1538,-30208,704,0,0,1,0,1,0
166,85937,19052,-418,1165,19799,1809,-28048,178,0,0,1,0,1,0
167,86458,19745,-370,3567,22943,2010,-24811,-355,0,0,1,0,1,0
168,86979,19795,-307,5783,25272,2134,-20620,-874,0,0,1,0,1,0
169,87500,19199,-233,7728,26694,2176,-15637,-1360,0,0,1,0,1,0
170,88020,17976,-150,9328,27155,2134,-10053,-1793,0,0,1,0,1,0
171,88541,16172,-61,10523,26634,2010,-4082,-2157,0,0,1,0,1,0
172,89062,13854,30,11267,25151,1809,2045,-2439,0,0,1,0,1,0
173,89583,11109,121,11533,22762,1538,8094,-2627,0,0,1,0,1,0
174,90104,8040,206,11312,19557,1209,13832,-2714,0,0,1,0,1,0
175,90625,4763,284,10612,15659,833,19038,-2696,0,0,1,0,1,0
176,91145,1402,350,9463,11215,424,23513,-2575,0,0,1,0,1,0
177,91666,-1915,403,7907,6396,0,27084,-2355,0,0,1,0,1,0
178,92187,-5063,441,6008,1386,-424,29614,-2045,0,0,1,0,1,0
179,92708,-7922,462,3837,-3624,-833,31006,-1655,0,0,1,0,1,0
180,93229,-10386,465,1479,-8442,-1209,31207,-1203,0,0,1,0,1,0
181,93750,-12361,450,-974,-12885,-1538,30208,-704,0,0,1,0,1,0
182,94270,-13772,418,-3428,-16782,-1809,28048,-178,0,0,1,0,1,0
183,94791,-14567,370,-5786,-19984,-2010,24811,355,0,0,1,0,1,0
184,95312,-14718,307,-7959,-22370,-2134,20620,874,0,0,1,0,1,0
185,95833,-14220,233,-9862,-23849,-2176,15637,1360,0,0,1,0,1,0
186,96354,-13094,150,-11420,-24365,-2134,10053,1793,0,0,1,0,1,0
187,96875,-11385,61,-12574,-23899,-2010,4082,2157,0,0,1,0,1,0
188,97395,-9160,-30,-13279,-22469,-1809,-2045,2439,0,0,1,0,1,0
189,97916,-6506,-121,-13506,-20132,-1538,-8094,2627,0,0,1,0,1,0
190,98437,-3527,-206,-13246,-16979,-1209,-13832,2714,0,0,1,0,1,0
191,98958,-338,-284,-12509,-13130,-833,-19038,2696,0,0,1,0,1,0
192,99479,2937,-350,-11322,-8736,-424,-23513,2575,0,0,1,0,1,0
193,100000,6169,-403,-9731,-3965,0,-27084,2355,0,0,1,0,1,0
194,100520,9235,-441,-7796,998,424,-29614,2045,0,0,1,0,1,0
195,101041,12013,-462,-5590,5962,833,-31006,1655,0,0,1,0,1,0
196,101562,14397,-465,-3198,10735,1209,-31207,1203,0,0,1,0,1,0
197,102083,16294,-450,-712,15132,1538,-30208,704,0,0,1,0,1,0
198,102604,17629,-418,1775,18986,1809,-28048,178,0,0,1,0,1,0
199,103125,18349,-370,4166,22145,2010,-24811,-355,0,0,1,0,1,0
200,103645,18427,-307,6370,24489,2134,-20620,-874,0,0,1,0,1,0
201,104166,17857,-233,8303,25927,2176,-15637,-1360,0,0,1,0,1,0
202,104687,16660,-150,9892,26403,2134,-10053,-1793,0,0,1,0,1,0
203,105208,14881,-61,11076,25897,2010,-4082,-2157,0,0,1,0,1,0
204,105729,12588,30,11809,24428,1809,2045,-2439,0,0,1,0,1,0
205,106250,9868,121,12065,22053,1538,8094,-2627,0,0,1,0,1,0
206,106770,6823,206,11833,18862,1209,13832,-2714,0,0,1,0,1,0
207,107291,3570,284,11124,14977,833,19038,-2696,0,0,1,0,1,0
208,107812,233,350,9964,10547,424,23513,-2575,0,0,1,0,1,0
209,108333,-3062,403,8399,5741,0,27084,-2355,0,0,1,0,1,0
210,108854,-6187,441,6490,743,-424,29614,-2045,0,0,1,0,1,0
211,109375,-9025,462,4309,-4254,-833,31006,-1655,0,0,1,0,1,0
212,109895,-11467,465,1942,-9060,-1209,31207,-1203,0,0,1,0,1,0
213,110416,-13421,450,-520,-13491,-1538,30208,-704,0,0,1,0,1,0
214,110937,-14812,418,-2982,-17376,-1809,28048,-178,0,0,1,0,1,0
215,111458,-15587,370,-5350,-20567,-2010,24811,355,0,0,1,0,1,0
216,111979,-15718,307,-7531,-22942,-2134,20620,874,0,0,1,0,1,0
217,112500,-15201,233,-9442,-24409,-2176,15637,1360,0,0,1,0,1,0
218,113020,-14056,150,-11008,-24914,-2134,10053,1793,0,0,1,0,1,0
219,113541,-12328,61,-12170,-24437,-2010,4082,2157,0,0,1,0,1,0
220,114062,-10084,-30,-12883,-22997,-1809,-2045,2439,0,0,1,0,1,0
221,114583,-7412,-121,-13117,-20650,-1538,-8094,2627,0,0,1,0,1,0
222,115104,-4415,-206,-12865,-17486,-1209,-13832,2714,0,0,1,0,1,0
223,115625,-1209,-284,-12136,-13628,-833,-19038,2696,0,0,1,0,1,0
224,116145,2082,-350,-10956,-9224,-424,-23513,2575,0,0,1,0,1,0
225,116666,5332,-403,-9372,-4444,0,-27084,2355,0,0,1,0,1,0
226,117187,8413,-441,-7443,529,424,-29614,2045,0,0,1,0,1,0
227,117708,11208,-462,-5245,5501,833,-31006,1655,0,0,1,0,1,0
228,118229,13608,-465,-2860,10283,1209,-31207,1203,0,0,1,0,1,0
229,118750,15519,-450,-380,14690,1538,-30208,704,0,0,1,0,1,0
230,119270,16869,-418,2100,18552,1809,-28048,178,0,0,1,0,1,0
231,119791,17605,-370,4485,21720,2010,-24811,-355,0,0,1,0,1,0
232,120312,17696,-307,6683,24072,2134,-20620,-874,0,0,1,0,1,0
233,120833,17141,-233,8610,25518,2176,-15637,-1360,0,0,1,0,1,0
234,121354,15958,-150,10193,26001,2134,-10053,-1793,0,0,1,0,1,0
235,121875,14193,-61,11371,25503,2010,-4082,-2157,0,0,1,0,1,0
236,122395,11913,30,12099,24043,1809,2045,-2439,0,0,1,0,1,0
237,122916,9206,121,12349,21675,1538,8094,-2627,0,0,1,0,1,0
238,123437,6174,206,12112,18491,1209,13832,-2714,0,0,1,0,1,0
239,123958,2933,284,11397,14613,833,19038,-2696,0,0,1,0,1,0
240,124479,-391,350,10231,10190,424,23513,-2575,0,0,1,0,1,0
241,125000,-3674,403,8661,5391,0,27084,-2355,0,0,1,0,1,0
242,125520,-6787,441,6747,400,-424,29614,-2045,0,0,1,0,1,0
243,126041,-9614,462,4561,-4590,-833,31006,-1655,0,0,1,0,1,0
244,126562,-12044,465,2190,-9390,-1209,31207,-1203,0,0,1,0,1,0
245,127083,-13987,450,-277,-13814,-1538,30208,-704,0,0,1,0,1,0
246,127604,-15366,418,-2744,-17693,-1809,28048,-178,0,0,1,0,1,0
247,128124,-16131,370,-5116,-20878,-2010,24811,355,0,0,1,0,1,0
248,128645,-16251,307,-7302,-23246,-2134,20620,874,0,0,1,0,1,0
249,129166,-15724,233,-9218,-24708,-2176,15637,1360,0,0,1,0,1,0
250,129687,-14568,150,-10789,-25207,-2134,10053,1793,0,0,1,0,1,0
251,130208,-12831,61,-11955,-24725,-2010,4082,2157,0,0,1,0,1,0
252,130729,-10577,-30,-12671,-23279,-1809,-2045,2439,0,0,1,0,1,0
253,131250,-7896,-121,-12910,-20926,-1538,-8094,2627,0,0,1,0,1,0
254,131770,-4889,-206,-12662,-17757,-1209,-13832,2714,0,0,1,0,1,0
255,132291,-1674,-284,-11936,-13894,-833,-19038,2696,0,0,1,0,1,0
256,132812,1626,-350,-10761,-9485,-424,-23513,2575,0,0,1,0,1,0
257,133333,4885,-403,-9180,-4699,0,-27084,2355,0,0,1,0,1,0
258,133854,7975,-441,-7256,278,424,-29614,2045,0,0,1,0,1,0
259,134375,10778,-462,-5060,5256,833,-31006,1655,0,0,1,0,1,0
260,134895,13186,-465,-2679,10042,1209,-31207,1203,0,0,1,0,1,0
261,135416,15106,-450,-203,14454,1538,-30208,704,0,0,1,0,1,0
262,135937,16464,-418,2274,18320,1809,-28048,178,0,0,1,0,1,0
263,136458,17207,-370,4655,21493,2010,-24811,-355,0,0,1,0,1,0
264,136979,17307,-307,6850,23850,2134,-20620,-874,0,0,1,0,1,0
265,137500,16759,-233,8774,25300,2176,-15637,-1360,0,0,1,0,1,0
266,138020,15583,-150,10354,25787,2134,-10053,-1793,0,0,1,0,1,0
267,138541,13826,-61,11528,25293,2010,-4082,-2157,0,0,1,0,1,0
268,139062,11553,30,12253,23837,1809,2045,-2439,0,0,1,0,1,0
269,139583,8853,121,12500,21473,1538,8094,-2627,0,0,1,0,1,0
270,140104,5828,206,12260,18293,1209,13832,-2714,0,0,1,0,1,0
271,140625,2594,284,11542,14419,833,19038,-2696,0,0,1,0,1,0
272,141145,-724,350,10374,10000,424,23513,-2575,0,0,1,0,1,0
273,141666,-4000,403,8801,5205,0,27084,-2355,0,0,1,0,1,0
274,142187,-7107,441,6884,218,-424,29614,-2045,0,0,1,0,1,0
275,142708,-9928,462,4696,-4770,-833,31006,-1655,0,0,1,0,1,0
276,143229,-12352,465,2322,-9566,-1209,31207,-1203,0,0,1,0,1,0
277,143750,-14289,450,-148,-13986,-1538,30208,-704,0,0,1,0,1,0
278,144270,-15662,418,-2617,-17862,-1809,28048,-178,0,0,1,0,1,0
279,144791,-16421,370,-4992,-21044,-2010,24811,355,0,0,1,0,1,0
280,145312,-16536,307,-7180,-23409,-2134,20620,874,0,0,1,0,1,0
281,145833,-16003,233,-9098,-24868,-2176,15637,1360,0,0,1,0,1,0
282,146354,-14842,150,-10671,-25364,-2134,10053,1793,0,0,1,0,1,0
283,146875,-13099,61,-11840,-24878,-2010,4082,2157,0,0,1,0,1,0
284,147395,-10840,-30,-12559,-23429,-1809,-2045,2439,0,0,1,0,1,0
285,147916,-8154,-121,-12800,-21074,-1538,-8094,2627,0,0,1,0,1,0
286,148437,-5142,-206,-12554,-17902,-1209,-13832,2714,0,0,1,0,1,0
287,148958,-1922,-284,-11830,-14036,-833,-19038,2696,0,0,1,0,1,0
288,149479,1383,-350,-10657,-9623,-424,-23513,2575,0,0,1,0,1,0
289,150000,4646,-403,-9078,-4835,0,-27084,2355,0,0,1,0,1,0
290,150520,7741,-441,-7155,144,424,-29614,2045,0,0,1,0,1,0
291,151041,10549,-462,-4962,5125,833,-31006,1655,0,0,1,0,1,0
292,151562,12961,-465,-2583,9914,1209,-31207,1203,0,0,1,0,1,0
293,152083,14886,-450,-108,14328,1538,-30208,704,0,0,1,0,1,0
294,152604,16248,-418,2366,18197,1809,-28048,178,0,0,1,0,1,0
295,153125,16995,-370,4746,21372,2010,-24811,-355,0,0,1,0,1,0
296,153645,17099,-307,6939,23731,2134,-20620,-874,0,0,1,0,1,0
297,154166,16555,-233,8861,25183,2176,-15637,-1360,0,0,1,0,1,0
298,154687,15383,-150,10439,25673,2134,-10053,-1793,0,0,1,0,1,0
299,155208,13630,-61,11612,25181,2010,-4082,-2157,0,0,1,0,1,0
300,155729,11361,30,12335,23727,1809,2045,-2439,0,0,1,0,1,0
301,156250,8664,121,12581,21366,1538,8094,-2627,0,0,1,0,1,0
302,156770,5643,206,12339,18188,1209,13832,-2714,0,0,1,0,1,0
303,157291,2413,284,11620,14316,833,19038,-2696,0,0,1,0,1,0
304,157812,-902,350,10450,9898,424,23513,-2575,0,0,1,0,1,0
305,158333,-4174,403,8876,5105,0,27084,-2355,0,0,1,0,1,0
306,158854,-7278,441,6957,120,-424,29614,-2045,0,0,1,0,1,0
307,159375,-10095,462,4768,-4865,-833,31006,-1655,0,0,1,0,1,0
308,159895,-12516,465,2392,-9660,-1209,31207,-1203,0,0,1,0,1,0
309,160416,-14450,450,-79,-14078,-1538,30208,-704,0,0,1,0,1,0
310,160937,-15820,418,-2550,-17952,-1809,28048,-178,0,0,1,0,1,0
311,161458,-16576,370,-4926,-21132,-2010,24811,355,0,0,1,0,1,0
312,161979,-16688,307,-7115,-23496,-2134,20620,874,0,0,1,0,1,0
313,162500,-16152,233,-9034,-24953,-2176,15637,1360,0,0,1,0,1,0
314,163020,-14988,150,-10609,-25447,-2134,10053,1793,0,0,1,0,1,0
315,163541,-13242,61,-11779,-24960,-2010,4082,2157,0,0,1,0,1,0
316,164062,-10981,-30,-12498,-23510,-1809,-2045,2439,0,0,1,0,1,0
317,164583,-8291,-121,-12741,-21153,-1538,-8094,2627,0,0,1,0,1,0
318,165104,-5277,-206,-12496,-17979,-1209,-13832,2714,0,0,1,0,1,0
319,165625,-2054,-284,-11773,-14111,-833,-19038,2696,0,0,1,0,1,0
320,166145,1254,-350,-10601,-9698,-424,-23513,2575,0,0,1,0,1,0
321,166666,4519,-403,-9024,-4908,0,-27084,2355,0,0,1,0,1,0
322,167187,7616,-441,-7102,73,424,-29614,2045,0,0,1,0,1,0
323,167708,10426,-462,-4910,5055,833,-31006,1655,0,0,1,0,1,0
324,168229,12841,-465,-2531,9845,1209,-31207,1203,0,0,1,0,1,0
325,168750,14768,-450,-58,14261,1538,-30208,704,0,0,1,0,1,0
326,169270,16133,-418,2416,18131,1809,-28048,178,0,0,1,0,1,0
327,169791,16882,-370,4794,21307,2010,-24811,-355,0,0,1,0,1,0
328,170312,16988,-307,6986,23667,2134,-20620,-874,0,0,1,0,1,0
329,170833,16446,-233,8908,25121,2176,-15637,-1360,0,0,1,0,1,0
330,171354,15277,-150,10485,25612,2134,-10053,-1793,0,0,1,0,1,0
331,171875,13525,-61,11657,25122,2010,-4082,-2157,0,0,1,0,1,0
332,172395,11259,30,12379,23668,1809,2045,-2439,0,0,1,0,1,0
333,172916,8564,121,12624,21308,1538,8094,-2627,0,0,1,0,1,0
334,173437,5544,206,12381,18132,1209,13832,-2714,0,0,1,0,1,0
335,173958,2316,284,11661,14261,833,19038,-2696,0,0,1,0,1,0
336,174479,-997,350,10491,9844,424,23513,-2575,0,0,1,0,1,0
337,175000,-4267,403,8916,5052,0,27084,-2355,0,0,1,0,1,0
338,175520,-7369,441,6996,68,-424,29614,-2045,0,0,1,0,1,0
339,176041,-10184,462,4806,-4917,-833,31006,-1655,0,0,1,0,1,0
340,176562,-12604,465,2429,-9710,-1209,31207,-1203,0,0,1,0,1,0
341,177083,-14535,450,-42,-14128,-1538,30208,-704,0,0,1,0,1,0
342,177604,-15904,418,-2514,-18000,-1809,28048,-178,0,0,1,0,1,0
343,178125,-16658,370,-4890,-21179,-2010,24811,355,0,0,1,0,1,0
344,178645,-16769,307,-7081,-23542,-2134,20620,874,0,0,1,0,1,0
345,179166,-16231,233,-9000,-24998,-2176,15637,1360,0,0,1,0,1,0
346,179687,-15066,150,-10575,-25492,-2134,10053,1793,0,0,1,0,1,0
347,180208,-13318,61,-11746,-25003,-2010,4082,2157,0,0,1,0,1,0
348,180729,-11056,-30,-12466,-23552,-1809,-2045,2439,0,0,1,0,1,0
349,181250,-8365,-121,-12709,-21194,-1538,-8094,2627,0,0,1,0,1,0
350,181770,-5349,-206,-12465,-18020,-1209,-13832,2714,0,0,1,0,1,0
351,182291,-2125,-284,-11743,-14151,-833,-19038,2696,0,0,1,0,1,0
352,182812,1184,-350,-10571,-9737,-424,-23513,2575,0,0,1,0,1,0
353,183333,4451,-403,-8995,-4947,0,-27084,2355,0,0,1,0,1,0
354,183854,7550,-441,-7073,35,424,-29614,2045,0,0,1,0,1,0
355,184375,10361,-462,-4882,5018,833,-31006,1655,0,0,1,0,1,0
356,184895,12777,-465,-2504,9809,1209,-31207,1203,0,0,1,0,1,0
357,185416,14705,-450,-31,14225,1538,-30208,704,0,0,1,0,1,0
358,185937,16071,-418,2442,18096,1809,-28048,178,0,0,1,0,1,0
359,186458,16822,-370,4820,21273,2010,-24811,-355,0,0,1,0,1,0
360,186979,16929,-307,7012,23634,2134,-20620,-874,0,0,1,0,1,0
361,187500,16388,-233,8933,25088,2176,-15637,-1360,0,0,1,0,1,0
362,188020,15220,-150,10509,25580,2134,-10053,-1793,0,0,1,0,1,0
363,188541,13469,-61,11681,25090,2010,-4082,-2157,0,0,1,0,1,0
364,189062,11204,30,12403,23637,1809,2045,-2439,0,0,1,0,1,0
365,189583,8510,121,12647,21277,1538,8094,-2627,0,0,1,0,1,0
366,190104,5492,206,12404,18102,1209,13832,-2714,0,0,1,0,1,0
367,190625,2265,284,11683,14231,833,19038,-2696,0,0,1,0,1,0
368,191145,-1047,350,10513,9815,424,23513,-2575,0,0,1,0,1,0
369,191666,-4317,403,8937,5024,0,27084,-2355,0,0,1,0,1,0
370,192187,-7418,441,7017,40,-424,29614,-2045,0,0,1,0,1,0
371,192708,-10232,462,4826,-4944,-833,31006,-1655,0,0,1,0,1,0
372,193229,-12651,465,2450,-9736,-1209,31207,-1203,0,0,1,0,1,0
373,193750,-14581,450,-22,-14154,-1538,30208,-704,0,0,1,0,1,0
374,194270,-15949,418,-2494,-18026,-1809,28048,-178,0,0,1,0,1,0
375,194791,-16703,370,-4871,-21204,-2010,24811,355,0,0,1,0,1,0
376,195312,-16812,307,-7062,-23567,-2134,20620,874,0,0,1,0,1,0
377,195833,-16273,233,-8982,-25022,-2176,15637,1360,0,0,1,0,1,0
378,196354,-15107,150,-10558,-25515,-2134,10053,1793,0,0,1,0,1,0
379,196875,-13359,61,-11728,-25027,-2010,4082,2157,0,0,1,0,1,0
380,197395,-11096,-30,-12449,-23575,-1809,-2045,2439,0,0,1,0,1,0
381,197916,-8404,-121,-12692,-21217,-1538,-8094,2627,0,0,1,0,1,0
382,198437,-5388,-206,-12448,-18042,-1209,-13832,2714,0,0,1,0,1,0
383,198958,-2163,-284,-11727,-14173,-833,-19038,2696,0,0,1,0,1,0
384,199479,1147,-350,-10555,-9758,-424,-23513,2575,0,0,1,0,1,0
385,200000,4415,-403,-8979,-4968,0,-27084,2355,0,0,1,0,1,0
386,200520,7514,-441,-7058,15,424,-29614,2045,0,0,1,0,1,0
387,201041,10326,-462,-4867,4998,833,-31006,1655,0,0,1,0,1,0
388,201562,12743,-465,-2489,9789,1209,-31207,1203,0,0,1,0,1,0
389,202083,14672,-450,-16,14206,1538,-30208,704,0,0,1,0,1,0
390,202604,16038,-418,2456,18077,1809,-28048,178,0,0,1,0,1,0
391,203125,16790,-370,4834,21254,2010,-24811,-355,0,0,1,0,1,0
392,203645,16897,-307,7025,23616,2134,-20620,-874,0,0,1,0,1,0
393,204166,16357,-233,8946,25070,2176,-15637,-1360,0,0,1,0,1,0
394,204687,15190,-150,10522,25562,2134,-10053,-1793,0,0,1,0,1,0
395,205208,13440,-61,11694,25073,2010,-4082,-2157,0,0,1,0,1,0
396,205729,11175,30,12415,23620,1809,2045,-2439,0,0,1,0,1,0
397,206250,8481,121,12659,21261,1538,8094,-2627,0,0,1,0,1,0
398,206770,5464,206,12416,18086,1209,13832,-2714,0,0,1,0,1,0
399,207291,2237,284,11695,14216,833,19038,-2696,0,0,1,0,1,0
400,207812,-1074,350,10524,9800,424,23513,-2575,0,0,1,0,1,0
401,208333,-4343,403,8948,5009,0,27084,-2355,0,0,1,0,1,0
402,208854,-7444,441,7028,25,-424,29614,-2045,0,0,1,0,1,0
403,209375,-10257,462,4837,-4958,-833,31006,-1655,0,0,1,0,1,0
404,209895,-12676,465,2460,-9751,-1209,31207,-1203,0,0,1,0,1,0
405,210416,-14606,450,-12,-14168,-1538,30208,-704,0,0,1,0,1,0
406,210937,-15973,418,-2484,-18040,-1809,28048,-178,0,0,1,0,1,0
407,211458,-16726,370,-4861,-21218,-2010,24811,355,0,0,1,0,1,0
408,211979,-16835,307,-7052,-23580,-2134,20620,874,0,0,1,0,1,0
409,212500,-16296,233,-8972,-25035,-2176,15637,1360,0,0,1,0,1,0
410,213020,-15130,150,-10548,-25528,-2134,10053,1793,0,0,1,0,1,0
411,213541,-13381,61,-11719,-25039,-2010,4082,2157,0,0,1,0,1,0
412,214062,-11117,-30,-12440,-23587,-1809,-2045,2439,0,0,1,0,1,0
413,214583,-8425,-121,-12683,-21229,-1538,-8094,2627,0,0,1,0,1,0
414,215104,-5408,-206,-12440,-18054,-1209,-13832,2714,0,0,1,0,1,0
415,215625,-2183,-284,-11718,-14184,-833,-19038,2696,0,0,1,0,1,0
416,216145,1128,-350,-10547,-9770,-424,-23513,2575,0,0,1,0,1,0
417,216666,4395,-403,-8971,-4979,0,-27084,2355,0,0,1,0,1,0
418,217187,7495,-441,-7050,4,424,-29614,2045,0,0,1,0,1,0
419,217708,10308,-462,-4859,4987,833,-31006,1655,0,0,1,0,1,0
420,218229,12725,-465,-2481,9779,1209,-31207,1203,0,0,1,0,1,0
421,218750,14654,-450,-9,14195,1538,-30208,704,0,0,1,0,1,0
422,219270,16021,-418,2464,18067,1809,-28048,178,0,0,1,0,1,0
423,219791,16773,-370,4841,21244,2010,-24811,-355,0,0,1,0,1,0
424,220312,16881,-307,7033,23606,2134,-20620,-874,0,0,1,0,1,0
425,220833,16341,-233,8953,25061,2176,-15637,-1360,0,0,1,0,1,0
426,221354,15173,-150,10529,25553,2134,-10053,-1793,0,0,1,0,1,0
427,221875,13424,-61,11701,25064,2010,-4082,-2157,0,0,1,0,1,0
428,222395,11159,30,12422,23612,1809,2045,-2439,0,0,1,0,1,0
429,222916,8466,121,12666,21252,1538,8094,-2627,0,0,1,0,1,0
430,223437,5449,206,12422,18077,1209,13832,-2714,0,0,1,0,1,0
431,223958,2222,284,11701,14207,833,19038,-2696,0,0,1,0,1,0
432,224479,-1089,350,10530,9792,424,23513,-2575,0,0,1,0,1,0
433,225000,-4357,403,8954,5000,0,27084,-2355,0,0,1,0,1,0
434,225520,-7458,441,7034,17,-424,29614,-2045,0,0,1,0,1,0
435,226041,-10271,462,4843,-4966,-833,31006,-1655,0,0,1,0,1,0
436,226562,-12689,465,2466,-9758,-1209,31207,-1203,0,0,1,0,1,0
437,227083,-14619,450,-6,-14175,-1538,30208,-704,0,0,1,0,1,0
438,227604,-15986,418,-2479,-18047,-1809,28048,-178,0,0,1,0,1,0
439,228125,-16739,370,-4856,-21225,-2010,24811,355,0,0,1,0,1,0
440,228645,-16847,307,-7047,-23587,-2134,20620,874,0,0,1,0,1,0
441,229166,-16308,233,-8967,-25042,-2176,15637,1360,0,0,1,0,1,0
442,229687,-15141,150,-10543,-25535,-2134,10053,1793,0,0,1,0,1,0
443,230208,-13392,61,-11714,-25046,-2010,4082,2157,0,0,1,0,1,0
444,230729,-11128,-30,-12435,-23594,-1809,-2045,2439,0,0,1,0,1,0
445,231250,-8436,-121,-12679,-21235,-1538,-8094,2627,0,0,1,0,1,0
446,231770,-5419,-206,-12435,-18060,-1209,-13832,2714,0,0,1,0,1,0
447,232291,-2193,-284,-11714,-14191,-833,-19038,2696,0,0,1,0,1,0
448,232812,1117,-350,-10542,-9776,-424,-23513,2575,0,0,1,0,1,0
449,233333,4385,-403,-8966,-4985,0,-27084,2355,0,0,1,0,1,0
450,233854,7485,-441,-7046,-2,424,-29614,2045,0,0,1,0,1,0
451,234375,10298,-462,-4855,4981,833,-31006,1655,0,0,1,0,1,0
452,234895,12715,-465,-2477,9773,1209,-31207,1203,0,0,1,0,1,0
453,235416,14645,-450,-5,14190,1538,-30208,704,0,0,1,0,1,0
454,235937,16011,-418,2468,18061,1809,-28048,178,0,0,1,0,1,0
455,236458,16763,-370,4845,21239,2010,-24811,-355,0,0,1,0,1,0
456,236979,16872,-307,7036,23601,2134,-20620,-874,0,0,1,0,1,0
457,237500,16332,-233,8957,25056,2176,-15637,-1360,0,0,1,0,1,0
458,238020,15165,-150,10533,25548,2134,-10053,-1793,0,0,1,0,1,0
459,238541,13415,-61,11704,25059,2010,-4082,-2157,0,0,1,0,1,0
460,239062,11151,30,12426,23607,1809,2045,-2439,0,0,1,0,1,0
461,239583,8458,121,12669,21248,1538,8094,-2627,0,0,1,0,1,0
462,240104,5441,206,12426,18072,1209,13832,-2714,0,0,1,0,1,0
463,240625,2215,284,11705,14203,833,19038,-2696,0,0,1,0,1,0
464,241145,-1096,350,10534,9787,424,23513,-2575,0,0,1,0,1,0
465,241666,-4365,403,8958,4996,0,27084,-2355,0,0,1,0,1,0
466,242187,-7465,441,7037,13,-424,29614,-2045,0,0,1,0,1,0
467,242708,-10278,462,4846,-4970,-833,31006,-1655,0,0,1,0,1,0
468,243229,-12696,465,2469,-9762,-1209,31207,-1203,0,0,1,0,1,0
469,243750,-14626,450,-3,-14179,-1538,30208,-704,0,0,1,0,1,0
470,244270,-15993,418,-2476,-18051,-1809,28048,-178,0,0,1,0,1,0
471,244791,-16745,370,-4853,-21229,-2010,24811,355,0,0,1,0,1,0
472,245312,-16854,307,-7044,-23591,-2134,20620,874,0,0,1,0,1,0
473,245833,-16314,233,-8964,-25046,-2176,15637,1360,0,0,1,0,1,0
474,246354,-15148,150,-10540,-25538,-2134,10053,1793,0,0,1,0,1,0
475,246875,-13399,61,-11711,-25049,-2010,4082,2157,0,0,1,0,1,0
476,247395,-11134,-30,-12433,-23597,-1809,-2045,2439,0,0,1,0,1,0
477,247916,-8442,-121,-12676,-21239,-1538,-8094,2627,0,0,1,0,1,0
478,248437,-5425,-206,-12432,-18063,-1209,-13832,2714,0,0,1,0,1,0
479,248958,-2199,-284,-11711,-14194,-833,-19038,2696,0,0,1,0,1,0
480,249479,1112,-350,-10540,-9779,-424,-23513,2575,0,0,1,0,1,0
481,250000,4380,-403,-8964,-4988,0,-27084,2355,0,0,1,0,1,0
482,250520,7480,-441,-7043,-5,424,-29614,2045,0,0,1,0,1,0
483,251041,10293,-462,-4852,4978,833,-31006,1655,0,0,1,0,1,0
484,251562,12710,-465,-2475,9770,1209,-31207,1203,0,0,1,0,1,0
485,252083,14639,-450,-2,14187,1538,-30208,704,0,0,1,0,1,0
486,252604,16006,-418,2470,18059,1809,-28048,178,0,0,1,0,1,0
487,253125,16759,-370,4847,21236,2010,-24811,-355,0,0,1,0,1,0
488,253645,16867,-307,7038,23598,2134,-20620,-874,0,0,1,0,1,0
489,254166,16327,-233,8959,25053,2176,-15637,-1360,0,0,1,0,1,0
490,254687,15160,-150,10535,25546,2134,-10053,-1793,0,0,1,0,1,0
491,255208,13411,-61,11706,25056,2010,-4082,-2157,0,0,1,0,1,0
492,255729,11146,30,12427,23604,1809,2045,-2439,0,0,1,0,1,0
493,256249,8454,121,12671,21245,1538,8094,-2627,0,0,1,0,1,0
494,256770,5436,206,12428,18070,1209,13832,-2714,0,0,1,0,1,0
495,257291,2210,284,11706,14200,833,19038,-2696,0,0,1,0,1,0
496,257812,-1100,350,10535,9785,424,23513,-2575,0,0,1,0,1,0
497,258333,-4369,403,8959,4994,0,27084,-2355,0,0,1,0,1,0
498,258854,-7469,441,7039,11,-424,29614,-2045,0,0,1,0,1,0
499,259375,-10282,462,4848,-4972,-833,31006,-1655,0,0,1,0,1,0
500,259895,-12700,465,2471,-9765,-1209,31207,-1203,0,0,1,0,1,0
501,260416,-14629,450,-2,-14181,-1538,30208,-704,0,0,1,0,1,0
502,260937,-15997,418,-2474,-18053,-1809,28048,-178,0,0,1,0,1,0
503,261458,-16749,370,-4852,-21231,-2010,24811,355,0,0,1,0,1,0
504,261979,-16857,307,-7043,-23593,-2134,20620,874,0,0,1,0,1,0
505,262500,-16318,233,-8963,-25048,-2176,15637,1360,0,0,1,0,1,0
506,263020,-15151,150,-10539,-25540,-2134,10053,1793,0,0,1,0,1,0
507,263541,-13402,61,-11710,-25051,-2010,4082,2157,0,0,1,0,1,0
508,264062,-11138,-30,-12431,-23599,-1809,-2045,2439,0,0,1,0,1,0
509,264583,-8445,-121,-12675,-21240,-1538,-8094,2627,0,0,1,0,1,0
510,265104,-5428,-206,-12431,-18065,-1209,-13832,2714,0,0,1,0,1,0
511,265625,-2202,-284,-11710,-14196,-833,-19038,2696,0,0,1,0,1,0
512,266145,1109,-350,-10539,-9780,-424,-23513,2575,0,0,1,0,1,0
513,266666,4377,-403,-8963,-4989,0,-27084,2355,0,0,1,0,1,0
514,267187,7477,-441,-7042,-6,424,-29614,2045,0,0,1,0,1,0
515,267708,10290,-462,-4851,4977,833,-31006,1655,0,0,1,0,1,0
516,268229,12707,-465,-2474,9769,1209,-31207,1203,0,0,1,0,1,0
517,268750,14637,-450,-1,14185,1538,-30208,704,0,0,1,0,1,0
518,269270,16004,-418,2471,18057,1809,-28048,178,0,0,1,0,1,0
519,269791,16756,-370,4849,21235,2010,-24811,-355,0,0,1,0,1,0
520,270312,16864,-307,7040,23597,2134,-20620,-874,0,0,1,0,1,0
521,270833,16325,-233,8960,25052,2176,-15637,-1360,0,0,1,0,1,0
522,271354,15158,-150,10536,25544,2134,-10053,-1793,0,0,1,0,1,0
523,271875,13408,-61,11707,25055,2010,-4082,-2157,0,0,1,0,1,0
524,272395,11144,30,12428,23603,1809,2045,-2439,0,0,1,0,1,0
525,272916,8451,121,12672,21244,1538,8094,-2627,0,0,1,0,1,0
526,273437,5434,206,12429,18069,1209,13832,-2714,0,0,1,0,1,0
527,273958,2208,284,11707,14199,833,19038,-2696,0,0,1,0,1,0
528,274479,-1103,350,10536,9784,424,23513,-2575,0,0,1,0,1,0
529,275000,-4371,403,8960,4993,0,27084,-2355,0,0,1,0,1,0
530,275520,-7471,441,7040,10,-424,29614,-2045,0,0,1,0,1,0
531,276041,-10284,462,4849,-4974,-833,31006,-1655,0,0,1,0,1,0
532,276562,-12702,465,2471,-9766,-1209,31207,-1203,0,0,1,0,1,0
533,277083,-14631,450,-1,-14182,-1538,30208,-704,0,0,1,0,1,0
534,277604,-15999,418,-2473,-18054,-1809,28048,-178,0,0,1,0,1,0
535,278125,-16751,370,-4851,-21232,-2010,24811,355,0,0,1,0,1,0
536,278645,-16859,307,-7042,-23594,-2134,20620,874,0,0,1,0,1,0
537,279166,-16320,233,-8962,-25049,-2176,15637,1360,0,0,1,0,1,0
538,279687,-15153,150,-10538,-25541,-2134,10053,1793,0,0,1,0,1,0
539,280208,-13404,61,-11709,-25052,-2010,4082,2157,0,0,1,0,1,0
540,280729,-11139,-30,-12430,-23600,-1809,-2045,2439,0,0,1,0,1,0
541,281250,-8447,-121,-12674,-21241,-1538,-8094,2627,0,0,1,0,1,0
542,281770,-5430,-206,-12430,-18066,-1209,-13832,2714,0,0,1,0,1,0
543,282291,-2204,-284,-11709,-14197,-833,-19038,2696,0,0,1,0,1,0
544,282812,1107,-350,-10538,-9781,-424,-23513,2575,0,0,1,0,1,0
545,283333,4375,-403,-8962,-4990,0,-27084,2355,0,0,1,0,1,0
546,283854,7475,-441,-7042,-7,424,-29614,2045,0,0,1,0,1,0
547,284375,10288,-462,-4851,4976,833,-31006,1655,0,0,1,0,1,0
548,284895,12706,-465,-2473,9768,1209,-31207,1203,0,0,1,0,1,0
549,285416,14635,-450,-1,14185,1538,-30208,704,0,0,1,0,1,0
550,285937,16002,-418,2472,18056,1809,-28048,178,0,0,1,0,1,0
551,286458,16755,-370,4849,21234,2010,-24811,-355,0,0,1,0,1,0
552,286979,16863,-307,7040,23596,2134,-20620,-874,0,0,1,0,1,0
553,287500,16323,-233,8961,25051,2176,-15637,-1360,0,0,1,0,1,0
554,288020,15156,-150,10537,25543,2134,-10053,-1793,0,0,1,0,1,0
555,288541,13407,-61,11708,25054,2010,-4082,-2157,0,0,1,0,1,0
556,289062,11143,30,12429,23602,1809,2045,-2439,0,0,1,0,1,0
557,289583,8450,121,12673,21243,1538,8094,-2627,0,0,1,0,1,0
558,290104,5433,206,12429,18068,1209,13832,-2714,0,0,1,0,1,0
559,290625,2207,284,11708,14198,833,19038,-2696,0,0,1,0,1,0
560,291145,-1104,350,10537,9783,424,23513,-2575,0,0,1,0,1,0
561,291666,-4372,403,8961,4992,0,27084,-2355,0,0,1,0,1,0
562,292187,-7472,441,7040,9,-424,29614,-2045,0,0,1,0,1,0
563,292708,-10285,462,4849,-4974,-833,31006,-1655,0,0,1,0,1,0
564,293229,-12703,465,2472,-9766,-1209,31207,-1203,0,0,1,0,1,0
565,293750,-14632,450,-1,-14183,-1538,30208,-704,0,0,1,0,1,0
566,294270,-16000,418,-2473,-18055,-1809,28048,-178,0,0,1,0,1,0
567,294791,-16752,370,-4850,-21233,-2010,24811,355,0,0,1,0,1,0
568,295312,-16860,307,-7041,-23594,-2134,20620,874,0,0,1,0,1,0
569,295833,-16321,233,-8962,-25049,-2176,15637,1360,0,0,1,0,1,0
570,296354,-15154,150,-10538,-25542,-2134,10053,1793,0,0,1,0,1,0
571,296875,-13405,61,-11709,-25053,-2010,4082,2157,0,0,1,0,1,0
572,297395,-11140,-30,-12430,-23601,-1809,-2045,2439,0,0,1,0,1,0
573,297916,-8448,-121,-12674,-21242,-1538,-8094,2627,0,0,1,0,1,0
574,298437,-5431,-206,-12430,-18067,-1209,-13832,2714,0,0,1,0,1,0
575,298958,-2205,-284,-11709,-14197,-833,-19038,2696,0,0,1,0,1,0
576,299479,1106,-350,-10538,-9782,-424,-23513,2575,0,0,1,0,1,0
577,300000,4374,-403,-8962,-4991,0,-27084,2355,0,0,1,0,1,0
578,300520,7475,-441,-7041,-8,424,-29614,2045,0,0,1,0,1,0
579,301041,10287,-462,-4850,4975,833,-31006,1655,0,0,1,0,1,0
580,301562,12705,-465,-2473,9767,1209,-31207,1203,0,0,1,0,1,0
581,302083,14635,-450,0,14184,1538,-30208,704,0,0,1,0,1,0
582,302604,16002,-418,2472,18056,1809,-28048,178,0,0,1,0,1,0
583,303125,16754,-370,4849,21234,2010,-24811,-355,0,0,1,0,1,0
584,303645,16862,-307,7040,23595,2134,-20620,-874,0,0,1,0,1,0
585,304166,16323,-233,8961,25051,2176,-15637,-1360,0,0,1,0,1,0
586,304687,15156,-150,10537,25543,2134,-10053,-1793,0,0,1,0,1,0
587,305208,13406,-61,11708,25054,2010,-4082,-2157,0,0,1,0,1,0
588,305729,11142,30,12429,23602,1809,2045,-2439,0,0,1,0,1,0
589,306250,8450,121,12673,21243,1538,8094,-2627,0,0,1,0,1,0
590,306770,5432,206,12429,18068,1209,13832,-2714,0,0,1,0,1,0
591,307291,2206,284,11708,14198,833,19038,-2696,0,0,1,0,1,0
592,307812,-1104,350,10537,9783,424,23513,-2575,0,0,1,0,1,0
593,308333,-4373,403,8961,4992,0,27084,-2355,0,0,1,0,1,0
594,308854,-7473,441,7041,9,-424,29614,-2045,0,0,1,0,1,0
595,309375,-10286,462,4850,-4975,-833,31006,-1655,0,0,1,0,1,0
596,309895,-12704,465,2472,-9767,-1209,31207,-1203,0,0,1,0,1,0
597,310416,-14633,450,0,-14183,-1538,30208,-704,0,0,1,0,1,0
598,310937,-16000,418,-2473,-18055,-1809,28048,-178,0,0,1,0,1,0
599,311458,-16752,370,-4850,-21233,-2010,24811,355,0,0,1,0,1,0
600,311979,-16861,307,-7041,-23595,-2134,20620,874,0,0,1,0,1,0
601,312500,-16321,233,-8962,-25050,-2176,15637,1360,0,0,1,0,1,0
602,313020,-15154,150,-10538,-25542,-2134,10053,1793,0,0,1,0,1,0
603,313541,-13405,61,-11709,-25053,-2010,4082,2157,0,0,1,0,1,0
604,314062,-11141,-30,-12430,-23601,-1809,-2045,2439,0,0,1,0,1,0
605,314583,-8448,-121,-12673,-21242,-1538,-8094,2627,0,0,1,0,1,0
606,315104,-5431,-206,-12430,-18067,-1209,-13832,2714,0,0,1,0,1,0
607,315625,-2205,-284,-11709,-14197,-833,-19038,2696,0,0,1,0,1,0
608,316145,1106,-350,-10538,-9782,-424,-23513,2575,0,0,1,0,1,0
609,316666,4374,-403,-8961,-4991,0,-27084,2355,0,0,1,0,1,0
610,317187,7474,-441,-7041,-8,424,-29614,2045,0,0,1,0,1,0
611,317708,10287,-462,-4850,4975,833,-31006,1655,0,0,1,0,1,0
612,318229,12705,-465,-2473,9767,1209,-31207,1203,0,0,1,0,1,0
613,318750,14634,-450,0,14184,1538,-30208,704,0,0,1,0,1,0
614,319270,16001,-418,2472,18056,1809,-28048,178,0,0,1,0,1,0
615,319791,16753,-370,4850,21233,2010,-24811,-355,0,0,1,0,1,0
616,320312,16862,-307,7041,23595,2134,-20620,-874,0,0,1,0,1,0
617,320833,16322,-233,8961,25050,2176,-15637,-1360,0,0,1,0,1,0
618,321354,15155,-150,10537,25543,2134,-10053,-1793,0,0,1,0,1,0
619,321875,13406,-61,11708,25054,2010,-4082,-2157,0,0,1,0,1,0
620,322395,11142,30,12429,23602,1809,2045,-2439,0,0,1,0,1,0
621,322916,8449,121,12673,21243,1538,8094,-2627,0,0,1,0,1,0
622,323437,5432,206,12429,18067,1209,13832,-2714,0,0,1,0,1,0
623,323958,2206,284,11708,14198,833,19038,-2696,0,0,1,0,1,0
624,324479,-1105,350,10537,9783,424,23513,-2575,0,0,1,0,1,0
625,325000,-4373,403,8961,4991,0,27084,-2355,0,0,1,0,1,0
626,325520,-7473,441,7041,9,-424,29614,-2045,0,0,1,0,1,0
627,326041,-10286,462,4850,-4975,-833,31006,-1655,0,0,1,0,1,0
628,326562,-12704,465,2472,-9767,-1209,31207,-1203,0,0,1,0,1,0
629,327083,-14633,450,0,-14184,-1538,30208,-704,0,0,1,0,1,0
630,327604,-16000,418,-2473,-18055,-1809,28048,-178,0,0,1,0,1,0
631,328125,-16753,370,-4850,-21233,-2010,24811,355,0,0,1,0,1,0
632,328645,-16861,307,-7041,-23595,-2134,20620,874,0,0,1,0,1,0
633,329166,-16321,233,-8961,-25050,-2176,15637,1360,0,0,1,0,1,0
634,329687,-15155,150,-10537,-25542,-2134,10053,1793,0,0,1,0,1,0
635,330208,-13405,61,-11709,-25053,-2010,4082,2157,0,0,1,0,1,0
636,330729,-11141,-30,-12430,-23601,-1809,-2045,2439,0,0,1,0,1,0
637,331250,-8448,-121,-12673,-21242,-1538,-8094,2627,0,0,1,0,1,0
638,331770,-5431,-206,-12430,-18067,-1209,-13832,2714,0,0,1,0,1,0
639,332291,-2205,-284,-11709,-14197,-833,-19038,2696,0,0,1,0,1,0
640,332812,1105,-350,-10537,-9782,-424,-23513,2575,0,0,1,0,1,0
641,333333,4374,-403,-8961,-4991,0,-27084,2355,0,0,1,0,1,0
642,333854,0,0,0,0,0,0,0,1,0,0,0,0,0
643,334375,0,0,0,0,0,0,0,1,0,0,0,0,0
644,334895,0,0,0,0,0,0,0,1,0,0,0,0,0
645,335416,0,0,0,0,0,0,0,1,0,0,0,0,0
646,335937,0,0,0,0,0,0,0,1,0,0,0,0,0
647,336458,0,0,0,0,0,0,0,1,0,0,0,0,0
648,336979,0,0,0,0,0,0,0,1,0,0,0,0,0
649,337500,0,0,0,0,0,0,0,1,0,0,0,0,0
650,338020,0,0,0,0,0,0,0,1,0,0,0,0,0
651,338541,0,0,0,0,0,0,0,1,0,0,0,0,0
652,339062,0,0,0,0,0,0,0,1,0,0,0,0,0
653,339583,0,0,0,0,0,0,0,1,0,0,0,0,0
654,340104,0,0,0,0,0,0,0,1,0,0,0,0,0
655,340625,0,0,0,0,0,0,0,1,0,0,0,0,0
656,341145,0,0,0,0,0,0,0,1,0,0,0,0,0
657,341666,0,0,0,0,0,0,0,1,0,0,0,0,0
658,342187,0,0,0,0,0,0,0,1,0,0,0,0,0
659,342708,0,0,0,0,0,0,0,1,0,0,0,0,0
660,343229,0,0,0,0,0,0,0,1,0,0,0,0,0
661,343750,0,0,0,0,0,0,0,1,0,0,0,0,0
662,344270,0,0,0,0,0,0,0,1,0,0,0,0,0
663,344791,0,0,0,0,0,0,0,1,0,0,0,0,0
664,345312,0,0,0,0,0,0,0,1,0,0,0,0,0
665,345833,0,0,0,0,0,0,0,1,0,0,0,0,0
666,346354,0,0,0,0,0,0,0,1,0,0,0,0,0
667,346875,0,0,0,0,0,0,0,1,0,0,0,0,0
668,347395,0,0,0,0,0,0,0,1,0,0,0,0,0
669,347916,0,0,0,0,0,0,0,1,0,0,0,0,0
670,348437,0,0,0,0,0,0,0,1,0,0,0,0,0
671,348958,0,0,0,0,0,0,0,1,0,0,0,0,0
672,349479,0,0,0,0,0,0,0,1,0,0,0,0,0
673,350000,0,0,0,0,0,0,0,1,0,0,0,0,0
674,350520,0,0,0,0,0,0,0,1,0,0,0,0,0
675,351041,0,0,0,0,0,0,0,1,0,0,0,0,0
676,351562,0,0,0,0,0,0,0,1,0,0,0,0,0
677,352083,0,0,0,0,0,0,0,1,0,0,0,0,0
678,352604,0,0,0,0,0,0,0,1,0,0,0,0,0
679,353125,0,0,0,0,0,0,0,1,0,0,0,0,0
680,353645,0,0,0,0,0,0,0,1,0,0,0,0,0
681,354166,0,0,0,0,0,0,0,1,0,0,0,0,0
682,354687,0,0,0,0,0,0,0,1,0,0,0,0,0
683,355208,0,0,0,0,0,0,0,1,0,0,0,0,0
684,355729,0,0,0,0,0,0,0,1,0,0,0,0,0
685,356250,0,0,0,0,0,0,0,1,0,0,0,0,0
686,356770,0,0,0,0,0,0,0,1,0,0,0,0,0
687,357291,0,0,0,0,0,0,0,1,0,0,0,0,0
688,357812,0,0,0,0,0,0,0,1,0,0,0,0,0
689,358333,0,0,0,0,0,0,0,1,0,0,0,0,0
690,358854,0,0,0,0,0,0,0,1,0,0,0,0,0
691,359375,0,0,0,0,0,0,0,1,0,0,0,0,0
692,359895,0,0,0,0,0,0,0,1,0,0,0,0,0
693,360416,0,0,0,0,0,0,0,1,0,0,0,0,0
694,360937,0,0,0,0,0,0,0,1,0,0,0,0,0
695,361458,0,0,0,0,0,0,0,1,0,0,0,0,0
696,361979,0,0,0,0,0,0,0,1,0,0,0,0,0
697,362500,0,0,0,0,0,0,0,1,0,0,0,0,0
698,363020,0,0,0,0,0,0,0,1,0,0,0,0,0
699,363541,0,0,0,0,0,0,0,1,0,0,0,0,0
700,364062,0,0,0,0,0,0,0,1,0,0,0,0,0
701,364583,0,0,0,0,0,0,0,1,0,0,0,0,0
702,365104,0,0,0,0,0,0,0,1,0,0,0,0,0
703,365625,0,0,0,0,0,0,0,1,0,0,0,0,0
704,366145,0,0,0,0,0,0,0,1,0,0,0,0,0
705,366666,0,0,0,0,0,0,0,1,0,0,0,0,0
706,367187,0,0,0,0,0,0,0,1,0,0,0,0,0
707,367708,0,0,0,0,0,0,0,1,0,0,0,0,0
708,368229,0,0,0,0,0,0,0,1,0,0,0,0,0
709,368750,0,0,0,0,0,0,0,1,0,0,0,0,0
710,369270,0,0,0,0,0,0,0,1,0,0,0,0,0
711,369791,0,0,0,0,0,0,0,1,0,0,0,0,0
712,370312,0,0,0,0,0,0,0,1,0,0,0,0,0
713,370833,0,0,0,0,0,0,0,1,0,0,0,0,0
714,371354,0,0,0,0,0,0,0,1,0,0,0,0,0
715,371875,0,0,0,0,0,0,0,1,0,0,0,0,0
716,372395,0,0,0,0,0,0,0,1,0,0,0,0,0
717,372916,0,0,0,0,0,0,0,1,0,0,0,0,0
718,373437,0,0,0,0,0,0,0,1,0,0,0,0,0
719,373958,0,0,0,0,0,0,0,1,0,0,0,0,0
720,374479,0,0,0,0,0,0,0,1,0,0,0,0,0
721,375000,0,0,0,0,0,0,0,1,0,0,0,0,0
722,375520,0,0,0,0,0,0,0,1,0,0,0,0,0
723,376041,0,0,0,0,0,0,0,1,0,0,0,0,0
724,376562,0,0,0,0,0,0,0,1,0,0,0,0,0
725,377083,0,0,0,0,0,0,0,1,0,0,0,0,0
726,377604,0,0,0,0,0,0,0,1,0,0,0,0,0
727,378125,0,0,0,0,0,0,0,1,0,0,0,0,0
728,378645,0,0,0,0,0,0,0,1,0,0,0,0,0
729,379166,0,0,0,0,0,0,0,1,0,0,0,0,0
730,379687,0,0,0,0,0,0,0,1,0,0,0,0,0
731,380208,0,0,0,0,0,0,0,1,0,0,0,0,0
732,380729,0,0,0,0,0,0,0,1,0,0,0,0,0
733,381250,0,0,0,0,0,0,0,1,0,0,0,0,0
734,381770,0,0,0,0,0,0,0,1,0,0,0,0,0
735,382291,0,0,0,0,0,0,0,1,0,0,0,0,0
736,382812,0,0,0,0,0,0,0,1,0,0,0,0,0
737,383333,0,0,0,0,0,0,0,1,0,0,0,0,0
738,383854,0,0,0,0,0,0,0,1,0,0,0,0,0
739,384375,0,0,0,0,0,0,0,1,0,0,0,0,0
740,384895,0,0,0,0,0,0,0,1,0,0,0,0,0
741,385416,0,0,0,0,0,0,0,1,0,0,0,0,0
742,385937,0,0,0,0,0,0,0,1,0,0,0,0,0
743,386458,0,0,0,0,0,0,0,1,0,0,0,0,0
744,386979,0,0,0,0,0,0,0,1,0,0,0,0,0
745,387500,0,0,0,0,0,0,0,1,0,0,0,0,0
746,388020,0,0,0,0,0,0,0,1,0,0,0,0,0
747,388541,0,0,0,0,0,0,0,1,0,0,0,0,0
748,389062,0,0,0,0,0,0,0,1,0,0,0,0,0
749,389583,0,0,0,0,0,0,0,1,0,0,0,0,0
750,390104,0,0,0,0,0,0,0,1,0,0,0,0,0
751,390625,0,0,0,0,0,0,0,1,0,0,0,0,0
752,391145,0,0,0,0,0,0,0,1,0,0,0,0,0
753,391666,0,0,0,0,0,0,0,1,0,0,0,0,0
754,392187,0,0,0,0,0,0,0,1,0,0,0,0,0
755,392708,0,0,0,0,0,0,0,1,0,0,0,0,0
756,393229,0,0,0,0,0,0,0,1,0,0,0,0,0
757,393750,0,0,0,0,0,0,0,1,0,0,0,0,0
758,394270,0,0,0,0,0,0,0,1,0,0,0,0,0
759,394791,0,0,0,0,0,0,0,1,0,0,0,0,0
760,395312,0,0,0,0,0,0,0,1,0,0,0,0,0
761,395833,0,0,0,0,0,0,0,1,0,0,0,0,0
762,396354,0,0,0,0,0,0,0,1,0,0,0,0,0
763,396875,0,0,0,0,0,0,0,1,0,0,0,0,0
764,397395,0,0,0,0,0,0,0,1,0,0,0,0,0
765,397916,0,0,0,0,0,0,0,1,0,0,0,0,0
766,398437,0,0,0,0,0,0,0,1,0,0,0,0,0
767,398958,0,0,0,0,0,0,0,1,0,0,0,0,0
768,399479,0,0,0,0,0,0,0,1,0,0,0,0,0
769,400000,0,0,0,0,0,0,0,1,0,0,0,0,0
770,400520,0,0,0,0,0,0,0,1,0,0,0,0,0
771,401041,0,0,0,0,0,0,0,1,0,0,0,0,0
772,401562,0,0,0,0,0,0,0,1,0,0,0,0,0
773,402083,0,0,0,0,0,0,0,1,0,0,0,0,0
774,402604,0,0,0,0,0,0,0,1,0,0,0,0,0
775,403125,0,0,0,0,0,0,0,1,0,0,0,0,0
776,403645,0,0,0,0,0,0,0,1,0,0,0,0,0
777,404166,0,0,0,0,0,0,0,1,0,0,0,0,0
778,404687,0,0,0,0,0,0,0,1,0,0,0,0,0
779,405208,0,0,0,0,0,0,0,1,0,0,0,0,0
780,405729,0,0,0,0,0,0,0,1,0,0,0,0,0
781,406250,0,0,0,0,0,0,0,1,0,0,0,0,0
782,406770,0,0,0,0,0,0,0,1,0,0,0,0,0
783,407291,0,0,0,0,0,0,0,1,0,0,0,0,0
784,407812,0,0,0,0,0,0,0,1,0,0,0,0,0
785,408333,0,0,0,0,0,0,0,1,0,0,0,0,0
786,408854,0,0,0,0,0,0,0,1,0,0,0,0,0
787,409375,0,0,0,0,0,0,0,1,0,0,0,0,0
788,409895,0,0,0,0,0,0,0,1,0,0,0,0,0
789,410416,0,0,0,0,0,0,0,1,0,0,0,0,0
790,410937,0,0,0,0,0,0,0,1,0,0,0,0,0
791,411458,0,0,0,0,0,0,0,1,0,0,0,0,0
792,411979,0,0,0,0,0,0,0,1,0,0,0,0,0
793,412500,0,0,0,0,0,0,0,1,0,0,0,0,0
794,413020,0,0,0,0,0,0,0,1,0,0,0,0,0
795,413541,0,0,0,0,0,0,0,1,0,0,0,0,0
796,414062,0,0,0,0,0,0,0,1,0,0,0,0,0
797,414583,0,0,0,0,0,0,0,1,0,0,0,0,0
798,415104,0,0,0,0,0,0,0,1,0,0,0,0,0
799,415625,0,0,0,0,0,0,0,1,0,0,0,0,0
800,416145,0,0,0,0,0,0,0,1,0,0,0,0,0
801,416666,0,0,0,0,0,0,0,1,0,0,0,0,0
802,417187,0,0,0,0,0,0,0,1,0,0,0,0,0
803,417708,0,0,0,0,0,0,0,1,0,0,0,0,0
804,418229,0,0,0,0,0,0,0,1,0,0,0,0,0
805,418750,0,0,0,0,0,0,0,1,0,0,0,0,0
806,419270,0,0,0,0,0,0,0,1,0,0,0,0,0
807,419791,0,0,0,0,0,0,0,1,0,0,0,0,0
808,420312,0,0,0,0,0,0,0,1,0,0,0,0,0
809,420833,0,0,0,0,0,0,0,1,0,0,0,0,0
810,421354,0,0,0,0,0,0,0,1,0,0,0,0,0
811,421875,0,0,0,0,0,0,0,1,0,0,0,0,0
812,422395,0,0,0,0,0,0,0,1,0,0,0,0,0
813,422916,0,0,0,0,0,0,0,1,0,0,0,0,0
814,423437,0,0,0,0,0,0,0,1,0,0,0,0,0
815,423958,0,0,0,0,0,0,0,1,0,0,0,0,0
816,424479,0,0,0,0,0,0,0,1,0,0,0,0,0
817,425000,0,0,0,0,0,0,0,1,0,0,0,0,0
818,425520,0,0,0,0,0,0,0,1,0,0,0,0,0
819,426041,0,0,0,0,0,0,0,1,0,0,0,0,0
820,426562,0,0,0,0,0,0,0,1,0,0,0,0,0
821,427083,0,0,0,0,0,0,0,1,0,0,0,0,0
822,427604,0,0,0,0,0,0,0,1,0,0,0,0,0
823,428125,0,0,0,0,0,0,0,1,0,0,0,0,0
824,428645,0,0,0,0,0,0,0,1,0,0,0,0,0
825,429166,0,0,0,0,0,0,0,1,0,0,0,0,0
826,429687,0,0,0,0,0,0,0,1,0,0,0,0,0
827,430208,0,0,0,0,0,0,0,1,0,0,0,0,0
828,430729,0,0,0,0,0,0,0,1,0,0,0,0,0
829,431250,0,0,0,0,0,0,0,1,0,0,0,0,0
830,431770,0,0,0,0,0,0,0,1,0,0,0,0,0
831,432291,0,0,0,0,0,0,0,1,0,0,0,0,0
832,432812,0,0,0,0,0,0,0,1,0,0,0,0,0
833,433333,0,0,0,0,0,0,0,1,0,0,0,0,0
834,433854,0,0,0,0,0,0,0,1,0,0,0,0,0
835,434375,0,0,0,0,0,0,0,1,0,0,0,0,0
836,434895,0,0,0,0,0,0,0,1,0,0,0,0,0
837,435416,0,0,0,0,0,0,0,1,0,0,0,0,0
838,435937,0,0,0,0,0,0,0,1,0,0,0,0,0
839,436458,0,0,0,0,0,0,0,1,0,0,0,0,0
840,436979,0,0,0,0,0,0,0,1,0,0,0,0,0
841,437500,0,0,0,0,0,0,0,1,0,0,0,0,0
842,438020,0,0,0,0,0,0,0,1,0,0,0,0,0
843,438541,0,0,0,0,0,0,0,1,0,0,0,0,0
844,439062,0,0,0,0,0,0,0,1,0,0,0,0,0
845,439583,0,0,0,0,0,0,0,1,0,0,0,0,0
846,440104,0,0,0,0,0,0,0,1,0,0,0,0,0
847,440625,0,0,0,0,0,0,0,1,0,0,0,0,0
848,441145,0,0,0,0,0,0,0,1,0,0,0,0,0
849,441666,0,0,0,0,0,0,0,1,0,0,0,0,0
850,442187,0,0,0,0,0,0,0,1,0,0,0,0,0
851,442708,0,0,0,0,0,0,0,1,0,0,0,0,0
852,443229,0,0,0,0,0,0,0,1,0,0,0,0,0
853,443750,0,0,0,0,0,0,0,1,0,0,0,0,0
854,444270,0,0,0,0,0,0,0,1,0,0,0,0,0
855,444791,0,0,0,0,0,0,0,1,0,0,0,0,0
856,445312,0,0,0,0,0,0,0,1,0,0,0,0,0
857,445833,0,0,0,0,0,0,0,1,0,0,0,0,0
858,446354,0,0,0,0,0,0,0,1,0,0,0,0,0
859,446875,0,0,0,0,0,0,0,1,0,0,0,0,0
860,447395,0,0,0,0,0,0,0,1,0,0,0,0,0
861,447916,0,0,0,0,0,0,0,1,0,0,0,0,0
862,448437,0,0,0,0,0,0,0,1,0,0,0,0,0
863,448958,0,0,0,0,0,0,0,1,0,0,0,0,0
864,449479,0,0,0,0,0,0,0,1,0,0,0,0,0
865,450000,0,0,0,0,0,0,0,1,0,0,0,0,0
866,450520,0,0,0,0,0,0,0,1,0,0,0,0,0
867,451041,0,0,0,0,0,0,0,1,0,0,0,0,0
868,451562,0,0,0,0,0,0,0,1,0,0,0,0,0
869,452083,0,0,0,0,0,0,0,1,0,0,0,0,0
870,452604,0,0,0,0,0,0,0,1,0,0,0,0,0
871,453125,0,0,0,0,0,0,0,1,0,0,0,0,0
872,453645,0,0,0,0,0,0,0,1,0,0,0,0,0
873,454166,0,0,0,0,0,0,0,1,0,0,0,0,0
874,454687,0,0,0,0,0,0,0,1,0,0,0,0,0
875,455208,0,0,0,0,0,0,0,1,0,0,0,0,0
876,455729,0,0,0,0,0,0,0,1,0,0,0,0,0
877,456250,0,0,0,0,0,0,0,1,0,0,0,0,0
878,456770,0,0,0,0,0,0,0,1,0,0,0,0,0
879,457291,0,0,0,0,0,0,0,1,0,0,0,0,0
880,457812,0,0,0,0,0,0,0,1,0,0,0,0,0
881,458333,0,0,0,0,0,0,0,1,0,0,0,0,0
882,458854,0,0,0,0,0,0,0,1,0,0,0,0,0
883,459375,0,0,0,0,0,0,0,1,0,0,0,0,0
884,459895,0,0,0,0,0,0,0,1,0,0,0,0,0
885,460416,0,0,0,0,0,0,0,1,0,0,0,0,0
886,460937,0,0,0,0,0,0,0,1,0,0,0,0,0
887,461458,0,0,0,0,0,0,0,1,0,0,0,0,0
888,461979,0,0,0,0,0,0,0,1,0,0,0,0,0
889,462500,0,0,0,0,0,0,0,1,0,0,0,0,0
890,463020,0,0,0,0,0,0,0,1,0,0,0,0,0
891,463541,0,0,0,0,0,0,0,1,0,0,0,0,0
892,464062,0,0,0,0,0,0,0,1,0,0,0,0,0
893,464583,0,0,0,0,0,0,0,1,0,0,0,0,0
894,465104,0,0,0,0,0,0,0,1,0,0,0,0,0
895,465625,0,0,0,0,0,0,0,1,0,0,0,0,0
896,466145,0,0,0,0,0,0,0,1,0,0,0,0,0
897,466666,0,0,0,0,0,0,0,1,0,0,0,0,0
898,467187,0,0,0,0,0,0,0,1,0,0,0,0,0
899,467708,0,0,0,0,0,0,0,1,0,0,0,0,0
900,468229,0,0,0,0,0,0,0,1,0,0,0,0,0
901,468750,0,0,0,0,0,0,0,1,0,0,0,0,0
902,469270,0,0,0,0,0,0,0,1,0,0,0,0,0
903,469791,0,0,0,0,0,0,0,1,0,0,0,0,0
904,470312,0,0,0,0,0,0,0,1,0,0,0,0,0
905,470833,0,0,0,0,0,0,0,1,0,0,0,0,0
906,471354,0,0,0,0,0,0,0,1,0,0,0,0,0
907,471875,0,0,0,0,0,0,0,1,0,0,0,0,0
908,472395,0,0,0,0,0,0,0,1,0,0,0,0,0
909,472916,0,0,0,0,0,0,0,1,0,0,0,0,0
910,473437,0,0,0,0,0,0,0,1,0,0,0,0,0
911,473958,0,0,0,0,0,0,0,1,0,0,0,0,0
912,474479,0,0,0,0,0,0,0,1,0,0,0,0,0
913,475000,0,0,0,0,0,0,0,1,0,0,0,0,0
914,475520,0,0,0,0,0,0,0,1,0,0,0,0,0
915,476041,0,0,0,0,0,0,0,1,0,0,0,0,0
916,476562,0,0,0,0,0,0,0,1,0,0,0,0,0
917,477083,0,0,0,0,0,0,0,1,0,0,0,0,0
918,477604,0,0,0,0,0,0,0,1,0,0,0,0,0
919,478125,0,0,0,0,0,0,0,1,0,0,0,0,0
920,478645,0,0,0,0,0,0,0,1,0,0,0,0,0
921,479166,0,0,0,0,0,0,0,1,0,0,0,0,0
922,479687,0,0,0,0,0,0,0,1,0,0,0,0,0
923,480208,0,0,0,0,0,0,0,1,0,0,0,0,0
924,480729,0,0,0,0,0,0,0,1,0,0,0,0,0
925,481250,0,0,0,0,0,0,0,1,0,0,0,0,0
926,481770,0,0,0,0,0,0,0,1,0,0,0,0,0
927,482291,0,0,0,0,0,0,0,1,0,0,0,0,0
928,482812,0,0,0,0,0,0,0,1,0,0,0,0,0
929,483333,0,0,0,0,0,0,0,1,0,0,0,0,0
930,483854,0,0,0,0,0,0,0,1,0,0,0,0,0
931,484375,0,0,0,0,0,0,0,1,0,0,0,0,0
932,484895,0,0,0,0,0,0,0,1,0,0,0,0,0
933,485416,0,0,0,0,0,0,0,1,0,0,0,0,0
934,485937,0,0,0,0,0,0,0,1,0,0,0,0,0
935,486458,0,0,0,0,0,0,0,1,0,0,0,0,0
936,486979,0,0,0,0,0,0,0,1,0,0,0,0,0
937,487500,0,0,0,0,0,0,0,1,0,0,0,0,0
938,488020,0,0,0,0,0,0,0,1,0,0,0,0,0
939,488541,0,0,0,0,0,0,0,1,0,0,0,0,0
940,489062,0,0,0,0,0,0,0,1,0,0,0,0,0
941,489583,0,0,0,0,0,0,0,1,0,0,0,0,0
942,490104,0,0,0,0,0,0,0,1,0,0,0,0,0
943,490625,0,0,0,0,0,0,0,1,0,0,0,0,0
944,491145,0,0,0,0,0,0,0,1,0,0,0,0,0
945,491666,0,0,0,0,0,0,0,1,0,0,0,0,0
946,492187,0,0,0,0,0,0,0,1,0,0,0,0,0
947,492708,0,0,0,0,0,0,0,1,0,0,0,0,0
948,493229,0,0,0,0,0,0,0,1,0,0,0,0,0
949,493750,0,0,0,0,0,0,0,1,0,0,0,0,0
950,494270,0,0,0,0,0,0,0,1,0,0,0,0,0
951,494791,0,0,0,0,0,0,0,1,0,0,0,0,0
