1,0,0,-2382,2382,0,0,-25078,25078,0,0,0,0,1,0
2,520,537,-2605,2068,0,5649,-27420,21771,0,0,0,0,1,0
3,1041,1053,-2727,1675,0,11081,-28709,17628,0,0,0,0,1,0
4,1562,1528,-2745,1217,0,16088,-28895,12807,0,0,0,0,1,0
5,2083,1945,-2657,712,0,20476,-27970,7495,0,0,0,0,1,0
6,2604,2287,-2467,180,0,24077,-25971,1894,0,0,0,0,1,0
7,3125,2541,-2182,-359,0,26753,-22973,-3780,0,0,0,0,1,0
8,3645,2698,-1814,-884,0,28401,-19093,-9308,0,0,0,0,1,0
9,4166,2751,-1375,-1375,0,28957,-14479,-14479,0,0,0,0,1,0
10,4687,2698,-884,-1814,0,28401,-9308,-19093,0,0,0,0,1,0
11,5208,2541,-359,-2182,0,26753,-3780,-22973,0,0,0,0,1,0
12,5729,2287,180,-2467,0,24077,1894,-25971,0,0,0,0,1,0
13,6250,1945,712,-2657,0,20476,7495,-27970,0,0,0,0,1,0
14,6770,1528,1217,-2745,0,16088,12807,-28895,0,0,0,0,1,0
15,7291,1053,1675,-2727,0,11081,17628,-28709,0,0,0,0,1,0
16,7812,537,2068,-2605,0,5649,21771,-27420,0,0,0,0,1,0
17,8333,0,2382,-2382,0,0,25078,-25078,0,0,0,0,1,0
18,8854,-537,2605,-2068,0,-5649,27420,-21771,0,0,0,0,1,0
19,9375,-1053,2727,-1675,0,-11081,28709,-17628,0,0,0,0,1,0
20,9895,-1528,2745,-1217,0,-16088,28895,-12807,0,0,0,0,1,0
21,10416,-1945,2657,-712,0,-20476,27970,-7495,0,0,0,0,1,0
22,10937,-2287,2467,-180,0,-24077,25971,-1894,0,0,0,0,1,0
23,11458,-2541,2182,359,0,-26753,22973,3780,0,0,0,0,1,0
24,11979,-2698,1814,884,0,-28401,19093,9308,0,0,0,0,1,0
25,12500,-2751,1375,1375,0,-28957,14479,14479,0,0,0,0,1,0
26,13020,-2698,884,1814,0,-28401,9308,19093,0,0,0,0,1,0
27,13541,-2541,359,2182,0,-26753,3780,22973,0,0,0,0,1,0
28,14062,-2287,-180,2467,0,-24077,-1894,25971,0,0,0,0,1,0
29,14583,-1945,-712,2657,0,-20476,-7495,27970,0,0,0,0,1,0
30,15104,-1528,-1217,2745,0,-16088,-12807,28895,0,0,0,0,1,0
31,15625,-1053,-1675,2727,0,-11081,-17628,28709,0,0,0,0,1,0
32,16145,-537,-2068,2605,0,-5649,-21771,27420,0,0,0,0,1,0
33,16666,0,-2382,2382,0,0,-25078,25078,0,0,0,0,1,0
34,17187,537,-2605,2068,0,5649,-27420,21771,0,0,0,0,1,0
35,17708,1053,-2727,1675,0,11081,-28709,17628,0,0,0,0,1,0
36,18229,1528,-2745,1217,0,16088,-28895,12807,0,0,0,0,1,0
37,18750,1945,-2657,712,0,20476,-27970,7495,0,0,0,0,1,0
38,19270,2287,-2467,180,0,24077,-25971,1894,0,0,0,0,1,0
39,19791,2541,-2182,-359,0,26753,-22973,-3780,0,0,0,0,1,0
40,20312,2698,-1814,-884,0,28401,-19093,-9308,0,0,0,0,1,0
41,20833,2751,-1375,-1375,0,28957,-14479,-14479,0,0,0,0,1,0
42,21354,2698,-884,-1814,0,28401,-9308,-19093,0,0,0,0,1,0
43,21875,2541,-359,-2182,0,26753,-3780,-22973,0,0,0,0,1,0
44,22395,2287,180,-2467,0,24077,1894,-25971,0,0,0,0,1,0
45,22916,1945,712,-2657,0,20476,7495,-27970,0,0,0,0,1,0
46,23437,1528,1217,-2745,0,16088,12807,-28895,0,0,0,0,1,0
47,23958,1053,1675,-2727,0,11081,17628,-28709,0,0,0,0,1,0
48,24479,537,2068,-2605,0,5649,21771,-27420,0,0,0,0,1,0
49,25000,0,2382,-2382,0,0,25078,-25078,0,0,0,0,1,0
50,25520,-537,2605,-2068,0,-5649,27420,-21771,0,0,0,0,1,0
51,26041,-1053,2727,-1675,0,-11081,28709,-17628,0,0,0,0,1,0
52,26562,-1528,2745,-1217,0,-16088,28895,-12807,0,0,0,0,1,0
53,27083,-1945,2657,-712,0,-20476,27970,-7495,0,0,0,0,1,0
54,27604,-2287,2467,-180,0,-24077,25971,-1894,0,0,0,0,1,0
55,28125,-2541,2182,359,0,-26753,22973,3780,0,0,0,0,1,0
56,28645,-2698,1814,884,0,-28401,19093,9308,0,0,0,0,1,0
57,29166,-2751,1375,1375,0,-28957,14479,14479,0,0,0,0,1,0
58,29687,-2698,884,1814,0,-28401,9308,19093,0,0,0,0,1,0
59,30208,-2541,359,2182,0,-26753,3780,22973,0,0,0,0,1,0
60,30729,-2287,-180,2467,0,-24077,-1894,25971,0,0,0,0,1,0
61,31250,-1945,-712,2657,0,-20476,-7495,27970,0,0,0,0,1,0
62,31770,-1528,-1217,2745,0,-16088,-12807,28895,0,0,0,0,1,0
63,32291,-1053,-1675,2727,0,-11081,-17628,28709,0,0,0,0,1,0
64,32812,-537,-2068,2605,0,-5649,-21771,27420,0,0,0,0,1,0
65,33333,0,-2382,2382,0,0,-25078,25078,0,0,0,0,1,0
66,33854,537,-2605,2068,0,5649,-27420,21771,0,0,0,0,1,0
67,34375,1053,-2727,1675,0,11081,-28709,17628,0,0,0,0,1,0
68,34895,1528,-2745,1217,0,16088,-28895,12807,0,0,0,0,1,0
69,35416,1945,-2657,712,0,20476,-27970,7495,0,0,0,0,1,0
70,35937,2287,-2467,180,0,24077,-25971,1894,0,0,0,0,1,0
71,36458,2541,-2182,-359,0,26753,-22973,-3780,0,0,0,0,1,0
72,36979,2698,-1814,-884,0,28401,-19093,-9308,0,0,0,0,1,0
73,37500,2751,-1375,-1375,0,28957,-14479,-14479,0,0,0,0,1,0
74,38020,2698,-884,-1814,0,28401,-9308,-19093,0,0,0,0,1,0
75,38541,2541,-359,-2182,0,26753,-3780,-22973,0,0,0,0,1,0
76,39062,2287,180,-2467,0,24077,1894,-25971,0,0,0,0,1,0
77,39583,1945,712,-2657,0,20476,7495,-27970,0,0,0,0,1,0
78,40104,1528,1217,-2745,0,16088,12807,-28895,0,0,0,0,1,0
79,40625,1053,1675,-2727,0,11081,17628,-28709,0,0,0,0,1,0
80,41145,537,2068,-2605,0,5649,21771,-27420,0,0,0,0,1,0
81,41666,0,2382,-2382,0,0,25078,-25078,0,0,0,0,1,0
82,42187,-537,2605,-2068,0,-5649,27420,-21771,0,0,0,0,1,0
83,42708,-1053,2727,-1675,0,-11081,28709,-17628,0,0,0,0,1,0
84,43229,-1528,2745,-1217,0,-16088,28895,-12807,0,0,0,0,1,0
85,43750,-1945,2657,-712,0,-20476,27970,-7495,0,0,0,0,1,0
86,44270,-2287,2467,-180,0,-24077,25971,-1894,0,0,0,0,1,0
87,44791,-2541,2182,359,0,-26753,22973,3780,0,0,0,0,1,0
88,45312,-2698,1814,884,0,-28401,19093,9308,0,0,0,0,1,0
89,45833,-2751,1375,1375,0,-28957,14479,14479,0,0,0,0,1,0
90,46354,-2698,884,1814,0,-28401,9308,19093,0,0,0,0,1,0
91,46875,-2541,359,2182,0,-26753,3780,22973,0,0,0,0,1,0
92,47395,-2287,-180,2467,0,-24077,-1894,25971,0,0,0,0,1,0
93,47916,-1945,-712,2657,0,-20476,-7495,27970,0,0,0,0,1,0
94,48437,-1528,-1217,2745,0,-16088,-12807,28895,0,0,0,0,1,0
95,48958,-1053,-1675,2727,0,-11081,-17628,28709,0,0,0,0,1,0
96,49479,-537,-2068,2605,0,-5649,-21771,27420,0,0,0,0,1,0
97,50000,17598,-2382,2382,17598,0,-27084,27084,0,0,1,0,1,0
98,50520,20955,-2605,2068,20419,565,-29614,23513,0,0,1,0,1,0
99,51041,24024,-2727,1675,22971,1108,-31006,19038,0,0,1,0,1,0
100,51562,26676,-2745,1217,25147,1609,-31207,13832,0,0,1,0,1,0
101,52083,28799,-2657,712,26854,2048,-30208,8094,0,0,1,0,1,0
102,52604,30302,-2467,180,28015,2408,-28048,2045,0,0,1,0,1,0
103,53125,31118,-2182,-359,28577,2675,-24811,-4082,0,0,1,0,1,0
104,53645,31207,-1814,-884,28509,2840,-20620,-10053,0,0,1,0,1,0
105,54166,30555,-1375,-1375,27804,2896,-15637,-15637,0,0,1,0,1,0
106,54687,29179,-884,-1814,26481,2840,-10053,-20620,0,0,1,0,1,0
107,55208,27123,-359,-2182,24582,2675,-4082,-24811,0,0,1,0,1,0
108,55729,24457,180,-2467,22170,2408,2045,-28048,0,0,1,0,1,0
109,56250,21276,712,-2657,19331,2048,8094,-30208,0,0,1,0,1,0
110,56770,17694,1217,-2745,16166,1609,13832,-31207,0,0,1,0,1,0
111,57291,13839,1675,-2727,12787,1108,19038,-31006,0,0,1,0,1,0
112,57812,9853,2068,-2605,9316,565,23513,-29614,0,0,1,0,1,0
113,58333,5880,2382,-2382,5880,0,27084,-27084,0,0,1,0,1,0
114,58854,2066,2605,-2068,2603,-565,29614,-23513,0,0,1,0,1,0
115,59375,-1450,2727,-1675,-397,-1108,31006,-19038,0,0,1,0,1,0
116,59895,-4541,2745,-1217,-3013,-1609,31207,-13832,0,0,1,0,1,0
117,60416,-7094,2657,-712,-5149,-2048,30208,-8094,0,0,1,0,1,0
118,60937,-9020,2467,-180,-6732,-2408,28048,-2045,0,0,1,0,1,0
119,61458,-10249,2182,359,-7708,-2675,24811,4082,0,0,1,0,1,0
120,61979,-10744,1814,884,-8046,-2840,20620,10053,0,0,1,0,1,0
121,62500,-10490,1375,1375,-7739,-2896,15637,15637,0,0,1,0,1,0
122,63020,-9504,884,1814,-6806,-2840,10053,20620,0,0,1,0,1,0
123,63541,-7830,359,2182,-5289,-2675,4082,24811,0,0,1,0,1,0
124,64062,-5540,-180,2467,-3253,-2408,-2045,28048,0,0,1,0,1,0
125,64583,-2727,-712,2657,-782,-2048,-8094,30208,0,0,1,0,1,0
126,65104,495,-1217,2745,2023,-1609,-13832,31207,0,0,1,0,1,0
127,65625,3996,-1675,2727,5049,-1108,-19038,31006,0,0,1,0,1,0
128,66145,7636,-2068,2605,8172,-565,-23513,29614,0,0,1,0,1,0
129,66666,11268,-2382,2382,11268,0,-27084,27084,0,0,1,0,1,0
130,67187,14749,-2605,2068,14212,565,-29614,23513,0,0,1,0,1,0
131,67708,17938,-2727,1675,16885,1108,-31006,19038,0,0,1,0,1,0
132,68229,20708,-2745,1217,19180,1609,-31207,13832,0,0,1,0,1,0
133,68750,22947,-2657,712,21002,2048,-30208,8094,0,0,1,0,1,0
134,69270,24564,-2467,180,22277,2408,-28048,2045,0,0,1,0,1,0
135,69791,25492,-2182,-359,22951,2675,-24811,-4082,0,0,1,0,1,0
136,70312,25690,-1814,-884,22992,2840,-20620,-10053,0,0,1,0,1,0
137,70833,25145,-1375,-1375,22395,2896,-15637,-15637,0,0,1,0,1,0
138,71354,23875,-884,-1814,21177,2840,-10053,-20620,0,0,1,0,1,0
139,71875,21922,-359,-2182,19380,2675,-4082,-24811,0,0,1,0,1,0
140,72395,19357,180,-2467,17070,2408,2045,-28048,0,0,1,0,1,0
141,72916,16275,712,-2657,14330,2048,8094,-30208,0,0,1,0,1,0
142,73437,12790,1217,-2745,11262,1609,13832,-31207,0,0,1,0,1,0
143,73958,9031,1675,-2727,7978,1108,19038,-31006,0,0,1,0,1,0
144,74479,5138,2068,-2605,4601,565,23513,-29614,0,0,1,0,1,0
145,75000,1257,2382,-2382,1257,0,27084,-27084,0,0,1,0,1,0
146,75520,-2467,2605,-2068,-1930,-565,29614,-23513,0,0,1,0,1,0
147,76041,-5895,2727,-1675,-4843,-1108,31006,-19038,0,0,1,0,1,0
148,76562,-8899,2745,-1217,-7371,-1609,31207,-13832,0,0,1,0,1,0
149,77083,-11368,2657,-712,-9423,-2048,30208,-8094,0,0,1,0,1,0
150,77604,-13210,2467,-180,-10923,-2408,28048,-2045,0,0,1,0,1,0
151,78125,-14359,2182,359,-11818,-2675,24811,4082,0,0,1,0,1,0
152,78645,-14773,1814,884,-12075,-2840,20620,10053,0,0,1,0,1,0
153,79166,-14441,1375,1375,-11690,-2896,15637,15637,0,0,1,0,1,0
154,79687,-13378,884,1814,-10680,-2840,10053,20620,0,0,1,0,1,0
155,80208,-11629,359,2182,-9088,-2675,4082,24811,0,0,1,0,1,0
156,80729,-9265,-180,2467,-6978,-2408,-2045,28048,0,0,1,0,1,0
157,81250,-6380,-712,2657,-4434,-2048,-8094,30208,0,0,1,0,1,0
158,81770,-3087,-1217,2745,-1558,-1609,-13832,31207,0,0,1,0,1,0
159,82291,484,-1675,2727,1537,-1108,-19038,31006,0,0,1,0,1,0
160,82812,4192,-2068,2605,4728,-565,-23513,29614,0,0,1,0,1,0
161,83333,7891,-2382,2382,7891,0,-27084,27084,0,0,1,0,1,0
162,83854,11438,-2605,2068,10901,565,-29614,23513,0,0,1,0,1,0
163,84375,14691,-2727,1675,13639,1108,-31006,19038,0,0,1,0,1,0
164,84895,17525,-2745,1217,15996,1609,-31207,13832,0,0,1,0,1,0
165,85416,19826,-2657,712,17881,2048,-30208,8094,0,0,1,0,1,0
166,85937,21503,-2467,180,19216,2408,-28048,2045,0,0,1,0,1,0
167,86458,22491,-2182,-359,19949,2675,-24811,-4082,0,0,1,0,1,0
168,86979,22747,-1814,-884,20049,2840,-20620,-10053,0,0,1,0,1,0
169,87500,22259,-1375,-1375,19509,2896,-15637,-15637,0,0,1,0,1,0
170,88020,21045,-884,-1814,18347,2840,-10053,-20620,0,0,1,0,1,0
171,88541,19147,-359,-2182,16606,2675,-4082,-24811,0,0,1,0,1,0
172,89062,16637,180,-2467,14349,2408,2045,-28048,0,0,1,0,1,0
173,89583,13608,712,-2657,11663,2048,8094,-30208,0,0,1,0,1,0
174,90104,10174,1217,-2745,8646,1609,13832,-31207,0,0,1,0,1,0
175,90625,6466,1675,-2727,5413,1108,19038,-31006,0,0,1,0,1,0
176,91145,2623,2068,-2605,2086,565,23513,-29614,0,0,1,0,1,0
177,91666,-1209,2382,-2382,-1209,0,27084,-27084,0,0,1,0,1,0
178,92187,-4886,2605,-2068,-4349,-565,29614,-23513,0,0,1,0,1,0
179,92708,-8267,2727,-1675,-7214,-1108,31006,-19038,0,0,1,0,1,0
180,93229,-11225,2745,-1217,-9697,-1609,31207,-13832,0,0,1,0,1,0
181,93750,-13648,2657,-712,-11703,-2048,30208,-8094,0,0,1,0,1,0
182,94270,-15446,2467,-180,-13159,-2408,28048,-2045,0,0,1,0,1,0
183,94791,-16551,2182,359,-14010,-2675,24811,4082,0,0,1,0,1,0
184,95312,-16923,1814,884,-14225,-2840,20620,10053,0,0,1,0,1,0
185,95833,-16549,1375,1375,-13798,-2896,15637,15637,0,0,1,0,1,0
186,96354,-15445,884,1814,-12747,-2840,10053,20620,0,0,1,0,1,0
187,96875,-13656,359,2182,-11115,-2675,4082,24811,0,0,1,0,1,0
188,97395,-11252,-180,2467,-8965,-2408,-2045,28048,0,0,1,0,1,0
189,97916,-8328,-712,2657,-6383,-2048,-8094,30208,0,0,1,0,1,0
190,98437,-4997,-1217,2745,-3469,-1609,-13832,31207,0,0,1,0,1,0
191,98958,-1390,-1675,2727,-337,-1108,-19038,31006,0,0,1,0,1,0
192,99479,2355,-2068,2605,2891,-565,-23513,29614,0,0,1,0,1,0
193,100000,6090,-2382,2382,6090,0,-27084,27084,0,0,1,0,1,0
194,100520,9671,-2605,2068,9135,565,-29614,23513,0,0,1,0,1,0
195,101041,12959,-2727,1675,11907,1108,-31006,19038,0,0,1,0,1,0
196,101562,15826,-2745,1217,14298,1609,-31207,13832,0,0,1,0,1,0
197,102083,18160,-2657,712,16215,2048,-30208,8094,0,0,1,0,1,0
198,102604,19870,-2467,180,17583,2408,-28048,2045,0,0,1,0,1,0
199,103125,20889,-2182,-359,18348,2675,-24811,-4082,0,0,1,0,1,0
200,103645,21177,-1814,-884,18479,2840,-20620,-10053,0,0,1,0,1,0
201,104166,20720,-1375,-1375,17969,2896,-15637,-15637,0,0,1,0,1,0
202,104687,19535,-884,-1814,16837,2840,-10053,-20620,0,0,1,0,1,0
203,105208,17667,-359,-2182,15125,2675,-4082,-24811,0,0,1,0,1,0
204,105729,15185,180,-2467,12898,2408,2045,-28048,0,0,1,0,1,0
205,106250,12184,712,-2657,10239,2048,8094,-30208,0,0,1,0,1,0
206,106770,8778,1217,-2745,7250,1609,13832,-31207,0,0,1,0,1,0
207,107291,5097,1675,-2727,4045,1108,19038,-31006,0,0,1,0,1,0
208,107812,1281,2068,-2605,744,565,23513,-29614,0,0,1,0,1,0
209,108333,-2525,2382,-2382,-2525,0,27084,-27084,0,0,1,0,1,0
210,108854,-6176,2605,-2068,-5639,-565,29614,-23513,0,0,1,0,1,0
211,109375,-9532,2727,-1675,-8479,-1108,31006,-19038,0,0,1,0,1,0
212,109895,-12465,2745,-1217,-10937,-1609,31207,-13832,0,0,1,0,1,0
213,110416,-14865,2657,-712,-12920,-2048,30208,-8094,0,0,1,0,1,0
214,110937,-16639,2467,-180,-14352,-2408,28048,-2045,0,0,1,0,1,0
215,111458,-17721,2182,359,-15179,-2675,24811,4082,0,0,1,0,1,0
216,111979,-18070,1814,884,-15372,-2840,20620,10053,0,0,1,0,1,0
217,112500,-17673,1375,1375,-14923,-2896,15637,15637,0,0,1,0,1,0
218,113020,-16548,884,1814,-13850,-2840,10053,20620,0,0,1,0,1,0
219,113541,-14737,359,2182,-12196,-2675,4082,24811,0,0,1,0,1,0
220,114062,-12313,-180,2467,-10026,-2408,-2045,28048,0,0,1,0,1,0
221,114583,-9368,-712,2657,-7423,-2048,-8094,30208,0,0,1,0,1,0
222,115104,-6017,-1217,2745,-4489,-1609,-13832,31207,0,0,1,0,1,0
223,115625,-2389,-1675,2727,-1337,-1108,-19038,31006,0,0,1,0,1,0
224,116145,1375,-2068,2605,1911,-565,-23513,29614,0,0,1,0,1,0
225,116666,5129,-2382,2382,5129,0,-27084,27084,0,0,1,0,1,0
226,117187,8729,-2605,2068,8192,565,-29614,23513,0,0,1,0,1,0
227,117708,12035,-2727,1675,10983,1108,-31006,19038,0,0,1,0,1,0
228,118229,14920,-2745,1217,13392,1609,-31207,13832,0,0,1,0,1,0
229,118750,17272,-2657,712,15327,2048,-30208,8094,0,0,1,0,1,0
230,119270,18999,-2467,180,16712,2408,-28048,2045,0,0,1,0,1,0
231,119791,20035,-2182,-359,17494,2675,-24811,-4082,0,0,1,0,1,0
232,120312,20339,-1814,-884,17641,2840,-20620,-10053,0,0,1,0,1,0
233,120833,19898,-1375,-1375,17148,2896,-15637,-15637,0,0,1,0,1,0
234,121354,18730,-884,-1814,16032,2840,-10053,-20620,0,0,1,0,1,0
235,121875,16877,-359,-2182,14336,2675,-4082,-24811,0,0,1,0,1,0
236,122395,14411,180,-2467,12124,2408,2045,-28048,0,0,1,0,1,0
237,122916,11425,712,-2657,9480,2048,8094,-30208,0,0,1,0,1,0
238,123437,8034,1217,-2745,6506,1609,13832,-31207,0,0,1,0,1,0
239,123958,4367,1675,-2727,3314,1108,19038,-31006,0,0,1,0,1,0
240,124479,565,2068,-2605,28,565,23513,-29614,0,0,1,0,1,0
241,125000,-3227,2382,-2382,-3227,0,27084,-27084,0,0,1,0,1,0
242,125520,-6864,2605,-2068,-6327,-565,29614,-23513,0,0,1,0,1,0
243,126041,-10207,2727,-1675,-9154,-1108,31006,-19038,0,0,1,0,1,0
244,126562,-13127,2745,-1217,-11599,-1609,31207,-13832,0,0,1,0,1,0
245,127083,-15514,2657,-712,-13569,-2048,30208,-8094,0,0,1,0,1,0
246,127604,-17275,2467,-180,-14988,-2408,28048,-2045,0,0,1,0,1,0
247,128124,-18345,2182,359,-15803,-2675,24811,4082,0,0,1,0,1,0
248,128645,-18681,1814,884,-15984,-2840,20620,10053,0,0,1,0,1,0
249,129166,-18273,1375,1375,-15522,-2896,15637,15637,0,0,1,0,1,0
250,129687,-17136,884,1814,-14438,-2840,10053,20620,0,0,1,0,1,0
251,130208,-15314,359,2182,-12773,-2675,4082,24811,0,0,1,0,1,0
252,130729,-12878,-180,2467,-10591,-2408,-2045,28048,0,0,1,0,1,0
253,131250,-9922,-712,2657,-7977,-2048,-8094,30208,0,0,1,0,1,0
254,131770,-6561,-1217,2745,-5032,-1609,-13832,31207,0,0,1,0,1,0
255,132291,-2922,-1675,2727,-1870,-1108,-19038,31006,0,0,1,0,1,0
256,132812,852,-2068,2605,1388,-565,-23513,29614,0,0,1,0,1,0
257,133333,4616,-2382,2382,4616,0,-27084,27084,0,0,1,0,1,0
258,133854,8226,-2605,2068,7690,565,-29614,23513,0,0,1,0,1,0
259,134375,11542,-2727,1675,10490,1108,-31006,19038,0,0,1,0,1,0
260,134895,14437,-2745,1217,12908,1609,-31207,13832,0,0,1,0,1,0
261,135416,16798,-2657,712,14853,2048,-30208,8094,0,0,1,0,1,0
262,135937,18534,-2467,180,16247,2408,-28048,2045,0,0,1,0,1,0
263,136458,19579,-2182,-359,17038,2675,-24811,-4082,0,0,1,0,1,0
264,136979,19892,-1814,-884,17194,2840,-20620,-10053,0,0,1,0,1,0
265,137500,19460,-1375,-1375,16710,2896,-15637,-15637,0,0,1,0,1,0
266,138020,18300,-884,-1814,15602,2840,-10053,-20620,0,0,1,0,1,0
267,138541,16456,-359,-2182,13914,2675,-4082,-24811,0,0,1,0,1,0
268,139062,13998,180,-2467,11710,2408,2045,-28048,0,0,1,0,1,0
269,139583,11020,712,-2657,9075,2048,8094,-30208,0,0,1,0,1,0
270,140104,7637,1217,-2745,6108,1609,13832,-31207,0,0,1,0,1,0
271,140625,3978,1675,-2727,2925,1108,19038,-31006,0,0,1,0,1,0
272,141145,183,2068,-2605,-354,565,23513,-29614,0,0,1,0,1,0
273,141666,-3602,2382,-2382,-3602,0,27084,-27084,0,0,1,0,1,0
274,142187,-7231,2605,-2068,-6695,-565,29614,-23513,0,0,1,0,1,0
275,142708,-10567,2727,-1675,-9514,-1108,31006,-19038,0,0,1,0,1,0
276,143229,-13480,2745,-1217,-11952,-1609,31207,-13832,0,0,1,0,1,0
277,143750,-15860,2657,-712,-13915,-2048,30208,-8094,0,0,1,0,1,0
278,144270,-17615,2467,-180,-15328,-2408,28048,-2045,0,0,1,0,1,0
279,144791,-18678,2182,359,-16136,-2675,24811,4082,0,0,1,0,1,0
280,145312,-19008,1814,884,-16310,-2840,20620,10053,0,0,1,0,1,0
281,145833,-18593,1375,1375,-15843,-2896,15637,15637,0,0,1,0,1,0
282,146354,-17450,884,1814,-14752,-2840,10053,20620,0,0,1,0,1,0
283,146875,-15622,359,2182,-13081,-2675,4082,24811,0,0,1,0,1,0
284,147395,-13180,-180,2467,-10893,-2408,-2045,28048,0,0,1,0,1,0
285,147916,-10218,-712,2657,-8273,-2048,-8094,30208,0,0,1,0,1,0
286,148437,-6851,-1217,2745,-5322,-1609,-13832,31207,0,0,1,0,1,0
287,148958,-3207,-1675,2727,-2154,-1108,-19038,31006,0,0,1,0,1,0
288,149479,573,-2068,2605,1109,-565,-23513,29614,0,0,1,0,1,0
289,150000,4343,-2382,2382,4343,0,-27084,27084,0,0,1,0,1,0
290,150520,7958,-2605,2068,7421,565,-29614,23513,0,0,1,0,1,0
291,151041,11279,-2727,1675,10227,1108,-31006,19038,0,0,1,0,1,0
292,151562,14179,-2745,1217,12651,1609,-31207,13832,0,0,1,0,1,0
293,152083,16545,-2657,712,14600,2048,-30208,8094,0,0,1,0,1,0
294,152604,18286,-2467,180,15999,2408,-28048,2045,0,0,1,0,1,0
295,153125,19336,-2182,-359,16795,2675,-24811,-4082,0,0,1,0,1,0
296,153645,19654,-1814,-884,16956,2840,-20620,-10053,0,0,1,0,1,0
297,154166,19227,-1375,-1375,16476,2896,-15637,-15637,0,0,1,0,1,0
298,154687,18071,-884,-1814,15373,2840,-10053,-20620,0,0,1,0,1,0
299,155208,16231,-359,-2182,13690,2675,-4082,-24811,0,0,1,0,1,0
300,155729,13777,180,-2467,11490,2408,2045,-28048,0,0,1,0,1,0
301,156250,10804,712,-2657,8859,2048,8094,-30208,0,0,1,0,1,0
302,156770,7425,1217,-2745,5897,1609,13832,-31207,0,0,1,0,1,0
303,157291,3770,1675,-2727,2717,1108,19038,-31006,0,0,1,0,1,0
304,157812,-21,2068,-2605,-557,565,23513,-29614,0,0,1,0,1,0
305,158333,-3801,2382,-2382,-3801,0,27084,-27084,0,0,1,0,1,0
306,158854,-7427,2605,-2068,-6891,-565,29614,-23513,0,0,1,0,1,0
307,159375,-10759,2727,-1675,-9706,-1108,31006,-19038,0,0,1,0,1,0
308,159895,-13669,2745,-1217,-12140,-1609,31207,-13832,0,0,1,0,1,0
309,160416,-16045,2657,-712,-14100,-2048,30208,-8094,0,0,1,0,1,0
310,160937,-17796,2467,-180,-15509,-2408,28048,-2045,0,0,1,0,1,0
311,161458,-18855,2182,359,-16314,-2675,24811,4082,0,0,1,0,1,0
312,161979,-19182,1814,884,-16484,-2840,20620,10053,0,0,1,0,1,0
313,162500,-18764,1375,1375,-16013,-2896,15637,15637,0,0,1,0,1,0
314,163020,-17617,884,1814,-14919,-2840,10053,20620,0,0,1,0,1,0
315,163541,-15786,359,2182,-13245,-2675,4082,24811,0,0,1,0,1,0
316,164062,-13341,-180,2467,-11054,-2408,-2045,28048,0,0,1,0,1,0
317,164583,-10376,-712,2657,-8431,-2048,-8094,30208,0,0,1,0,1,0
318,165104,-7005,-1217,2745,-5477,-1609,-13832,31207,0,0,1,0,1,0
319,165625,-3359,-1675,2727,-2306,-1108,-19038,31006,0,0,1,0,1,0
320,166145,424,-2068,2605,961,-565,-23513,29614,0,0,1,0,1,0
321,166666,4197,-2382,2382,4197,0,-27084,27084,0,0,1,0,1,0
322,167187,7815,-2605,2068,7278,565,-29614,23513,0,0,1,0,1,0
323,167708,11139,-2727,1675,10086,1108,-31006,19038,0,0,1,0,1,0
324,168229,14041,-2745,1217,12513,1609,-31207,13832,0,0,1,0,1,0
325,168750,16410,-2657,712,14465,2048,-30208,8094,0,0,1,0,1,0
326,169270,18154,-2467,180,15867,2408,-28048,2045,0,0,1,0,1,0
327,169791,19207,-2182,-359,16665,2675,-24811,-4082,0,0,1,0,1,0
328,170312,19527,-1814,-884,16829,2840,-20620,-10053,0,0,1,0,1,0
329,170833,19102,-1375,-1375,16351,2896,-15637,-15637,0,0,1,0,1,0
330,171354,17949,-884,-1814,15251,2840,-10053,-20620,0,0,1,0,1,0
331,171875,16111,-359,-2182,13570,2675,-4082,-24811,0,0,1,0,1,0
332,172395,13660,180,-2467,11372,2408,2045,-28048,0,0,1,0,1,0
333,172916,10688,712,-2657,8743,2048,8094,-30208,0,0,1,0,1,0
334,173437,7312,1217,-2745,5784,1609,13832,-31207,0,0,1,0,1,0
335,173958,3659,1675,-2727,2606,1108,19038,-31006,0,0,1,0,1,0
336,174479,-129,2068,-2605,-666,565,23513,-29614,0,0,1,0,1,0
337,175000,-3908,2382,-2382,-3908,0,27084,-27084,0,0,1,0,1,0
338,175520,-7532,2605,-2068,-6995,-565,29614,-23513,0,0,1,0,1,0
339,176041,-10861,2727,-1675,-9809,-1108,31006,-19038,0,0,1,0,1,0
340,176562,-13769,2745,-1217,-12241,-1609,31207,-13832,0,0,1,0,1,0
341,177083,-16143,2657,-712,-14198,-2048,30208,-8094,0,0,1,0,1,0
342,177604,-17892,2467,-180,-15605,-2408,28048,-2045,0,0,1,0,1,0
343,178125,-18950,2182,359,-16409,-2675,24811,4082,0,0,1,0,1,0
344,178645,-19275,1814,884,-16577,-2840,20620,10053,0,0,1,0,1,0
345,179166,-18855,1375,1375,-16104,-2896,15637,15637,0,0,1,0,1,0
346,179687,-17707,884,1814,-15009,-2840,10053,20620,0,0,1,0,1,0
347,180208,-15874,359,2182,-13332,-2675,4082,24811,0,0,1,0,1,0
348,180729,-13427,-180,2467,-11140,-2408,-2045,28048,0,0,1,0,1,0
349,181250,-10460,-712,2657,-8515,-2048,-8094,30208,0,0,1,0,1,0
350,181770,-7088,-1217,2745,-5560,-1609,-13832,31207,0,0,1,0,1,0
351,182291,-3440,-1675,2727,-2387,-1108,-19038,31006,0,0,1,0,1,0
352,182812,345,-2068,2605,881,-565,-23513,29614,0,0,1,0,1,0
353,183333,4119,-2382,2382,4119,0,-27084,27084,0,0,1,0,1,0
354,183854,7739,-2605,2068,7202,565,-29614,23513,0,0,1,0,1,0
355,184375,11064,-2727,1675,10011,1108,-31006,19038,0,0,1,0,1,0
356,184895,13968,-2745,1217,12440,1609,-31207,13832,0,0,1,0,1,0
357,185416,16338,-2657,712,14393,2048,-30208,8094,0,0,1,0,1,0
358,185937,18084,-2467,180,15796,2408,-28048,2045,0,0,1,0,1,0
359,186458,19137,-2182,-359,16596,2675,-24811,-4082,0,0,1,0,1,0
360,186979,19459,-1814,-884,16761,2840,-20620,-10053,0,0,1,0,1,0
361,187500,19035,-1375,-1375,16285,2896,-15637,-15637,0,0,1,0,1,0
362,188020,17883,-884,-1814,15185,2840,-10053,-20620,0,0,1,0,1,0
363,188541,16047,-359,-2182,13506,2675,-4082,-24811,0,0,1,0,1,0
364,189062,13597,180,-2467,11310,2408,2045,-28048,0,0,1,0,1,0
365,189583,10627,712,-2657,8682,2048,8094,-30208,0,0,1,0,1,0
366,190104,7251,1217,-2745,5723,1609,13832,-31207,0,0,1,0,1,0
367,190625,3600,1675,-2727,2547,1108,19038,-31006,0,0,1,0,1,0
368,191145,-187,2068,-2605,-724,565,23513,-29614,0,0,1,0,1,0
369,191666,-3965,2382,-2382,-3965,0,27084,-27084,0,0,1,0,1,0
370,192187,-7587,2605,-2068,-7051,-565,29614,-23513,0,0,1,0,1,0
371,192708,-10916,2727,-1675,-9863,-1108,31006,-19038,0,0,1,0,1,0
372,193229,-13823,2745,-1217,-12294,-1609,31207,-13832,0,0,1,0,1,0
373,193750,-16196,2657,-712,-14251,-2048,30208,-8094,0,0,1,0,1,0
374,194270,-17944,2467,-180,-15657,-2408,28048,-2045,0,0,1,0,1,0
375,194791,-19000,2182,359,-16459,-2675,24811,4082,0,0,1,0,1,0
376,195312,-19324,1814,884,-16627,-2840,20620,10053,0,0,1,0,1,0
377,195833,-18904,1375,1375,-16153,-2896,15637,15637,0,0,1,0,1,0
378,196354,-17754,884,1814,-15056,-2840,10053,20620,0,0,1,0,1,0
379,196875,-15920,359,2182,-13379,-2675,4082,24811,0,0,1,0,1,0
380,197395,-13473,-180,2467,-11186,-2408,-2045,28048,0,0,1,0,1,0
381,197916,-10505,-712,2657,-8560,-2048,-8094,30208,0,0,1,0,1,0
382,198437,-7132,-1217,2745,-5604,-1609,-13832,31207,0,0,1,0,1,0
383,198958,-3483,-1675,2727,-2430,-1108,-19038,31006,0,0,1,0,1,0
384,199479,302,-2068,2605,839,-565,-23513,29614,0,0,1,0,1,0
385,200000,4077,-2382,2382,4077,0,-27084,27084,0,0,1,0,1,0
386,200520,7698,-2605,2068,7161,565,-29614,23513,0,0,1,0,1,0
387,201041,11024,-2727,1675,9972,1108,-31006,19038,0,0,1,0,1,0
388,201562,13929,-2745,1217,12400,1609,-31207,13832,0,0,1,0,1,0
389,202083,16300,-2657,712,14355,2048,-30208,8094,0,0,1,0,1,0
390,202604,18046,-2467,180,15759,2408,-28048,2045,0,0,1,0,1,0
391,203125,19100,-2182,-359,16559,2675,-24811,-4082,0,0,1,0,1,0
392,203645,19422,-1814,-884,16725,2840,-20620,-10053,0,0,1,0,1,0
393,204166,19000,-1375,-1375,16249,2896,-15637,-15637,0,0,1,0,1,0
394,204687,17849,-884,-1814,15151,2840,-10053,-20620,0,0,1,0,1,0
395,205208,16013,-359,-2182,13472,2675,-4082,-24811,0,0,1,0,1,0
396,205729,13563,180,-2467,11276,2408,2045,-28048,0,0,1,0,1,0
397,206250,10594,712,-2657,8649,2048,8094,-30208,0,0,1,0,1,0
398,206770,7219,1217,-2745,5691,1609,13832,-31207,0,0,1,0,1,0
399,207291,3568,1675,-2727,2516,1108,19038,-31006,0,0,1,0,1,0
400,207812,-218,2068,-2605,-755,565,23513,-29614,0,0,1,0,1,0
401,208333,-3995,2382,-2382,-3995,0,27084,-27084,0,0,1,0,1,0
402,208854,-7617,2605,-2068,-7081,-565,29614,-23513,0,0,1,0,1,0
403,209375,-10945,2727,-1675,-9893,-1108,31006,-19038,0,0,1,0,1,0
404,209895,-13851,2745,-1217,-12323,-1609,31207,-13832,0,0,1,0,1,0
405,210416,-16224,2657,-712,-14279,-2048,30208,-8094,0,0,1,0,1,0
406,210937,-17971,2467,-180,-15684,-2408,28048,-2045,0,0,1,0,1,0
407,211458,-19027,2182,359,-16486,-2675,24811,4082,0,0,1,0,1,0
408,211979,-19351,1814,884,-16653,-2840,20620,10053,0,0,1,0,1,0
409,212500,-18930,1375,1375,-16179,-2896,15637,15637,0,0,1,0,1,0
410,213020,-17780,884,1814,-15082,-2840,10053,20620,0,0,1,0,1,0
411,213541,-15945,359,2182,-13404,-2675,4082,24811,0,0,1,0,1,0
412,214062,-13497,-180,2467,-11210,-2408,-2045,28048,0,0,1,0,1,0
413,214583,-10529,-712,2657,-8584,-2048,-8094,30208,0,0,1,0,1,0
414,215104,-7156,-1217,2745,-5627,-1609,-13832,31207,0,0,1,0,1,0
415,215625,-3506,-1675,2727,-2453,-1108,-19038,31006,0,0,1,0,1,0
416,216145,280,-2068,2605,816,-565,-23513,29614,0,0,1,0,1,0
417,216666,4055,-2382,2382,4055,0,-27084,27084,0,0,1,0,1,0
418,217187,7676,-2605,2068,7139,565,-29614,23513,0,0,1,0,1,0
419,217708,11003,-2727,1675,9950,1108,-31006,19038,0,0,1,0,1,0
420,218229,13908,-2745,1217,12380,1609,-31207,13832,0,0,1,0,1,0
421,218750,16279,-2657,712,14334,2048,-30208,8094,0,0,1,0,1,0
422,219270,18026,-2467,180,15739,2408,-28048,2045,0,0,1,0,1,0
423,219791,19081,-2182,-359,16539,2675,-24811,-4082,0,0,1,0,1,0
424,220312,19403,-1814,-884,16705,2840,-20620,-10053,0,0,1,0,1,0
425,220833,18981,-1375,-1375,16230,2896,-15637,-15637,0,0,1,0,1,0
426,221354,17830,-884,-1814,15132,2840,-10053,-20620,0,0,1,0,1,0
427,221875,15995,-359,-2182,13453,2675,-4082,-24811,0,0,1,0,1,0
428,222395,13546,180,-2467,11258,2408,2045,-28048,0,0,1,0,1,0
429,222916,10577,712,-2657,8632,2048,8094,-30208,0,0,1,0,1,0
430,223437,7202,1217,-2745,5674,1609,13832,-31207,0,0,1,0,1,0
431,223958,3551,1675,-2727,2499,1108,19038,-31006,0,0,1,0,1,0
432,224479,-235,2068,-2605,-771,565,23513,-29614,0,0,1,0,1,0
433,225000,-4011,2382,-2382,-4011,0,27084,-27084,0,0,1,0,1,0
434,225520,-7633,2605,-2068,-7096,-565,29614,-23513,0,0,1,0,1,0
435,226041,-10961,2727,-1675,-9908,-1108,31006,-19038,0,0,1,0,1,0
436,226562,-13866,2745,-1217,-12338,-1609,31207,-13832,0,0,1,0,1,0
437,227083,-16239,2657,-712,-14294,-2048,30208,-8094,0,0,1,0,1,0
438,227604,-17986,2467,-180,-15699,-2408,28048,-2045,0,0,1,0,1,0
439,228125,-19042,2182,359,-16500,-2675,24811,4082,0,0,1,0,1,0
440,228645,-19365,1814,884,-16667,-2840,20620,10053,0,0,1,0,1,0
441,229166,-18943,1375,1375,-16193,-2896,15637,15637,0,0,1,0,1,0
442,229687,-17793,884,1814,-15095,-2840,10053,20620,0,0,1,0,1,0
443,230208,-15959,359,2182,-13417,-2675,4082,24811,0,0,1,0,1,0
444,230729,-13510,-180,2467,-11223,-2408,-2045,28048,0,0,1,0,1,0
445,231250,-10542,-712,2657,-8597,-2048,-8094,30208,0,0,1,0,1,0
446,231770,-7168,-1217,2745,-5640,-1609,-13832,31207,0,0,1,0,1,0
447,232291,-3518,-1675,2727,-2466,-1108,-19038,31006,0,0,1,0,1,0
448,232812,267,-2068,2605,804,-565,-23513,29614,0,0,1,0,1,0
449,233333,4043,-2382,2382,4043,0,-27084,27084,0,0,1,0,1,0
450,233854,7664,-2605,2068,7128,565,-29614,23513,0,0,1,0,1,0
451,234375,10992,-2727,1675,9939,1108,-31006,19038,0,0,1,0,1,0
452,234895,13897,-2745,1217,12368,1609,-31207,13832,0,0,1,0,1,0
453,235416,16268,-2657,712,14323,2048,-30208,8094,0,0,1,0,1,0
454,235937,18015,-2467,180,15728,2408,-28048,2045,0,0,1,0,1,0
455,236458,19070,-2182,-359,16529,2675,-24811,-4082,0,0,1,0,1,0
456,236979,19393,-1814,-884,16695,2840,-20620,-10053,0,0,1,0,1,0
457,237500,18971,-1375,-1375,16220,2896,-15637,-15637,0,0,1,0,1,0
458,238020,17820,-884,-1814,15122,2840,-10053,-20620,0,0,1,0,1,0
459,238541,15985,-359,-2182,13444,2675,-4082,-24811,0,0,1,0,1,0
460,239062,13536,180,-2467,11249,2408,2045,-28048,0,0,1,0,1,0
461,239583,10567,712,-2657,8622,2048,8094,-30208,0,0,1,0,1,0
462,240104,7193,1217,-2745,5665,1609,13832,-31207,0,0,1,0,1,0
463,240625,3542,1675,-2727,2490,1108,19038,-31006,0,0,1,0,1,0
464,241145,-244,2068,-2605,-780,565,23513,-29614,0,0,1,0,1,0
465,241666,-4020,2382,-2382,-4020,0,27084,-27084,0,0,1,0,1,0
466,242187,-7642,2605,-2068,-7105,-565,29614,-23513,0,0,1,0,1,0
467,242708,-10969,2727,-1675,-9916,-1108,31006,-19038,0,0,1,0,1,0
468,243229,-13875,2745,-1217,-12346,-1609,31207,-13832,0,0,1,0,1,0
469,243750,-16247,2657,-712,-14302,-2048,30208,-8094,0,0,1,0,1,0
470,244270,-17994,2467,-180,-15707,-2408,28048,-2045,0,0,1,0,1,0
471,244791,-19049,2182,359,-16508,-2675,24811,4082,0,0,1,0,1,0
472,245312,-19372,1814,884,-16675,-2840,20620,10053,0,0,1,0,1,0
473,245833,-18951,1375,1375,-16200,-2896,15637,15637,0,0,1,0,1,0
474,246354,-17800,884,1814,-15103,-2840,10053,20620,0,0,1,0,1,0
475,246875,-15966,359,2182,-13424,-2675,4082,24811,0,0,1,0,1,0
476,247395,-13517,-180,2467,-11230,-2408,-2045,28048,0,0,1,0,1,0
477,247916,-10549,-712,2657,-8604,-2048,-8094,30208,0,0,1,0,1,0
478,248437,-7175,-1217,2745,-5647,-1609,-13832,31207,0,0,1,0,1,0
479,248958,-3525,-1675,2727,-2472,-1108,-19038,31006,0,0,1,0,1,0
480,249479,261,-2068,2605,798,-565,-23513,29614,0,0,1,0,1,0
481,250000,4037,-2382,2382,4037,0,-27084,27084,0,0,1,0,1,0
482,250520,7658,-2605,2068,7122,565,-29614,23513,0,0,1,0,1,0
483,251041,10985,-2727,1675,9933,1108,-31006,19038,0,0,1,0,1,0
484,251562,13891,-2745,1217,12363,1609,-31207,13832,0,0,1,0,1,0
485,252083,16262,-2657,712,14317,2048,-30208,8094,0,0,1,0,1,0
486,252604,18009,-2467,180,15722,2408,-28048,2045,0,0,1,0,1,0
487,253125,19065,-2182,-359,16523,2675,-24811,-4082,0,0,1,0,1,0
488,253645,19387,-1814,-884,16690,2840,-20620,-10053,0,0,1,0,1,0
489,254166,18965,-1375,-1375,16215,2896,-15637,-15637,0,0,1,0,1,0
490,254687,17815,-884,-1814,15117,2840,-10053,-20620,0,0,1,0,1,0
491,255208,15980,-359,-2182,13438,2675,-4082,-24811,0,0,1,0,1,0
492,255729,13531,180,-2467,11244,2408,2045,-28048,0,0,1,0,1,0
493,256249,10562,712,-2657,8617,2048,8094,-30208,0,0,1,0,1,0
494,256770,7188,1217,-2745,5660,1609,13832,-31207,0,0,1,0,1,0
495,257291,3538,1675,-2727,2485,1108,19038,-31006,0,0,1,0,1,0
496,257812,-248,2068,-2605,-785,565,23513,-29614,0,0,1,0,1,0
497,258333,-4025,2382,-2382,-4025,0,27084,-27084,0,0,1,0,1,0
498,258854,-7646,2605,-2068,-7109,-565,29614,-23513,0,0,1,0,1,0
499,259375,-10973,2727,-1675,-9921,-1108,31006,-19038,0,0,1,0,1,0
500,259895,-13879,2745,-1217,-12351,-1609,31207,-13832,0,0,1,0,1,0
501,260416,-16251,2657,-712,-14306,-2048,30208,-8094,0,0,1,0,1,0
502,260937,-17998,2467,-180,-15711,-2408,28048,-2045,0,0,1,0,1,0
503,261458,-19054,2182,359,-16512,-2675,24811,4082,0,0,1,0,1,0
504,261979,-19377,1814,884,-16679,-2840,20620,10053,0,0,1,0,1,0
505,262500,-18955,1375,1375,-16204,-2896,15637,15637,0,0,1,0,1,0
506,263020,-17804,884,1814,-15106,-2840,10053,20620,0,0,1,0,1,0
507,263541,-15970,359,2182,-13428,-2675,4082,24811,0,0,1,0,1,0
508,264062,-13521,-180,2467,-11234,-2408,-2045,28048,0,0,1,0,1,0
509,264583,-10552,-712,2657,-8607,-2048,-8094,30208,0,0,1,0,1,0
510,265104,-7178,-1217,2745,-5650,-1609,-13832,31207,0,0,1,0,1,0
511,265625,-3528,-1675,2727,-2476,-1108,-19038,31006,0,0,1,0,1,0
512,266145,258,-2068,2605,794,-565,-23513,29614,0,0,1,0,1,0
513,266666,4034,-2382,2382,4034,0,-27084,27084,0,0,1,0,1,0
514,267187,7655,-2605,2068,7118,565,-29614,23513,0,0,1,0,1,0
515,267708,10982,-2727,1675,9930,1108,-31006,19038,0,0,1,0,1,0
516,268229,13888,-2745,1217,12359,1609,-31207,13832,0,0,1,0,1,0
517,268750,16259,-2657,712,14314,2048,-30208,8094,0,0,1,0,1,0
518,269270,18006,-2467,180,15719,2408,-28048,2045,0,0,1,0,1,0
519,269791,19062,-2182,-359,16520,2675,-24811,-4082,0,0,1,0,1,0
520,270312,19384,-1814,-884,16687,2840,-20620,-10053,0,0,1,0,1,0
521,270833,18962,-1375,-1375,16212,2896,-15637,-15637,0,0,1,0,1,0
522,271354,17812,-884,-1814,15114,2840,-10053,-20620,0,0,1,0,1,0
523,271875,15977,-359,-2182,13436,2675,-4082,-24811,0,0,1,0,1,0
524,272395,13528,180,-2467,11241,2408,2045,-28048,0,0,1,0,1,0
525,272916,10560,712,-2657,8615,2048,8094,-30208,0,0,1,0,1,0
526,273437,7185,1217,-2745,5657,1609,13832,-31207,0,0,1,0,1,0
527,273958,3535,1675,-2727,2483,1108,19038,-31006,0,0,1,0,1,0
528,274479,-251,2068,-2605,-787,565,23513,-29614,0,0,1,0,1,0
529,275000,-4027,2382,-2382,-4027,0,27084,-27084,0,0,1,0,1,0
530,275520,-7648,2605,-2068,-7112,-565,29614,-23513,0,0,1,0,1,0
531,276041,-10976,2727,-1675,-9923,-1108,31006,-19038,0,0,1,0,1,0
532,276562,-13881,2745,-1217,-12353,-1609,31207,-13832,0,0,1,0,1,0
533,277083,-16253,2657,-712,-14308,-2048,30208,-8094,0,0,1,0,1,0
534,277604,-18000,2467,-180,-15713,-2408,28048,-2045,0,0,1,0,1,0
535,278125,-19056,2182,359,-16514,-2675,24811,4082,0,0,1,0,1,0
536,278645,-19379,1814,884,-16681,-2840,20620,10053,0,0,1,0,1,0
537,279166,-18957,1375,1375,-16206,-2896,15637,15637,0,0,1,0,1,0
538,279687,-17806,884,1814,-15109,-2840,10053,20620,0,0,1,0,1,0
539,280208,-15972,359,2182,-13430,-2675,4082,24811,0,0,1,0,1,0
540,280729,0,0,0,0,0,0,0,1,0,0,0,0,0
541,281250,0,0,0,0,0,0,0,1,0,0,0,0,0
542,281770,0,0,0,0,0,0,0,1,0,0,0,0,0
543,282291,0,0,0,0,0,0,0,1,0,0,0,0,0
544,282812,0,0,0,0,0,0,0,1,0,0,0,0,0
545,283333,0,0,0,0,0,0,0,1,0,0,0,0,0
546,283854,0,0,0,0,0,0,0,1,0,0,0,0,0
547,284375,0,0,0,0,0,0,0,1,0,0,0,0,0
548,284895,0,0,0,0,0,0,0,1,0,0,0,0,0
549,285416,0,0,0,0,0,0,0,1,0,0,0,0,0
550,285937,0,0,0,0,0,0,0,1,0,0,0,0,0
551,286458,0,0,0,0,0,0,0,1,0,0,0,0,0
552,286979,0,0,0,0,0,0,0,1,0,0,0,0,0
553,287500,0,0,0,0,0,0,0,1,0,0,0,0,0
554,288020,0,0,0,0,0,0,0,1,0,0,0,0,0
555,288541,0,0,0,0,0,0,0,1,0,0,0,0,0
556,289062,0,0,0,0,0,0,0,1,0,0,0,0,0
557,289583,0,0,0,0,0,0,0,1,0,0,0,0,0
558,290104,0,0,0,0,0,0,0,1,0,0,0,0,0
559,290625,0,0,0,0,0,0,0,1,0,0,0,0,0
560,291145,0,0,0,0,0,0,0,1,0,0,0,0,0
561,291666,0,0,0,0,0,0,0,1,0,0,0,0,0
562,292187,0,0,0,0,0,0,0,1,0,0,0,0,0
563,292708,0,0,0,0,0,0,0,1,0,0,0,0,0
564,293229,0,0,0,0,0,0,0,1,0,0,0,0,0
565,293750,0,0,0,0,0,0,0,1,0,0,0,0,0
566,294270,0,0,0,0,0,0,0,1,0,0,0,0,0
567,294791,0,0,0,0,0,0,0,1,0,0,0,0,0
568,295312,0,0,0,0,0,0,0,1,0,0,0,0,0
569,295833,0,0,0,0,0,0,0,1,0,0,0,0,0
570,296354,0,0,0,0,0,0,0,1,0,0,0,0,0
571,296875,0,0,0,0,0,0,0,1,0,0,0,0,0
572,297395,0,0,0,0,0,0,0,1,0,0,0,0,0
573,297916,0,0,0,0,0,0,0,1,0,0,0,0,0
574,298437,0,0,0,0,0,0,0,1,0,0,0,0,0
575,298958,0,0,0,0,0,0,0,1,0,0,0,0,0
576,299479,0,0,0,0,0,0,0,1,0,0,0,0,0
577,300000,0,0,0,0,0,0,0,1,0,0,0,0,0
578,300520,0,0,0,0,0,0,0,1,0,0,0,0,0
579,301041,0,0,0,0,0,0,0,1,0,0,0,0,0
580,301562,0,0,0,0,0,0,0,1,0,0,0,0,0
581,302083,0,0,0,0,0,0,0,1,0,0,0,0,0
582,302604,0,0,0,0,0,0,0,1,0,0,0,0,0
583,303125,0,0,0,0,0,0,0,1,0,0,0,0,0
584,303645,0,0,0,0,0,0,0,1,0,0,0,0,0
585,304166,0,0,0,0,0,0,0,1,0,0,0,0,0
586,304687,0,0,0,0,0,0,0,1,0,0,0,0,0
587,305208,0,0,0,0,0,0,0,1,0,0,0,0,0
588,305729,0,0,0,0,0,0,0,1,0,0,0,0,0
589,306250,0,0,0,0,0,0,0,1,0,0,0,0,0
590,306770,0,0,0,0,0,0,0,1,0,0,0,0,0
591,307291,0,0,0,0,0,0,0,1,0,0,0,0,0
592,307812,0,0,0,0,0,0,0,1,0,0,0,0,0
593,308333,0,0,0,0,0,0,0,1,0,0,0,0,0
594,308854,0,0,0,0,0,0,0,1,0,0,0,0,0
595,309375,0,0,0,0,0,0,0,1,0,0,0,0,0
596,309895,0,0,0,0,0,0,0,1,0,0,0,0,0
597,310416,0,0,0,0,0,0,0,1,0,0,0,0,0
598,310937,0,0,0,0,0,0,0,1,0,0,0,0,0
599,311458,0,0,0,0,0,0,0,1,0,0,0,0,0
600,311979,0,0,0,0,0,0,0,1,0,0,0,0,0
601,312500,0,0,0,0,0,0,0,1,0,0,0,0,0
602,313020,0,0,0,0,0,0,0,1,0,0,0,0,0
603,313541,0,0,0,0,0,0,0,1,0,0,0,0,0
604,314062,0,0,0,0,0,0,0,1,0,0,0,0,0
605,314583,0,0,0,0,0,0,0,1,0,0,0,0,0
606,315104,0,0,0,0,0,0,0,1,0,0,0,0,0
607,315625,0,0,0,0,0,0,0,1,0,0,0,0,0
608,316145,0,0,0,0,0,0,0,1,0,0,0,0,0
609,316666,0,0,0,0,0,0,0,1,0,0,0,0,0
610,317187,0,0,0,0,0,0,0,1,0,0,0,0,0
611,317708,0,0,0,0,0,0,0,1,0,0,0,0,0
612,318229,0,0,0,0,0,0,0,1,0,0,0,0,0
613,318750,0,0,0,0,0,0,0,1,0,0,0,0,0
614,319270,0,0,0,0,0,0,0,1,0,0,0,0,0
615,319791,0,0,0,0,0,0,0,1,0,0,0,0,0
616,320312,0,0,0,0,0,0,0,1,0,0,0,0,0
617,320833,0,0,0,0,0,0,0,1,0,0,0,0,0
618,321354,0,0,0,0,0,0,0,1,0,0,0,0,0
619,321875,0,0,0,0,0,0,0,1,0,0,0,0,0
620,322395,0,0,0,0,0,0,0,1,0,0,0,0,0
621,322916,0,0,0,0,0,0,0,1,0,0,0,0,0
622,323437,0,0,0,0,0,0,0,1,0,0,0,0,0
623,323958,0,0,0,0,0,0,0,1,0,0,0,0,0
624,324479,0,0,0,0,0,0,0,1,0,0,0,0,0
625,325000,0,0,0,0,0,0,0,1,0,0,0,0,0
626,325520,0,0,0,0,0,0,0,1,0,0,0,0,0
627,326041,0,0,0,0,0,0,0,1,0,0,0,0,0
628,326562,0,0,0,0,0,0,0,1,0,0,0,0,0
629,327083,0,0,0,0,0,0,0,1,0,0,0,0,0
630,327604,0,0,0,0,0,0,0,1,0,0,0,0,0
631,328125,0,0,0,0,0,0,0,1,0,0,0,0,0
632,328645,0,0,0,0,0,0,0,1,0,0,0,0,0
633,329166,0,0,0,0,0,0,0,1,0,0,0,0,0
634,329687,0,0,0,0,0,0,0,1,0,0,0,0,0
635,330208,0,0,0,0,0,0,0,1,0,0,0,0,0
636,330729,0,0,0,0,0,0,0,1,0,0,0,0,0
637,331250,0,0,0,0,0,0,0,1,0,0,0,0,0
638,331770,0,0,0,0,0,0,0,1,0,0,0,0,0
639,332291,0,0,0,0,0,0,0,1,0,0,0,0,0
640,332812,0,0,0,0,0,0,0,1,0,0,0,0,0
641,333333,0,0,0,0,0,0,0,1,0,0,0,0,0
642,333854,0,0,0,0,0,0,0,1,0,0,0,0,0
643,334375,0,0,0,0,0,0,0,1,0,0,0,0,0
644,334895,0,0,0,0,0,0,0,1,0,0,0,0,0
645,335416,0,0,0,0,0,0,0,1,0,0,0,0,0
646,335937,0,0,0,0,0,0,0,1,0,0,0,0,0
647,336458,0,0,0,0,0,0,0,1,0,0,0,0,0
648,336979,0,0,0,0,0,0,0,1,0,0,0,0,0
649,337500,0,0,0,0,0,0,0,1,0,0,0,0,0
650,338020,0,0,0,0,0,0,0,1,0,0,0,0,0
651,338541,0,0,0,0,0,0,0,1,0,0,0,0,0
652,339062,0,0,0,0,0,0,0,1,0,0,0,0,0
653,339583,0,0,0,0,0,0,0,1,0,0,0,0,0
654,340104,0,0,0,0,0,0,0,1,0,0,0,0,0
655,340625,0,0,0,0,0,0,0,1,0,0,0,0,0
656,341145,0,0,0,0,0,0,0,1,0,0,0,0,0
657,341666,0,0,0,0,0,0,0,1,0,0,0,0,0
658,342187,0,0,0,0,0,0,0,1,0,0,0,0,0
659,342708,0,0,0,0,0,0,0,1,0,0,0,0,0
660,343229,0,0,0,0,0,0,0,1,0,0,0,0,0
661,343750,0,0,0,0,0,0,0,1,0,0,0,0,0
662,344270,0,0,0,0,0,0,0,1,0,0,0,0,0
663,344791,0,0,0,0,0,0,0,1,0,0,0,0,0
664,345312,0,0,0,0,0,0,0,1,0,0,0,0,0
665,345833,0,0,0,0,0,0,0,1,0,0,0,0,0
666,346354,0,0,0,0,0,0,0,1,0,0,0,0,0
667,346875,0,0,0,0,0,0,0,1,0,0,0,0,0
668,347395,0,0,0,0,0,0,0,1,0,0,0,0,0
669,347916,0,0,0,0,0,0,0,1,0,0,0,0,0
670,348437,0,0,0,0,0,0,0,1,0,0,0,0,0
671,348958,0,0,0,0,0,0,0,1,0,0,0,0,0
672,349479,0,0,0,0,0,0,0,1,0,0,0,0,0
673,350000,0,0,0,0,0,0,0,1,0,0,0,0,0
674,350520,0,0,0,0,0,0,0,1,0,0,0,0,0
675,351041,0,0,0,0,0,0,0,1,0,0,0,0,0
676,351562,0,0,0,0,0,0,0,1,0,0,0,0,0
677,352083,0,0,0,0,0,0,0,1,0,0,0,0,0
678,352604,0,0,0,0,0,0,0,1,0,0,0,0,0
679,353125,0,0,0,0,0,0,0,1,0,0,0,0,0
680,353645,0,0,0,0,0,0,0,1,0,0,0,0,0
681,354166,0,0,0,0,0,0,0,1,0,0,0,0,0
682,354687,0,0,0,0,0,0,0,1,0,0,0,0,0
683,355208,0,0,0,0,0,0,0,1,0,0,0,0,0
684,355729,0,0,0,0,0,0,0,1,0,0,0,0,0
685,356250,0,0,0,0,0,0,0,1,0,0,0,0,0
686,356770,0,0,0,0,0,0,0,1,0,0,0,0,0
687,357291,0,0,0,0,0,0,0,1,0,0,0,0,0
688,357812,0,0,0,0,0,0,0,1,0,0,0,0,0
689,358333,0,0,0,0,0,0,0,1,0,0,0,0,0
690,358854,0,0,0,0,0,0,0,1,0,0,0,0,0
691,359375,0,0,0,0,0,0,0,1,0,0,0,0,0
692,359895,0,0,0,0,0,0,0,1,0,0,0,0,0
693,360416,0,0,0,0,0,0,0,1,0,0,0,0,0
694,360937,0,0,0,0,0,0,0,1,0,0,0,0,0
695,361458,0,0,0,0,0,0,0,1,0,0,0,0,0
696,361979,0,0,0,0,0,0,0,1,0,0,0,0,0
697,362500,0,0,0,0,0,0,0,1,0,0,0,0,0
698,363020,0,0,0,0,0,0,0,1,0,0,0,0,0
699,363541,0,0,0,0,0,0,0,1,0,0,0,0,0
700,364062,0,0,0,0,0,0,0,1,0,0,0,0,0
701,364583,0,0,0,0,0,0,0,1,0,0,0,0,0
702,365104,0,0,0,0,0,0,0,1,0,0,0,0,0
703,365625,0,0,0,0,0,0,0,1,0,0,0,0,0
704,366145,0,0,0,0,0,0,0,1,0,0,0,0,0
705,366666,0,0,0,0,0,0,0,1,0,0,0,0,0
706,367187,0,0,0,0,0,0,0,1,0,0,0,0,0
707,367708,0,0,0,0,0,0,0,1,0,0,0,0,0
708,368229,0,0,0,0,0,0,0,1,0,0,0,0,0
709,368750,0,0,0,0,0,0,0,1,0,0,0,0,0
710,369270,0,0,0,0,0,0,0,1,0,0,0,0,0
711,369791,0,0,0,0,0,0,0,1,0,0,0,0,0
712,370312,0,0,0,0,0,0,0,1,0,0,0,0,0
713,370833,0,0,0,0,0,0,0,1,0,0,0,0,0
714,371354,0,0,0,0,0,0,0,1,0,0,0,0,0
715,371875,0,0,0,0,0,0,0,1,0,0,0,0,0
716,372395,0,0,0,0,0,0,0,1,0,0,0,0,0
717,372916,0,0,0,0,0,0,0,1,0,0,0,0,0
718,373437,0,0,0,0,0,0,0,1,0,0,0,0,0
719,373958,0,0,0,0,0,0,0,1,0,0,0,0,0
720,374479,0,0,0,0,0,0,0,1,0,0,0,0,0
721,375000,0,0,0,0,0,0,0,1,0,0,0,0,0
722,375520,0,0,0,0,0,0,0,1,0,0,0,0,0
723,376041,0,0,0,0,0,0,0,1,0,0,0,0,0
724,376562,0,0,0,0,0,0,0,1,0,0,0,0,0
725,377083,0,0,0,0,0,0,0,1,0,0,0,0,0
726,377604,0,0,0,0,0,0,0,1,0,0,0,0,0
727,378125,0,0,0,0,0,0,0,1,0,0,0,0,0
728,378645,0,0,0,0,0,0,0,1,0,0,0,0,0
729,379166,0,0,0,0,0,0,0,1,0,0,0,0,0
730,379687,0,0,0,0,0,0,0,1,0,0,0,0,0
731,380208,0,0,0,0,0,0,0,1,0,0,0,0,0
732,380729,0,0,0,0,0,0,0,1,0,0,0,0,0
733,381250,0,0,0,0,0,0,0,1,0,0,0,0,0
734,381770,0,0,0,0,0,0,0,1,0,0,0,0,0
735,382291,0,0,0,0,0,0,0,1,0,0,0,0,0
736,382812,0,0,0,0,0,0,0,1,0,0,0,0,0
737,383333,0,0,0,0,0,0,0,1,0,0,0,0,0
738,383854,0,0,0,0,0,0,0,1,0,0,0,0,0
739,384375,0,0,0,0,0,0,0,1,0,0,0,0,0
740,384895,0,0,0,0,0,0,0,1,0,0,0,0,0
741,385416,0,0,0,0,0,0,0,1,0,0,0,0,0
742,385937,0,0,0,0,0,0,0,1,0,0,0,0,0
743,386458,0,0,0,0,0,0,0,1,0,0,0,0,0
744,386979,0,0,0,0,0,0,0,1,0,0,0,0,0
745,387500,0,0,0,0,0,0,0,1,0,0,0,0,0
746,388020,0,0,0,0,0,0,0,1,0,0,0,0,0
747,388541,0,0,0,0,0,0,0,1,0,0,0,0,0
748,389062,0,0,0,0,0,0,0,1,0,0,0,0,0
749,389583,0,0,0,0,0,0,0,1,0,0,0,0,0
750,390104,0,0,0,0,0,0,0,1,0,0,0,0,0
751,390625,0,0,0,0,0,0,0,1,0,0,0,0,0
752,391145,0,0,0,0,0,0,0,1,0,0,0,0,0
753,391666,0,0,0,0,0,0,0,1,0,0,0,0,0
754,392187,0,0,0,0,0,0,0,1,0,0,0,0,0
755,392708,0,0,0,0,0,0,0,1,0,0,0,0,0
756,393229,0,0,0,0,0,0,0,1,0,0,0,0,0
757,393750,0,0,0,0,0,0,0,1,0,0,0,0,0
758,394270,0,0,0,0,0,0,0,1,0,0,0,0,0
759,394791,0,0,0,0,0,0,0,1,0,0,0,0,0
760,395312,0,0,0,0,0,0,0,1,0,0,0,0,0
761,395833,0,0,0,0,0,0,0,1,0,0,0,0,0
762,396354,0,0,0,0,0,0,0,1,0,0,0,0,0
763,396875,0,0,0,0,0,0,0,1,0,0,0,0,0
764,397395,0,0,0,0,0,0,0,1,0,0,0,0,0
765,397916,0,0,0,0,0,0,0,1,0,0,0,0,0
766,398437,0,0,0,0,0,0,0,1,0,0,0,0,0
767,398958,0,0,0,0,0,0,0,1,0,0,0,0,0
768,399479,0,0,0,0,0,0,0,1,0,0,0,0,0
769,400000,0,0,0,0,0,0,0,1,0,0,0,0,0
770,400520,0,0,0,0,0,0,0,1,0,0,0,0,0
771,401041,0,0,0,0,0,0,0,1,0,0,0,0,0
772,401562,0,0,0,0,0,0,0,1,0,0,0,0,0
773,402083,0,0,0,0,0,0,0,1,0,0,0,0,0
774,402604,0,0,0,0,0,0,0,1,0,0,0,0,0
775,403125,0,0,0,0,0,0,0,1,0,0,0,0,0
776,403645,0,0,0,0,0,0,0,1,0,0,0,0,0
777,404166,0,0,0,0,0,0,0,1,0,0,0,0,0
778,404687,0,0,0,0,0,0,0,1,0,0,0,0,0
779,405208,0,0,0,0,0,0,0,1,0,0,0,0,0
780,405729,0,0,0,0,0,0,0,1,0,0,0,0,0
781,406250,0,0,0,0,0,0,0,1,0,0,0,0,0
782,406770,0,0,0,0,0,0,0,1,0,0,0,0,0
783,407291,0,0,0,0,0,0,0,1,0,0,0,0,0
784,407812,0,0,0,0,0,0,0,1,0,0,0,0,0
785,408333,0,0,0,0,0,0,0,1,0,0,0,0,0
786,408854,0,0,0,0,0,0,0,1,0,0,0,0,0
787,409375,0,0,0,0,0,0,0,1,0,0,0,0,0
788,409895,0,0,0,0,0,0,0,1,0,0,0,0,0
789,410416,0,0,0,0,0,0,0,1,0,0,0,0,0
790,410937,0,0,0,0,0,0,0,1,0,0,0,0,0
791,411458,0,0,0,0,0,0,0,1,0,0,0,0,0
792,411979,0,0,0,0,0,0,0,1,0,0,0,0,0
793,412500,0,0,0,0,0,0,0,1,0,0,0,0,0
794,413020,0,0,0,0,0,0,0,1,0,0,0,0,0
795,413541,0,0,0,0,0,0,0,1,0,0,0,0,0
796,414062,0,0,0,0,0,0,0,1,0,0,0,0,0
797,414583,0,0,0,0,0,0,0,1,0,0,0,0,0
798,415104,0,0,0,0,0,0,0,1,0,0,0,0,0
799,415625,0,0,0,0,0,0,0,1,0,0,0,0,0
800,416145,0,0,0,0,0,0,0,1,0,0,0,0,0
801,416666,0,0,0,0,0,0,0,1,0,0,0,0,0
802,417187,0,0,0,0,0,0,0,1,0,0,0,0,0
803,417708,0,0,0,0,0,0,0,1,0,0,0,0,0
804,418229,0,0,0,0,0,0,0,1,0,0,0,0,0
805,418750,0,0,0,0,0,0,0,1,0,0,0,0,0
806,419270,0,0,0,0,0,0,0,1,0,0,0,0,0
807,419791,0,0,0,0,0,0,0,1,0,0,0,0,0
808,420312,0,0,0,0,0,0,0,1,0,0,0,0,0
809,420833,0,0,0,0,0,0,0,1,0,0,0,0,0
810,421354,0,0,0,0,0,0,0,1,0,0,0,0,0
811,421875,0,0,0,0,0,0,0,1,0,0,0,0,0
812,422395,0,0,0,0,0,0,0,1,0,0,0,0,0
813,422916,0,0,0,0,0,0,0,1,0,0,0,0,0
814,423437,0,0,0,0,0,0,0,1,0,0,0,0,0
815,423958,0,0,0,0,0,0,0,1,0,0,0,0,0
816,424479,0,0,0,0,0,0,0,1,0,0,0,0,0
817,425000,0,0,0,0,0,0,0,1,0,0,0,0,0
818,425520,0,0,0,0,0,0,0,1,0,0,0,0,0
819,426041,0,0,0,0,0,0,0,1,0,0,0,0,0
820,426562,0,0,0,0,0,0,0,1,0,0,0,0,0
821,427083,0,0,0,0,0,0,0,1,0,0,0,0,0
822,427604,0,0,0,0,0,0,0,1,0,0,0,0,0
823,428125,0,0,0,0,0,0,0,1,0,0,0,0,0
824,428645,0,0,0,0,0,0,0,1,0,0,0,0,0
825,429166,0,0,0,0,0,0,0,1,0,0,0,0,0
826,429687,0,0,0,0,0,0,0,1,0,0,0,0,0
827,430208,0,0,0,0,0,0,0,1,0,0,0,0,0
828,430729,0,0,0,0,0,0,0,1,0,0,0,0,0
829,431250,0,0,0,0,0,0,0,1,0,0,0,0,0
830,431770,0,0,0,0,0,0,0,1,0,0,0,0,0
831,432291,0,0,0,0,0,0,0,1,0,0,0,0,0
832,432812,0,0,0,0,0,0,0,1,0,0,0,0,0
833,433333,0,0,0,0,0,0,0,1,0,0,0,0,0
834,433854,0,0,0,0,0,0,0,1,0,0,0,0,0
835,434375,0,0,0,0,0,0,0,1,0,0,0,0,0
836,434895,0,0,0,0,0,0,0,1,0,0,0,0,0
837,435416,0,0,0,0,0,0,0,1,0,0,0,0,0
838,435937,0,0,0,0,0,0,0,1,0,0,0,0,0
839,436458,0,0,0,0,0,0,0,1,0,0,0,0,0
840,436979,0,0,0,0,0,0,0,1,0,0,0,0,0
841,437500,0,0,0,0,0,0,0,1,0,0,0,0,0
842,438020,0,0,0,0,0,0,0,1,0,0,0,0,0
843,438541,0,0,0,0,0,0,0,1,0,0,0,0,0
844,439062,0,0,0,0,0,0,0,1,0,0,0,0,0
845,439583,0,0,0,0,0,0,0,1,0,0,0,0,0
846,440104,0,0,0,0,0,0,0,1,0,0,0,0,0
847,440625,0,0,0,0,0,0,0,1,0,0,0,0,0
848,441145,0,0,0,0,0,0,0,1,0,0,0,0,0
849,441666,0,0,0,0,0,0,0,1,0,0,0,0,0
850,442187,0,0,0,0,0,0,0,1,0,0,0,0,0
851,442708,0,0,0,0,0,0,0,1,0,0,0,0,0
852,443229,0,0,0,0,0,0,0,1,0,0,0,0,0
853,443750,0,0,0,0,0,0,0,1,0,0,0,0,0
854,444270,0,0,0,0,0,0,0,1,0,0,0,0,0
855,444791,0,0,0,0,0,0,0,1,0,0,0,0,0
856,445312,0,0,0,0,0,0,0,1,0,0,0,0,0
857,445833,0,0,0,0,0,0,0,1,0,0,0,0,0
858,446354,0,0,0,0,0,0,0,1,0,0,0,0,0
859,446875,0,0,0,0,0,0,0,1,0,0,0,0,0
860,447395,0,0,0,0,0,0,0,1,0,0,0,0,0
861,447916,0,0,0,0,0,0,0,1,0,0,0,0,0
862,448437,0,0,0,0,0,0,0,1,0,0,0,0,0
863,448958,0,0,0,0,0,0,0,1,0,0,0,0,0
864,449479,0,0,0,0,0,0,0,1,0,0,0,0,0
865,450000,0,0,0,0,0,0,0,1,0,0,0,0,0
866,450520,0,0,0,0,0,0,0,1,0,0,0,0,0
867,451041,0,0,0,0,0,0,0,1,0,0,0,0,0
868,451562,0,0,0,0,0,0,0,1,0,0,0,0,0
869,452083,0,0,0,0,0,0,0,1,0,0,0,0,0
870,452604,0,0,0,0,0,0,0,1,0,0,0,0,0
871,453125,0,0,0,0,0,0,0,1,0,0,0,0,0
872,453645,0,0,0,0,0,0,0,1,0,0,0,0,0
873,454166,0,0,0,0,0,0,0,1,0,0,0,0,0
874,454687,0,0,0,0,0,0,0,1,0,0,0,0,0
875,455208,0,0,0,0,0,0,0,1,0,0,0,0,0
876,455729,0,0,0,0,0,0,0,1,0,0,0,0,0
877,456250,0,0,0,0,0,0,0,1,0,0,0,0,0
878,456770,0,0,0,0,0,0,0,1,0,0,0,0,0
879,457291,0,0,0,0,0,0,0,1,0,0,0,0,0
880,457812,0,0,0,0,0,0,0,1,0,0,0,0,0
881,458333,0,0,0,0,0,0,0,1,0,0,0,0,0
882,458854,0,0,0,0,0,0,0,1,0,0,0,0,0
883,459375,0,0,0,0,0,0,0,1,0,0,0,0,0
884,459895,0,0,0,0,0,0,0,1,0,0,0,0,0
885,460416,0,0,0,0,0,0,0,1,0,0,0,0,0
886,460937,0,0,0,0,0,0,0,1,0,0,0,0,0
887,461458,0,0,0,0,0,0,0,1,0,0,0,0,0
888,461979,0,0,0,0,0,0,0,1,0,0,0,0,0
889,462500,0,0,0,0,0,0,0,1,0,0,0,0,0
890,463020,0,0,0,0,0,0,0,1,0,0,0,0,0
891,463541,0,0,0,0,0,0,0,1,0,0,0,0,0
892,464062,0,0,0,0,0,0,0,1,0,0,0,0,0
893,464583,0,0,0,0,0,0,0,1,0,0,0,0,0
894,465104,0,0,0,0,0,0,0,1,0,0,0,0,0
895,465625,0,0,0,0,0,0,0,1,0,0,0,0,0
896,466145,0,0,0,0,0,0,0,1,0,0,0,0,0
897,466666,0,0,0,0,0,0,0,1,0,0,0,0,0
898,467187,0,0,0,0,0,0,0,1,0,0,0,0,0
899,467708,0,0,0,0,0,0,0,1,0,0,0,0,0
900,468229,0,0,0,0,0,0,0,1,0,0,0,0,0
901,468750,0,0,0,0,0,0,0,1,0,0,0,0,0
902,469270,0,0,0,0,0,0,0,1,0,0,0,0,0
903,469791,0,0,0,0,0,0,0,1,0,0,0,0,0
904,470312,0,0,0,0,0,0,0,1,0,0,0,0,0
905,470833,0,0,0,0,0,0,0,1,0,0,0,0,0
906,471354,0,0,0,0,0,0,0,1,0,0,0,0,0
907,471875,0,0,0,0,0,0,0,1,0,0,0,0,0
908,472395,0,0,0,0,0,0,0,1,0,0,0,0,0
909,472916,0,0,0,0,0,0,0,1,0,0,0,0,0
910,473437,0,0,0,0,0,0,0,1,0,0,0,0,0
911,473958,0,0,0,0,0,0,0,1,0,0,0,0,0
912,474479,0,0,0,0,0,0,0,1,0,0,0,0,0
913,475000,0,0,0,0,0,0,0,1,0,0,0,0,0
914,475520,0,0,0,0,0,0,0,1,0,0,0,0,0
915,476041,0,0,0,0,0,0,0,1,0,0,0,0,0
916,476562,0,0,0,0,0,0,0,1,0,0,0,0,0
917,477083,0,0,0,0,0,0,0,1,0,0,0,0,0
918,477604,0,0,0,0,0,0,0,1,0,0,0,0,0
919,478125,0,0,0,0,0,0,0,1,0,0,0,0,0
920,478645,0,0,0,0,0,0,0,1,0,0,0,0,0
921,479166,0,0,0,0,0,0,0,1,0,0,0,0,0
922,479687,0,0,0,0,0,0,0,1,0,0,0,0,0
923,480208,0,0,0,0,0,0,0,1,0,0,0,0,0
924,480729,0,0,0,0,0,0,0,1,0,0,0,0,0
925,481250,0,0,0,0,0,0,0,1,0,0,0,0,0
926,481770,0,0,0,0,0,0,0,1,0,0,0,0,0
927,482291,0,0,0,0,0,0,0,1,0,0,0,0,0
928,482812,0,0,0,0,0,0,0,1,0,0,0,0,0
929,483333,0,0,0,0,0,0,0,1,0,0,0,0,0
930,483854,0,0,0,0,0,0,0,1,0,0,0,0,0
931,484375,0,0,0,0,0,0,0,1,0,0,0,0,0
932,484895,0,0,0,0,0,0,0,1,0,0,0,0,0
933,485416,0,0,0,0,0,0,0,1,0,0,0,0,0
934,485937,0,0,0,0,0,0,0,1,0,0,0,0,0
935,486458,0,0,0,0,0,0,0,1,0,0,0,0,0
936,486979,0,0,0,0,0,0,0,1,0,0,0,0,0
937,487500,0,0,0,0,0,0,0,1,0,0,0,0,0
938,488020,0,0,0,0,0,0,0,1,0,0,0,0,0
939,488541,0,0,0,0,0,0,0,1,0,0,0,0,0
940,489062,0,0,0,0,0,0,0,1,0,0,0,0,0
941,489583,0,0,0,0,0,0,0,1,0,0,0,0,0
942,490104,0,0,0,0,0,0,0,1,0,0,0,0,0
943,490625,0,0,0,0,0,0,0,1,0,0,0,0,0
944,491145,0,0,0,0,0,0,0,1,0,0,0,0,0
945,491666,0,0,0,0,0,0,0,1,0,0,0,0,0
946,492187,0,0,0,0,0,0,0,1,0,0,0,0,0
947,492708,0,0,0,0,0,0,0,1,0,0,0,0,0
948,493229,0,0,0,0,0,0,0,1,0,0,0,0,0
949,493750,0,0,0,0,0,0,0,1,0,0,0,0,0
950,494270,0,0,0,0,0,0,0,1,0,0,0,0,0
951,494791,0,0,0,0,0,0,0,1,0,0,0,0,0
952,495312,0,0,0,0,0,0,0,1,0,0,0,0,0
953,495833,0,0,0,0,0,0,0,1,0,0,0,0,0
954,496354,0,0,0,0,0,0,0,1,0,0,0,0,0
955,496875,0,0,0,0,0,0,0,1,0,0,0,0,0
956,497395,0,0,0,0,0,0,0,1,0,0,0,0,0
957,497916,0,0,0,0,0,0,0,1,0,0,0,0,0
958,498437,0,0,0,0,0,0,0,1,0,0,0,0,0
959,498958,0,0,0,0,0,0,0,1,0,0,0,0,0
960,499479,0,0,0,0,0,0,0,1,0,0,0,0,0
961,500000,0,0,0,0,0,0,0,1,0,0,0,0,0
962,500520,0,0,0,0,0,0,0,1,0,0,0,0,0
963,501041,0,0,0,0,0,0,0,1,0,0,0,0,0
964,501562,0,0,0,0,0,0,0,1,0,0,0,0,0
965,502083,0,0,0,0,0,0,0,1,0,0,0,0,0
966,502604,0,0,0,0,0,0,0,1,0,0,0,0,0
967,503125,0,0,0,0,0,0,0,1,0,0,0,0,0
968,503645,0,0,0,0,0,0,0,1,0,0,0,0,0
969,504166,0,0,0,0,0,0,0,1,0,0,0,0,0
970,504687,0,0,0,0,0,0,0,1,0,0,0,0,0
971,505208,0,0,0,0,0,0,0,1,0,0,0,0,0
972,505729,0,0,0,0,0,0,0,1,0,0,0,0,0
973,506250,0,0,0,0,0,0,0,1,0,0,0,0,0
974,506770,0,0,0,0,0,0,0,1,0,0,0,0,0
975,507291,0,0,0,0,0,0,0,1,0,0,0,0,0
976,507812,0,0,0,0,0,0,0,1,0,0,0,0,0
977,508333,0,0,0,0,0,0,0,1,0,0,0,0,0
978,508854,0,0,0,0,0,0,0,1,0,0,0,0,0
979,509375,0,0,0,0,0,0,0,1,0,0,0,0,0
980,509895,0,0,0,0,0,0,0,1,0,0,0,0,0
981,510416,0,0,0,0,0,0,0,1,0,0,0,0,0
982,510937,0,0,0,0,0,0,0,1,0,0,0,0,0
983,511458,0,0,0,0,0,0,0,1,0,0,0,0,0
984,511979,0,0,0,0,0,0,0,1,0,0,0,0,0
985,512499,0,0,0,0,0,0,0,1,0,0,0,0,0
986,513020,0,0,0,0,0,0,0,1,0,0,0,0,0
987,513541,0,0,0,0,0,0,0,1,0,0,0,0,0
988,514062,0,0,0,0,0,0,0,1,0,0,0,0,0
989,514583,0,0,0,0,0,0,0,1,0,0,0,0,0
990,515104,0,0,0,0,0,0,0,1,0,0,0,0,0
991,515625,0,0,0,0,0,0,0,1,0,0,0,0,0
992,516145,0,0,0,0,0,0,0,1,0,0,0,0,0
993,516666,0,0,0,0,0,0,0,1,0,0,0,0,0
994,517187,0,0,0,0,0,0,0,1,0,0,0,0,0
995,517708,0,0,0,0,0,0,0,1,0,0,0,0,0
996,518229,0,0,0,0,0,0,0,1,0,0,0,0,0
997,518750,0,0,0,0,0,0,0,1,0,0,0,0,0
998,519270,0,0,0,0,0,0,0,1,0,0,0,0,0
999,519791,0,0,0,0,0,0,0,1,0,0,0,0,0
1000,520312,0,0,0,0,0,0,0,1,0,0,0,0,0
1001,520833,0,0,0,0,0,0,0,1,0,0,0,0,0
1002,521354,0,0,0,0,0,0,0,1,0,0,0,0,0
1003,521875,0,0,0,0,0,0,0,1,0,0,0,0,0
1004,522395,0,0,0,0,0,0,0,1,0,0,0,0,0
1005,522916,0,0,0,0,0,0,0,1,0,0,0,0,0
1006,523437,0,0,0,0,0,0,0,1,0,0,0,0,0
1007,523958,0,0,0,0,0,0,0,1,0,0,0,0,0
1008,524479,0,0,0,0,0,0,0,1,0,0,0,0,0
1009,525000,0,0,0,0,0,0,0,1,0,0,0,0,0
1010,525520,0,0,0,0,0,0,0,1,0,0,0,0,0
1011,526041,0,0,0,0,0,0,0,1,0,0,0,0,0
1012,526562,0,0,0,0,0,0,0,1,0,0,0,0,0
1013,527083,0,0,0,0,0,0,0,1,0,0,0,0,0
1014,527604,0,0,0,0,0,0,0,1,0,0,0,0,0
1015,528125,0,0,0,0,0,0,0,1,0,0,0,0,0
1016,528645,0,0,0,0,0,0,0,1,0,0,0,0,0
1017,529166,0,0,0,0,0,0,0,1,0,0,0,0,0
1018,529687,0,0,0,0,0,0,0,1,0,0,0,0,0
1019,530208,0,0,0,0,0,0,0,1,0,0,0,0,0
1020,530729,0,0,0,0,0,0,0,1,0,0,0,0,0
1021,531250,0,0,0,0,0,0,0,1,0,0,0,0,0
1022,531770,0,0,0,0,0,0,0,1,0,0,0,0,0
1023,532291,0,0,0,0,0,0,0,1,0,0,0,0,0
1024,532812,0,0,0,0,0,0,0,1,0,0,0,0,0
1025,533333,0,0,0,0,0,0,0,1,0,0,0,0,0
1026,533854,0,0,0,0,0,0,0,1,0,0,0,0,0
1027,534375,0,0,0,0,0,0,0,1,0,0,0,0,0
1028,534895,0,0,0,0,0,0,0,1,0,0,0,0,0
1029,535416,0,0,0,0,0,0,0,1,0,0,0,0,0
1030,535937,0,0,0,0,0,0,0,1,0,0,0,0,0
1031,536458,0,0,0,0,0,0,0,1,0,0,0,0,0
1032,536979,0,0,0,0,0,0,0,1,0,0,0,0,0
1033,537500,0,0,0,0,0,0,0,1,0,0,0,0,0
1034,538020,0,0,0,0,0,0,0,1,0,0,0,0,0
1035,538541,0,0,0,0,0,0,0,1,0,0,0,0,0
1036,539062,0,0,0,0,0,0,0,1,0,0,0,0,0
1037,539583,0,0,0,0,0,0,0,1,0,0,0,0,0
1038,540104,0,0,0,0,0,0,0,1,0,0,0,0,0
1039,540625,0,0,0,0,0,0,0,1,0,0,0,0,0
1040,541145,0,0,0,0,0,0,0,1,0,0,0,0,0
1041,541666,0,0,0,0,0,0,0,1,0,0,0,0,0
1042,542187,0,0,0,0,0,0,0,1,0,0,0,0,0
1043,542708,0,0,0,0,0,0,0,1,0,0,0,0,0
1044,543229,0,0,0,0,0,0,0,1,0,0,0,0,0
1045,543750,0,0,0,0,0,0,0,1,0,0,0,0,0
1046,544270,0,0,0,0,0,0,0,1,0,0,0,0,0
1047,544791,0,0,0,0,0,0,0,1,0,0,0,0,0
1048,545312,0,0,0,0,0,0,0,1,0,0,0,0,0
1049,545833,0,0,0,0,0,0,0,1,0,0,0,0,0
1050,546354,0,0,0,0,0,0,0,1,0,0,0,0,0
1051,546875,0,0,0,0,0,0,0,1,0,0,0,0,0
1052,547395,0,0,0,0,0,0,0,1,0,0,0,0,0
1053,547916,0,0,0,0,0,0,0,1,0,0,0,0,0
1054,548437,0,0,0,0,0,0,0,1,0,0,0,0,0
1055,548958,0,0,0,0,0,0,0,1,0,0,0,0,0
1056,549479,0,0,0,0,0,0,0,1,0,0,0,0,0
1057,550000,0,0,0,0,0,0,0,1,0,0,0,0,0
1058,550520,0,0,0,0,0,0,0,1,0,0,0,0,0
1059,551041,0,0,0,0,0,0,0,1,0,0,0,0,0
1060,551562,0,0,0,0,0,0,0,1,0,0,0,0,0
1061,552083,0,0,0,0,0,0,0,1,0,0,0,0,0
1062,552604,0,0,0,0,0,0,0,1,0,0,0,0,0
1063,553125,0,0,0,0,0,0,0,1,0,0,0,0,0
1064,553645,0,0,0,0,0,0,0,1,0,0,0,0,0
1065,554166,0,0,0,0,0,0,0,1,0,0,0,0,0
1066,554687,0,0,0,0,0,0,0,1,0,0,0,0,0
1067,555208,0,0,0,0,0,0,0,1,0,0,0,0,0
1068,555729,0,0,0,0,0,0,0,1,0,0,0,0,0
1069,556250,0,0,0,0,0,0,0,1,0,0,0,0,0
1070,556770,0,0,0,0,0,0,0,1,0,0,0,0,0
1071,557291,0,0,0,0,0,0,0,1,0,0,0,0,0
1072,557812,0,0,0,0,0,0,0,1,0,0,0,0,0
1073,558333,0,0,0,0,0,0,0,1,0,0,0,0,0
1074,558854,0,0,0,0,0,0,0,1,0,0,0,0,0
1075,559375,0,0,0,0,0,0,0,1,0,0,0,0,0
1076,559895,0,0,0,0,0,0,0,1,0,0,0,0,0
1077,560416,0,0,0,0,0,0,0,1,0,0,0,0,0
1078,560937,0,0,0,0,0,0,0,1,0,0,0,0,0
1079,561458,0,0,0,0,0,0,0,1,0,0,0,0,0
1080,561979,0,0,0,0,0,0,0,1,0,0,0,0,0
1081,562500,0,0,0,0,0,0,0,1,0,0,0,0,0
1082,563020,0,0,0,0,0,0,0,1,0,0,0,0,0
1083,563541,0,0,0,0,0,0,0,1,0,0,0,0,0
1084,564062,0,0,0,0,0,0,0,1,0,0,0,0,0
1085,564583,0,0,0,0,0,0,0,1,0,0,0,0,0
1086,565104,0,0,0,0,0,0,0,1,0,0,0,0,0
1087,565625,0,0,0,0,0,0,0,1,0,0,0,0,0
1088,566145,0,0,0,0,0,0,0,1,0,0,0,0,0
1089,566666,0,0,0,0,0,0,0,1,0,0,0,0,0
1090,567187,0,0,0,0,0,0,0,1,0,0,0,0,0
1091,567708,0,0,0,0,0,0,0,1,0,0,0,0,0
1092,568229,0,0,0,0,0,0,0,1,0,0,0,0,0
1093,568750,0,0,0,0,0,0,0,1,0,0,0,0,0
1094,569270,0,0,0,0,0,0,0,1,0,0,0,0,0
1095,569791,0,0,0,0,0,0,0,1,0,0,0,0,0
1096,570312,0,0,0,0,0,0,0,1,0,0,0,0,0
1097,570833,0,0,0,0,0,0,0,1,0,0,0,0,0
1098,571354,0,0,0,0,0,0,0,1,0,0,0,0,0
1099,571875,0,0,0,0,0,0,0,1,0,0,0,0,0
1100,572395,0,0,0,0,0,0,0,1,0,0,0,0,0
1101,572916,0,0,0,0,0,0,0,1,0,0,0,0,0
1102,573437,0,0,0,0,0,0,0,1,0,0,0,0,0
1103,573958,0,0,0,0,0,0,0,1,0,0,0,0,0
1104,574479,0,0,0,0,0,0,0,1,0,0,0,0,0
1105,575000,0,0,0,0,0,0,0,1,0,0,0,0,0
1106,575520,0,0,0,0,0,0,0,1,0,0,0,0,0
