1,0,0,-233,233,0,0,-27026,27026,0,0,0,0,1,0
2,520,53,-255,202,0,6088,-29551,23462,0,0,0,0,1,0
3,1041,103,-267,164,0,11942,-30940,18997,0,0,0,0,1,0
4,1562,150,-269,119,0,17337,-31140,13802,0,0,0,0,1,0
5,2083,190,-260,70,0,22066,-30143,8077,0,0,0,0,1,0
6,2604,224,-241,18,0,25947,-27988,2041,0,0,0,0,1,0
7,3125,249,-214,-35,0,28831,-24758,-4073,0,0,0,0,1,0
8,3645,264,-178,-87,0,30607,-20576,-10031,0,0,0,0,1,0
9,4166,269,-135,-135,0,31207,-15603,-15603,0,0,0,0,1,0
10,4687,264,-87,-178,0,30607,-10031,-20576,0,0,0,0,1,0
11,5208,249,-35,-214,0,28831,-4073,-24758,0,0,0,0,1,0
12,5729,224,18,-241,0,25947,2041,-27988,0,0,0,0,1,0
13,6250,190,70,-260,0,22066,8077,-30143,0,0,0,0,1,0
14,6770,150,119,-269,0,17337,13802,-31140,0,0,0,0,1,0
15,7291,103,164,-267,0,11942,18997,-30940,0,0,0,0,1,0
16,7812,53,202,-255,0,6088,23462,-29551,0,0,0,0,1,0
17,8333,0,233,-233,0,0,27026,-27026,0,0,0,0,1,0
18,8854,-53,255,-202,0,-6088,29551,-23462,0,0,0,0,1,0
19,9375,-103,267,-164,0,-11942,30940,-18997,0,0,0,0,1,0
20,9895,-150,269,-119,0,-17337,31140,-13802,0,0,0,0,1,0
21,10416,-190,260,-70,0,-22066,30143,-8077,0,0,0,0,1,0
22,10937,-224,241,-18,0,-25947,27988,-2041,0,0,0,0,1,0
23,11458,-249,214,35,0,-28831,24758,4073,0,0,0,0,1,0
24,11979,-264,178,87,0,-30607,20576,10031,0,0,0,0,1,0
25,12500,-269,135,135,0,-31207,15603,15603,0,0,0,0,1,0
26,13020,-264,87,178,0,-30607,10031,20576,0,0,0,0,1,0
27,13541,-249,35,214,0,-28831,4073,24758,0,0,0,0,1,0
28,14062,-224,-18,241,0,-25947,-2041,27988,0,0,0,0,1,0
29,14583,-190,-70,260,0,-22066,-8077,30143,0,0,0,0,1,0
30,15104,-150,-119,269,0,-17337,-13802,31140,0,0,0,0,1,0
31,15625,-103,-164,267,0,-11942,-18997,30940,0,0,0,0,1,0
32,16145,-53,-202,255,0,-6088,-23462,29551,0,0,0,0,1,0
33,16666,0,-233,233,0,0,-27026,27026,0,0,0,0,1,0
34,17187,53,-255,202,0,6088,-29551,23462,0,0,0,0,1,0
35,17708,103,-267,164,0,11942,-30940,18997,0,0,0,0,1,0
36,18229,150,-269,119,0,17337,-31140,13802,0,0,0,0,1,0
37,18750,190,-260,70,0,22066,-30143,8077,0,0,0,0,1,0
38,19270,224,-241,18,0,25947,-27988,2041,0,0,0,0,1,0
39,19791,249,-214,-35,0,28831,-24758,-4073,0,0,0,0,1,0
40,20312,264,-178,-87,0,30607,-20576,-10031,0,0,0,0,1,0
41,20833,269,-135,-135,0,31207,-15603,-15603,0,0,0,0,1,0
42,21354,264,-87,-178,0,30607,-10031,-20576,0,0,0,0,1,0
43,21875,249,-35,-214,0,28831,-4073,-24758,0,0,0,0,1,0
44,22395,224,18,-241,0,25947,2041,-27988,0,0,0,0,1,0
45,22916,190,70,-260,0,22066,8077,-30143,0,0,0,0,1,0
46,23437,150,119,-269,0,17337,13802,-31140,0,0,0,0,1,0
47,23958,103,164,-267,0,11942,18997,-30940,0,0,0,0,1,0
48,24479,53,202,-255,0,6088,23462,-29551,0,0,0,0,1,0
49,25000,0,233,-233,0,0,27026,-27026,0,0,0,0,1,0
50,25520,-53,255,-202,0,-6088,29551,-23462,0,0,0,0,1,0
51,26041,-103,267,-164,0,-11942,30940,-18997,0,0,0,0,1,0
52,26562,-150,269,-119,0,-17337,31140,-13802,0,0,0,0,1,0
53,27083,-190,260,-70,0,-22066,30143,-8077,0,0,0,0,1,0
54,27604,-224,241,-18,0,-25947,27988,-2041,0,0,0,0,1,0
55,28125,-249,214,35,0,-28831,24758,4073,0,0,0,0,1,0
56,28645,-264,178,87,0,-30607,20576,10031,0,0,0,0,1,0
57,29166,-269,135,135,0,-31207,15603,15603,0,0,0,0,1,0
58,29687,-264,87,178,0,-30607,10031,20576,0,0,0,0,1,0
59,30208,-249,35,214,0,-28831,4073,24758,0,0,0,0,1,0
60,30729,-224,-18,241,0,-25947,-2041,27988,0,0,0,0,1,0
61,31250,-190,-70,260,0,-22066,-8077,30143,0,0,0,0,1,0
62,31770,-150,-119,269,0,-17337,-13802,31140,0,0,0,0,1,0
63,32291,-103,-164,267,0,-11942,-18997,30940,0,0,0,0,1,0
64,32812,-53,-202,255,0,-6088,-23462,29551,0,0,0,0,1,0
65,33333,0,-233,233,0,0,-27026,27026,0,0,0,0,1,0
66,33854,53,-255,202,0,6088,-29551,23462,0,0,0,0,1,0
67,34375,103,-267,164,0,11942,-30940,18997,0,0,0,0,1,0
68,34895,150,-269,119,0,17337,-31140,13802,0,0,0,0,1,0
69,35416,190,-260,70,0,22066,-30143,8077,0,0,0,0,1,0
70,35937,224,-241,18,0,25947,-27988,2041,0,0,0,0,1,0
71,36458,249,-214,-35,0,28831,-24758,-4073,0,0,0,0,1,0
72,36979,264,-178,-87,0,30607,-20576,-10031,0,0,0,0,1,0
73,37500,269,-135,-135,0,31207,-15603,-15603,0,0,0,0,1,0
74,38020,264,-87,-178,0,30607,-10031,-20576,0,0,0,0,1,0
75,38541,249,-35,-214,0,28831,-4073,-24758,0,0,0,0,1,0
76,39062,224,18,-241,0,25947,2041,-27988,0,0,0,0,1,0
77,39583,190,70,-260,0,22066,8077,-30143,0,0,0,0,1,0
78,40104,150,119,-269,0,17337,13802,-31140,0,0,0,0,1,0
79,40625,103,164,-267,0,11942,18997,-30940,0,0,0,0,1,0
80,41145,53,202,-255,0,6088,23462,-29551,0,0,0,0,1,0
81,41666,0,233,-233,0,0,27026,-27026,0,0,0,0,1,0
82,42187,-53,255,-202,0,-6088,29551,-23462,0,0,0,0,1,0
83,42708,-103,267,-164,0,-11942,30940,-18997,0,0,0,0,1,0
84,43229,-150,269,-119,0,-17337,31140,-13802,0,0,0,0,1,0
85,43750,-190,260,-70,0,-22066,30143,-8077,0,0,0,0,1,0
86,44270,-224,241,-18,0,-25947,27988,-2041,0,0,0,0,1,0
87,44791,-249,214,35,0,-28831,24758,4073,0,0,0,0,1,0
88,45312,-264,178,87,0,-30607,20576,10031,0,0,0,0,1,0
89,45833,-269,135,135,0,-31207,15603,15603,0,0,0,0,1,0
90,46354,-264,87,178,0,-30607,10031,20576,0,0,0,0,1,0
91,46875,-249,35,214,0,-28831,4073,24758,0,0,0,0,1,0
92,47395,-224,-18,241,0,-25947,-2041,27988,0,0,0,0,1,0
93,47916,-190,-70,260,0,-22066,-8077,30143,0,0,0,0,1,0
94,48437,-150,-119,269,0,-17337,-13802,31140,0,0,0,0,1,0
95,48958,-103,-164,267,0,-11942,-18997,30940,0,0,0,0,1,0
96,49479,-53,-202,255,0,-6088,-23462,29551,0,0,0,0,1,0
97,50000,16935,-25000,8065,0,0,-4054,4054,0,0,0,0,1,0
98,50520,20331,-25812,5481,0,913,-4433,3519,0,0,0,0,1,0
99,51041,23462,-25889,2427,0,1791,-4641,2850,0,0,0,0,1,0
100,51562,26198,-25226,-972,0,2601,-4671,2070,0,0,0,0,1,0
101,52083,28423,-23841,-4583,0,3310,-4521,1212,0,0,0,0,1,0
102,52604,30043,-21783,-8261,0,3892,-4198,306,0,0,0,0,1,0
103,53125,30986,-19127,-11860,0,4325,-3714,-611,0,0,0,0,1,0
104,53645,31207,-15970,-15237,0,4591,-3086,-1505,0,0,0,0,1,0
105,54166,30687,-12428,-18259,0,4681,-2341,-2340,0,0,0,0,1,0
106,54687,29438,-8634,-20803,0,4591,-1505,-3086,0,0,0,0,1,0
107,55208,27499,-4730,-22769,0,4325,-611,-3714,0,0,0,0,1,0
108,55729,24936,-859,-24077,0,3892,306,-4198,0,0,0,0,1,0
109,56250,21839,2832,-24671,0,3310,1212,-4521,0,0,0,0,1,0
110,56770,18319,6206,-24526,0,2601,2070,-4671,0,0,0,0,1,0
111,57291,14504,9138,-23641,0,1791,2850,-4641,0,0,0,0,1,0
112,57812,10530,11518,-22049,0,913,3519,-4433,0,0,0,0,1,0
113,58333,6545,13260,-19805,0,0,4054,-4054,0,0,0,0,1,0
114,58854,2693,14300,-16992,0,-913,4433,-3519,0,0,0,0,1,0
115,59375,-886,14601,-13715,0,-1791,4641,-2850,0,0,0,0,1,0
116,59895,-4061,14157,-10096,0,-2601,4671,-2070,0,0,0,0,1,0
117,60416,-6717,12987,-6271,0,-3310,4521,-1212,0,0,0,0,1,0
118,60937,-8759,11140,-2382,0,-3892,4198,-306,0,0,0,0,1,0
119,61458,-10116,8691,1424,0,-4325,3714,611,0,0,0,0,1,0
120,61979,-10742,5737,5005,0,-4591,3086,1505,0,0,0,0,1,0
121,62500,-10620,2395,8225,0,-4681,2341,2340,0,0,0,0,1,0
122,63020,-9761,-1204,10965,0,-4591,1505,3086,0,0,0,0,1,0
123,63541,-8205,-4918,13122,0,-4325,611,3714,0,0,0,0,1,0
124,64062,-6017,-8600,14617,0,-3892,-306,4198,0,0,0,0,1,0
125,64583,-3288,-12108,15396,0,-3310,-1212,4521,0,0,0,0,1,0
126,65104,-129,-15301,15430,0,-2601,-2070,4671,0,0,0,0,1,0
127,65625,3333,-18056,14723,0,-1791,-2850,4641,0,0,0,0,1,0
128,66145,6960,-20263,13304,0,-913,-3519,4433,0,0,0,0,1,0
129,66666,10605,-21835,11230,0,0,-4054,4054,0,0,0,0,1,0
130,67187,14124,-22708,8584,0,913,-4433,3519,0,0,0,0,1,0
131,67708,17376,-22846,5471,0,1791,-4641,2850,0,0,0,0,1,0
132,68229,20230,-22242,2012,0,2601,-4671,2070,0,0,0,0,1,0
133,68750,22571,-20915,-1657,0,3310,-4521,1212,0,0,0,0,1,0
134,69270,24305,-18914,-5391,0,3892,-4198,306,0,0,0,0,1,0
135,69791,25360,-16313,-9046,0,4325,-3714,-611,0,0,0,0,1,0
136,70312,25689,-13211,-12478,0,4591,-3086,-1505,0,0,0,0,1,0
137,70833,25277,-9723,-15554,0,4681,-2341,-2340,0,0,0,0,1,0
138,71354,24133,-5982,-18151,0,4591,-1505,-3086,0,0,0,0,1,0
139,71875,22297,-2129,-20169,0,4325,-611,-3714,0,0,0,0,1,0
140,72395,19836,1691,-21527,0,3892,306,-4198,0,0,0,0,1,0
141,72916,16838,5333,-22171,0,3310,1212,-4521,0,0,0,0,1,0
142,73437,13415,8658,-22073,0,2601,2070,-4671,0,0,0,0,1,0
143,73958,9695,11542,-21237,0,1791,2850,-4641,0,0,0,0,1,0
144,74479,5815,13876,-19691,0,913,3519,-4433,0,0,0,0,1,0
145,75000,1921,15572,-17493,0,0,4054,-4054,0,0,0,0,1,0
146,75520,-1841,16567,-14726,0,-913,4433,-3519,0,0,0,0,1,0
147,76041,-5332,16824,-11493,0,-1791,4641,-2850,0,0,0,0,1,0
148,76562,-8420,16337,-7917,0,-2601,4671,-2070,0,0,0,0,1,0
149,77083,-10991,15124,-4133,0,-3310,4521,-1212,0,0,0,0,1,0
150,77604,-12950,13236,-286,0,-3892,4198,-306,0,0,0,0,1,0
151,78125,-14225,10746,3479,0,-4325,3714,611,0,0,0,0,1,0
152,78645,-14772,7752,7020,0,-4591,3086,1505,0,0,0,0,1,0
153,79166,-14571,4371,10201,0,-4681,2341,2340,0,0,0,0,1,0
154,79687,-13636,733,12902,0,-4591,1505,3086,0,0,0,0,1,0
155,80208,-12004,-3018,15022,0,-4325,611,3714,0,0,0,0,1,0
156,80729,-9742,-6738,16480,0,-3892,-306,4198,0,0,0,0,1,0
157,81250,-6941,-10281,17222,0,-3310,-1212,4521,0,0,0,0,1,0
158,81770,-3711,-13510,17221,0,-2601,-2070,4671,0,0,0,0,1,0
159,82291,-179,-16300,16479,0,-1791,-2850,4641,0,0,0,0,1,0
160,82812,3516,-18541,15026,0,-913,-3519,4433,0,0,0,0,1,0
161,83333,7228,-20147,12918,0,0,-4054,4054,0,0,0,0,1,0
162,83854,10813,-21052,10240,0,913,-4433,3519,0,0,0,0,1,0
163,84375,14129,-21223,7094,0,1791,-4641,2850,0,0,0,0,1,0
164,84895,17046,-20650,3604,0,2601,-4671,2070,0,0,0,0,1,0
165,85416,19449,-19354,-96,0,3310,-4521,1212,0,0,0,0,1,0
166,85937,21244,-17383,-3861,0,3892,-4198,306,0,0,0,0,1,0
167,86458,22358,-14812,-7545,0,4325,-3714,-611,0,0,0,0,1,0
168,86979,22746,-11739,-11007,0,4591,-3086,-1505,0,0,0,0,1,0
169,87500,22391,-8280,-14110,0,4681,-2341,-2340,0,0,0,0,1,0
170,88020,21303,-4567,-16736,0,4591,-1505,-3086,0,0,0,0,1,0
171,88541,19522,-741,-18781,0,4325,-611,-3714,0,0,0,0,1,0
172,89062,17114,3052,-20166,0,3892,306,-4198,0,0,0,0,1,0
173,89583,14170,6667,-20836,0,3310,1212,-4521,0,0,0,0,1,0
174,90104,10799,9966,-20765,0,2601,2070,-4671,0,0,0,0,1,0
175,90625,7129,12825,-19954,0,1791,2850,-4641,0,0,0,0,1,0
176,91145,3300,15134,-18433,0,913,3519,-4433,0,0,0,0,1,0
177,91666,-545,16805,-16260,0,0,4054,-4054,0,0,0,0,1,0
178,92187,-4260,17776,-13516,0,-913,4433,-3519,0,0,0,0,1,0
179,92708,-7703,18010,-10307,0,-1791,4641,-2850,0,0,0,0,1,0
180,93229,-10745,17499,-6754,0,-2601,4671,-2070,0,0,0,0,1,0
181,93750,-13271,16265,-2993,0,-3310,4521,-1212,0,0,0,0,1,0
182,94270,-15186,14354,832,0,-3892,4198,-306,0,0,0,0,1,0
183,94791,-16418,11842,4575,0,-4325,3714,611,0,0,0,0,1,0
184,95312,-16921,8827,8095,0,-4591,3086,1505,0,0,0,0,1,0
185,95833,-16679,5425,11255,0,-4681,2341,2340,0,0,0,0,1,0
186,96354,-15703,1767,13936,0,-4591,1505,3086,0,0,0,0,1,0
187,96875,-14031,-2004,16035,0,-4325,611,3714,0,0,0,0,1,0
188,97395,-11730,-5744,17474,0,-3892,-306,4198,0,0,0,0,1,0
189,97916,-8890,-9307,18197,0,-3310,-1212,4521,0,0,0,0,1,0
190,98437,-5622,-12555,18177,0,-2601,-2070,4671,0,0,0,0,1,0
191,98958,-2053,-15363,17416,0,-1791,-2850,4641,0,0,0,0,1,0
192,99479,1678,-17623,15944,0,-913,-3519,4433,0,0,0,0,1,0
193,100000,5426,-19246,13819,0,0,-4054,4054,0,0,0,0,1,0
194,100520,9046,-20169,11123,0,913,-4433,3519,0,0,0,0,1,0
195,101041,12396,-20357,7960,0,1791,-4641,2850,0,0,0,0,1,0
196,101562,15347,-19800,4453,0,2601,-4671,2070,0,0,0,0,1,0
197,102083,17784,-18521,737,0,3310,-4521,1212,0,0,0,0,1,0
198,102604,19611,-16566,-3044,0,3892,-4198,306,0,0,0,0,1,0
199,103125,20756,-14012,-6745,0,4325,-3714,-611,0,0,0,0,1,0
200,103645,21176,-10954,-10222,0,4591,-3086,-1505,0,0,0,0,1,0
201,104166,20851,-7510,-13341,0,4681,-2340,-2340,0,0,0,0,1,0
202,104687,19793,-3812,-15981,0,4591,-1505,-3086,0,0,0,0,1,0
203,105208,18042,-1,-18041,0,4325,-611,-3714,0,0,0,0,1,0
204,105729,15663,3777,-19440,0,3892,306,-4198,0,0,0,0,1,0
205,106250,12746,7378,-20125,0,3310,1212,-4521,0,0,0,0,1,0
206,106770,9403,10664,-20067,0,2601,2070,-4671,0,0,0,0,1,0
207,107291,5761,13509,-19270,0,1791,2850,-4641,0,0,0,0,1,0
208,107812,1958,15805,-17762,0,913,3519,-4433,0,0,0,0,1,0
209,108333,-1861,17463,-15602,0,0,4054,-4054,0,0,0,0,1,0
210,108854,-5550,18421,-12871,0,-913,4433,-3519,0,0,0,0,1,0
211,109375,-8968,18643,-9674,0,-1791,4641,-2850,0,0,0,0,1,0
212,109895,-11986,18120,-6134,0,-2601,4671,-2070,0,0,0,0,1,0
213,110416,-14488,16873,-2385,0,-3310,4521,-1212,0,0,0,0,1,0
214,110937,-16379,14951,1428,0,-3892,4198,-306,0,0,0,0,1,0
215,111458,-17587,12427,5160,0,-4325,3714,611,0,0,0,0,1,0
216,111979,-18068,9400,8668,0,-4591,3086,1505,0,0,0,0,1,0
217,112500,-269,135,135,0,-31207,15603,15603,0,0,0,0,1,0
218,113020,-264,87,178,0,-30607,10031,20576,0,0,0,0,1,0
219,113541,-249,35,214,0,-28831,4073,24758,0,0,0,0,1,0
220,114062,-224,-18,241,0,-25947,-2041,27988,0,0,0,0,1,0
221,114583,-190,-70,260,0,-22066,-8077,30143,0,0,0,0,1,0
222,115104,-150,-119,269,0,-17337,-13802,31140,0,0,0,0,1,0
223,115625,-103,-164,267,0,-11942,-18997,30940,0,0,0,0,1,0
224,116145,-53,-202,255,0,-6088,-23462,29551,0,0,0,0,1,0
225,116666,0,-233,233,0,0,-27026,27026,0,0,0,0,1,0
226,117187,53,-255,202,0,6088,-29551,23462,0,0,0,0,1,0
227,117708,103,-267,164,0,11942,-30940,18997,0,0,0,0,1,0
228,118229,150,-269,119,0,17337,-31140,13802,0,0,0,0,1,0
229,118750,190,-260,70,0,22066,-30143,8077,0,0,0,0,1,0
230,119270,224,-241,18,0,25947,-27988,2041,0,0,0,0,1,0
231,119791,249,-214,-35,0,28831,-24758,-4073,0,0,0,0,1,0
232,120312,264,-178,-87,0,30607,-20576,-10031,0,0,0,0,1,0
233,120833,269,-135,-135,0,31207,-15603,-15603,0,0,0,0,1,0
234,121354,264,-87,-178,0,30607,-10031,-20576,0,0,0,0,1,0
235,121875,249,-35,-214,0,28831,-4073,-24758,0,0,0,0,1,0
236,122395,224,18,-241,0,25947,2041,-27988,0,0,0,0,1,0
237,122916,190,70,-260,0,22066,8077,-30143,0,0,0,0,1,0
238,123437,150,119,-269,0,17337,13802,-31140,0,0,0,0,1,0
239,123958,103,164,-267,0,11942,18997,-30940,0,0,0,0,1,0
240,124479,53,202,-255,0,6088,23462,-29551,0,0,0,0,1,0
241,125000,0,233,-233,0,0,27026,-27026,0,0,0,0,1,0
242,125520,-53,255,-202,0,-6088,29551,-23462,0,0,0,0,1,0
243,126041,-103,267,-164,0,-11942,30940,-18997,0,0,0,0,1,0
244,126562,-150,269,-119,0,-17337,31140,-13802,0,0,0,0,1,0
245,127083,-190,260,-70,0,-22066,30143,-8077,0,0,0,0,1,0
246,127604,-224,241,-18,0,-25947,27988,-2041,0,0,0,0,1,0
247,128124,-249,214,35,0,-28831,24758,4073,0,0,0,0,1,0
248,128645,-264,178,87,0,-30607,20576,10031,0,0,0,0,1,0
249,129166,-269,135,135,0,-31207,15603,15603,0,0,0,0,1,0
250,129687,-264,87,178,0,-30607,10031,20576,0,0,0,0,1,0
251,130208,-249,35,214,0,-28831,4073,24758,0,0,0,0,1,0
252,130729,-224,-18,241,0,-25947,-2041,27988,0,0,0,0,1,0
253,131250,-190,-70,260,0,-22066,-8077,30143,0,0,0,0,1,0
254,131770,-150,-119,269,0,-17337,-13802,31140,0,0,0,0,1,0
255,132291,-103,-164,267,0,-11942,-18997,30940,0,0,0,0,1,0
256,132812,-53,-202,255,0,-6088,-23462,29551,0,0,0,0,1,0
257,133333,0,-233,233,0,0,-27026,27026,0,0,0,0,1,0
258,133854,53,-255,202,0,6088,-29551,23462,0,0,0,0,1,0
259,134375,103,-267,164,0,11942,-30940,18997,0,0,0,0,1,0
260,134895,150,-269,119,0,17337,-31140,13802,0,0,0,0,1,0
261,135416,190,-260,70,0,22066,-30143,8077,0,0,0,0,1,0
262,135937,224,-241,18,0,25947,-27988,2041,0,0,0,0,1,0
263,136458,249,-214,-35,0,28831,-24758,-4073,0,0,0,0,1,0
264,136979,264,-178,-87,0,30607,-20576,-10031,0,0,0,0,1,0
265,137500,269,-135,-135,0,31207,-15603,-15603,0,0,0,0,1,0
266,138020,264,-87,-178,0,30607,-10031,-20576,0,0,0,0,1,0
267,138541,249,-35,-214,0,28831,-4073,-24758,0,0,0,0,1,0
268,139062,224,18,-241,0,25947,2041,-27988,0,0,0,0,1,0
269,139583,190,70,-260,0,22066,8077,-30143,0,0,0,0,1,0
270,140104,150,119,-269,0,17337,13802,-31140,0,0,0,0,1,0
271,140625,103,164,-267,0,11942,18997,-30940,0,0,0,0,1,0
272,141145,53,202,-255,0,6088,23462,-29551,0,0,0,0,1,0
273,141666,0,233,-233,0,0,27026,-27026,0,0,0,0,1,0
274,142187,-53,255,-202,0,-6088,29551,-23462,0,0,0,0,1,0
275,142708,-103,267,-164,0,-11942,30940,-18997,0,0,0,0,1,0
276,143229,-150,269,-119,0,-17337,31140,-13802,0,0,0,0,1,0
277,143750,-190,260,-70,0,-22066,30143,-8077,0,0,0,0,1,0
278,144270,-224,241,-18,0,-25947,27988,-2041,0,0,0,0,1,0
279,144791,-249,214,35,0,-28831,24758,4073,0,0,0,0,1,0
280,145312,-264,178,87,0,-30607,20576,10031,0,0,0,0,1,0
281,145833,-269,135,135,0,-31207,15603,15603,0,0,0,0,1,0
282,146354,-264,87,178,0,-30607,10031,20576,0,0,0,0,1,0
283,146875,-249,35,214,0,-28831,4073,24758,0,0,0,0,1,0
284,147395,-224,-18,241,0,-25947,-2041,27988,0,0,0,0,1,0
285,147916,-190,-70,260,0,-22066,-8077,30143,0,0,0,0,1,0
286,148437,-150,-119,269,0,-17337,-13802,31140,0,0,0,0,1,0
287,148958,-103,-164,267,0,-11942,-18997,30940,0,0,0,0,1,0
288,149479,-53,-202,255,0,-6088,-23462,29551,0,0,0,0,1,0
289,150000,0,-233,233,0,0,-27026,27026,0,0,0,0,1,0
290,150520,53,-255,202,0,6088,-29551,23462,0,0,0,0,1,0
291,151041,103,-267,164,0,11942,-30940,18997,0,0,0,0,1,0
292,151562,150,-269,119,0,17337,-31140,13802,0,0,0,0,1,0
293,152083,190,-260,70,0,22066,-30143,8077,0,0,0,0,1,0
294,152604,224,-241,18,0,25947,-27988,2041,0,0,0,0,1,0
295,153125,249,-214,-35,0,28831,-24758,-4073,0,0,0,0,1,0
296,153645,264,-178,-87,0,30607,-20576,-10031,0,0,0,0,1,0
297,154166,269,-135,-135,0,31207,-15603,-15603,0,0,0,0,1,0
298,154687,264,-87,-178,0,30607,-10031,-20576,0,0,0,0,1,0
299,155208,249,-35,-214,0,28831,-4073,-24758,0,0,0,0,1,0
300,155729,224,18,-241,0,25947,2041,-27988,0,0,0,0,1,0
301,156250,190,70,-260,0,22066,8077,-30143,0,0,0,0,1,0
302,156770,150,119,-269,0,17337,13802,-31140,0,0,0,0,1,0
303,157291,103,164,-267,0,11942,18997,-30940,0,0,0,0,1,0
304,157812,53,202,-255,0,6088,23462,-29551,0,0,0,0,1,0
305,158333,0,233,-233,0,0,27026,-27026,0,0,0,0,1,0
306,158854,-53,255,-202,0,-6088,29551,-23462,0,0,0,0,1,0
307,159375,-103,267,-164,0,-11942,30940,-18997,0,0,0,0,1,0
308,159895,-150,269,-119,0,-17337,31140,-13802,0,0,0,0,1,0
309,160416,-190,260,-70,0,-22066,30143,-8077,0,0,0,0,1,0
310,160937,-224,241,-18,0,-25947,27988,-2041,0,0,0,0,1,0
311,161458,-249,214,35,0,-28831,24758,4073,0,0,0,0,1,0
312,161979,-264,178,87,0,-30607,20576,10031,0,0,0,0,1,0
313,162500,-269,135,135,0,-31207,15603,15603,0,0,0,0,1,0
314,163020,-264,87,178,0,-30607,10031,20576,0,0,0,0,1,0
315,163541,-249,35,214,0,-28831,4073,24758,0,0,0,0,1,0
316,164062,-224,-18,241,0,-25947,-2041,27988,0,0,0,0,1,0
317,164583,-190,-70,260,0,-22066,-8077,30143,0,0,0,0,1,0
318,165104,-150,-119,269,0,-17337,-13802,31140,0,0,0,0,1,0
319,165625,-103,-164,267,0,-11942,-18997,30940,0,0,0,0,1,0
320,166145,-53,-202,255,0,-6088,-23462,29551,0,0,0,0,1,0
321,166666,0,-233,233,0,0,-27026,27026,0,0,0,0,1,0
322,167187,53,-255,202,0,6088,-29551,23462,0,0,0,0,1,0
323,167708,103,-267,164,0,11942,-30940,18997,0,0,0,0,1,0
324,168229,150,-269,119,0,17337,-31140,13802,0,0,0,0,1,0
325,168750,190,-260,70,0,22066,-30143,8077,0,0,0,0,1,0
326,169270,224,-241,18,0,25947,-27988,2041,0,0,0,0,1,0
327,169791,249,-214,-35,0,28831,-24758,-4073,0,0,0,0,1,0
328,170312,264,-178,-87,0,30607,-20576,-10031,0,0,0,0,1,0
329,170833,269,-135,-135,0,31207,-15603,-15603,0,0,0,0,1,0
330,171354,264,-87,-178,0,30607,-10031,-20576,0,0,0,0,1,0
331,171875,249,-35,-214,0,28831,-4073,-24758,0,0,0,0,1,0
332,172395,224,18,-241,0,25947,2041,-27988,0,0,0,0,1,0
333,172916,190,70,-260,0,22066,8077,-30143,0,0,0,0,1,0
334,173437,150,119,-269,0,17337,13802,-31140,0,0,0,0,1,0
335,173958,103,164,-267,0,11942,18997,-30940,0,0,0,0,1,0
336,174479,53,202,-255,0,6088,23462,-29551,0,0,0,0,1,0
337,175000,0,233,-233,0,0,27026,-27026,0,0,0,0,1,0
338,175520,-53,255,-202,0,-6088,29551,-23462,0,0,0,0,1,0
339,176041,-103,267,-164,0,-11942,30940,-18997,0,0,0,0,1,0
340,176562,-150,269,-119,0,-17337,31140,-13802,0,0,0,0,1,0
341,177083,-190,260,-70,0,-22066,30143,-8077,0,0,0,0,1,0
342,177604,-224,241,-18,0,-25947,27988,-2041,0,0,0,0,1,0
343,178125,-249,214,35,0,-28831,24758,4073,0,0,0,0,1,0
344,178645,-264,178,87,0,-30607,20576,10031,0,0,0,0,1,0
345,179166,-269,135,135,0,-31207,15603,15603,0,0,0,0,1,0
346,179687,-264,87,178,0,-30607,10031,20576,0,0,0,0,1,0
347,180208,-249,35,214,0,-28831,4073,24758,0,0,0,0,1,0
348,180729,-224,-18,241,0,-25947,-2041,27988,0,0,0,0,1,0
349,181250,-190,-70,260,0,-22066,-8077,30143,0,0,0,0,1,0
350,181770,-150,-119,269,0,-17337,-13802,31140,0,0,0,0,1,0
351,182291,-103,-164,267,0,-11942,-18997,30940,0,0,0,0,1,0
352,182812,-53,-202,255,0,-6088,-23462,29551,0,0,0,0,1,0
353,183333,0,-233,233,0,0,-27026,27026,0,0,0,0,1,0
354,183854,53,-255,202,0,6088,-29551,23462,0,0,0,0,1,0
355,184375,103,-267,164,0,11942,-30940,18997,0,0,0,0,1,0
356,184895,150,-269,119,0,17337,-31140,13802,0,0,0,0,1,0
357,185416,190,-260,70,0,22066,-30143,8077,0,0,0,0,1,0
358,185937,224,-241,18,0,25947,-27988,2041,0,0,0,0,1,0
359,186458,249,-214,-35,0,28831,-24758,-4073,0,0,0,0,1,0
360,186979,264,-178,-87,0,30607,-20576,-10031,0,0,0,0,1,0
361,187500,269,-135,-135,0,31207,-15603,-15603,0,0,0,0,1,0
362,188020,264,-87,-178,0,30607,-10031,-20576,0,0,0,0,1,0
363,188541,249,-35,-214,0,28831,-4073,-24758,0,0,0,0,1,0
364,189062,224,18,-241,0,25947,2041,-27988,0,0,0,0,1,0
365,189583,190,70,-260,0,22066,8077,-30143,0,0,0,0,1,0
366,190104,150,119,-269,0,17337,13802,-31140,0,0,0,0,1,0
367,190625,103,164,-267,0,11942,18997,-30940,0,0,0,0,1,0
368,191145,53,202,-255,0,6088,23462,-29551,0,0,0,0,1,0
369,191666,0,233,-233,0,0,27026,-27026,0,0,0,0,1,0
370,192187,-53,255,-202,0,-6088,29551,-23462,0,0,0,0,1,0
371,192708,-103,267,-164,0,-11942,30940,-18997,0,0,0,0,1,0
372,193229,-150,269,-119,0,-17337,31140,-13802,0,0,0,0,1,0
373,193750,-190,260,-70,0,-22066,30143,-8077,0,0,0,0,1,0
374,194270,-224,241,-18,0,-25947,27988,-2041,0,0,0,0,1,0
375,194791,-249,214,35,0,-28831,24758,4073,0,0,0,0,1,0
376,195312,-264,178,87,0,-30607,20576,10031,0,0,0,0,1,0
377,195833,-269,135,135,0,-31207,15603,15603,0,0,0,0,1,0
378,196354,-264,87,178,0,-30607,10031,20576,0,0,0,0,1,0
379,196875,-249,35,214,0,-28831,4073,24758,0,0,0,0,1,0
380,197395,-224,-18,241,0,-25947,-2041,27988,0,0,0,0,1,0
381,197916,-190,-70,260,0,-22066,-8077,30143,0,0,0,0,1,0
382,198437,-150,-119,269,0,-17337,-13802,31140,0,0,0,0,1,0
383,198958,-103,-164,267,0,-11942,-18997,30940,0,0,0,0,1,0
384,199479,-53,-202,255,0,-6088,-23462,29551,0,0,0,0,1,0
385,200000,0,-233,233,0,0,-27026,27026,0,0,0,0,1,0
386,200520,53,-255,202,0,6088,-29551,23462,0,0,0,0,1,0
387,201041,103,-267,164,0,11942,-30940,18997,0,0,0,0,1,0
388,201562,150,-269,119,0,17337,-31140,13802,0,0,0,0,1,0
389,202083,190,-260,70,0,22066,-30143,8077,0,0,0,0,1,0
390,202604,224,-241,18,0,25947,-27988,2041,0,0,0,0,1,0
391,203125,249,-214,-35,0,28831,-24758,-4073,0,0,0,0,1,0
392,203645,264,-178,-87,0,30607,-20576,-10031,0,0,0,0,1,0
393,204166,269,-135,-135,0,31207,-15603,-15603,0,0,0,0,1,0
394,204687,264,-87,-178,0,30607,-10031,-20576,0,0,0,0,1,0
395,205208,249,-35,-214,0,28831,-4073,-24758,0,0,0,0,1,0
396,205729,224,18,-241,0,25947,2041,-27988,0,0,0,0,1,0
397,206250,190,70,-260,0,22066,8077,-30143,0,0,0,0,1,0
398,206770,150,119,-269,0,17337,13802,-31140,0,0,0,0,1,0
399,207291,103,164,-267,0,11942,18997,-30940,0,0,0,0,1,0
400,207812,53,202,-255,0,6088,23462,-29551,0,0,0,0,1,0
401,208333,0,233,-233,0,0,27026,-27026,0,0,0,0,1,0
402,208854,-53,255,-202,0,-6088,29551,-23462,0,0,0,0,1,0
403,209375,-103,267,-164,0,-11942,30940,-18997,0,0,0,0,1,0
404,209895,-150,269,-119,0,-17337,31140,-13802,0,0,0,0,1,0
405,210416,-190,260,-70,0,-22066,30143,-8077,0,0,0,0,1,0
406,210937,-224,241,-18,0,-25947,27988,-2041,0,0,0,0,1,0
407,211458,-249,214,35,0,-28831,24758,4073,0,0,0,0,1,0
408,211979,-264,178,87,0,-30607,20576,10031,0,0,0,0,1,0
409,212500,-269,135,135,0,-31207,15603,15603,0,0,0,0,1,0
410,213020,-264,87,178,0,-30607,10031,20576,0,0,0,0,1,0
411,213541,-249,35,214,0,-28831,4073,24758,0,0,0,0,1,0
412,214062,-224,-18,241,0,-25947,-2041,27988,0,0,0,0,1,0
413,214583,-190,-70,260,0,-22066,-8077,30143,0,0,0,0,1,0
414,215104,-150,-119,269,0,-17337,-13802,31140,0,0,0,0,1,0
415,215625,-103,-164,267,0,-11942,-18997,30940,0,0,0,0,1,0
416,216145,-53,-202,255,0,-6088,-23462,29551,0,0,0,0,1,0
417,216666,0,-233,233,0,0,-27026,27026,0,0,0,0,1,0
418,217187,53,-255,202,0,6088,-29551,23462,0,0,0,0,1,0
419,217708,103,-267,164,0,11942,-30940,18997,0,0,0,0,1,0
420,218229,150,-269,119,0,17337,-31140,13802,0,0,0,0,1,0
421,218750,190,-260,70,0,22066,-30143,8077,0,0,0,0,1,0
422,219270,224,-241,18,0,25947,-27988,2041,0,0,0,0,1,0
423,219791,249,-214,-35,0,28831,-24758,-4073,0,0,0,0,1,0
424,220312,264,-178,-87,0,30607,-20576,-10031,0,0,0,0,1,0
425,220833,269,-135,-135,0,31207,-15603,-15603,0,0,0,0,1,0
426,221354,264,-87,-178,0,30607,-10031,-20576,0,0,0,0,1,0
427,221875,249,-35,-214,0,28831,-4073,-24758,0,0,0,0,1,0
428,222395,224,18,-241,0,25947,2041,-27988,0,0,0,0,1,0
429,222916,190,70,-260,0,22066,8077,-30143,0,0,0,0,1,0
430,223437,150,119,-269,0,17337,13802,-31140,0,0,0,0,1,0
431,223958,103,164,-267,0,11942,18997,-30940,0,0,0,0,1,0
432,224479,53,202,-255,0,6088,23462,-29551,0,0,0,0,1,0
433,225000,0,233,-233,0,0,27026,-27026,0,0,0,0,1,0
434,225520,-53,255,-202,0,-6088,29551,-23462,0,0,0,0,1,0
435,226041,-103,267,-164,0,-11942,30940,-18997,0,0,0,0,1,0
436,226562,-150,269,-119,0,-17337,31140,-13802,0,0,0,0,1,0
437,227083,-190,260,-70,0,-22066,30143,-8077,0,0,0,0,1,0
438,227604,-224,241,-18,0,-25947,27988,-2041,0,0,0,0,1,0
439,228125,-249,214,35,0,-28831,24758,4073,0,0,0,0,1,0
440,228645,-264,178,87,0,-30607,20576,10031,0,0,0,0,1,0
441,229166,-269,135,135,0,-31207,15603,15603,0,0,0,0,1,0
442,229687,-264,87,178,0,-30607,10031,20576,0,0,0,0,1,0
443,230208,-249,35,214,0,-28831,4073,24758,0,0,0,0,1,0
444,230729,-224,-18,241,0,-25947,-2041,27988,0,0,0,0,1,0
445,231250,-190,-70,260,0,-22066,-8077,30143,0,0,0,0,1,0
446,231770,-150,-119,269,0,-17337,-13802,31140,0,0,0,0,1,0
447,232291,-103,-164,267,0,-11942,-18997,30940,0,0,0,0,1,0
448,232812,-53,-202,255,0,-6088,-23462,29551,0,0,0,0,1,0
449,233333,0,-233,233,0,0,-27026,27026,0,0,0,0,1,0
450,233854,53,-255,202,0,6088,-29551,23462,0,0,0,0,1,0
451,234375,103,-267,164,0,11942,-30940,18997,0,0,0,0,1,0
452,234895,150,-269,119,0,17337,-31140,13802,0,0,0,0,1,0
453,235416,190,-260,70,0,22066,-30143,8077,0,0,0,0,1,0
454,235937,224,-241,18,0,25947,-27988,2041,0,0,0,0,1,0
455,236458,249,-214,-35,0,28831,-24758,-4073,0,0,0,0,1,0
456,236979,264,-178,-87,0,30607,-20576,-10031,0,0,0,0,1,0
457,237500,269,-135,-135,0,31207,-15603,-15603,0,0,0,0,1,0
458,238020,264,-87,-178,0,30607,-10031,-20576,0,0,0,0,1,0
459,238541,249,-35,-214,0,28831,-4073,-24758,0,0,0,0,1,0
460,239062,224,18,-241,0,25947,2041,-27988,0,0,0,0,1,0
461,239583,190,70,-260,0,22066,8077,-30143,0,0,0,0,1,0
462,240104,150,119,-269,0,17337,13802,-31140,0,0,0,0,1,0
463,240625,103,164,-267,0,11942,18997,-30940,0,0,0,0,1,0
464,241145,53,202,-255,0,6088,23462,-29551,0,0,0,0,1,0
465,241666,0,233,-233,0,0,27026,-27026,0,0,0,0,1,0
466,242187,-53,255,-202,0,-6088,29551,-23462,0,0,0,0,1,0
467,242708,-103,267,-164,0,-11942,30940,-18997,0,0,0,0,1,0
468,243229,-150,269,-119,0,-17337,31140,-13802,0,0,0,0,1,0
469,243750,-190,260,-70,0,-22066,30143,-8077,0,0,0,0,1,0
470,244270,-224,241,-18,0,-25947,27988,-2041,0,0,0,0,1,0
471,244791,-249,214,35,0,-28831,24758,4073,0,0,0,0,1,0
472,245312,-264,178,87,0,-30607,20576,10031,0,0,0,0,1,0
473,245833,-269,135,135,0,-31207,15603,15603,0,0,0,0,1,0
474,246354,-264,87,178,0,-30607,10031,20576,0,0,0,0,1,0
475,246875,-249,35,214,0,-28831,4073,24758,0,0,0,0,1,0
476,247395,-224,-18,241,0,-25947,-2041,27988,0,0,0,0,1,0
477,247916,-190,-70,260,0,-22066,-8077,30143,0,0,0,0,1,0
478,248437,-150,-119,269,0,-17337,-13802,31140,0,0,0,0,1,0
479,248958,-103,-164,267,0,-11942,-18997,30940,0,0,0,0,1,0
480,249479,-53,-202,255,0,-6088,-23462,29551,0,0,0,0,1,0
481,250000,0,-233,233,0,0,-27026,27026,0,0,0,0,1,0
482,250520,53,-255,202,0,6088,-29551,23462,0,0,0,0,1,0
483,251041,103,-267,164,0,11942,-30940,18997,0,0,0,0,1,0
484,251562,150,-269,119,0,17337,-31140,13802,0,0,0,0,1,0
485,252083,190,-260,70,0,22066,-30143,8077,0,0,0,0,1,0
486,252604,224,-241,18,0,25947,-27988,2041,0,0,0,0,1,0
487,253125,249,-214,-35,0,28831,-24758,-4073,0,0,0,0,1,0
488,253645,264,-178,-87,0,30607,-20576,-10031,0,0,0,0,1,0
489,254166,269,-135,-135,0,31207,-15603,-15603,0,0,0,0,1,0
490,254687,264,-87,-178,0,30607,-10031,-20576,0,0,0,0,1,0
491,255208,249,-35,-214,0,28831,-4073,-24758,0,0,0,0,1,0
492,255729,224,18,-241,0,25947,2041,-27988,0,0,0,0,1,0
493,256249,190,70,-260,0,22066,8077,-30143,0,0,0,0,1,0
494,256770,150,119,-269,0,17337,13802,-31140,0,0,0,0,1,0
495,257291,103,164,-267,0,11942,18997,-30940,0,0,0,0,1,0
496,257812,53,202,-255,0,6088,23462,-29551,0,0,0,0,1,0
497,258333,0,233,-233,0,0,27026,-27026,0,0,0,0,1,0
498,258854,-53,255,-202,0,-6088,29551,-23462,0,0,0,0,1,0
499,259375,-103,267,-164,0,-11942,30940,-18997,0,0,0,0,1,0
500,259895,-150,269,-119,0,-17337,31140,-13802,0,0,0,0,1,0
501,260416,-190,260,-70,0,-22066,30143,-8077,0,0,0,0,1,0
502,260937,-224,241,-18,0,-25947,27988,-2041,0,0,0,0,1,0
503,261458,-249,214,35,0,-28831,24758,4073,0,0,0,0,1,0
504,261979,-264,178,87,0,-30607,20576,10031,0,0,0,0,1,0
505,262500,-269,135,135,0,-31207,15603,15603,0,0,0,0,1,0
506,263020,-264,87,178,0,-30607,10031,20576,0,0,0,0,1,0
507,263541,-249,35,214,0,-28831,4073,24758,0,0,0,0,1,0
508,264062,-224,-18,241,0,-25947,-2041,27988,0,0,0,0,1,0
509,264583,-190,-70,260,0,-22066,-8077,30143,0,0,0,0,1,0
510,265104,-150,-119,269,0,-17337,-13802,31140,0,0,0,0,1,0
511,265625,-103,-164,267,0,-11942,-18997,30940,0,0,0,0,1,0
512,266145,-53,-202,255,0,-6088,-23462,29551,0,0,0,0,1,0
513,266666,0,-233,233,0,0,-27026,27026,0,0,0,0,1,0
514,267187,53,-255,202,0,6088,-29551,23462,0,0,0,0,1,0
515,267708,103,-267,164,0,11942,-30940,18997,0,0,0,0,1,0
516,268229,150,-269,119,0,17337,-31140,13802,0,0,0,0,1,0
517,268750,190,-260,70,0,22066,-30143,8077,0,0,0,0,1,0
518,269270,224,-241,18,0,25947,-27988,2041,0,0,0,0,1,0
519,269791,249,-214,-35,0,28831,-24758,-4073,0,0,0,0,1,0
520,270312,264,-178,-87,0,30607,-20576,-10031,0,0,0,0,1,0
521,270833,269,-135,-135,0,31207,-15603,-15603,0,0,0,0,1,0
522,271354,264,-87,-178,0,30607,-10031,-20576,0,0,0,0,1,0
523,271875,249,-35,-214,0,28831,-4073,-24758,0,0,0,0,1,0
524,272395,224,18,-241,0,25947,2041,-27988,0,0,0,0,1,0
525,272916,190,70,-260,0,22066,8077,-30143,0,0,0,0,1,0
526,273437,150,119,-269,0,17337,13802,-31140,0,0,0,0,1,0
527,273958,103,164,-267,0,11942,18997,-30940,0,0,0,0,1,0
528,274479,53,202,-255,0,6088,23462,-29551,0,0,0,0,1,0
529,275000,0,233,-233,0,0,27026,-27026,0,0,0,0,1,0
530,275520,-53,255,-202,0,-6088,29551,-23462,0,0,0,0,1,0
531,276041,-103,267,-164,0,-11942,30940,-18997,0,0,0,0,1,0
532,276562,-150,269,-119,0,-17337,31140,-13802,0,0,0,0,1,0
533,277083,-190,260,-70,0,-22066,30143,-8077,0,0,0,0,1,0
534,277604,-224,241,-18,0,-25947,27988,-2041,0,0,0,0,1,0
535,278125,-249,214,35,0,-28831,24758,4073,0,0,0,0,1,0
536,278645,-264,178,87,0,-30607,20576,10031,0,0,0,0,1,0
537,279166,-269,135,135,0,-31207,15603,15603,0,0,0,0,1,0
538,279687,-264,87,178,0,-30607,10031,20576,0,0,0,0,1,0
539,280208,-249,35,214,0,-28831,4073,24758,0,0,0,0,1,0
540,280729,-224,-18,241,0,-25947,-2041,27988,0,0,0,0,1,0
541,281250,-190,-70,260,0,-22066,-8077,30143,0,0,0,0,1,0
542,281770,-150,-119,269,0,-17337,-13802,31140,0,0,0,0,1,0
543,282291,-103,-164,267,0,-11942,-18997,30940,0,0,0,0,1,0
544,282812,-53,-202,255,0,-6088,-23462,29551,0,0,0,0,1,0
545,283333,0,-233,233,0,0,-27026,27026,0,0,0,0,1,0
546,283854,53,-255,202,0,6088,-29551,23462,0,0,0,0,1,0
547,284375,103,-267,164,0,11942,-30940,18997,0,0,0,0,1,0
548,284895,150,-269,119,0,17337,-31140,13802,0,0,0,0,1,0
549,285416,190,-260,70,0,22066,-30143,8077,0,0,0,0,1,0
550,285937,224,-241,18,0,25947,-27988,2041,0,0,0,0,1,0
551,286458,249,-214,-35,0,28831,-24758,-4073,0,0,0,0,1,0
552,286979,264,-178,-87,0,30607,-20576,-10031,0,0,0,0,1,0
553,287500,269,-135,-135,0,31207,-15603,-15603,0,0,0,0,1,0
554,288020,264,-87,-178,0,30607,-10031,-20576,0,0,0,0,1,0
555,288541,249,-35,-214,0,28831,-4073,-24758,0,0,0,0,1,0
556,289062,224,18,-241,0,25947,2041,-27988,0,0,0,0,1,0
557,289583,190,70,-260,0,22066,8077,-30143,0,0,0,0,1,0
558,290104,150,119,-269,0,17337,13802,-31140,0,0,0,0,1,0
559,290625,103,164,-267,0,11942,18997,-30940,0,0,0,0,1,0
560,291145,53,202,-255,0,6088,23462,-29551,0,0,0,0,1,0
561,291666,0,233,-233,0,0,27026,-27026,0,0,0,0,1,0
562,292187,-53,255,-202,0,-6088,29551,-23462,0,0,0,0,1,0
563,292708,-103,267,-164,0,-11942,30940,-18997,0,0,0,0,1,0
564,293229,-150,269,-119,0,-17337,31140,-13802,0,0,0,0,1,0
565,293750,-190,260,-70,0,-22066,30143,-8077,0,0,0,0,1,0
566,294270,-224,241,-18,0,-25947,27988,-2041,0,0,0,0,1,0
567,294791,-249,214,35,0,-28831,24758,4073,0,0,0,0,1,0
568,295312,-264,178,87,0,-30607,20576,10031,0,0,0,0,1,0
569,295833,-269,135,135,0,-31207,15603,15603,0,0,0,0,1,0
570,296354,-264,87,178,0,-30607,10031,20576,0,0,0,0,1,0
571,296875,-249,35,214,0,-28831,4073,24758,0,0,0,0,1,0
572,297395,-224,-18,241,0,-25947,-2041,27988,0,0,0,0,1,0
573,297916,-190,-70,260,0,-22066,-8077,30143,0,0,0,0,1,0
574,298437,-150,-119,269,0,-17337,-13802,31140,0,0,0,0,1,0
575,298958,-103,-164,267,0,-11942,-18997,30940,0,0,0,0,1,0
576,299479,-53,-202,255,0,-6088,-23462,29551,0,0,0,0,1,0
577,300000,0,-233,233,0,0,-27026,27026,0,0,0,0,1,0
578,300520,53,-255,202,0,6088,-29551,23462,0,0,0,0,1,0
