1,0,0,-1341,1341,0,0,-25078,25078,0,0,0,0,1,0
2,520,302,-1466,1164,0,5649,-27420,21771,0,0,0,0,1,0
3,1041,593,-1535,943,0,11081,-28709,17628,0,0,0,0,1,0
4,1562,860,-1545,685,0,16088,-28895,12807,0,0,0,0,1,0
5,2083,1095,-1496,401,0,20476,-27970,7495,0,0,0,0,1,0
6,2604,1288,-1389,101,0,24077,-25971,1894,0,0,0,0,1,0
7,3125,1431,-1229,-202,0,26753,-22973,-3780,0,0,0,0,1,0
8,3645,1519,-1021,-498,0,28401,-19093,-9308,0,0,0,0,1,0
9,4166,1549,-774,-774,0,28957,-14479,-14479,0,0,0,0,1,0
10,4687,1519,-498,-1021,0,28401,-9308,-19093,0,0,0,0,1,0
11,5208,1431,-202,-1229,0,26753,-3780,-22973,0,0,0,0,1,0
12,5729,1288,101,-1389,0,24077,1894,-25971,0,0,0,0,1,0
13,6250,1095,401,-1496,0,20476,7495,-27970,0,0,0,0,1,0
14,6770,860,685,-1545,0,16088,12807,-28895,0,0,0,0,1,0
15,7291,593,943,-1535,0,11081,17628,-28709,0,0,0,0,1,0
16,7812,302,1164,-1466,0,5649,21771,-27420,0,0,0,0,1,0
17,8333,0,1341,-1341,0,0,25078,-25078,0,0,0,0,1,0
18,8854,-302,1466,-1164,0,-5649,27420,-21771,0,0,0,0,1,0
19,9375,-593,1535,-943,0,-11081,28709,-17628,0,0,0,0,1,0
20,9895,-860,1545,-685,0,-16088,28895,-12807,0,0,0,0,1,0
21,10416,-1095,1496,-401,0,-20476,27970,-7495,0,0,0,0,1,0
22,10937,-1288,1389,-101,0,-24077,25971,-1894,0,0,0,0,1,0
23,11458,-1431,1229,202,0,-26753,22973,3780,0,0,0,0,1,0
24,11979,-1519,1021,498,0,-28401,19093,9308,0,0,0,0,1,0
25,12500,-1549,774,774,0,-28957,14479,14479,0,0,0,0,1,0
26,13020,-1519,498,1021,0,-28401,9308,19093,0,0,0,0,1,0
27,13541,-1431,202,1229,0,-26753,3780,22973,0,0,0,0,1,0
28,14062,-1288,-101,1389,0,-24077,-1894,25971,0,0,0,0,1,0
29,14583,-1095,-401,1496,0,-20476,-7495,27970,0,0,0,0,1,0
30,15104,-860,-685,1545,0,-16088,-12807,28895,0,0,0,0,1,0
31,15625,-593,-943,1535,0,-11081,-17628,28709,0,0,0,0,1,0
32,16145,-302,-1164,1466,0,-5649,-21771,27420,0,0,0,0,1,0
33,16666,0,-1341,1341,0,0,-25078,25078,0,0,0,0,1,0
34,17187,302,-1466,1164,0,5649,-27420,21771,0,0,0,0,1,0
35,17708,593,-1535,943,0,11081,-28709,17628,0,0,0,0,1,0
36,18229,860,-1545,685,0,16088,-28895,12807,0,0,0,0,1,0
37,18750,1095,-1496,401,0,20476,-27970,7495,0,0,0,0,1,0
38,19270,1288,-1389,101,0,24077,-25971,1894,0,0,0,0,1,0
39,19791,1431,-1229,-202,0,26753,-22973,-3780,0,0,0,0,1,0
40,20312,1519,-1021,-498,0,28401,-19093,-9308,0,0,0,0,1,0
41,20833,1549,-774,-774,0,28957,-14479,-14479,0,0,0,0,1,0
42,21354,1519,-498,-1021,0,28401,-9308,-19093,0,0,0,0,1,0
43,21875,1431,-202,-1229,0,26753,-3780,-22973,0,0,0,0,1,0
44,22395,1288,101,-1389,0,24077,1894,-25971,0,0,0,0,1,0
45,22916,1095,401,-1496,0,20476,7495,-27970,0,0,0,0,1,0
46,23437,860,685,-1545,0,16088,12807,-28895,0,0,0,0,1,0
47,23958,593,943,-1535,0,11081,17628,-28709,0,0,0,0,1,0
48,24479,302,1164,-1466,0,5649,21771,-27420,0,0,0,0,1,0
49,25000,0,1341,-1341,0,0,25078,-25078,0,0,0,0,1,0
50,25520,-302,1466,-1164,0,-5649,27420,-21771,0,0,0,0,1,0
51,26041,-593,1535,-943,0,-11081,28709,-17628,0,0,0,0,1,0
52,26562,-860,1545,-685,0,-16088,28895,-12807,0,0,0,0,1,0
53,27083,-1095,1496,-401,0,-20476,27970,-7495,0,0,0,0,1,0
54,27604,-1288,1389,-101,0,-24077,25971,-1894,0,0,0,0,1,0
55,28125,-1431,1229,202,0,-26753,22973,3780,0,0,0,0,1,0
56,28645,-1519,1021,498,0,-28401,19093,9308,0,0,0,0,1,0
57,29166,-1549,774,774,0,-28957,14479,14479,0,0,0,0,1,0
58,29687,-1519,498,1021,0,-28401,9308,19093,0,0,0,0,1,0
59,30208,-1431,202,1229,0,-26753,3780,22973,0,0,0,0,1,0
60,30729,-1288,-101,1389,0,-24077,-1894,25971,0,0,0,0,1,0
61,31250,-1095,-401,1496,0,-20476,-7495,27970,0,0,0,0,1,0
62,31770,-860,-685,1545,0,-16088,-12807,28895,0,0,0,0,1,0
63,32291,-593,-943,1535,0,-11081,-17628,28709,0,0,0,0,1,0
64,32812,-302,-1164,1466,0,-5649,-21771,27420,0,0,0,0,1,0
65,33333,0,-1341,1341,0,0,-25078,25078,0,0,0,0,1,0
66,33854,302,-1466,1164,0,5649,-27420,21771,0,0,0,0,1,0
67,34375,593,-1535,943,0,11081,-28709,17628,0,0,0,0,1,0
68,34895,860,-1545,685,0,16088,-28895,12807,0,0,0,0,1,0
69,35416,1095,-1496,401,0,20476,-27970,7495,0,0,0,0,1,0
70,35937,1288,-1389,101,0,24077,-25971,1894,0,0,0,0,1,0
71,36458,1431,-1229,-202,0,26753,-22973,-3780,0,0,0,0,1,0
72,36979,1519,-1021,-498,0,28401,-19093,-9308,0,0,0,0,1,0
73,37500,1549,-774,-774,0,28957,-14479,-14479,0,0,0,0,1,0
74,38020,1519,-498,-1021,0,28401,-9308,-19093,0,0,0,0,1,0
75,38541,1431,-202,-1229,0,26753,-3780,-22973,0,0,0,0,1,0
76,39062,1288,101,-1389,0,24077,1894,-25971,0,0,0,0,1,0
77,39583,1095,401,-1496,0,20476,7495,-27970,0,0,0,0,1,0
78,40104,860,685,-1545,0,16088,12807,-28895,0,0,0,0,1,0
79,40625,593,943,-1535,0,11081,17628,-28709,0,0,0,0,1,0
80,41145,302,1164,-1466,0,5649,21771,-27420,0,0,0,0,1,0
81,41666,0,1341,-1341,0,0,25078,-25078,0,0,0,0,1,0
82,42187,-302,1466,-1164,0,-5649,27420,-21771,0,0,0,0,1,0
83,42708,-593,1535,-943,0,-11081,28709,-17628,0,0,0,0,1,0
84,43229,-860,1545,-685,0,-16088,28895,-12807,0,0,0,0,1,0
85,43750,-1095,1496,-401,0,-20476,27970,-7495,0,0,0,0,1,0
86,44270,-1288,1389,-101,0,-24077,25971,-1894,0,0,0,0,1,0
87,44791,-1431,1229,202,0,-26753,22973,3780,0,0,0,0,1,0
88,45312,-1519,1021,498,0,-28401,19093,9308,0,0,0,0,1,0
89,45833,-1549,774,774,0,-28957,14479,14479,0,0,0,0,1,0
90,46354,-1519,498,1021,0,-28401,9308,19093,0,0,0,0,1,0
91,46875,-1431,202,1229,0,-26753,3780,22973,0,0,0,0,1,0
92,47395,-1288,-101,1389,0,-24077,-1894,25971,0,0,0,0,1,0
93,47916,-1095,-401,1496,0,-20476,-7495,27970,0,0,0,0,1,0
94,48437,-860,-685,1545,0,-16088,-12807,28895,0,0,0,0,1,0
95,48958,-593,-943,1535,0,-11081,-17628,28709,0,0,0,0,1,0
96,49479,-302,-1164,1466,0,-5649,-21771,27420,0,0,0,0,1,0
97,50000,17598,-1341,1341,17598,0,-27084,27084,0,0,0,0,1,0
98,50520,20955,-1466,1164,20653,565,-29614,23513,0,0,0,0,1,0
99,51041,24024,-1535,943,23431,1108,-31006,19038,0,0,0,0,1,0
100,51562,26676,-1545,685,25815,1609,-31207,13832,0,0,0,0,1,0
101,52083,28799,-1496,401,27704,2048,-30208,8094,0,0,0,0,1,0
102,52604,30302,-1389,101,29014,2408,-28048,2045,0,0,0,0,1,0
103,53125,31118,-1229,-202,29688,2675,-24811,-4082,0,0,0,0,1,0
104,53645,31207,-1021,-498,29688,2840,-20620,-10053,0,0,0,0,1,0
105,54166,30555,-774,-774,29006,2896,-15637,-15637,0,0,0,0,1,0
106,54687,29179,-498,-1021,27660,2840,-10053,-20620,0,0,0,0,1,0
107,55208,27123,-202,-1229,25692,2675,-4082,-24811,0,0,0,0,1,0
108,55729,24457,101,-1389,23170,2408,2045,-28048,0,0,0,0,1,0
109,56250,21276,401,-1496,20181,2048,8094,-30208,0,0,0,0,1,0
110,56770,17694,685,-1545,16833,1609,13832,-31207,0,0,0,0,1,0
111,57291,13839,943,-1535,13247,1108,19038,-31006,0,0,0,0,1,0
112,57812,9853,1164,-1466,9551,565,23513,-29614,0,0,0,0,1,0
113,58333,5880,1341,-1341,5880,0,27084,-27084,0,0,0,0,1,0
114,58854,2066,1466,-1164,2368,-565,29614,-23513,0,0,0,0,1,0
115,59375,-1450,1535,-943,-857,-1108,31006,-19038,0,0,0,0,1,0
116,59895,-4541,1545,-685,-3680,-1609,31207,-13832,0,0,0,0,1,0
117,60416,-7094,1496,-401,-5999,-2048,30208,-8094,0,0,0,0,1,0
118,60937,-9020,1389,-101,-7732,-2408,28048,-2045,0,0,0,0,1,0
119,61458,-10249,1229,202,-8819,-2675,24811,4082,0,0,0,0,1,0
120,61979,-10744,1021,498,-9225,-2840,20620,10053,0,0,0,0,1,0
121,62500,-10490,774,774,-8941,-2896,15637,15637,0,0,0,0,1,0
122,63020,-9504,498,1021,-7985,-2840,10053,20620,0,0,0,0,1,0
123,63541,-7830,202,1229,-6400,-2675,4082,24811,0,0,0,0,1,0
124,64062,-5540,-101,1389,-4252,-2408,-2045,28048,0,0,0,0,1,0
125,64583,-2727,-401,1496,-1632,-2048,-8094,30208,0,0,0,0,1,0
126,65104,495,-685,1545,1355,-1609,-13832,31207,0,0,0,0,1,0
127,65625,3996,-943,1535,4589,-1108,-19038,31006,0,0,0,0,1,0
128,66145,7636,-1164,1466,7938,-565,-23513,29614,0,0,0,0,1,0
129,66666,11268,-1341,1341,11268,0,-27084,27084,0,0,0,0,1,0
130,67187,14749,-1466,1164,14447,565,-29614,23513,0,0,0,0,1,0
131,67708,17938,-1535,943,17345,1108,-31006,19038,0,0,0,0,1,0
132,68229,20708,-1545,685,19848,1609,-31207,13832,0,0,0,0,1,0
133,68750,22947,-1496,401,21852,2048,-30208,8094,0,0,0,0,1,0
134,69270,24564,-1389,101,23277,2408,-28048,2045,0,0,0,0,1,0
135,69791,25492,-1229,-202,24061,2675,-24811,-4082,0,0,0,0,1,0
136,70312,25690,-1021,-498,24171,2840,-20620,-10053,0,0,0,0,1,0
137,70833,25145,-774,-774,23597,2896,-15637,-15637,0,0,0,0,1,0
138,71354,23875,-498,-1021,22356,2840,-10053,-20620,0,0,0,0,1,0
139,71875,21922,-202,-1229,20491,2675,-4082,-24811,0,0,0,0,1,0
140,72395,19357,101,-1389,18070,2408,2045,-28048,0,0,0,0,1,0
141,72916,16275,401,-1496,15180,2048,8094,-30208,0,0,0,0,1,0
142,73437,12790,685,-1545,11930,1609,13832,-31207,0,0,0,0,1,0
143,73958,9031,943,-1535,8438,1108,19038,-31006,0,0,0,0,1,0
144,74479,5138,1164,-1466,4836,565,23513,-29614,0,0,0,0,1,0
145,75000,1257,1341,-1341,1257,0,27084,-27084,0,0,0,0,1,0
146,75520,-2467,1466,-1164,-2165,-565,29614,-23513,0,0,0,0,1,0
147,76041,-5895,1535,-943,-5303,-1108,31006,-19038,0,0,0,0,1,0
148,76562,-645,1159,-514,0,-16088,28895,-12807,0,0,0,0,1,0
149,77083,-821,1122,-301,0,-20476,27970,-7495,0,0,0,0,1,0
150,77604,-966,1042,-76,0,-24077,25971,-1894,0,0,0,0,1,0
151,78125,-1073,921,152,0,-26753,22973,3780,0,0,0,0,1,0
152,78645,-1139,766,373,0,-28401,19093,9308,0,0,0,0,1,0
153,79166,-1161,581,581,0,-28957,14479,14479,0,0,0,0,1,0
154,79687,-1139,373,766,0,-28401,9308,19093,0,0,0,0,1,0
155,80208,-1073,152,921,0,-26753,3780,22973,0,0,0,0,1,0
156,80729,-966,-76,1042,0,-24077,-1894,25971,0,0,0,0,1,0
157,81250,-821,-301,1122,0,-20476,-7495,27970,0,0,0,0,1,0
158,81770,-645,-514,1159,0,-16088,-12807,28895,0,0,0,0,1,0
159,82291,-444,-707,1152,0,-11081,-17628,28709,0,0,0,0,1,0
160,82812,-227,-873,1100,0,-5649,-21771,27420,0,0,0,0,1,0
161,83333,0,-1006,1006,0,0,-25078,25078,0,0,0,0,1,0
162,83854,227,-1100,873,0,5649,-27420,21771,0,0,0,0,1,0
163,84375,444,-1152,707,0,11081,-28709,17628,0,0,0,0,1,0
164,84895,645,-1159,514,0,16088,-28895,12807,0,0,0,0,1,0
165,85416,821,-1122,301,0,20476,-27970,7495,0,0,0,0,1,0
166,85937,966,-1042,76,0,24077,-25971,1894,0,0,0,0,1,0
167,86458,1073,-921,-152,0,26753,-22973,-3780,0,0,0,0,1,0
168,86979,1139,-766,-373,0,28401,-19093,-9308,0,0,0,0,1,0
169,87500,1161,-581,-581,0,28957,-14479,-14479,0,0,0,0,1,0
170,88020,1139,-373,-766,0,28401,-9308,-19093,0,0,0,0,1,0
171,88541,1073,-152,-921,0,26753,-3780,-22973,0,0,0,0,1,0
172,89062,966,76,-1042,0,24077,1894,-25971,0,0,0,0,1,0
173,89583,821,301,-1122,0,20476,7495,-27970,0,0,0,0,1,0
174,90104,645,514,-1159,0,16088,12807,-28895,0,0,0,0,1,0
175,90625,444,707,-1152,0,11081,17628,-28709,0,0,0,0,1,0
176,91145,227,873,-1100,0,5649,21771,-27420,0,0,0,0,1,0
177,91666,0,1006,-1006,0,0,25078,-25078,0,0,0,0,1,0
178,92187,-227,1100,-873,0,-5649,27420,-21771,0,0,0,0,1,0
179,92708,-444,1152,-707,0,-11081,28709,-17628,0,0,0,0,1,0
180,93229,-645,1159,-514,0,-16088,28895,-12807,0,0,0,0,1,0
181,93750,-821,1122,-301,0,-20476,27970,-7495,0,0,0,0,1,0
182,94270,-966,1042,-76,0,-24077,25971,-1894,0,0,0,0,1,0
183,94791,-1073,921,152,0,-26753,22973,3780,0,0,0,0,1,0
184,95312,-1139,766,373,0,-28401,19093,9308,0,0,0,0,1,0
185,95833,-1161,581,581,0,-28957,14479,14479,0,0,0,0,1,0
186,96354,-1139,373,766,0,-28401,9308,19093,0,0,0,0,1,0
187,96875,-1073,152,921,0,-26753,3780,22973,0,0,0,0,1,0
188,97395,-966,-76,1042,0,-24077,-1894,25971,0,0,0,0,1,0
189,97916,-821,-301,1122,0,-20476,-7495,27970,0,0,0,0,1,0
190,98437,-645,-514,1159,0,-16088,-12807,28895,0,0,0,0,1,0
191,98958,-444,-707,1152,0,-11081,-17628,28709,0,0,0,0,1,0
192,99479,-227,-873,1100,0,-5649,-21771,27420,0,0,0,0,1,0
193,100000,0,-1006,1006,0,0,-25078,25078,0,0,0,0,1,0
194,100520,227,-1100,873,0,5649,-27420,21771,0,0,0,0,1,0
195,101041,444,-1152,707,0,11081,-28709,17628,0,0,0,0,1,0
196,101562,645,-1159,514,0,16088,-28895,12807,0,0,0,0,1,0
197,102083,821,-1122,301,0,20476,-27970,7495,0,0,0,0,1,0
198,102604,966,-1042,76,0,24077,-25971,1894,0,0,0,0,1,0
199,103125,1073,-921,-152,0,26753,-22973,-3780,0,0,0,0,1,0
200,103645,1139,-766,-373,0,28401,-19093,-9308,0,0,0,0,1,0
201,104166,1161,-581,-581,0,28957,-14479,-14479,0,0,0,0,1,0
202,104687,1139,-373,-766,0,28401,-9308,-19093,0,0,0,0,1,0
203,105208,1073,-152,-921,0,26753,-3780,-22973,0,0,0,0,1,0
204,105729,966,76,-1042,0,24077,1894,-25971,0,0,0,0,1,0
205,106250,821,301,-1122,0,20476,7495,-27970,0,0,0,0,1,0
206,106770,645,514,-1159,0,16088,12807,-28895,0,0,0,0,1,0
207,107291,444,707,-1152,0,11081,17628,-28709,0,0,0,0,1,0
208,107812,227,873,-1100,0,5649,21771,-27420,0,0,0,0,1,0
209,108333,0,1006,-1006,0,0,25078,-25078,0,0,0,0,1,0
210,108854,-227,1100,-873,0,-5649,27420,-21771,0,0,0,0,1,0
211,109375,-444,1152,-707,0,-11081,28709,-17628,0,0,0,0,1,0
212,109895,-645,1159,-514,0,-16088,28895,-12807,0,0,0,0,1,0
213,110416,-821,1122,-301,0,-20476,27970,-7495,0,0,0,0,1,0
214,110937,-966,1042,-76,0,-24077,25971,-1894,0,0,0,0,1,0
215,111458,-1073,921,152,0,-26753,22973,3780,0,0,0,0,1,0
216,111979,-1139,766,373,0,-28401,19093,9308,0,0,0,0,1,0
217,112500,-1161,581,581,0,-28957,14479,14479,0,0,0,0,1,0
218,113020,-1139,373,766,0,-28401,9308,19093,0,0,0,0,1,0
219,113541,-1073,152,921,0,-26753,3780,22973,0,0,0,0,1,0
220,114062,-966,-76,1042,0,-24077,-1894,25971,0,0,0,0,1,0
221,114583,-821,-301,1122,0,-20476,-7495,27970,0,0,0,0,1,0
222,115104,-645,-514,1159,0,-16088,-12807,28895,0,0,0,0,1,0
223,115625,-444,-707,1152,0,-11081,-17628,28709,0,0,0,0,1,0
224,116145,-227,-873,1100,0,-5649,-21771,27420,0,0,0,0,1,0
225,116666,0,-1006,1006,0,0,-25078,25078,0,0,0,0,1,0
226,117187,227,-1100,873,0,5649,-27420,21771,0,0,0,0,1,0
227,117708,444,-1152,707,0,11081,-28709,17628,0,0,0,0,1,0
228,118229,645,-1159,514,0,16088,-28895,12807,0,0,0,0,1,0
229,118750,821,-1122,301,0,20476,-27970,7495,0,0,0,0,1,0
230,119270,966,-1042,76,0,24077,-25971,1894,0,0,0,0,1,0
231,119791,1073,-921,-152,0,26753,-22973,-3780,0,0,0,0,1,0
232,120312,1139,-766,-373,0,28401,-19093,-9308,0,0,0,0,1,0
233,120833,1161,-581,-581,0,28957,-14479,-14479,0,0,0,0,1,0
234,121354,1139,-373,-766,0,28401,-9308,-19093,0,0,0,0,1,0
235,121875,1073,-152,-921,0,26753,-3780,-22973,0,0,0,0,1,0
236,122395,966,76,-1042,0,24077,1894,-25971,0,0,0,0,1,0
237,122916,821,301,-1122,0,20476,7495,-27970,0,0,0,0,1,0
238,123437,645,514,-1159,0,16088,12807,-28895,0,0,0,0,1,0
239,123958,444,707,-1152,0,11081,17628,-28709,0,0,0,0,1,0
240,124479,227,873,-1100,0,5649,21771,-27420,0,0,0,0,1,0
241,125000,0,1006,-1006,0,0,25078,-25078,0,0,0,0,1,0
242,125520,-227,1100,-873,0,-5649,27420,-21771,0,0,0,0,1,0
243,126041,-444,1152,-707,0,-11081,28709,-17628,0,0,0,0,1,0
244,126562,-645,1159,-514,0,-16088,28895,-12807,0,0,0,0,1,0
245,127083,-821,1122,-301,0,-20476,27970,-7495,0,0,0,0,1,0
246,127604,-966,1042,-76,0,-24077,25971,-1894,0,0,0,0,1,0
247,128124,-1073,921,152,0,-26753,22973,3780,0,0,0,0,1,0
248,128645,-1139,766,373,0,-28401,19093,9308,0,0,0,0,1,0
249,129166,-1161,581,581,0,-28957,14479,14479,0,0,0,0,1,0
250,129687,-1139,373,766,0,-28401,9308,19093,0,0,0,0,1,0
251,130208,-1073,152,921,0,-26753,3780,22973,0,0,0,0,1,0
252,130729,-966,-76,1042,0,-24077,-1894,25971,0,0,0,0,1,0
253,131250,-821,-301,1122,0,-20476,-7495,27970,0,0,0,0,1,0
254,131770,-645,-514,1159,0,-16088,-12807,28895,0,0,0,0,1,0
255,132291,-444,-707,1152,0,-11081,-17628,28709,0,0,0,0,1,0
256,132812,-227,-873,1100,0,-5649,-21771,27420,0,0,0,0,1,0
257,133333,0,-1006,1006,0,0,-25078,25078,0,0,0,0,1,0
258,133854,227,-1100,873,0,5649,-27420,21771,0,0,0,0,1,0
259,134375,444,-1152,707,0,11081,-28709,17628,0,0,0,0,1,0
260,134895,645,-1159,514,0,16088,-28895,12807,0,0,0,0,1,0
261,135416,821,-1122,301,0,20476,-27970,7495,0,0,0,0,1,0
262,135937,966,-1042,76,0,24077,-25971,1894,0,0,0,0,1,0
263,136458,1073,-921,-152,0,26753,-22973,-3780,0,0,0,0,1,0
264,136979,1139,-766,-373,0,28401,-19093,-9308,0,0,0,0,1,0
265,137500,1161,-581,-581,0,28957,-14479,-14479,0,0,0,0,1,0
266,138020,1139,-373,-766,0,28401,-9308,-19093,0,0,0,0,1,0
267,138541,1073,-152,-921,0,26753,-3780,-22973,0,0,0,0,1,0
268,139062,966,76,-1042,0,24077,1894,-25971,0,0,0,0,1,0
269,139583,821,301,-1122,0,20476,7495,-27970,0,0,0,0,1,0
270,140104,645,514,-1159,0,16088,12807,-28895,0,0,0,0,1,0
271,140625,444,707,-1152,0,11081,17628,-28709,0,0,0,0,1,0
272,141145,227,873,-1100,0,5649,21771,-27420,0,0,0,0,1,0
273,141666,0,1006,-1006,0,0,25078,-25078,0,0,0,0,1,0
274,142187,-227,1100,-873,0,-5649,27420,-21771,0,0,0,0,1,0
275,142708,-444,1152,-707,0,-11081,28709,-17628,0,0,0,0,1,0
276,143229,-645,1159,-514,0,-16088,28895,-12807,0,0,0,0,1,0
277,143750,-821,1122,-301,0,-20476,27970,-7495,0,0,0,0,1,0
278,144270,-966,1042,-76,0,-24077,25971,-1894,0,0,0,0,1,0
279,144791,-1073,921,152,0,-26753,22973,3780,0,0,0,0,1,0
280,145312,-1139,766,373,0,-28401,19093,9308,0,0,0,0,1,0
281,145833,-1161,581,581,0,-28957,14479,14479,0,0,0,0,1,0
282,146354,-1139,373,766,0,-28401,9308,19093,0,0,0,0,1,0
283,146875,-1073,152,921,0,-26753,3780,22973,0,0,0,0,1,0
284,147395,-966,-76,1042,0,-24077,-1894,25971,0,0,0,0,1,0
285,147916,-821,-301,1122,0,-20476,-7495,27970,0,0,0,0,1,0
286,148437,-645,-514,1159,0,-16088,-12807,28895,0,0,0,0,1,0
287,148958,-444,-707,1152,0,-11081,-17628,28709,0,0,0,0,1,0
288,149479,-227,-873,1100,0,-5649,-21771,27420,0,0,0,0,1,0
289,150000,0,-1006,1006,0,0,-25078,25078,0,0,0,0,1,0
290,150520,227,-1100,873,0,5649,-27420,21771,0,0,0,0,1,0
291,151041,444,-1152,707,0,11081,-28709,17628,0,0,0,0,1,0
292,151562,645,-1159,514,0,16088,-28895,12807,0,0,0,0,1,0
293,152083,821,-1122,301,0,20476,-27970,7495,0,0,0,0,1,0
294,152604,966,-1042,76,0,24077,-25971,1894,0,0,0,0,1,0
295,153125,1073,-921,-152,0,26753,-22973,-3780,0,0,0,0,1,0
296,153645,1139,-766,-373,0,28401,-19093,-9308,0,0,0,0,1,0
297,154166,1161,-581,-581,0,28957,-14479,-14479,0,0,0,0,1,0
298,154687,1139,-373,-766,0,28401,-9308,-19093,0,0,0,0,1,0
299,155208,1073,-152,-921,0,26753,-3780,-22973,0,0,0,0,1,0
300,155729,966,76,-1042,0,24077,1894,-25971,0,0,0,0,1,0
301,156250,821,301,-1122,0,20476,7495,-27970,0,0,0,0,1,0
302,156770,645,514,-1159,0,16088,12807,-28895,0,0,0,0,1,0
303,157291,444,707,-1152,0,11081,17628,-28709,0,0,0,0,1,0
304,157812,227,873,-1100,0,5649,21771,-27420,0,0,0,0,1,0
305,158333,0,1006,-1006,0,0,25078,-25078,0,0,0,0,1,0
306,158854,-227,1100,-873,0,-5649,27420,-21771,0,0,0,0,1,0
307,159375,-444,1152,-707,0,-11081,28709,-17628,0,0,0,0,1,0
308,159895,-645,1159,-514,0,-16088,28895,-12807,0,0,0,0,1,0
309,160416,-821,1122,-301,0,-20476,27970,-7495,0,0,0,0,1,0
310,160937,-966,1042,-76,0,-24077,25971,-1894,0,0,0,0,1,0
311,161458,-1073,921,152,0,-26753,22973,3780,0,0,0,0,1,0
312,161979,-1139,766,373,0,-28401,19093,9308,0,0,0,0,1,0
313,162500,-1161,581,581,0,-28957,14479,14479,0,0,0,0,1,0
314,163020,-1139,373,766,0,-28401,9308,19093,0,0,0,0,1,0
315,163541,-1073,152,921,0,-26753,3780,22973,0,0,0,0,1,0
316,164062,-966,-76,1042,0,-24077,-1894,25971,0,0,0,0,1,0
317,164583,-821,-301,1122,0,-20476,-7495,27970,0,0,0,0,1,0
318,165104,-645,-514,1159,0,-16088,-12807,28895,0,0,0,0,1,0
319,165625,-444,-707,1152,0,-11081,-17628,28709,0,0,0,0,1,0
320,166145,-227,-873,1100,0,-5649,-21771,27420,0,0,0,0,1,0
321,166666,0,-1006,1006,0,0,-25078,25078,0,0,0,0,1,0
322,167187,227,-1100,873,0,5649,-27420,21771,0,0,0,0,1,0
323,167708,444,-1152,707,0,11081,-28709,17628,0,0,0,0,1,0
324,168229,645,-1159,514,0,16088,-28895,12807,0,0,0,0,1,0
325,168750,821,-1122,301,0,20476,-27970,7495,0,0,0,0,1,0
326,169270,966,-1042,76,0,24077,-25971,1894,0,0,0,0,1,0
327,169791,1073,-921,-152,0,26753,-22973,-3780,0,0,0,0,1,0
328,170312,1139,-766,-373,0,28401,-19093,-9308,0,0,0,0,1,0
329,170833,1161,-581,-581,0,28957,-14479,-14479,0,0,0,0,1,0
330,171354,1139,-373,-766,0,28401,-9308,-19093,0,0,0,0,1,0
331,171875,1073,-152,-921,0,26753,-3780,-22973,0,0,0,0,1,0
332,172395,966,76,-1042,0,24077,1894,-25971,0,0,0,0,1,0
333,172916,821,301,-1122,0,20476,7495,-27970,0,0,0,0,1,0
334,173437,645,514,-1159,0,16088,12807,-28895,0,0,0,0,1,0
335,173958,444,707,-1152,0,11081,17628,-28709,0,0,0,0,1,0
336,174479,227,873,-1100,0,5649,21771,-27420,0,0,0,0,1,0
337,175000,0,1006,-1006,0,0,25078,-25078,0,0,0,0,1,0
338,175520,-227,1100,-873,0,-5649,27420,-21771,0,0,0,0,1,0
339,176041,-444,1152,-707,0,-11081,28709,-17628,0,0,0,0,1,0
340,176562,-645,1159,-514,0,-16088,28895,-12807,0,0,0,0,1,0
341,177083,-821,1122,-301,0,-20476,27970,-7495,0,0,0,0,1,0
342,177604,-966,1042,-76,0,-24077,25971,-1894,0,0,0,0,1,0
343,178125,-1073,921,152,0,-26753,22973,3780,0,0,0,0,1,0
344,178645,-1139,766,373,0,-28401,19093,9308,0,0,0,0,1,0
345,179166,-1161,581,581,0,-28957,14479,14479,0,0,0,0,1,0
346,179687,-1139,373,766,0,-28401,9308,19093,0,0,0,0,1,0
347,180208,-1073,152,921,0,-26753,3780,22973,0,0,0,0,1,0
348,180729,-966,-76,1042,0,-24077,-1894,25971,0,0,0,0,1,0
349,181250,-821,-301,1122,0,-20476,-7495,27970,0,0,0,0,1,0
350,181770,-645,-514,1159,0,-16088,-12807,28895,0,0,0,0,1,0
351,182291,-444,-707,1152,0,-11081,-17628,28709,0,0,0,0,1,0
352,182812,-227,-873,1100,0,-5649,-21771,27420,0,0,0,0,1,0
353,183333,0,-1006,1006,0,0,-25078,25078,0,0,0,0,1,0
354,183854,227,-1100,873,0,5649,-27420,21771,0,0,0,0,1,0
355,184375,444,-1152,707,0,11081,-28709,17628,0,0,0,0,1,0
356,184895,645,-1159,514,0,16088,-28895,12807,0,0,0,0,1,0
357,185416,821,-1122,301,0,20476,-27970,7495,0,0,0,0,1,0
358,185937,966,-1042,76,0,24077,-25971,1894,0,0,0,0,1,0
359,186458,1073,-921,-152,0,26753,-22973,-3780,0,0,0,0,1,0
360,186979,1139,-766,-373,0,28401,-19093,-9308,0,0,0,0,1,0
361,187500,1161,-581,-581,0,28957,-14479,-14479,0,0,0,0,1,0
362,188020,1139,-373,-766,0,28401,-9308,-19093,0,0,0,0,1,0
363,188541,1073,-152,-921,0,26753,-3780,-22973,0,0,0,0,1,0
364,189062,966,76,-1042,0,24077,1894,-25971,0,0,0,0,1,0
365,189583,821,301,-1122,0,20476,7495,-27970,0,0,0,0,1,0
366,190104,645,514,-1159,0,16088,12807,-28895,0,0,0,0,1,0
367,190625,444,707,-1152,0,11081,17628,-28709,0,0,0,0,1,0
368,191145,227,873,-1100,0,5649,21771,-27420,0,0,0,0,1,0
369,191666,0,1006,-1006,0,0,25078,-25078,0,0,0,0,1,0
370,192187,-227,1100,-873,0,-5649,27420,-21771,0,0,0,0,1,0
371,192708,-444,1152,-707,0,-11081,28709,-17628,0,0,0,0,1,0
372,193229,-645,1159,-514,0,-16088,28895,-12807,0,0,0,0,1,0
373,193750,-821,1122,-301,0,-20476,27970,-7495,0,0,0,0,1,0
374,194270,-966,1042,-76,0,-24077,25971,-1894,0,0,0,0,1,0
375,194791,-1073,921,152,0,-26753,22973,3780,0,0,0,0,1,0
376,195312,-1139,766,373,0,-28401,19093,9308,0,0,0,0,1,0
377,195833,-1161,581,581,0,-28957,14479,14479,0,0,0,0,1,0
378,196354,-1139,373,766,0,-28401,9308,19093,0,0,0,0,1,0
379,196875,-1073,152,921,0,-26753,3780,22973,0,0,0,0,1,0
380,197395,-966,-76,1042,0,-24077,-1894,25971,0,0,0,0,1,0
381,197916,-821,-301,1122,0,-20476,-7495,27970,0,0,0,0,1,0
382,198437,-645,-514,1159,0,-16088,-12807,28895,0,0,0,0,1,0
383,198958,-444,-707,1152,0,-11081,-17628,28709,0,0,0,0,1,0
384,199479,-227,-873,1100,0,-5649,-21771,27420,0,0,0,0,1,0
385,200000,0,-1006,1006,0,0,-25078,25078,0,0,0,0,1,0
386,200520,227,-1100,873,0,5649,-27420,21771,0,0,0,0,1,0
387,201041,444,-1152,707,0,11081,-28709,17628,0,0,0,0,1,0
388,201562,645,-1159,514,0,16088,-28895,12807,0,0,0,0,1,0
389,202083,821,-1122,301,0,20476,-27970,7495,0,0,0,0,1,0
390,202604,966,-1042,76,0,24077,-25971,1894,0,0,0,0,1,0
391,203125,1073,-921,-152,0,26753,-22973,-3780,0,0,0,0,1,0
392,203645,1139,-766,-373,0,28401,-19093,-9308,0,0,0,0,1,0
393,204166,1161,-581,-581,0,28957,-14479,-14479,0,0,0,0,1,0
394,204687,1139,-373,-766,0,28401,-9308,-19093,0,0,0,0,1,0
395,205208,1073,-152,-921,0,26753,-3780,-22973,0,0,0,0,1,0
396,205729,966,76,-1042,0,24077,1894,-25971,0,0,0,0,1,0
397,206250,821,301,-1122,0,20476,7495,-27970,0,0,0,0,1,0
398,206770,645,514,-1159,0,16088,12807,-28895,0,0,0,0,1,0
399,207291,444,707,-1152,0,11081,17628,-28709,0,0,0,0,1,0
400,207812,227,873,-1100,0,5649,21771,-27420,0,0,0,0,1,0
401,208333,0,1006,-1006,0,0,25078,-25078,0,0,0,0,1,0
402,208854,-227,1100,-873,0,-5649,27420,-21771,0,0,0,0,1,0
403,209375,-444,1152,-707,0,-11081,28709,-17628,0,0,0,0,1,0
404,209895,-645,1159,-514,0,-16088,28895,-12807,0,0,0,0,1,0
405,210416,-821,1122,-301,0,-20476,27970,-7495,0,0,0,0,1,0
406,210937,-966,1042,-76,0,-24077,25971,-1894,0,0,0,0,1,0
407,211458,-1073,921,152,0,-26753,22973,3780,0,0,0,0,1,0
408,211979,-1139,766,373,0,-28401,19093,9308,0,0,0,0,1,0
409,212500,-1161,581,581,0,-28957,14479,14479,0,0,0,0,1,0
410,213020,-1139,373,766,0,-28401,9308,19093,0,0,0,0,1,0
411,213541,-1073,152,921,0,-26753,3780,22973,0,0,0,0,1,0
412,214062,-966,-76,1042,0,-24077,-1894,25971,0,0,0,0,1,0
413,214583,-821,-301,1122,0,-20476,-7495,27970,0,0,0,0,1,0
414,215104,-645,-514,1159,0,-16088,-12807,28895,0,0,0,0,1,0
415,215625,-444,-707,1152,0,-11081,-17628,28709,0,0,0,0,1,0
416,216145,-227,-873,1100,0,-5649,-21771,27420,0,0,0,0,1,0
417,216666,0,-1006,1006,0,0,-25078,25078,0,0,0,0,1,0
418,217187,227,-1100,873,0,5649,-27420,21771,0,0,0,0,1,0
419,217708,444,-1152,707,0,11081,-28709,17628,0,0,0,0,1,0
420,218229,645,-1159,514,0,16088,-28895,12807,0,0,0,0,1,0
421,218750,821,-1122,301,0,20476,-27970,7495,0,0,0,0,1,0
422,219270,966,-1042,76,0,24077,-25971,1894,0,0,0,0,1,0
423,219791,1073,-921,-152,0,26753,-22973,-3780,0,0,0,0,1,0
424,220312,1139,-766,-373,0,28401,-19093,-9308,0,0,0,0,1,0
425,220833,1161,-581,-581,0,28957,-14479,-14479,0,0,0,0,1,0
426,221354,1139,-373,-766,0,28401,-9308,-19093,0,0,0,0,1,0
427,221875,1073,-152,-921,0,26753,-3780,-22973,0,0,0,0,1,0
428,222395,966,76,-1042,0,24077,1894,-25971,0,0,0,0,1,0
429,222916,821,301,-1122,0,20476,7495,-27970,0,0,0,0,1,0
430,223437,645,514,-1159,0,16088,12807,-28895,0,0,0,0,1,0
431,223958,444,707,-1152,0,11081,17628,-28709,0,0,0,0,1,0
432,224479,227,873,-1100,0,5649,21771,-27420,0,0,0,0,1,0
433,225000,0,1006,-1006,0,0,25078,-25078,0,0,0,0,1,0
434,225520,-227,1100,-873,0,-5649,27420,-21771,0,0,0,0,1,0
435,226041,-444,1152,-707,0,-11081,28709,-17628,0,0,0,0,1,0
436,226562,-645,1159,-514,0,-16088,28895,-12807,0,0,0,0,1,0
437,227083,-821,1122,-301,0,-20476,27970,-7495,0,0,0,0,1,0
438,227604,-966,1042,-76,0,-24077,25971,-1894,0,0,0,0,1,0
439,228125,-1073,921,152,0,-26753,22973,3780,0,0,0,0,1,0
440,228645,-1139,766,373,0,-28401,19093,9308,0,0,0,0,1,0
441,229166,-1161,581,581,0,-28957,14479,14479,0,0,0,0,1,0
442,229687,-1139,373,766,0,-28401,9308,19093,0,0,0,0,1,0
443,230208,-1073,152,921,0,-26753,3780,22973,0,0,0,0,1,0
444,230729,-966,-76,1042,0,-24077,-1894,25971,0,0,0,0,1,0
445,231250,-821,-301,1122,0,-20476,-7495,27970,0,0,0,0,1,0
446,231770,-645,-514,1159,0,-16088,-12807,28895,0,0,0,0,1,0
447,232291,-444,-707,1152,0,-11081,-17628,28709,0,0,0,0,1,0
448,232812,-227,-873,1100,0,-5649,-21771,27420,0,0,0,0,1,0
449,233333,0,-1006,1006,0,0,-25078,25078,0,0,0,0,1,0
450,233854,227,-1100,873,0,5649,-27420,21771,0,0,0,0,1,0
451,234375,444,-1152,707,0,11081,-28709,17628,0,0,0,0,1,0
452,234895,645,-1159,514,0,16088,-28895,12807,0,0,0,0,1,0
453,235416,821,-1122,301,0,20476,-27970,7495,0,0,0,0,1,0
454,235937,966,-1042,76,0,24077,-25971,1894,0,0,0,0,1,0
455,236458,1073,-921,-152,0,26753,-22973,-3780,0,0,0,0,1,0
456,236979,1139,-766,-373,0,28401,-19093,-9308,0,0,0,0,1,0
457,237500,1161,-581,-581,0,28957,-14479,-14479,0,0,0,0,1,0
458,238020,1139,-373,-766,0,28401,-9308,-19093,0,0,0,0,1,0
459,238541,1073,-152,-921,0,26753,-3780,-22973,0,0,0,0,1,0
460,239062,966,76,-1042,0,24077,1894,-25971,0,0,0,0,1,0
461,239583,821,301,-1122,0,20476,7495,-27970,0,0,0,0,1,0
462,240104,645,514,-1159,0,16088,12807,-28895,0,0,0,0,1,0
463,240625,444,707,-1152,0,11081,17628,-28709,0,0,0,0,1,0
464,241145,227,873,-1100,0,5649,21771,-27420,0,0,0,0,1,0
465,241666,0,1006,-1006,0,0,25078,-25078,0,0,0,0,1,0
466,242187,-227,1100,-873,0,-5649,27420,-21771,0,0,0,0,1,0
467,242708,-444,1152,-707,0,-11081,28709,-17628,0,0,0,0,1,0
468,243229,-645,1159,-514,0,-16088,28895,-12807,0,0,0,0,1,0
469,243750,-821,1122,-301,0,-20476,27970,-7495,0,0,0,0,1,0
470,244270,-966,1042,-76,0,-24077,25971,-1894,0,0,0,0,1,0
471,244791,-1073,921,152,0,-26753,22973,3780,0,0,0,0,1,0
472,245312,-1139,766,373,0,-28401,19093,9308,0,0,0,0,1,0
473,245833,-1161,581,581,0,-28957,14479,14479,0,0,0,0,1,0
474,246354,-1139,373,766,0,-28401,9308,19093,0,0,0,0,1,0
475,246875,-1073,152,921,0,-26753,3780,22973,0,0,0,0,1,0
476,247395,-966,-76,1042,0,-24077,-1894,25971,0,0,0,0,1,0
477,247916,-821,-301,1122,0,-20476,-7495,27970,0,0,0,0,1,0
478,248437,-645,-514,1159,0,-16088,-12807,28895,0,0,0,0,1,0
479,248958,-444,-707,1152,0,-11081,-17628,28709,0,0,0,0,1,0
480,249479,-227,-873,1100,0,-5649,-21771,27420,0,0,0,0,1,0
481,250000,0,-1006,1006,0,0,-25078,25078,0,0,0,0,1,0
482,250520,227,-1100,873,0,5649,-27420,21771,0,0,0,0,1,0
483,251041,444,-1152,707,0,11081,-28709,17628,0,0,0,0,1,0
484,251562,645,-1159,514,0,16088,-28895,12807,0,0,0,0,1,0
485,252083,821,-1122,301,0,20476,-27970,7495,0,0,0,0,1,0
486,252604,966,-1042,76,0,24077,-25971,1894,0,0,0,0,1,0
487,253125,1073,-921,-152,0,26753,-22973,-3780,0,0,0,0,1,0
488,253645,1139,-766,-373,0,28401,-19093,-9308,0,0,0,0,1,0
489,254166,1161,-581,-581,0,28957,-14479,-14479,0,0,0,0,1,0
490,254687,1139,-373,-766,0,28401,-9308,-19093,0,0,0,0,1,0
491,255208,1073,-152,-921,0,26753,-3780,-22973,0,0,0,0,1,0
492,255729,966,76,-1042,0,24077,1894,-25971,0,0,0,0,1,0
493,256249,821,301,-1122,0,20476,7495,-27970,0,0,0,0,1,0
494,256770,645,514,-1159,0,16088,12807,-28895,0,0,0,0,1,0
495,257291,444,707,-1152,0,11081,17628,-28709,0,0,0,0,1,0
496,257812,227,873,-1100,0,5649,21771,-27420,0,0,0,0,1,0
497,258333,0,1006,-1006,0,0,25078,-25078,0,0,0,0,1,0
498,258854,-227,1100,-873,0,-5649,27420,-21771,0,0,0,0,1,0
499,259375,-444,1152,-707,0,-11081,28709,-17628,0,0,0,0,1,0
500,259895,-645,1159,-514,0,-16088,28895,-12807,0,0,0,0,1,0
501,260416,-821,1122,-301,0,-20476,27970,-7495,0,0,0,0,1,0
502,260937,-966,1042,-76,0,-24077,25971,-1894,0,0,0,0,1,0
503,261458,-1073,921,152,0,-26753,22973,3780,0,0,0,0,1,0
504,261979,-1139,766,373,0,-28401,19093,9308,0,0,0,0,1,0
505,262500,-1161,581,581,0,-28957,14479,14479,0,0,0,0,1,0
506,263020,-1139,373,766,0,-28401,9308,19093,0,0,0,0,1,0
507,263541,-1073,152,921,0,-26753,3780,22973,0,0,0,0,1,0
508,264062,-966,-76,1042,0,-24077,-1894,25971,0,0,0,0,1,0
509,264583,-821,-301,1122,0,-20476,-7495,27970,0,0,0,0,1,0
510,265104,-645,-514,1159,0,-16088,-12807,28895,0,0,0,0,1,0
511,265625,-444,-707,1152,0,-11081,-17628,28709,0,0,0,0,1,0
512,266145,-227,-873,1100,0,-5649,-21771,27420,0,0,0,0,1,0
513,266666,0,-1006,1006,0,0,-25078,25078,0,0,0,0,1,0
514,267187,227,-1100,873,0,5649,-27420,21771,0,0,0,0,1,0
515,267708,444,-1152,707,0,11081,-28709,17628,0,0,0,0,1,0
516,268229,645,-1159,514,0,16088,-28895,12807,0,0,0,0,1,0
517,268750,821,-1122,301,0,20476,-27970,7495,0,0,0,0,1,0
518,269270,966,-1042,76,0,24077,-25971,1894,0,0,0,0,1,0
519,269791,1073,-921,-152,0,26753,-22973,-3780,0,0,0,0,1,0
520,270312,1139,-766,-373,0,28401,-19093,-9308,0,0,0,0,1,0
521,270833,1161,-581,-581,0,28957,-14479,-14479,0,0,0,0,1,0
522,271354,1139,-373,-766,0,28401,-9308,-19093,0,0,0,0,1,0
523,271875,1073,-152,-921,0,26753,-3780,-22973,0,0,0,0,1,0
524,272395,966,76,-1042,0,24077,1894,-25971,0,0,0,0,1,0
525,272916,821,301,-1122,0,20476,7495,-27970,0,0,0,0,1,0
526,273437,645,514,-1159,0,16088,12807,-28895,0,0,0,0,1,0
527,273958,444,707,-1152,0,11081,17628,-28709,0,0,0,0,1,0
528,274479,227,873,-1100,0,5649,21771,-27420,0,0,0,0,1,0
529,275000,0,1006,-1006,0,0,25078,-25078,0,0,0,0,1,0
530,275520,-227,1100,-873,0,-5649,27420,-21771,0,0,0,0,1,0
531,276041,-444,1152,-707,0,-11081,28709,-17628,0,0,0,0,1,0
532,276562,-645,1159,-514,0,-16088,28895,-12807,0,0,0,0,1,0
533,277083,-821,1122,-301,0,-20476,27970,-7495,0,0,0,0,1,0
534,277604,-966,1042,-76,0,-24077,25971,-1894,0,0,0,0,1,0
535,278125,-1073,921,152,0,-26753,22973,3780,0,0,0,0,1,0
536,278645,-1139,766,373,0,-28401,19093,9308,0,0,0,0,1,0
537,279166,-1161,581,581,0,-28957,14479,14479,0,0,0,0,1,0
538,279687,-1139,373,766,0,-28401,9308,19093,0,0,0,0,1,0
539,280208,-1073,152,921,0,-26753,3780,22973,0,0,0,0,1,0
540,280729,-966,-76,1042,0,-24077,-1894,25971,0,0,0,0,1,0
541,281250,-821,-301,1122,0,-20476,-7495,27970,0,0,0,0,1,0
542,281770,-645,-514,1159,0,-16088,-12807,28895,0,0,0,0,1,0
543,282291,-444,-707,1152,0,-11081,-17628,28709,0,0,0,0,1,0
544,282812,-227,-873,1100,0,-5649,-21771,27420,0,0,0,0,1,0
545,283333,0,-1006,1006,0,0,-25078,25078,0,0,0,0,1,0
546,283854,227,-1100,873,0,5649,-27420,21771,0,0,0,0,1,0
547,284375,444,-1152,707,0,11081,-28709,17628,0,0,0,0,1,0
548,284895,645,-1159,514,0,16088,-28895,12807,0,0,0,0,1,0
549,285416,821,-1122,301,0,20476,-27970,7495,0,0,0,0,1,0
550,285937,966,-1042,76,0,24077,-25971,1894,0,0,0,0,1,0
551,286458,1073,-921,-152,0,26753,-22973,-3780,0,0,0,0,1,0
552,286979,1139,-766,-373,0,28401,-19093,-9308,0,0,0,0,1,0
553,287500,1161,-581,-581,0,28957,-14479,-14479,0,0,0,0,1,0
554,288020,1139,-373,-766,0,28401,-9308,-19093,0,0,0,0,1,0
555,288541,1073,-152,-921,0,26753,-3780,-22973,0,0,0,0,1,0
556,289062,966,76,-1042,0,24077,1894,-25971,0,0,0,0,1,0
557,289583,821,301,-1122,0,20476,7495,-27970,0,0,0,0,1,0
558,290104,645,514,-1159,0,16088,12807,-28895,0,0,0,0,1,0
559,290625,444,707,-1152,0,11081,17628,-28709,0,0,0,0,1,0
560,291145,227,873,-1100,0,5649,21771,-27420,0,0,0,0,1,0
561,291666,0,1006,-1006,0,0,25078,-25078,0,0,0,0,1,0
562,292187,-227,1100,-873,0,-5649,27420,-21771,0,0,0,0,1,0
563,292708,-444,1152,-707,0,-11081,28709,-17628,0,0,0,0,1,0
564,293229,-645,1159,-514,0,-16088,28895,-12807,0,0,0,0,1,0
565,293750,-821,1122,-301,0,-20476,27970,-7495,0,0,0,0,1,0
566,294270,-966,1042,-76,0,-24077,25971,-1894,0,0,0,0,1,0
567,294791,-1073,921,152,0,-26753,22973,3780,0,0,0,0,1,0
568,295312,-1139,766,373,0,-28401,19093,9308,0,0,0,0,1,0
569,295833,-1161,581,581,0,-28957,14479,14479,0,0,0,0,1,0
570,296354,-1139,373,766,0,-28401,9308,19093,0,0,0,0,1,0
571,296875,-1073,152,921,0,-26753,3780,22973,0,0,0,0,1,0
572,297395,-966,-76,1042,0,-24077,-1894,25971,0,0,0,0,1,0
573,297916,-821,-301,1122,0,-20476,-7495,27970,0,0,0,0,1,0
574,298437,-645,-514,1159,0,-16088,-12807,28895,0,0,0,0,1,0
575,298958,-444,-707,1152,0,-11081,-17628,28709,0,0,0,0,1,0
576,299479,-227,-873,1100,0,-5649,-21771,27420,0,0,0,0,1,0
577,300000,0,-1006,1006,0,0,-25078,25078,0,0,0,0,1,0
578,300520,227,-1100,873,0,5649,-27420,21771,0,0,0,0,1,0
579,301041,444,-1152,707,0,11081,-28709,17628,0,0,0,0,1,0
580,301562,645,-1159,514,0,16088,-28895,12807,0,0,0,0,1,0
581,302083,821,-1122,301,0,20476,-27970,7495,0,0,0,0,1,0
582,302604,966,-1042,76,0,24077,-25971,1894,0,0,0,0,1,0
583,303125,1073,-921,-152,0,26753,-22973,-3780,0,0,0,0,1,0
584,303645,1139,-766,-373,0,28401,-19093,-9308,0,0,0,0,1,0
585,304166,1161,-581,-581,0,28957,-14479,-14479,0,0,0,0,1,0
586,304687,1139,-373,-766,0,28401,-9308,-19093,0,0,0,0,1,0
587,305208,1073,-152,-921,0,26753,-3780,-22973,0,0,0,0,1,0
588,305729,966,76,-1042,0,24077,1894,-25971,0,0,0,0,1,0
589,306250,821,301,-1122,0,20476,7495,-27970,0,0,0,0,1,0
590,306770,645,514,-1159,0,16088,12807,-28895,0,0,0,0,1,0
591,307291,444,707,-1152,0,11081,17628,-28709,0,0,0,0,1,0
592,307812,227,873,-1100,0,5649,21771,-27420,0,0,0,0,1,0
593,308333,0,1006,-1006,0,0,25078,-25078,0,0,0,0,1,0
594,308854,-227,1100,-873,0,-5649,27420,-21771,0,0,0,0,1,0
595,309375,-444,1152,-707,0,-11081,28709,-17628,0,0,0,0,1,0
596,309895,-645,1159,-514,0,-16088,28895,-12807,0,0,0,0,1,0
597,310416,-821,1122,-301,0,-20476,27970,-7495,0,0,0,0,1,0
598,310937,-966,1042,-76,0,-24077,25971,-1894,0,0,0,0,1,0
599,311458,-1073,921,152,0,-26753,22973,3780,0,0,0,0,1,0
600,311979,-1139,766,373,0,-28401,19093,9308,0,0,0,0,1,0
601,312500,-1161,581,581,0,-28957,14479,14479,0,0,0,0,1,0
602,313020,-1139,373,766,0,-28401,9308,19093,0,0,0,0,1,0
603,313541,-1073,152,921,0,-26753,3780,22973,0,0,0,0,1,0
604,314062,-966,-76,1042,0,-24077,-1894,25971,0,0,0,0,1,0
605,314583,-821,-301,1122,0,-20476,-7495,27970,0,0,0,0,1,0
606,315104,-645,-514,1159,0,-16088,-12807,28895,0,0,0,0,1,0
607,315625,-444,-707,1152,0,-11081,-17628,28709,0,0,0,0,1,0
608,316145,-227,-873,1100,0,-5649,-21771,27420,0,0,0,0,1,0
609,316666,0,-1006,1006,0,0,-25078,25078,0,0,0,0,1,0
610,317187,227,-1100,873,0,5649,-27420,21771,0,0,0,0,1,0
611,317708,444,-1152,707,0,11081,-28709,17628,0,0,0,0,1,0
612,318229,645,-1159,514,0,16088,-28895,12807,0,0,0,0,1,0
613,318750,821,-1122,301,0,20476,-27970,7495,0,0,0,0,1,0
614,319270,966,-1042,76,0,24077,-25971,1894,0,0,0,0,1,0
615,319791,1073,-921,-152,0,26753,-22973,-3780,0,0,0,0,1,0
616,320312,1139,-766,-373,0,28401,-19093,-9308,0,0,0,0,1,0
617,320833,1161,-581,-581,0,28957,-14479,-14479,0,0,0,0,1,0
618,321354,1139,-373,-766,0,28401,-9308,-19093,0,0,0,0,1,0
619,321875,1073,-152,-921,0,26753,-3780,-22973,0,0,0,0,1,0
620,322395,966,76,-1042,0,24077,1894,-25971,0,0,0,0,1,0
621,322916,821,301,-1122,0,20476,7495,-27970,0,0,0,0,1,0
622,323437,645,514,-1159,0,16088,12807,-28895,0,0,0,0,1,0
623,323958,444,707,-1152,0,11081,17628,-28709,0,0,0,0,1,0
624,324479,227,873,-1100,0,5649,21771,-27420,0,0,0,0,1,0
625,325000,0,1006,-1006,0,0,25078,-25078,0,0,0,0,1,0
626,325520,-227,1100,-873,0,-5649,27420,-21771,0,0,0,0,1,0
627,326041,-444,1152,-707,0,-11081,28709,-17628,0,0,0,0,1,0
628,326562,-645,1159,-514,0,-16088,28895,-12807,0,0,0,0,1,0
629,327083,-821,1122,-301,0,-20476,27970,-7495,0,0,0,0,1,0
630,327604,-966,1042,-76,0,-24077,25971,-1894,0,0,0,0,1,0
631,328125,-1073,921,152,0,-26753,22973,3780,0,0,0,0,1,0
632,328645,-1139,766,373,0,-28401,19093,9308,0,0,0,0,1,0
633,329166,-1161,581,581,0,-28957,14479,14479,0,0,0,0,1,0
634,329687,-1139,373,766,0,-28401,9308,19093,0,0,0,0,1,0
635,330208,-1073,152,921,0,-26753,3780,22973,0,0,0,0,1,0
636,330729,-966,-76,1042,0,-24077,-1894,25971,0,0,0,0,1,0
637,331250,-821,-301,1122,0,-20476,-7495,27970,0,0,0,0,1,0
638,331770,-645,-514,1159,0,-16088,-12807,28895,0,0,0,0,1,0
639,332291,-444,-707,1152,0,-11081,-17628,28709,0,0,0,0,1,0
640,332812,-227,-873,1100,0,-5649,-21771,27420,0,0,0,0,1,0
641,333333,0,-1006,1006,0,0,-25078,25078,0,0,0,0,1,0
642,333854,227,-1100,873,0,5649,-27420,21771,0,0,0,0,1,0
643,334375,444,-1152,707,0,11081,-28709,17628,0,0,0,0,1,0
644,334895,645,-1159,514,0,16088,-28895,12807,0,0,0,0,1,0
645,335416,821,-1122,301,0,20476,-27970,7495,0,0,0,0,1,0
646,335937,966,-1042,76,0,24077,-25971,1894,0,0,0,0,1,0
647,336458,1073,-921,-152,0,26753,-22973,-3780,0,0,0,0,1,0
648,336979,1139,-766,-373,0,28401,-19093,-9308,0,0,0,0,1,0
649,337500,1161,-581,-581,0,28957,-14479,-14479,0,0,0,0,1,0
650,338020,1139,-373,-766,0,28401,-9308,-19093,0,0,0,0,1,0
651,338541,1073,-152,-921,0,26753,-3780,-22973,0,0,0,0,1,0
652,339062,966,76,-1042,0,24077,1894,-25971,0,0,0,0,1,0
653,339583,821,301,-1122,0,20476,7495,-27970,0,0,0,0,1,0
654,340104,645,514,-1159,0,16088,12807,-28895,0,0,0,0,1,0
655,340625,444,707,-1152,0,11081,17628,-28709,0,0,0,0,1,0
656,341145,227,873,-1100,0,5649,21771,-27420,0,0,0,0,1,0
657,341666,0,1006,-1006,0,0,25078,-25078,0,0,0,0,1,0
658,342187,-227,1100,-873,0,-5649,27420,-21771,0,0,0,0,1,0
659,342708,-444,1152,-707,0,-11081,28709,-17628,0,0,0,0,1,0
660,343229,-645,1159,-514,0,-16088,28895,-12807,0,0,0,0,1,0
661,343750,-821,1122,-301,0,-20476,27970,-7495,0,0,0,0,1,0
662,344270,-966,1042,-76,0,-24077,25971,-1894,0,0,0,0,1,0
663,344791,-1073,921,152,0,-26753,22973,3780,0,0,0,0,1,0
664,345312,-1139,766,373,0,-28401,19093,9308,0,0,0,0,1,0
665,345833,-1161,581,581,0,-28957,14479,14479,0,0,0,0,1,0
666,346354,-1139,373,766,0,-28401,9308,19093,0,0,0,0,1,0
667,346875,-1073,152,921,0,-26753,3780,22973,0,0,0,0,1,0
668,347395,-966,-76,1042,0,-24077,-1894,25971,0,0,0,0,1,0
669,347916,-821,-301,1122,0,-20476,-7495,27970,0,0,0,0,1,0
670,348437,-645,-514,1159,0,-16088,-12807,28895,0,0,0,0,1,0
671,348958,-444,-707,1152,0,-11081,-17628,28709,0,0,0,0,1,0
672,349479,-227,-873,1100,0,-5649,-21771,27420,0,0,0,0,1,0
673,350000,0,-1006,1006,0,0,-25078,25078,0,0,0,0,1,0
674,350520,227,-1100,873,0,5649,-27420,21771,0,0,0,0,1,0
675,351041,444,-1152,707,0,11081,-28709,17628,0,0,0,0,1,0
676,351562,645,-1159,514,0,16088,-28895,12807,0,0,0,0,1,0
677,352083,821,-1122,301,0,20476,-27970,7495,0,0,0,0,1,0
678,352604,966,-1042,76,0,24077,-25971,1894,0,0,0,0,1,0
679,353125,1073,-921,-152,0,26753,-22973,-3780,0,0,0,0,1,0
680,353645,1139,-766,-373,0,28401,-19093,-9308,0,0,0,0,1,0
681,354166,1161,-581,-581,0,28957,-14479,-14479,0,0,0,0,1,0
682,354687,1139,-373,-766,0,28401,-9308,-19093,0,0,0,0,1,0
683,355208,1073,-152,-921,0,26753,-3780,-22973,0,0,0,0,1,0
684,355729,966,76,-1042,0,24077,1894,-25971,0,0,0,0,1,0
685,356250,821,301,-1122,0,20476,7495,-27970,0,0,0,0,1,0
686,356770,645,514,-1159,0,16088,12807,-28895,0,0,0,0,1,0
687,357291,444,707,-1152,0,11081,17628,-28709,0,0,0,0,1,0
688,357812,227,873,-1100,0,5649,21771,-27420,0,0,0,0,1,0
689,358333,0,1006,-1006,0,0,25078,-25078,0,0,0,0,1,0
690,358854,-227,1100,-873,0,-5649,27420,-21771,0,0,0,0,1,0
691,359375,-444,1152,-707,0,-11081,28709,-17628,0,0,0,0,1,0
692,359895,-645,1159,-514,0,-16088,28895,-12807,0,0,0,0,1,0
693,360416,-821,1122,-301,0,-20476,27970,-7495,0,0,0,0,1,0
694,360937,-966,1042,-76,0,-24077,25971,-1894,0,0,0,0,1,0
695,361458,-1073,921,152,0,-26753,22973,3780,0,0,0,0,1,0
696,361979,-1139,766,373,0,-28401,19093,9308,0,0,0,0,1,0
697,362500,-1161,581,581,0,-28957,14479,14479,0,0,0,0,1,0
698,363020,-1139,373,766,0,-28401,9308,19093,0,0,0,0,1,0
699,363541,-1073,152,921,0,-26753,3780,22973,0,0,0,0,1,0
700,364062,-966,-76,1042,0,-24077,-1894,25971,0,0,0,0,1,0
701,364583,-821,-301,1122,0,-20476,-7495,27970,0,0,0,0,1,0
702,365104,-645,-514,1159,0,-16088,-12807,28895,0,0,0,0,1,0
703,365625,-444,-707,1152,0,-11081,-17628,28709,0,0,0,0,1,0
704,366145,-227,-873,1100,0,-5649,-21771,27420,0,0,0,0,1,0
705,366666,0,-1006,1006,0,0,-25078,25078,0,0,0,0,1,0
706,367187,227,-1100,873,0,5649,-27420,21771,0,0,0,0,1,0
707,367708,444,-1152,707,0,11081,-28709,17628,0,0,0,0,1,0
708,368229,645,-1159,514,0,16088,-28895,12807,0,0,0,0,1,0
709,368750,821,-1122,301,0,20476,-27970,7495,0,0,0,0,1,0
710,369270,966,-1042,76,0,24077,-25971,1894,0,0,0,0,1,0
711,369791,1073,-921,-152,0,26753,-22973,-3780,0,0,0,0,1,0
712,370312,1139,-766,-373,0,28401,-19093,-9308,0,0,0,0,1,0
713,370833,1161,-581,-581,0,28957,-14479,-14479,0,0,0,0,1,0
714,371354,1139,-373,-766,0,28401,-9308,-19093,0,0,0,0,1,0
715,371875,1073,-152,-921,0,26753,-3780,-22973,0,0,0,0,1,0
716,372395,966,76,-1042,0,24077,1894,-25971,0,0,0,0,1,0
717,372916,821,301,-1122,0,20476,7495,-27970,0,0,0,0,1,0
718,373437,645,514,-1159,0,16088,12807,-28895,0,0,0,0,1,0
719,373958,444,707,-1152,0,11081,17628,-28709,0,0,0,0,1,0
720,374479,227,873,-1100,0,5649,21771,-27420,0,0,0,0,1,0
721,375000,0,1006,-1006,0,0,25078,-25078,0,0,0,0,1,0
722,375520,-227,1100,-873,0,-5649,27420,-21771,0,0,0,0,1,0
723,376041,-444,1152,-707,0,-11081,28709,-17628,0,0,0,0,1,0
724,376562,-645,1159,-514,0,-16088,28895,-12807,0,0,0,0,1,0
725,377083,-821,1122,-301,0,-20476,27970,-7495,0,0,0,0,1,0
726,377604,-966,1042,-76,0,-24077,25971,-1894,0,0,0,0,1,0
727,378125,-1073,921,152,0,-26753,22973,3780,0,0,0,0,1,0
728,378645,-1139,766,373,0,-28401,19093,9308,0,0,0,0,1,0
729,379166,-1161,581,581,0,-28957,14479,14479,0,0,0,0,1,0
730,379687,-1139,373,766,0,-28401,9308,19093,0,0,0,0,1,0
731,380208,-1073,152,921,0,-26753,3780,22973,0,0,0,0,1,0
732,380729,-966,-76,1042,0,-24077,-1894,25971,0,0,0,0,1,0
733,381250,-821,-301,1122,0,-20476,-7495,27970,0,0,0,0,1,0
734,381770,-645,-514,1159,0,-16088,-12807,28895,0,0,0,0,1,0
735,382291,-444,-707,1152,0,-11081,-17628,28709,0,0,0,0,1,0
736,382812,-227,-873,1100,0,-5649,-21771,27420,0,0,0,0,1,0
737,383333,0,-1006,1006,0,0,-25078,25078,0,0,0,0,1,0
738,383854,227,-1100,873,0,5649,-27420,21771,0,0,0,0,1,0
739,384375,444,-1152,707,0,11081,-28709,17628,0,0,0,0,1,0
740,384895,645,-1159,514,0,16088,-28895,12807,0,0,0,0,1,0
741,385416,821,-1122,301,0,20476,-27970,7495,0,0,0,0,1,0
742,385937,966,-1042,76,0,24077,-25971,1894,0,0,0,0,1,0
743,386458,1073,-921,-152,0,26753,-22973,-3780,0,0,0,0,1,0
744,386979,1139,-766,-373,0,28401,-19093,-9308,0,0,0,0,1,0
745,387500,1161,-581,-581,0,28957,-14479,-14479,0,0,0,0,1,0
746,388020,1139,-373,-766,0,28401,-9308,-19093,0,0,0,0,1,0
747,388541,1073,-152,-921,0,26753,-3780,-22973,0,0,0,0,1,0
748,389062,966,76,-1042,0,24077,1894,-25971,0,0,0,0,1,0
749,389583,821,301,-1122,0,20476,7495,-27970,0,0,0,0,1,0
750,390104,645,514,-1159,0,16088,12807,-28895,0,0,0,0,1,0
751,390625,444,707,-1152,0,11081,17628,-28709,0,0,0,0,1,0
752,391145,227,873,-1100,0,5649,21771,-27420,0,0,0,0,1,0
753,391666,0,1006,-1006,0,0,25078,-25078,0,0,0,0,1,0
754,392187,-227,1100,-873,0,-5649,27420,-21771,0,0,0,0,1,0
755,392708,-444,1152,-707,0,-11081,28709,-17628,0,0,0,0,1,0
756,393229,-645,1159,-514,0,-16088,28895,-12807,0,0,0,0,1,0
757,393750,-821,1122,-301,0,-20476,27970,-7495,0,0,0,0,1,0
758,394270,-966,1042,-76,0,-24077,25971,-1894,0,0,0,0,1,0
759,394791,-1073,921,152,0,-26753,22973,3780,0,0,0,0,1,0
760,395312,-1139,766,373,0,-28401,19093,9308,0,0,0,0,1,0
761,395833,-1161,581,581,0,-28957,14479,14479,0,0,0,0,1,0
762,396354,-1139,373,766,0,-28401,9308,19093,0,0,0,0,1,0
763,396875,-1073,152,921,0,-26753,3780,22973,0,0,0,0,1,0
764,397395,-966,-76,1042,0,-24077,-1894,25971,0,0,0,0,1,0
765,397916,-821,-301,1122,0,-20476,-7495,27970,0,0,0,0,1,0
766,398437,-645,-514,1159,0,-16088,-12807,28895,0,0,0,0,1,0
767,398958,-444,-707,1152,0,-11081,-17628,28709,0,0,0,0,1,0
768,399479,-227,-873,1100,0,-5649,-21771,27420,0,0,0,0,1,0
769,400000,0,-1006,1006,0,0,-25078,25078,0,0,0,0,1,0
770,400520,227,-1100,873,0,5649,-27420,21771,0,0,0,0,1,0
771,401041,444,-1152,707,0,11081,-28709,17628,0,0,0,0,1,0
772,401562,645,-1159,514,0,16088,-28895,12807,0,0,0,0,1,0
773,402083,821,-1122,301,0,20476,-27970,7495,0,0,0,0,1,0
774,402604,966,-1042,76,0,24077,-25971,1894,0,0,0,0,1,0
775,403125,1073,-921,-152,0,26753,-22973,-3780,0,0,0,0,1,0
776,403645,1139,-766,-373,0,28401,-19093,-9308,0,0,0,0,1,0
777,404166,1161,-581,-581,0,28957,-14479,-14479,0,0,0,0,1,0
778,404687,1139,-373,-766,0,28401,-9308,-19093,0,0,0,0,1,0
779,405208,1073,-152,-921,0,26753,-3780,-22973,0,0,0,0,1,0
780,405729,966,76,-1042,0,24077,1894,-25971,0,0,0,0,1,0
781,406250,821,301,-1122,0,20476,7495,-27970,0,0,0,0,1,0
782,406770,645,514,-1159,0,16088,12807,-28895,0,0,0,0,1,0
783,407291,444,707,-1152,0,11081,17628,-28709,0,0,0,0,1,0
784,407812,227,873,-1100,0,5649,21771,-27420,0,0,0,0,1,0
785,408333,0,1006,-1006,0,0,25078,-25078,0,0,0,0,1,0
786,408854,-227,1100,-873,0,-5649,27420,-21771,0,0,0,0,1,0
787,409375,-444,1152,-707,0,-11081,28709,-17628,0,0,0,0,1,0
788,409895,-645,1159,-514,0,-16088,28895,-12807,0,0,0,0,1,0
789,410416,-821,1122,-301,0,-20476,27970,-7495,0,0,0,0,1,0
790,410937,-966,1042,-76,0,-24077,25971,-1894,0,0,0,0,1,0
791,411458,-1073,921,152,0,-26753,22973,3780,0,0,0,0,1,0
792,411979,-1139,766,373,0,-28401,19093,9308,0,0,0,0,1,0
793,412500,-1161,581,581,0,-28957,14479,14479,0,0,0,0,1,0
794,413020,-1139,373,766,0,-28401,9308,19093,0,0,0,0,1,0
795,413541,-1073,152,921,0,-26753,3780,22973,0,0,0,0,1,0
796,414062,-966,-76,1042,0,-24077,-1894,25971,0,0,0,0,1,0
797,414583,-821,-301,1122,0,-20476,-7495,27970,0,0,0,0,1,0
798,415104,-645,-514,1159,0,-16088,-12807,28895,0,0,0,0,1,0
799,415625,-444,-707,1152,0,-11081,-17628,28709,0,0,0,0,1,0
800,416145,-227,-873,1100,0,-5649,-21771,27420,0,0,0,0,1,0
801,416666,0,-1006,1006,0,0,-25078,25078,0,0,0,0,1,0
802,417187,227,-1100,873,0,5649,-27420,21771,0,0,0,0,1,0
803,417708,444,-1152,707,0,11081,-28709,17628,0,0,0,0,1,0
804,418229,645,-1159,514,0,16088,-28895,12807,0,0,0,0,1,0
805,418750,821,-1122,301,0,20476,-27970,7495,0,0,0,0,1,0
806,419270,966,-1042,76,0,24077,-25971,1894,0,0,0,0,1,0
807,419791,1073,-921,-152,0,26753,-22973,-3780,0,0,0,0,1,0
808,420312,1139,-766,-373,0,28401,-19093,-9308,0,0,0,0,1,0
809,420833,1161,-581,-581,0,28957,-14479,-14479,0,0,0,0,1,0
810,421354,1139,-373,-766,0,28401,-9308,-19093,0,0,0,0,1,0
811,421875,1073,-152,-921,0,26753,-3780,-22973,0,0,0,0,1,0
812,422395,966,76,-1042,0,24077,1894,-25971,0,0,0,0,1,0
813,422916,821,301,-1122,0,20476,7495,-27970,0,0,0,0,1,0
814,423437,645,514,-1159,0,16088,12807,-28895,0,0,0,0,1,0
815,423958,444,707,-1152,0,11081,17628,-28709,0,0,0,0,1,0
816,424479,227,873,-1100,0,5649,21771,-27420,0,0,0,0,1,0
817,425000,0,1006,-1006,0,0,25078,-25078,0,0,0,0,1,0
818,425520,-227,1100,-873,0,-5649,27420,-21771,0,0,0,0,1,0
819,426041,-444,1152,-707,0,-11081,28709,-17628,0,0,0,0,1,0
