1,0,0,-1219,1219,0,0,-25024,25024,0,0,0,0,1,0
2,520,275,-1333,1058,0,5637,-27362,21724,0,0,0,0,1,0
3,1041,539,-1396,857,0,11058,-28648,17590,0,0,0,0,1,0
4,1562,782,-1405,623,0,16053,-28833,12780,0,0,0,0,1,0
5,2083,995,-1360,364,0,20432,-27910,7479,0,0,0,0,1,0
6,2604,1170,-1262,92,0,24025,-25915,1890,0,0,0,0,1,0
7,3125,1300,-1117,-184,0,26696,-22924,-3772,0,0,0,0,1,0
8,3645,1381,-928,-452,0,28340,-19052,-9288,0,0,0,0,1,0
9,4166,1408,-704,-704,0,28895,-14448,-14448,0,0,0,0,1,0
10,4687,1381,-452,-928,0,28340,-9288,-19052,0,0,0,0,1,0
11,5208,1300,-184,-1117,0,26696,-3772,-22924,0,0,0,0,1,0
12,5729,1170,92,-1262,0,24025,1890,-25915,0,0,0,0,1,0
13,6250,995,364,-1360,0,20432,7479,-27910,0,0,0,0,1,0
14,6770,782,623,-1405,0,16053,12780,-28833,0,0,0,0,1,0
15,7291,539,857,-1396,0,11058,17590,-28648,0,0,0,0,1,0
16,7812,275,1058,-1333,0,5637,21724,-27362,0,0,0,0,1,0
17,8333,0,1219,-1219,0,0,25024,-25024,0,0,0,0,1,0
18,8854,-275,1333,-1058,0,-5637,27362,-21724,0,0,0,0,1,0
19,9375,-539,1396,-857,0,-11058,28648,-17590,0,0,0,0,1,0
20,9895,-782,1405,-623,0,-16053,28833,-12780,0,0,0,0,1,0
21,10416,-995,1360,-364,0,-20432,27910,-7479,0,0,0,0,1,0
22,10937,-1170,1262,-92,0,-24025,25915,-1890,0,0,0,0,1,0
23,11458,-1300,1117,184,0,-26696,22924,3772,0,0,0,0,1,0
24,11979,-1381,928,452,0,-28340,19052,9288,0,0,0,0,1,0
25,12500,-1408,704,704,0,-28895,14448,14448,0,0,0,0,1,0
26,13020,-1381,452,928,0,-28340,9288,19052,0,0,0,0,1,0
27,13541,-1300,184,1117,0,-26696,3772,22924,0,0,0,0,1,0
28,14062,-1170,-92,1262,0,-24025,-1890,25915,0,0,0,0,1,0
29,14583,-995,-364,1360,0,-20432,-7479,27910,0,0,0,0,1,0
30,15104,-782,-623,1405,0,-16053,-12780,28833,0,0,0,0,1,0
31,15625,-539,-857,1396,0,-11058,-17590,28648,0,0,0,0,1,0
32,16145,-275,-1058,1333,0,-5637,-21724,27362,0,0,0,0,1,0
33,16666,0,-1219,1219,0,0,-25024,25024,0,0,0,0,1,0
34,17187,275,-1333,1058,0,5637,-27362,21724,0,0,0,0,1,0
35,17708,539,-1396,857,0,11058,-28648,17590,0,0,0,0,1,0
36,18229,782,-1405,623,0,16053,-28833,12780,0,0,0,0,1,0
37,18750,995,-1360,364,0,20432,-27910,7479,0,0,0,0,1,0
38,19270,1170,-1262,92,0,24025,-25915,1890,0,0,0,0,1,0
39,19791,1300,-1117,-184,0,26696,-22924,-3772,0,0,0,0,1,0
40,20312,1381,-928,-452,0,28340,-19052,-9288,0,0,0,0,1,0
41,20833,1408,-704,-704,0,28895,-14448,-14448,0,0,0,0,1,0
42,21354,1381,-452,-928,0,28340,-9288,-19052,0,0,0,0,1,0
43,21875,1300,-184,-1117,0,26696,-3772,-22924,0,0,0,0,1,0
44,22395,1170,92,-1262,0,24025,1890,-25915,0,0,0,0,1,0
45,22916,995,364,-1360,0,20432,7479,-27910,0,0,0,0,1,0
46,23437,782,623,-1405,0,16053,12780,-28833,0,0,0,0,1,0
47,23958,539,857,-1396,0,11058,17590,-28648,0,0,0,0,1,0
48,24479,275,1058,-1333,0,5637,21724,-27362,0,0,0,0,1,0
49,25000,0,1219,-1219,0,0,25024,-25024,0,0,0,0,1,0
50,25520,-275,1333,-1058,0,-5637,27362,-21724,0,0,0,0,1,0
51,26041,-539,1396,-857,0,-11058,28648,-17590,0,0,0,0,1,0
52,26562,-782,1405,-623,0,-16053,28833,-12780,0,0,0,0,1,0
53,27083,-995,1360,-364,0,-20432,27910,-7479,0,0,0,0,1,0
54,27604,-1170,1262,-92,0,-24025,25915,-1890,0,0,0,0,1,0
55,28125,-1300,1117,184,0,-26696,22924,3772,0,0,0,0,1,0
56,28645,-1381,928,452,0,-28340,19052,9288,0,0,0,0,1,0
57,29166,-1408,704,704,0,-28895,14448,14448,0,0,0,0,1,0
58,29687,-1381,452,928,0,-28340,9288,19052,0,0,0,0,1,0
59,30208,-1300,184,1117,0,-26696,3772,22924,0,0,0,0,1,0
60,30729,-1170,-92,1262,0,-24025,-1890,25915,0,0,0,0,1,0
61,31250,-995,-364,1360,0,-20432,-7479,27910,0,0,0,0,1,0
62,31770,-782,-623,1405,0,-16053,-12780,28833,0,0,0,0,1,0
63,32291,-539,-857,1396,0,-11058,-17590,28648,0,0,0,0,1,0
64,32812,-275,-1058,1333,0,-5637,-21724,27362,0,0,0,0,1,0
65,33333,0,-1219,1219,0,0,-25024,25024,0,0,0,0,1,0
66,33854,275,-1333,1058,0,5637,-27362,21724,0,0,0,0,1,0
67,34375,539,-1396,857,0,11058,-28648,17590,0,0,0,0,1,0
68,34895,782,-1405,623,0,16053,-28833,12780,0,0,0,0,1,0
69,35416,995,-1360,364,0,20432,-27910,7479,0,0,0,0,1,0
70,35937,1170,-1262,92,0,24025,-25915,1890,0,0,0,0,1,0
71,36458,1300,-1117,-184,0,26696,-22924,-3772,0,0,0,0,1,0
72,36979,1381,-928,-452,0,28340,-19052,-9288,0,0,0,0,1,0
73,37500,1408,-704,-704,0,28895,-14448,-14448,0,0,0,0,1,0
74,38020,1381,-452,-928,0,28340,-9288,-19052,0,0,0,0,1,0
75,38541,1300,-184,-1117,0,26696,-3772,-22924,0,0,0,0,1,0
76,39062,1170,92,-1262,0,24025,1890,-25915,0,0,0,0,1,0
77,39583,995,364,-1360,0,20432,7479,-27910,0,0,0,0,1,0
78,40104,782,623,-1405,0,16053,12780,-28833,0,0,0,0,1,0
79,40625,539,857,-1396,0,11058,17590,-28648,0,0,0,0,1,0
80,41145,275,1058,-1333,0,5637,21724,-27362,0,0,0,0,1,0
81,41666,0,1219,-1219,0,0,25024,-25024,0,0,0,0,1,0
82,42187,-275,1333,-1058,0,-5637,27362,-21724,0,0,0,0,1,0
83,42708,-539,1396,-857,0,-11058,28648,-17590,0,0,0,0,1,0
84,43229,-782,1405,-623,0,-16053,28833,-12780,0,0,0,0,1,0
85,43750,-995,1360,-364,0,-20432,27910,-7479,0,0,0,0,1,0
86,44270,-1170,1262,-92,0,-24025,25915,-1890,0,0,0,0,1,0
87,44791,-1300,1117,184,0,-26696,22924,3772,0,0,0,0,1,0
88,45312,-1381,928,452,0,-28340,19052,9288,0,0,0,0,1,0
89,45833,-1408,704,704,0,-28895,14448,14448,0,0,0,0,1,0
90,46354,-1381,452,928,0,-28340,9288,19052,0,0,0,0,1,0
91,46875,-1300,184,1117,0,-26696,3772,22924,0,0,0,0,1,0
92,47395,-1170,-92,1262,0,-24025,-1890,25915,0,0,0,0,1,0
93,47916,-995,-364,1360,0,-20432,-7479,27910,0,0,0,0,1,0
94,48437,-782,-623,1405,0,-16053,-12780,28833,0,0,0,0,1,0
95,48958,-539,-857,1396,0,-11058,-17590,28648,0,0,0,0,1,0
96,49479,-275,-1058,1333,0,-5637,-21724,27362,0,0,0,0,1,0
97,50000,0,-5243,1219,-4024,0,-2502,27026,0,0,0,0,1,0
98,50520,275,-6404,1058,-5071,6088,-2736,23462,0,0,0,0,1,0
99,51041,539,-6763,857,-5368,11942,-2865,18997,0,0,0,0,1,0
100,51562,782,-6317,623,-4912,17337,-2883,13802,0,0,0,0,1,0
101,52083,995,-5093,364,-3733,22066,-2791,8077,0,0,0,0,1,0
102,52604,1170,-3148,92,-1886,25947,-2592,2041,0,0,0,0,1,0
103,53125,1300,-569,-184,548,28831,-2292,-4073,0,0,0,0,1,0
104,53645,1381,2537,-452,3465,30607,-1905,-10031,0,0,0,0,1,0
105,54166,1408,6040,-704,6744,31207,-1445,-15603,0,0,0,0,1,0
106,54687,1381,9795,-928,10248,30607,-929,-20576,0,0,0,0,1,0
107,55208,1300,13650,-1117,13834,28831,-377,-24758,0,0,0,0,1,0
108,55729,1170,17446,-1262,17354,25947,189,-27988,0,0,0,0,1,0
109,56250,995,21029,-1360,20665,22066,748,-30143,0,0,0,0,1,0
110,56770,782,24253,-1405,23630,17337,1278,-31140,0,0,0,0,1,0
111,57291,539,26983,-1396,26126,11942,1759,-30940,0,0,0,0,1,0
112,57812,275,29108,-1333,28050,6088,2172,-29551,0,0,0,0,1,0
113,58333,0,30537,-1219,29318,0,2502,-27026,0,0,0,0,1,0
114,58854,-275,31207,-1058,29874,-6088,2736,-23462,0,0,0,0,1,0
115,59375,-539,31083,-857,29688,-11942,2865,-18997,0,0,0,0,1,0
116,59895,-782,30164,-623,28760,-17337,2883,-13802,0,0,0,0,1,0
117,60416,-995,28477,-364,27117,-22066,2791,-8077,0,0,0,0,1,0
118,60937,-1170,26078,-92,24815,-25947,2592,-2041,0,0,0,0,1,0
119,61458,-1300,23052,184,21935,-28831,2292,4073,0,0,0,0,1,0
120,61979,-1381,19509,452,18581,-30607,1905,10031,0,0,0,0,1,0
121,62500,-1408,15578,704,14874,-31207,1445,15603,0,0,0,0,1,0
122,63020,-1381,11402,928,10949,-30607,929,20576,0,0,0,0,1,0
123,63541,-1300,7135,1117,6951,-28831,377,24758,0,0,0,0,1,0
124,64062,-1170,2934,1262,3027,-25947,-189,27988,0,0,0,0,1,0
125,64583,-995,-1045,1360,-681,-22066,-748,30143,0,0,0,0,1,0
126,65104,-782,-4657,1405,-4034,-17337,-1278,31140,0,0,0,0,1,0
127,65625,-539,-7768,1396,-6911,-11942,-1759,30940,0,0,0,0,1,0
128,66145,-275,-10267,1333,-9208,-6088,-2172,29551,0,0,0,0,1,0
129,66666,0,-12062,1219,-10843,0,-2502,27026,0,0,0,0,1,0
130,67187,275,-13091,1058,-11758,6088,-2736,23462,0,0,0,0,1,0
131,67708,539,-13320,857,-11924,11942,-2865,18997,0,0,0,0,1,0
132,68229,782,-12746,623,-11341,17337,-2883,13802,0,0,0,0,1,0
133,68750,995,-11397,364,-10037,22066,-2791,8077,0,0,0,0,1,0
134,69270,1170,-9330,92,-8068,25947,-2592,2041,0,0,0,0,1,0
135,69791,1300,-6630,-184,-5514,28831,-2292,-4073,0,0,0,0,1,0
136,70312,1381,-3407,-452,-2479,30607,-1905,-10031,0,0,0,0,1,0
137,70833,1408,212,-704,916,31207,-1445,-15603,0,0,0,0,1,0
138,71354,1381,4081,-928,4533,30607,-929,-20576,0,0,0,0,1,0
139,71875,1300,8046,-1117,8230,28831,-377,-24758,0,0,0,0,1,0
140,72395,1170,11952,-1262,11860,25947,189,-27988,0,0,0,0,1,0
141,72916,995,15642,-1360,15277,22066,748,-30143,0,0,0,0,1,0
142,73437,782,18970,-1405,18347,17337,1278,-31140,0,0,0,0,1,0
143,73958,539,21803,-1396,20946,11942,1759,-30940,0,0,0,0,1,0
144,74479,275,24029,-1333,22970,6088,2172,-29551,0,0,0,0,1,0
145,75000,0,25556,-1219,24337,0,2502,-27026,0,0,0,0,1,0
146,75520,-275,26323,-1058,24990,-6088,2736,-23462,0,0,0,0,1,0
147,76041,-539,26294,-857,24899,-11942,2865,-18997,0,0,0,0,1,0
148,76562,-782,25468,-623,24064,-17337,2883,-13802,0,0,0,0,1,0
149,77083,-995,23872,-364,22512,-22066,2791,-8077,0,0,0,0,1,0
150,77604,-1170,21562,-92,20300,-25947,2592,-2041,0,0,0,0,1,0
151,78125,-1300,18625,184,17508,-28831,2292,4073,0,0,0,0,1,0
152,78645,-1381,15168,452,14240,-30607,1905,10031,0,0,0,0,1,0
153,79166,-1408,11321,704,10617,-31207,1445,15603,0,0,0,0,1,0
154,79687,-1381,7228,928,6775,-30607,929,20576,0,0,0,0,1,0
155,80208,-1300,3042,1117,2858,-28831,377,24758,0,0,0,0,1,0
156,80729,-1170,-1079,1262,-987,-25947,-189,27988,0,0,0,0,1,0
157,81250,-995,-4980,1360,-4616,-22066,-748,30143,0,0,0,0,1,0
158,81770,-782,-8515,1405,-7893,-17337,-1278,31140,0,0,0,0,1,0
159,82291,-539,-11552,1396,-10695,-11942,-1759,30940,0,0,0,0,1,0
160,82812,-275,-13977,1333,-12919,-6088,-2172,29551,0,0,0,0,1,0
161,83333,0,-15700,1219,-14481,0,-2502,27026,0,0,0,0,1,0
162,83854,275,-16658,1058,-15325,6088,-2736,23462,0,0,0,0,1,0
163,84375,539,-16818,857,-15422,11942,-2865,18997,0,0,0,0,1,0
164,84895,782,-16176,623,-14771,17337,-2883,13802,0,0,0,0,1,0
165,85416,995,-14760,364,-13401,22066,-2791,8077,0,0,0,0,1,0
166,85937,1170,-12628,92,-11365,25947,-2592,2041,0,0,0,0,1,0
167,86458,1300,-9864,-184,-8747,28831,-2292,-4073,0,0,0,0,1,0
168,86979,1381,-6577,-452,-5649,30607,-1905,-10031,0,0,0,0,1,0
169,87500,1408,-2897,-704,-2194,31207,-1445,-15603,0,0,0,0,1,0
170,88020,1381,1032,-928,1484,30607,-929,-20576,0,0,0,0,1,0
171,88541,1300,5057,-1117,5241,28831,-377,-24758,0,0,0,0,1,0
172,89062,1170,9020,-1262,8928,25947,189,-27988,0,0,0,0,1,0
173,89583,995,12767,-1360,12403,22066,748,-30143,0,0,0,0,1,0
174,90104,782,16151,-1405,15529,17337,1278,-31140,0,0,0,0,1,0
175,90625,539,19039,-1396,18183,11942,1759,-30940,0,0,0,0,1,0
176,91145,275,21319,-1333,20260,6088,2172,-29551,0,0,0,0,1,0
177,91666,0,22899,-1219,21680,0,2502,-27026,0,0,0,0,1,0
178,92187,-275,23717,-1058,22384,-6088,2736,-23462,0,0,0,0,1,0
179,92708,-539,23740,-857,22344,-11942,2865,-18997,0,0,0,0,1,0
180,93229,-782,22963,-623,21559,-17337,2883,-13802,0,0,0,0,1,0
181,93750,-995,21415,-364,20056,-22066,2791,-8077,0,0,0,0,1,0
182,94270,-1170,19154,-92,17891,-25947,2592,-2041,0,0,0,0,1,0
183,94791,-1300,16263,184,15146,-28831,2292,4073,0,0,0,0,1,0
184,95312,-1381,12852,452,11924,-30607,1905,10031,0,0,0,0,1,0
185,95833,-1408,9050,704,8346,-31207,1445,15603,0,0,0,0,1,0
186,96354,-1381,5001,928,4548,-30607,929,20576,0,0,0,0,1,0
187,96875,-1300,859,1117,675,-28831,377,24758,0,0,0,0,1,0
188,97395,-1170,-3220,1262,-3128,-25947,-189,27988,0,0,0,0,1,0
189,97916,-995,-7080,1360,-6715,-22066,-748,30143,0,0,0,0,1,0
190,98437,-782,-10574,1405,-9951,-17337,-1278,31140,0,0,0,0,1,0
191,98958,-539,-13571,1396,-12714,-11942,-1759,30940,0,0,0,0,1,0
192,99479,-275,-15956,1333,-14898,-6088,-2172,29551,0,0,0,0,1,0
193,100000,0,-17641,1219,-16422,0,-2502,27026,0,0,0,0,1,0
194,100520,275,-18561,1058,-17228,6088,-2736,23462,0,0,0,0,1,0
195,101041,539,-18684,857,-17288,11942,-2865,18997,0,0,0,0,1,0
196,101562,782,-18006,623,-16601,17337,-2883,13802,0,0,0,0,1,0
197,102083,995,-16554,364,-15195,22066,-2791,8077,0,0,0,0,1,0
198,102604,1170,-14387,92,-13125,25947,-2592,2041,0,0,0,0,1,0
199,103125,1300,-11589,-184,-10472,28831,-2292,-4073,0,0,0,0,1,0
200,103645,1381,-8269,-452,-7341,30607,-1905,-10031,0,0,0,0,1,0
201,104166,1408,-4556,-704,-3852,31207,-1445,-15603,0,0,0,0,1,0
202,104687,1381,-594,-928,-142,30607,-929,-20576,0,0,0,0,1,0
203,105208,1300,3462,-1117,3646,28831,-377,-24758,0,0,0,0,1,0
204,105729,1170,7457,-1262,7365,25947,189,-27988,0,0,0,0,1,0
205,106250,995,11234,-1360,10870,22066,748,-30143,0,0,0,0,1,0
206,106770,782,14648,-1405,14025,17337,1278,-31140,0,0,0,0,1,0
207,107291,539,17565,-1396,16708,11942,1759,-30940,0,0,0,0,1,0
208,107812,275,19873,-1333,18815,6088,2172,-29551,0,0,0,0,1,0
209,108333,0,21481,-1219,20262,0,2502,-27026,0,0,0,0,1,0
210,108854,-275,22327,-1058,20994,-6088,2736,-23462,0,0,0,0,1,0
211,109375,-539,22377,-857,20981,-11942,2865,-18997,0,0,0,0,1,0
212,109895,-782,21627,-623,20222,-17337,2883,-13802,0,0,0,0,1,0
213,110416,-995,20105,-364,18745,-22066,2791,-8077,0,0,0,0,1,0
214,110937,-1170,17869,-92,16606,-25947,2592,-2041,0,0,0,0,1,0
215,111458,-1300,15003,184,13886,-28831,2292,4073,0,0,0,0,1,0
216,111979,-1381,11616,452,10688,-30607,1905,10031,0,0,0,0,1,0
217,112500,-1408,7838,704,7135,-31207,1445,15603,0,0,0,0,1,0
218,113020,-1381,3813,928,3361,-30607,929,20576,0,0,0,0,1,0
219,113541,-1300,-306,1117,-490,-28831,377,24758,0,0,0,0,1,0
220,114062,-1170,-4362,1262,-4270,-25947,-189,27988,0,0,0,0,1,0
221,114583,-995,-8200,1360,-7835,-22066,-748,30143,0,0,0,0,1,0
222,115104,-782,-11672,1405,-11050,-17337,-1278,31140,0,0,0,0,1,0
223,115625,-539,-14648,1396,-13791,-11942,-1759,30940,0,0,0,0,1,0
224,116145,-275,-17012,1333,-15954,-6088,-2172,29551,0,0,0,0,1,0
225,116666,0,-18676,1219,-17457,0,-2502,27026,0,0,0,0,1,0
226,117187,275,-19576,1058,-18244,6088,-2736,23462,0,0,0,0,1,0
227,117708,539,-19679,857,-18284,11942,-2865,18997,0,0,0,0,1,0
228,118229,782,-18982,623,-17577,17337,-2883,13802,0,0,0,0,1,0
229,118750,995,-17512,364,-16152,22066,-2791,8077,0,0,0,0,1,0
230,119270,1170,-15326,92,-14063,25947,-2592,2041,0,0,0,0,1,0
231,119791,1300,-12509,-184,-11393,28831,-2292,-4073,0,0,0,0,1,0
232,120312,1381,-9172,-452,-8243,30607,-1905,-10031,0,0,0,0,1,0
233,120833,1408,-5441,-704,-4737,31207,-1445,-15603,0,0,0,0,1,0
234,121354,1381,-1462,-928,-1010,30607,-929,-20576,0,0,0,0,1,0
235,121875,1300,2611,-1117,2795,28831,-377,-24758,0,0,0,0,1,0
236,122395,1170,6622,-1262,6530,25947,189,-27988,0,0,0,0,1,0
237,122916,995,10416,-1360,10052,22066,748,-30143,0,0,0,0,1,0
238,123437,782,13845,-1405,13223,17337,1278,-31140,0,0,0,0,1,0
239,123958,539,16778,-1396,15922,11942,1759,-30940,0,0,0,0,1,0
240,124479,275,19102,-1333,18043,6088,2172,-29551,0,0,0,0,1,0
241,125000,0,20725,-1219,19506,0,2502,-27026,0,0,0,0,1,0
242,125520,-275,21586,-1058,20253,-6088,2736,-23462,0,0,0,0,1,0
243,126041,-539,21649,-857,20254,-11942,2865,-18997,0,0,0,0,1,0
244,126562,-782,20914,-623,19509,-17337,2883,-13802,0,0,0,0,1,0
245,127083,-995,19406,-364,18046,-22066,2791,-8077,0,0,0,0,1,0
246,127604,-1170,17183,-92,15921,-25947,2592,-2041,0,0,0,0,1,0
247,128124,-1300,14331,184,13214,-28831,2292,4073,0,0,0,0,1,0
248,128645,-1381,10957,452,10029,-30607,1905,10031,0,0,0,0,1,0
249,129166,-1408,7192,704,6488,-31207,1445,15603,0,0,0,0,1,0
250,129687,-1381,3179,928,2727,-30607,929,20576,0,0,0,0,1,0
251,130208,-1300,-928,1117,-1111,-28831,377,24758,0,0,0,0,1,0
252,130729,-1170,-4971,1262,-4879,-25947,-189,27988,0,0,0,0,1,0
253,131250,-995,-8797,1360,-8433,-22066,-748,30143,0,0,0,0,1,0
254,131770,-782,-12258,1405,-11636,-17337,-1278,31140,0,0,0,0,1,0
255,132291,-539,-15222,1396,-14365,-11942,-1759,30940,0,0,0,0,1,0
256,132812,-275,-17575,1333,-16517,-6088,-2172,29551,0,0,0,0,1,0
257,133333,0,-19229,1219,-18010,0,-2502,27026,0,0,0,0,1,0
258,133854,275,-20118,1058,-18785,6088,-2736,23462,0,0,0,0,1,0
259,134375,539,-20211,857,-18815,11942,-2865,18997,0,0,0,0,1,0
260,134895,782,-19503,623,-18098,17337,-2883,13802,0,0,0,0,1,0
261,135416,995,-18022,364,-16663,22066,-2791,8077,0,0,0,0,1,0
262,135937,1170,-15827,92,-14564,25947,-2592,2041,0,0,0,0,1,0
263,136458,1300,-13000,-184,-11884,28831,-2292,-4073,0,0,0,0,1,0
264,136979,1381,-9653,-452,-8725,30607,-1905,-10031,0,0,0,0,1,0
265,137500,1408,-5913,-704,-5209,31207,-1445,-15603,0,0,0,0,1,0
266,138020,1381,-1925,-928,-1473,30607,-929,-20576,0,0,0,0,1,0
267,138541,1300,2157,-1117,2341,28831,-377,-24758,0,0,0,0,1,0
268,139062,1170,6177,-1262,6085,25947,189,-27988,0,0,0,0,1,0
269,139583,995,9979,-1360,9615,22066,748,-30143,0,0,0,0,1,0
270,140104,782,13417,-1405,12795,17337,1278,-31140,0,0,0,0,1,0
271,140625,539,16359,-1396,15502,11942,1759,-30940,0,0,0,0,1,0
272,141145,275,18690,-1333,17632,6088,2172,-29551,0,0,0,0,1,0
273,141666,0,20322,-1219,19103,0,2502,-27026,0,0,0,0,1,0
274,142187,-275,21190,-1058,19857,-6088,2736,-23462,0,0,0,0,1,0
275,142708,-539,21262,-857,19866,-11942,2865,-18997,0,0,0,0,1,0
276,143229,-782,20533,-623,19129,-17337,2883,-13802,0,0,0,0,1,0
277,143750,-995,19033,-364,17673,-22066,2791,-8077,0,0,0,0,1,0
278,144270,-1170,16817,-92,15555,-25947,2592,-2041,0,0,0,0,1,0
279,144791,-1300,13972,184,12855,-28831,2292,4073,0,0,0,0,1,0
280,145312,-1381,10606,452,9678,-30607,1905,10031,0,0,0,0,1,0
281,145833,-1408,6847,704,6143,-31207,1445,15603,0,0,0,0,1,0
282,146354,-1381,2841,928,2389,-30607,929,20576,0,0,0,0,1,0
283,146875,-1300,-1259,1117,-1443,-28831,377,24758,0,0,0,0,1,0
284,147395,-1170,-5297,1262,-5204,-25947,-189,27988,0,0,0,0,1,0
285,147916,-995,-9116,1360,-8752,-22066,-748,30143,0,0,0,0,1,0
286,148437,-782,-12571,1405,-11948,-17337,-1278,31140,0,0,0,0,1,0
287,148958,-539,-15529,1396,-14672,-11942,-1759,30940,0,0,0,0,1,0
288,149479,-275,-17876,1333,-16818,-6088,-2172,29551,0,0,0,0,1,0
289,150000,0,-19523,1219,-18304,0,-2502,27026,0,0,0,0,1,0
290,150520,275,-20407,1058,-19074,6088,-2736,23462,0,0,0,0,1,0
291,151041,539,-20494,857,-19098,11942,-2865,18997,0,0,0,0,1,0
292,151562,782,-19781,623,-18376,17337,-2883,13802,0,0,0,0,1,0
293,152083,995,-18295,364,-16935,22066,-2791,8077,0,0,0,0,1,0
294,152604,1170,-16094,92,-14831,25947,-2592,2041,0,0,0,0,1,0
295,153125,1300,-13262,-184,-12146,28831,-2292,-4073,0,0,0,0,1,0
296,153645,1381,-9910,-452,-8982,30607,-1905,-10031,0,0,0,0,1,0
297,154166,1408,-6165,-704,-5461,31207,-1445,-15603,0,0,0,0,1,0
298,154687,1381,-2172,-928,-1720,30607,-929,-20576,0,0,0,0,1,0
299,155208,1300,1915,-1117,2099,28831,-377,-24758,0,0,0,0,1,0
300,155729,1170,5940,-1262,5848,25947,189,-27988,0,0,0,0,1,0
301,156250,995,9747,-1360,9382,22066,748,-30143,0,0,0,0,1,0
302,156770,782,13189,-1405,12567,17337,1278,-31140,0,0,0,0,1,0
303,157291,539,16135,-1396,15278,11942,1759,-30940,0,0,0,0,1,0
304,157812,275,18471,-1333,17412,6088,2172,-29551,0,0,0,0,1,0
305,158333,0,20106,-1219,18887,0,2502,-27026,0,0,0,0,1,0
306,158854,-275,20979,-1058,19646,-6088,2736,-23462,0,0,0,0,1,0
307,159375,-539,21055,-857,19659,-11942,2865,-18997,0,0,0,0,1,0
308,159895,-782,20330,-623,18926,-17337,2883,-13802,0,0,0,0,1,0
309,160416,-995,18834,-364,17474,-22066,2791,-8077,0,0,0,0,1,0
310,160937,-1170,16622,-92,15360,-25947,2592,-2041,0,0,0,0,1,0
311,161458,-1300,13781,184,12664,-28831,2292,4073,0,0,0,0,1,0
312,161979,-1381,10418,452,9490,-30607,1905,10031,0,0,0,0,1,0
313,162500,-1408,6663,704,5960,-31207,1445,15603,0,0,0,0,1,0
314,163020,-1381,2661,928,2208,-30607,929,20576,0,0,0,0,1,0
315,163541,-1300,-1436,1117,-1620,-28831,377,24758,0,0,0,0,1,0
316,164062,-1170,-5470,1262,-5378,-25947,-189,27988,0,0,0,0,1,0
317,164583,-995,-9286,1360,-8922,-22066,-748,30143,0,0,0,0,1,0
318,165104,-782,-12737,1405,-12115,-17337,-1278,31140,0,0,0,0,1,0
319,165625,-539,-15692,1396,-14835,-11942,-1759,30940,0,0,0,0,1,0
320,166145,-275,-18036,1333,-16978,-6088,-2172,29551,0,0,0,0,1,0
321,166666,0,-19680,1219,-18461,0,-2502,27026,0,0,0,0,1,0
322,167187,275,-20561,1058,-19228,6088,-2736,23462,0,0,0,0,1,0
323,167708,539,-20645,857,-19249,11942,-2865,18997,0,0,0,0,1,0
324,168229,782,-19929,623,-18524,17337,-2883,13802,0,0,0,0,1,0
325,168750,995,-18440,364,-17080,22066,-2791,8077,0,0,0,0,1,0
326,169270,1170,-16236,92,-14974,25947,-2592,2041,0,0,0,0,1,0
327,169791,1300,-13402,-184,-12285,28831,-2292,-4073,0,0,0,0,1,0
328,170312,1381,-10047,-452,-9119,30607,-1905,-10031,0,0,0,0,1,0
329,170833,1408,-6299,-704,-5596,31207,-1445,-15603,0,0,0,0,1,0
330,171354,1381,-2304,-928,-1851,30607,-929,-20576,0,0,0,0,1,0
331,171875,1300,1786,-1117,1970,28831,-377,-24758,0,0,0,0,1,0
332,172395,1170,5813,-1262,5721,25947,189,-27988,0,0,0,0,1,0
333,172916,995,9622,-1360,9258,22066,748,-30143,0,0,0,0,1,0
334,173437,782,13067,-1405,12445,17337,1278,-31140,0,0,0,0,1,0
335,173958,539,16016,-1396,15159,11942,1759,-30940,0,0,0,0,1,0
336,174479,275,18354,-1333,17295,6088,2172,-29551,0,0,0,0,1,0
337,175000,0,19992,-1219,18773,0,2502,-27026,0,0,0,0,1,0
338,175520,-275,20866,-1058,19533,-6088,2736,-23462,0,0,0,0,1,0
339,176041,-539,20944,-857,19549,-11942,2865,-18997,0,0,0,0,1,0
340,176562,-782,20222,-623,18817,-17337,2883,-13802,0,0,0,0,1,0
341,177083,-995,18728,-364,17368,-22066,2791,-8077,0,0,0,0,1,0
342,177604,-1170,16518,-92,15256,-25947,2592,-2041,0,0,0,0,1,0
343,178125,-1300,13679,184,12562,-28831,2292,4073,0,0,0,0,1,0
344,178645,-1381,10318,452,9390,-30607,1905,10031,0,0,0,0,1,0
345,179166,-1408,6565,704,5861,-31207,1445,15603,0,0,0,0,1,0
346,179687,-1381,2564,928,2112,-30607,929,20576,0,0,0,0,1,0
347,180208,-1300,-1531,1117,-1714,-28831,377,24758,0,0,0,0,1,0
348,180729,-1170,-5562,1262,-5470,-25947,-189,27988,0,0,0,0,1,0
349,181250,-995,-9377,1360,-9012,-22066,-748,30143,0,0,0,0,1,0
350,181770,-782,-12826,1405,-12204,-17337,-1278,31140,0,0,0,0,1,0
351,182291,-539,-15779,1396,-14922,-11942,-1759,30940,0,0,0,0,1,0
352,182812,-275,-18122,1333,-17064,-6088,-2172,29551,0,0,0,0,1,0
353,183333,0,-19764,1219,-18545,0,-2502,27026,0,0,0,0,1,0
354,183854,275,-20643,1058,-19311,6088,-2736,23462,0,0,0,0,1,0
355,184375,539,-20726,857,-19330,11942,-2865,18997,0,0,0,0,1,0
356,184895,782,-20008,623,-18603,17337,-2883,13802,0,0,0,0,1,0
357,185416,995,-18518,364,-17158,22066,-2791,8077,0,0,0,0,1,0
358,185937,1170,-16312,92,-15050,25947,-2592,2041,0,0,0,0,1,0
359,186458,1300,-13477,-184,-12360,28831,-2292,-4073,0,0,0,0,1,0
360,186979,1381,-10120,-452,-9192,30607,-1905,-10031,0,0,0,0,1,0
361,187500,1408,-6371,-704,-5667,31207,-1445,-15603,0,0,0,0,1,0
362,188020,1381,-2374,-928,-1922,30607,-929,-20576,0,0,0,0,1,0
363,188541,1300,1717,-1117,1901,28831,-377,-24758,0,0,0,0,1,0
364,189062,1170,5746,-1262,5654,25947,189,-27988,0,0,0,0,1,0
365,189583,995,9556,-1360,9192,22066,748,-30143,0,0,0,0,1,0
366,190104,782,13002,-1405,12380,17337,1278,-31140,0,0,0,0,1,0
367,190625,539,15952,-1396,15095,11942,1759,-30940,0,0,0,0,1,0
368,191145,275,18291,-1333,17233,6088,2172,-29551,0,0,0,0,1,0
369,191666,0,19930,-1219,18711,0,2502,-27026,0,0,0,0,1,0
370,192187,-275,20806,-1058,19473,-6088,2736,-23462,0,0,0,0,1,0
371,192708,-539,20885,-857,19490,-11942,2865,-18997,0,0,0,0,1,0
372,193229,-782,20164,-623,18760,-17337,2883,-13802,0,0,0,0,1,0
373,193750,-995,18671,-364,17311,-22066,2791,-8077,0,0,0,0,1,0
374,194270,-1170,16463,-92,15200,-25947,2592,-2041,0,0,0,0,1,0
375,194791,-1300,13624,184,12507,-28831,2292,4073,0,0,0,0,1,0
376,195312,-1381,10265,452,9336,-30607,1905,10031,0,0,0,0,1,0
377,195833,-1408,6513,704,5809,-31207,1445,15603,0,0,0,0,1,0
378,196354,-1381,2513,928,2061,-30607,929,20576,0,0,0,0,1,0
379,196875,-1300,-1581,1117,-1765,-28831,377,24758,0,0,0,0,1,0
380,197395,-1170,-5612,1262,-5520,-25947,-189,27988,0,0,0,0,1,0
381,197916,-995,-9425,1360,-9061,-22066,-748,30143,0,0,0,0,1,0
382,198437,-782,-12874,1405,-12251,-17337,-1278,31140,0,0,0,0,1,0
383,198958,-539,-15826,1396,-14969,-11942,-1759,30940,0,0,0,0,1,0
384,199479,-275,-18168,1333,-17109,-6088,-2172,29551,0,0,0,0,1,0
385,200000,0,-19809,1219,-18590,0,-2502,27026,0,0,0,0,1,0
386,200520,275,-20687,1058,-19354,6088,-2736,23462,0,0,0,0,1,0
387,201041,539,-20769,857,-19373,11942,-2865,18997,0,0,0,0,1,0
388,201562,782,-20050,623,-18645,17337,-2883,13802,0,0,0,0,1,0
389,202083,995,-18559,364,-17199,22066,-2791,8077,0,0,0,0,1,0
390,202604,1170,-16353,92,-15090,25947,-2592,2041,0,0,0,0,1,0
391,203125,1300,-13516,-184,-12400,28831,-2292,-4073,0,0,0,0,1,0
392,203645,1381,-10159,-452,-9231,30607,-1905,-10031,0,0,0,0,1,0
393,204166,1408,-6409,-704,-5705,31207,-1445,-15603,0,0,0,0,1,0
394,204687,1381,-2412,-928,-1959,30607,-929,-20576,0,0,0,0,1,0
395,205208,1300,1680,-1117,1864,28831,-377,-24758,0,0,0,0,1,0
396,205729,1170,5710,-1262,5617,25947,189,-27988,0,0,0,0,1,0
397,206250,995,9521,-1360,9156,22066,748,-30143,0,0,0,0,1,0
398,206770,782,12968,-1405,12345,17337,1278,-31140,0,0,0,0,1,0
399,207291,539,15918,-1396,15061,11942,1759,-30940,0,0,0,0,1,0
400,207812,275,18258,-1333,17200,6088,2172,-29551,0,0,0,0,1,0
401,208333,0,19898,-1219,18679,0,2502,-27026,0,0,0,0,1,0
402,208854,-275,20774,-1058,19441,-6088,2736,-23462,0,0,0,0,1,0
403,209375,-539,20854,-857,19458,-11942,2865,-18997,0,0,0,0,1,0
404,209895,-782,20133,-623,18729,-17337,2883,-13802,0,0,0,0,1,0
405,210416,-995,18641,-364,17281,-22066,2791,-8077,0,0,0,0,1,0
406,210937,-1170,16433,-92,15171,-25947,2592,-2041,0,0,0,0,1,0
407,211458,-1300,13595,184,12478,-28831,2292,4073,0,0,0,0,1,0
408,211979,-1381,10236,452,9308,-30607,1905,10031,0,0,0,0,1,0
409,212500,-1408,6485,704,5781,-31207,1445,15603,0,0,0,0,1,0
410,213020,-1381,2486,928,2033,-30607,929,20576,0,0,0,0,1,0
411,213541,-1300,-1608,1117,-1791,-28831,377,24758,0,0,0,0,1,0
412,214062,-1170,-5638,1262,-5546,-25947,-189,27988,0,0,0,0,1,0
413,214583,-995,-9451,1360,-9087,-22066,-748,30143,0,0,0,0,1,0
414,215104,-782,-12899,1405,-12277,-17337,-1278,31140,0,0,0,0,1,0
415,215625,-539,-15851,1396,-14994,-11942,-1759,30940,0,0,0,0,1,0
416,216145,-275,-18192,1333,-17134,-6088,-2172,29551,0,0,0,0,1,0
417,216666,0,-19833,1219,-18614,0,-2502,27026,0,0,0,0,1,0
418,217187,275,-20711,1058,-19378,6088,-2736,23462,0,0,0,0,1,0
419,217708,539,-20792,857,-19396,11942,-2865,18997,0,0,0,0,1,0
420,218229,782,-20073,623,-18668,17337,-2883,13802,0,0,0,0,1,0
421,218750,995,-18581,364,-17221,22066,-2791,8077,0,0,0,0,1,0
422,219270,1170,-16374,92,-15112,25947,-2592,2041,0,0,0,0,1,0
423,219791,1300,-13538,-184,-12421,28831,-2292,-4073,0,0,0,0,1,0
424,220312,1381,-10180,-452,-9252,30607,-1905,-10031,0,0,0,0,1,0
425,220833,1408,-6430,-704,-5726,31207,-1445,-15603,0,0,0,0,1,0
426,221354,1381,-2432,-928,-1979,30607,-929,-20576,0,0,0,0,1,0
427,221875,1300,1661,-1117,1845,28831,-377,-24758,0,0,0,0,1,0
428,222395,1170,5690,-1262,5598,25947,189,-27988,0,0,0,0,1,0
429,222916,995,9502,-1360,9138,22066,748,-30143,0,0,0,0,1,0
430,223437,782,12949,-1405,12327,17337,1278,-31140,0,0,0,0,1,0
431,223958,539,15900,-1396,15043,11942,1759,-30940,0,0,0,0,1,0
432,224479,275,18240,-1333,17182,6088,2172,-29551,0,0,0,0,1,0
433,225000,0,19880,-1219,18661,0,2502,-27026,0,0,0,0,1,0
434,225520,-275,20757,-1058,19424,-6088,2736,-23462,0,0,0,0,1,0
435,226041,-539,20837,-857,19442,-11942,2865,-18997,0,0,0,0,1,0
436,226562,-782,20117,-623,18712,-17337,2883,-13802,0,0,0,0,1,0
437,227083,-995,18625,-364,17265,-22066,2791,-8077,0,0,0,0,1,0
438,227604,-1170,16417,-92,15155,-25947,2592,-2041,0,0,0,0,1,0
439,228125,-1300,13580,184,12463,-28831,2292,4073,0,0,0,0,1,0
440,228645,-1381,10221,452,9293,-30607,1905,10031,0,0,0,0,1,0
441,229166,-1408,6470,704,5766,-31207,1445,15603,0,0,0,0,1,0
442,229687,-1381,2471,928,2019,-30607,929,20576,0,0,0,0,1,0
443,230208,-1300,-1622,1117,-1806,-28831,377,24758,0,0,0,0,1,0
444,230729,-1170,-5652,1262,-5560,-25947,-189,27988,0,0,0,0,1,0
445,231250,-995,-9465,1360,-9100,-22066,-748,30143,0,0,0,0,1,0
446,231770,-782,-12913,1405,-12290,-17337,-1278,31140,0,0,0,0,1,0
447,232291,-539,-15864,1396,-15007,-11942,-1759,30940,0,0,0,0,1,0
448,232812,-275,-18205,1333,-17147,-6088,-2172,29551,0,0,0,0,1,0
449,233333,0,-19846,1219,-18627,0,-2502,27026,0,0,0,0,1,0
450,233854,275,-20723,1058,-19390,6088,-2736,23462,0,0,0,0,1,0
451,234375,539,-20804,857,-19408,11942,-2865,18997,0,0,0,0,1,0
452,234895,782,-20085,623,-18680,17337,-2883,13802,0,0,0,0,1,0
453,235416,995,-18593,364,-17233,22066,-2791,8077,0,0,0,0,1,0
454,235937,1170,-16386,92,-15124,25947,-2592,2041,0,0,0,0,1,0
455,236458,1300,-13549,-184,-12432,28831,-2292,-4073,0,0,0,0,1,0
456,236979,1381,-10191,-452,-9263,30607,-1905,-10031,0,0,0,0,1,0
457,237500,1408,-6441,-704,-5737,31207,-1445,-15603,0,0,0,0,1,0
458,238020,1381,-2442,-928,-1990,30607,-929,-20576,0,0,0,0,1,0
459,238541,1300,1650,-1117,1834,28831,-377,-24758,0,0,0,0,1,0
460,239062,1170,5680,-1262,5588,25947,189,-27988,0,0,0,0,1,0
461,239583,995,9492,-1360,9128,22066,748,-30143,0,0,0,0,1,0
462,240104,782,12939,-1405,12317,17337,1278,-31140,0,0,0,0,1,0
463,240625,539,15890,-1396,15033,11942,1759,-30940,0,0,0,0,1,0
464,241145,275,18231,-1333,17172,6088,2172,-29551,0,0,0,0,1,0
465,241666,0,19871,-1219,18652,0,2502,-27026,0,0,0,0,1,0
466,242187,-275,20748,-1058,19415,-6088,2736,-23462,0,0,0,0,1,0
467,242708,-539,20828,-857,19433,-11942,2865,-18997,0,0,0,0,1,0
468,243229,-782,20108,-623,18704,-17337,2883,-13802,0,0,0,0,1,0
469,243750,-995,18616,-364,17256,-22066,2791,-8077,0,0,0,0,1,0
470,244270,-1170,16409,-92,15146,-25947,2592,-2041,0,0,0,0,1,0
471,244791,-1300,13571,184,12455,-28831,2292,4073,0,0,0,0,1,0
472,245312,-1381,10213,452,9285,-30607,1905,10031,0,0,0,0,1,0
473,245833,-1408,6462,704,5758,-31207,1445,15603,0,0,0,0,1,0
474,246354,-1381,2463,928,2011,-30607,929,20576,0,0,0,0,1,0
475,246875,-1300,-1630,1117,-1813,-28831,377,24758,0,0,0,0,1,0
476,247395,-1170,-5660,1262,-5568,-25947,-189,27988,0,0,0,0,1,0
477,247916,-995,-9472,1360,-9108,-22066,-748,30143,0,0,0,0,1,0
478,248437,-782,-12920,1405,-12297,-17337,-1278,31140,0,0,0,0,1,0
479,248958,-539,-15871,1396,-15014,-11942,-1759,30940,0,0,0,0,1,0
480,249479,-275,-18212,1333,-17153,-6088,-2172,29551,0,0,0,0,1,0
481,250000,0,-19852,1219,-18633,0,-2502,27026,0,0,0,0,1,0
482,250520,275,-20730,1058,-19397,6088,-2736,23462,0,0,0,0,1,0
483,251041,539,-20810,857,-19415,11942,-2865,18997,0,0,0,0,1,0
484,251562,782,-20091,623,-18686,17337,-2883,13802,0,0,0,0,1,0
485,252083,995,-18599,364,-17239,22066,-2791,8077,0,0,0,0,1,0
486,252604,1170,-16392,92,-15130,25947,-2592,2041,0,0,0,0,1,0
487,253125,1300,-13555,-184,-12438,28831,-2292,-4073,0,0,0,0,1,0
488,253645,1381,-10197,-452,-9269,30607,-1905,-10031,0,0,0,0,1,0
489,254166,1408,-6446,-704,-5743,31207,-1445,-15603,0,0,0,0,1,0
490,254687,1381,-2448,-928,-1995,30607,-929,-20576,0,0,0,0,1,0
491,255208,1300,1645,-1117,1829,28831,-377,-24758,0,0,0,0,1,0
492,255729,1170,5675,-1262,5582,25947,189,-27988,0,0,0,0,1,0
493,256249,995,9486,-1360,9122,22066,748,-30143,0,0,0,0,1,0
494,256770,782,12934,-1405,12312,17337,1278,-31140,0,0,0,0,1,0
495,257291,539,15885,-1396,15028,11942,1759,-30940,0,0,0,0,1,0
496,257812,275,18225,-1333,17167,6088,2172,-29551,0,0,0,0,1,0
497,258333,0,19866,-1219,18647,0,2502,-27026,0,0,0,0,1,0
498,258854,-275,20743,-1058,19410,-6088,2736,-23462,0,0,0,0,1,0
499,259375,-539,20823,-857,19428,-11942,2865,-18997,0,0,0,0,1,0
500,259895,-782,20104,-623,18699,-17337,2883,-13802,0,0,0,0,1,0
501,260416,-995,18611,-364,17252,-22066,2791,-8077,0,0,0,0,1,0
502,260937,-1170,16404,-92,15142,-25947,2592,-2041,0,0,0,0,1,0
503,261458,-1300,13567,184,12450,-28831,2292,4073,0,0,0,0,1,0
504,261979,-1381,10208,452,9280,-30607,1905,10031,0,0,0,0,1,0
505,262500,-1408,6458,704,5754,-31207,1445,15603,0,0,0,0,1,0
506,263020,-1381,2459,928,2007,-30607,929,20576,0,0,0,0,1,0
507,263541,-1300,-1634,1117,-1817,-28831,377,24758,0,0,0,0,1,0
508,264062,-1170,-5664,1262,-5572,-25947,-189,27988,0,0,0,0,1,0
509,264583,-995,-9476,1360,-9112,-22066,-748,30143,0,0,0,0,1,0
510,265104,-782,-12924,1405,-12301,-17337,-1278,31140,0,0,0,0,1,0
511,265625,-539,-15875,1396,-15018,-11942,-1759,30940,0,0,0,0,1,0
512,266145,-275,-18215,1333,-17157,-6088,-2172,29551,0,0,0,0,1,0
513,266666,0,-19856,1219,-18637,0,-2502,27026,0,0,0,0,1,0
514,267187,275,-20733,1058,-19401,6088,-2736,23462,0,0,0,0,1,0
515,267708,539,-20814,857,-19418,11942,-2865,18997,0,0,0,0,1,0
516,268229,782,-20094,623,-18690,17337,-2883,13802,0,0,0,0,1,0
517,268750,995,-18602,364,-17243,22066,-2791,8077,0,0,0,0,1,0
518,269270,1170,-16395,92,-15133,25947,-2592,2041,0,0,0,0,1,0
519,269791,1300,-13558,-184,-12442,28831,-2292,-4073,0,0,0,0,1,0
520,270312,1381,-10200,-452,-9272,30607,-1905,-10031,0,0,0,0,1,0
521,270833,1408,-6449,-704,-5746,31207,-1445,-15603,0,0,0,0,1,0
522,271354,1381,-2451,-928,-1999,30607,-929,-20576,0,0,0,0,1,0
523,271875,1300,1642,-1117,1826,28831,-377,-24758,0,0,0,0,1,0
524,272395,1170,5672,-1262,5580,25947,189,-27988,0,0,0,0,1,0
525,272916,995,9484,-1360,9119,22066,748,-30143,0,0,0,0,1,0
526,273437,782,12931,-1405,12309,17337,1278,-31140,0,0,0,0,1,0
527,273958,539,15882,-1396,15025,11942,1759,-30940,0,0,0,0,1,0
528,274479,275,18223,-1333,17164,6088,2172,-29551,0,0,0,0,1,0
529,275000,0,19863,-1219,18644,0,2502,-27026,0,0,0,0,1,0
530,275520,-275,20740,-1058,19408,-6088,2736,-23462,0,0,0,0,1,0
531,276041,-539,20821,-857,19425,-11942,2865,-18997,0,0,0,0,1,0
532,276562,-782,20101,-623,18697,-17337,2883,-13802,0,0,0,0,1,0
533,277083,-995,18609,-364,17249,-22066,2791,-8077,0,0,0,0,1,0
534,277604,-1170,16402,-92,15139,-25947,2592,-2041,0,0,0,0,1,0
535,278125,-1300,13565,184,12448,-28831,2292,4073,0,0,0,0,1,0
536,278645,-1381,10206,452,9278,-30607,1905,10031,0,0,0,0,1,0
537,279166,-1408,6456,704,5752,-31207,1445,15603,0,0,0,0,1,0
538,279687,-1381,2457,928,2005,-30607,929,20576,0,0,0,0,1,0
539,280208,-1300,-1636,1117,-1820,-28831,377,24758,0,0,0,0,1,0
540,280729,-1170,-5666,1262,-5574,-25947,-189,27988,0,0,0,0,1,0
541,281250,-995,-9478,1360,-9114,-22066,-748,30143,0,0,0,0,1,0
542,281770,-782,-12926,1405,-12303,-17337,-1278,31140,0,0,0,0,1,0
543,282291,-539,-15877,1396,-15020,-11942,-1759,30940,0,0,0,0,1,0
544,282812,-275,-18217,1333,-17159,-6088,-2172,29551,0,0,0,0,1,0
545,283333,0,-19858,1219,-18639,0,-2502,27026,0,0,0,0,1,0
546,283854,275,-20735,1058,-19402,6088,-2736,23462,0,0,0,0,1,0
547,284375,539,-20816,857,-19420,11942,-2865,18997,0,0,0,0,1,0
548,284895,782,-20096,623,-18692,17337,-2883,13802,0,0,0,0,1,0
549,285416,995,-18604,364,-17245,22066,-2791,8077,0,0,0,0,1,0
550,285937,1170,-16397,92,-15135,25947,-2592,2041,0,0,0,0,1,0
551,286458,1300,-13560,-184,-12443,28831,-2292,-4073,0,0,0,0,1,0
552,286979,1381,-10202,-452,-9273,30607,-1905,-10031,0,0,0,0,1,0
553,287500,1408,-6451,-704,-5747,31207,-1445,-15603,0,0,0,0,1,0
554,288020,1381,-2453,-928,-2000,30607,-929,-20576,0,0,0,0,1,0
555,288541,1300,1640,-1117,1824,28831,-377,-24758,0,0,0,0,1,0
556,289062,1170,5670,-1262,5578,25947,189,-27988,0,0,0,0,1,0
557,289583,995,9482,-1360,9118,22066,748,-30143,0,0,0,0,1,0
558,290104,782,12930,-1405,12307,17337,1278,-31140,0,0,0,0,1,0
559,290625,539,15881,-1396,15024,11942,1759,-30940,0,0,0,0,1,0
560,291145,275,18221,-1333,17163,6088,2172,-29551,0,0,0,0,1,0
561,291666,0,19862,-1219,18643,0,2502,-27026,0,0,0,0,1,0
562,292187,-275,20739,-1058,19406,-6088,2736,-23462,0,0,0,0,1,0
563,292708,-539,20819,-857,19424,-11942,2865,-18997,0,0,0,0,1,0
564,293229,-782,20100,-623,18695,-17337,2883,-13802,0,0,0,0,1,0
565,293750,-995,18608,-364,17248,-22066,2791,-8077,0,0,0,0,1,0
566,294270,-1170,16401,-92,15138,-25947,2592,-2041,0,0,0,0,1,0
567,294791,-1300,13563,184,12447,-28831,2292,4073,0,0,0,0,1,0
568,295312,-1381,10205,452,9277,-30607,1905,10031,0,0,0,0,1,0
569,295833,-1408,6454,704,5751,-31207,1445,15603,0,0,0,0,1,0
570,296354,-1381,2456,928,2003,-30607,929,20576,0,0,0,0,1,0
571,296875,-1300,-1637,1117,-1821,-28831,377,24758,0,0,0,0,1,0
572,297395,-1170,-5667,1262,-5575,-25947,-189,27988,0,0,0,0,1,0
573,297916,-995,-9479,1360,-9115,-22066,-748,30143,0,0,0,0,1,0
574,298437,-782,-12927,1405,-12304,-17337,-1278,31140,0,0,0,0,1,0
575,298958,-539,-15878,1396,-15021,-11942,-1759,30940,0,0,0,0,1,0
576,299479,-275,-18218,1333,-17160,-6088,-2172,29551,0,0,0,0,1,0
577,300000,0,-19859,1219,-18640,0,-2502,27026,0,0,0,0,1,0
578,300520,275,-20736,1058,-19403,6088,-2736,23462,0,0,0,0,1,0
579,301041,539,-20817,857,-19421,11942,-2865,18997,0,0,0,0,1,0
580,301562,782,-20097,623,-18693,17337,-2883,13802,0,0,0,0,1,0
581,302083,995,-18605,364,-17246,22066,-2791,8077,0,0,0,0,1,0
582,302604,585,-631,46,0,24025,-25915,1890,0,0,0,0,1,0
583,303125,650,-558,-92,0,26696,-22924,-3772,0,0,0,0,1,0
584,303645,690,-464,-226,0,28340,-19052,-9288,0,0,0,0,1,0
585,304166,704,-352,-352,0,28895,-14448,-14448,0,0,0,0,1,0
586,304687,690,-226,-464,0,28340,-9288,-19052,0,0,0,0,1,0
587,305208,650,-92,-558,0,26696,-3772,-22924,0,0,0,0,1,0
588,305729,585,46,-631,0,24025,1890,-25915,0,0,0,0,1,0
589,306250,498,182,-680,0,20432,7479,-27910,0,0,0,0,1,0
590,306770,391,311,-702,0,16053,12780,-28833,0,0,0,0,1,0
591,307291,269,428,-698,0,11058,17590,-28648,0,0,0,0,1,0
592,307812,137,529,-666,0,5637,21724,-27362,0,0,0,0,1,0
593,308333,0,610,-610,0,0,25024,-25024,0,0,0,0,1,0
594,308854,-137,666,-529,0,-5637,27362,-21724,0,0,0,0,1,0
595,309375,-269,698,-428,0,-11058,28648,-17590,0,0,0,0,1,0
596,309895,-391,702,-311,0,-16053,28833,-12780,0,0,0,0,1,0
597,310416,-498,680,-182,0,-20432,27910,-7479,0,0,0,0,1,0
598,310937,-585,631,-46,0,-24025,25915,-1890,0,0,0,0,1,0
599,311458,-650,558,92,0,-26696,22924,3772,0,0,0,0,1,0
600,311979,-690,464,226,0,-28340,19052,9288,0,0,0,0,1,0
601,312500,-704,352,352,0,-28895,14448,14448,0,0,0,0,1,0
602,313020,-690,226,464,0,-28340,9288,19052,0,0,0,0,1,0
603,313541,-650,92,558,0,-26696,3772,22924,0,0,0,0,1,0
604,314062,-585,-46,631,0,-24025,-1890,25915,0,0,0,0,1,0
605,314583,-498,-182,680,0,-20432,-7479,27910,0,0,0,0,1,0
606,315104,-391,-311,702,0,-16053,-12780,28833,0,0,0,0,1,0
607,315625,-269,-428,698,0,-11058,-17590,28648,0,0,0,0,1,0
608,316145,-137,-529,666,0,-5637,-21724,27362,0,0,0,0,1,0
609,316666,0,-610,610,0,0,-25024,25024,0,0,0,0,1,0
610,317187,137,-666,529,0,5637,-27362,21724,0,0,0,0,1,0
611,317708,269,-698,428,0,11058,-28648,17590,0,0,0,0,1,0
612,318229,391,-702,311,0,16053,-28833,12780,0,0,0,0,1,0
613,318750,498,-680,182,0,20432,-27910,7479,0,0,0,0,1,0
614,319270,585,-631,46,0,24025,-25915,1890,0,0,0,0,1,0
615,319791,650,-558,-92,0,26696,-22924,-3772,0,0,0,0,1,0
616,320312,690,-464,-226,0,28340,-19052,-9288,0,0,0,0,1,0
617,320833,704,-352,-352,0,28895,-14448,-14448,0,0,0,0,1,0
618,321354,690,-226,-464,0,28340,-9288,-19052,0,0,0,0,1,0
619,321875,650,-92,-558,0,26696,-3772,-22924,0,0,0,0,1,0
620,322395,585,46,-631,0,24025,1890,-25915,0,0,0,0,1,0
621,322916,498,182,-680,0,20432,7479,-27910,0,0,0,0,1,0
622,323437,391,311,-702,0,16053,12780,-28833,0,0,0,0,1,0
623,323958,269,428,-698,0,11058,17590,-28648,0,0,0,0,1,0
624,324479,137,529,-666,0,5637,21724,-27362,0,0,0,0,1,0
625,325000,0,610,-610,0,0,25024,-25024,0,0,0,0,1,0
626,325520,-137,666,-529,0,-5637,27362,-21724,0,0,0,0,1,0
627,326041,-269,698,-428,0,-11058,28648,-17590,0,0,0,0,1,0
628,326562,-391,702,-311,0,-16053,28833,-12780,0,0,0,0,1,0
629,327083,-498,680,-182,0,-20432,27910,-7479,0,0,0,0,1,0
630,327604,-585,631,-46,0,-24025,25915,-1890,0,0,0,0,1,0
631,328125,-650,558,92,0,-26696,22924,3772,0,0,0,0,1,0
632,328645,-690,464,226,0,-28340,19052,9288,0,0,0,0,1,0
633,329166,-704,352,352,0,-28895,14448,14448,0,0,0,0,1,0
634,329687,-690,226,464,0,-28340,9288,19052,0,0,0,0,1,0
635,330208,-650,92,558,0,-26696,3772,22924,0,0,0,0,1,0
636,330729,-585,-46,631,0,-24025,-1890,25915,0,0,0,0,1,0
637,331250,-498,-182,680,0,-20432,-7479,27910,0,0,0,0,1,0
638,331770,-391,-311,702,0,-16053,-12780,28833,0,0,0,0,1,0
639,332291,-269,-428,698,0,-11058,-17590,28648,0,0,0,0,1,0
640,332812,-137,-529,666,0,-5637,-21724,27362,0,0,0,0,1,0
641,333333,0,-610,610,0,0,-25024,25024,0,0,0,0,1,0
642,333854,137,-666,529,0,5637,-27362,21724,0,0,0,0,1,0
643,334375,269,-698,428,0,11058,-28648,17590,0,0,0,0,1,0
644,334895,391,-702,311,0,16053,-28833,12780,0,0,0,0,1,0
645,335416,498,-680,182,0,20432,-27910,7479,0,0,0,0,1,0
646,335937,585,-631,46,0,24025,-25915,1890,0,0,0,0,1,0
647,336458,650,-558,-92,0,26696,-22924,-3772,0,0,0,0,1,0
648,336979,690,-464,-226,0,28340,-19052,-9288,0,0,0,0,1,0
649,337500,704,-352,-352,0,28895,-14448,-14448,0,0,0,0,1,0
650,338020,690,-226,-464,0,28340,-9288,-19052,0,0,0,0,1,0
651,338541,650,-92,-558,0,26696,-3772,-22924,0,0,0,0,1,0
652,339062,585,46,-631,0,24025,1890,-25915,0,0,0,0,1,0
653,339583,498,182,-680,0,20432,7479,-27910,0,0,0,0,1,0
654,340104,391,311,-702,0,16053,12780,-28833,0,0,0,0,1,0
655,340625,269,428,-698,0,11058,17590,-28648,0,0,0,0,1,0
656,341145,137,529,-666,0,5637,21724,-27362,0,0,0,0,1,0
657,341666,0,610,-610,0,0,25024,-25024,0,0,0,0,1,0
658,342187,-137,666,-529,0,-5637,27362,-21724,0,0,0,0,1,0
659,342708,-269,698,-428,0,-11058,28648,-17590,0,0,0,0,1,0
660,343229,-391,702,-311,0,-16053,28833,-12780,0,0,0,0,1,0
661,343750,-498,680,-182,0,-20432,27910,-7479,0,0,0,0,1,0
662,344270,-585,631,-46,0,-24025,25915,-1890,0,0,0,0,1,0
663,344791,-650,558,92,0,-26696,22924,3772,0,0,0,0,1,0
664,345312,-690,464,226,0,-28340,19052,9288,0,0,0,0,1,0
665,345833,-704,352,352,0,-28895,14448,14448,0,0,0,0,1,0
666,346354,-690,226,464,0,-28340,9288,19052,0,0,0,0,1,0
667,346875,-650,92,558,0,-26696,3772,22924,0,0,0,0,1,0
668,347395,-585,-46,631,0,-24025,-1890,25915,0,0,0,0,1,0
669,347916,-498,-182,680,0,-20432,-7479,27910,0,0,0,0,1,0
670,348437,-391,-311,702,0,-16053,-12780,28833,0,0,0,0,1,0
671,348958,-269,-428,698,0,-11058,-17590,28648,0,0,0,0,1,0
672,349479,-137,-529,666,0,-5637,-21724,27362,0,0,0,0,1,0
673,350000,0,-610,610,0,0,-25024,25024,0,0,0,0,1,0
674,350520,137,-666,529,0,5637,-27362,21724,0,0,0,0,1,0
675,351041,269,-698,428,0,11058,-28648,17590,0,0,0,0,1,0
676,351562,391,-702,311,0,16053,-28833,12780,0,0,0,0,1,0
677,352083,498,-680,182,0,20432,-27910,7479,0,0,0,0,1,0
678,352604,585,-631,46,0,24025,-25915,1890,0,0,0,0,1,0
679,353125,650,-558,-92,0,26696,-22924,-3772,0,0,0,0,1,0
680,353645,690,-464,-226,0,28340,-19052,-9288,0,0,0,0,1,0
681,354166,704,-352,-352,0,28895,-14448,-14448,0,0,0,0,1,0
682,354687,690,-226,-464,0,28340,-9288,-19052,0,0,0,0,1,0
683,355208,650,-92,-558,0,26696,-3772,-22924,0,0,0,0,1,0
684,355729,585,46,-631,0,24025,1890,-25915,0,0,0,0,1,0
685,356250,498,182,-680,0,20432,7479,-27910,0,0,0,0,1,0
686,356770,391,311,-702,0,16053,12780,-28833,0,0,0,0,1,0
687,357291,269,428,-698,0,11058,17590,-28648,0,0,0,0,1,0
688,357812,137,529,-666,0,5637,21724,-27362,0,0,0,0,1,0
689,358333,0,610,-610,0,0,25024,-25024,0,0,0,0,1,0
690,358854,-137,666,-529,0,-5637,27362,-21724,0,0,0,0,1,0
691,359375,-269,698,-428,0,-11058,28648,-17590,0,0,0,0,1,0
692,359895,-391,702,-311,0,-16053,28833,-12780,0,0,0,0,1,0
693,360416,-498,680,-182,0,-20432,27910,-7479,0,0,0,0,1,0
694,360937,-585,631,-46,0,-24025,25915,-1890,0,0,0,0,1,0
695,361458,-650,558,92,0,-26696,22924,3772,0,0,0,0,1,0
696,361979,-690,464,226,0,-28340,19052,9288,0,0,0,0,1,0
697,362500,-704,352,352,0,-28895,14448,14448,0,0,0,0,1,0
698,363020,-690,226,464,0,-28340,9288,19052,0,0,0,0,1,0
699,363541,-650,92,558,0,-26696,3772,22924,0,0,0,0,1,0
700,364062,-585,-46,631,0,-24025,-1890,25915,0,0,0,0,1,0
701,364583,-498,-182,680,0,-20432,-7479,27910,0,0,0,0,1,0
702,365104,-391,-311,702,0,-16053,-12780,28833,0,0,0,0,1,0
703,365625,-269,-428,698,0,-11058,-17590,28648,0,0,0,0,1,0
704,366145,-137,-529,666,0,-5637,-21724,27362,0,0,0,0,1,0
705,366666,0,-610,610,0,0,-25024,25024,0,0,0,0,1,0
706,367187,137,-666,529,0,5637,-27362,21724,0,0,0,0,1,0
707,367708,269,-698,428,0,11058,-28648,17590,0,0,0,0,1,0
708,368229,391,-702,311,0,16053,-28833,12780,0,0,0,0,1,0
709,368750,498,-680,182,0,20432,-27910,7479,0,0,0,0,1,0
710,369270,585,-631,46,0,24025,-25915,1890,0,0,0,0,1,0
711,369791,650,-558,-92,0,26696,-22924,-3772,0,0,0,0,1,0
712,370312,690,-464,-226,0,28340,-19052,-9288,0,0,0,0,1,0
713,370833,704,-352,-352,0,28895,-14448,-14448,0,0,0,0,1,0
714,371354,690,-226,-464,0,28340,-9288,-19052,0,0,0,0,1,0
715,371875,650,-92,-558,0,26696,-3772,-22924,0,0,0,0,1,0
716,372395,585,46,-631,0,24025,1890,-25915,0,0,0,0,1,0
717,372916,498,182,-680,0,20432,7479,-27910,0,0,0,0,1,0
718,373437,391,311,-702,0,16053,12780,-28833,0,0,0,0,1,0
719,373958,269,428,-698,0,11058,17590,-28648,0,0,0,0,1,0
720,374479,137,529,-666,0,5637,21724,-27362,0,0,0,0,1,0
721,375000,0,610,-610,0,0,25024,-25024,0,0,0,0,1,0
722,375520,-137,666,-529,0,-5637,27362,-21724,0,0,0,0,1,0
723,376041,-269,698,-428,0,-11058,28648,-17590,0,0,0,0,1,0
724,376562,-391,702,-311,0,-16053,28833,-12780,0,0,0,0,1,0
725,377083,-498,680,-182,0,-20432,27910,-7479,0,0,0,0,1,0
726,377604,-585,631,-46,0,-24025,25915,-1890,0,0,0,0,1,0
727,378125,-650,558,92,0,-26696,22924,3772,0,0,0,0,1,0
728,378645,-690,464,226,0,-28340,19052,9288,0,0,0,0,1,0
729,379166,-704,352,352,0,-28895,14448,14448,0,0,0,0,1,0
730,379687,-690,226,464,0,-28340,9288,19052,0,0,0,0,1,0
731,380208,-650,92,558,0,-26696,3772,22924,0,0,0,0,1,0
732,380729,-585,-46,631,0,-24025,-1890,25915,0,0,0,0,1,0
733,381250,-498,-182,680,0,-20432,-7479,27910,0,0,0,0,1,0
734,381770,-391,-311,702,0,-16053,-12780,28833,0,0,0,0,1,0
735,382291,-269,-428,698,0,-11058,-17590,28648,0,0,0,0,1,0
736,382812,-137,-529,666,0,-5637,-21724,27362,0,0,0,0,1,0
737,383333,0,-610,610,0,0,-25024,25024,0,0,0,0,1,0
738,383854,137,-666,529,0,5637,-27362,21724,0,0,0,0,1,0
739,384375,269,-698,428,0,11058,-28648,17590,0,0,0,0,1,0
740,384895,391,-702,311,0,16053,-28833,12780,0,0,0,0,1,0
741,385416,498,-680,182,0,20432,-27910,7479,0,0,0,0,1,0
742,385937,585,-631,46,0,24025,-25915,1890,0,0,0,0,1,0
743,386458,650,-558,-92,0,26696,-22924,-3772,0,0,0,0,1,0
744,386979,690,-464,-226,0,28340,-19052,-9288,0,0,0,0,1,0
745,387500,704,-352,-352,0,28895,-14448,-14448,0,0,0,0,1,0
746,388020,690,-226,-464,0,28340,-9288,-19052,0,0,0,0,1,0
747,388541,650,-92,-558,0,26696,-3772,-22924,0,0,0,0,1,0
748,389062,585,46,-631,0,24025,1890,-25915,0,0,0,0,1,0
749,389583,498,182,-680,0,20432,7479,-27910,0,0,0,0,1,0
750,390104,391,311,-702,0,16053,12780,-28833,0,0,0,0,1,0
751,390625,269,428,-698,0,11058,17590,-28648,0,0,0,0,1,0
752,391145,137,529,-666,0,5637,21724,-27362,0,0,0,0,1,0
753,391666,0,610,-610,0,0,25024,-25024,0,0,0,0,1,0
754,392187,-137,666,-529,0,-5637,27362,-21724,0,0,0,0,1,0
755,392708,-269,698,-428,0,-11058,28648,-17590,0,0,0,0,1,0
756,393229,-391,702,-311,0,-16053,28833,-12780,0,0,0,0,1,0
757,393750,-498,680,-182,0,-20432,27910,-7479,0,0,0,0,1,0
758,394270,-585,631,-46,0,-24025,25915,-1890,0,0,0,0,1,0
759,394791,-650,558,92,0,-26696,22924,3772,0,0,0,0,1,0
760,395312,-690,464,226,0,-28340,19052,9288,0,0,0,0,1,0
761,395833,-704,352,352,0,-28895,14448,14448,0,0,0,0,1,0
762,396354,-690,226,464,0,-28340,9288,19052,0,0,0,0,1,0
763,396875,-650,92,558,0,-26696,3772,22924,0,0,0,0,1,0
764,397395,-585,-46,631,0,-24025,-1890,25915,0,0,0,0,1,0
765,397916,-498,-182,680,0,-20432,-7479,27910,0,0,0,0,1,0
766,398437,-391,-311,702,0,-16053,-12780,28833,0,0,0,0,1,0
767,398958,-269,-428,698,0,-11058,-17590,28648,0,0,0,0,1,0
768,399479,-137,-529,666,0,-5637,-21724,27362,0,0,0,0,1,0
769,400000,0,-610,610,0,0,-25024,25024,0,0,0,0,1,0
770,400520,137,-666,529,0,5637,-27362,21724,0,0,0,0,1,0
771,401041,269,-698,428,0,11058,-28648,17590,0,0,0,0,1,0
772,401562,391,-702,311,0,16053,-28833,12780,0,0,0,0,1,0
773,402083,498,-680,182,0,20432,-27910,7479,0,0,0,0,1,0
774,402604,585,-631,46,0,24025,-25915,1890,0,0,0,0,1,0
775,403125,650,-558,-92,0,26696,-22924,-3772,0,0,0,0,1,0
776,403645,690,-464,-226,0,28340,-19052,-9288,0,0,0,0,1,0
777,404166,704,-352,-352,0,28895,-14448,-14448,0,0,0,0,1,0
778,404687,690,-226,-464,0,28340,-9288,-19052,0,0,0,0,1,0
779,405208,650,-92,-558,0,26696,-3772,-22924,0,0,0,0,1,0
780,405729,585,46,-631,0,24025,1890,-25915,0,0,0,0,1,0
781,406250,498,182,-680,0,20432,7479,-27910,0,0,0,0,1,0
782,406770,391,311,-702,0,16053,12780,-28833,0,0,0,0,1,0
783,407291,269,428,-698,0,11058,17590,-28648,0,0,0,0,1,0
784,407812,137,529,-666,0,5637,21724,-27362,0,0,0,0,1,0
785,408333,0,610,-610,0,0,25024,-25024,0,0,0,0,1,0
786,408854,-137,666,-529,0,-5637,27362,-21724,0,0,0,0,1,0
787,409375,-269,698,-428,0,-11058,28648,-17590,0,0,0,0,1,0
788,409895,-391,702,-311,0,-16053,28833,-12780,0,0,0,0,1,0
789,410416,-498,680,-182,0,-20432,27910,-7479,0,0,0,0,1,0
790,410937,-585,631,-46,0,-24025,25915,-1890,0,0,0,0,1,0
791,411458,-650,558,92,0,-26696,22924,3772,0,0,0,0,1,0
792,411979,-690,464,226,0,-28340,19052,9288,0,0,0,0,1,0
793,412500,-704,352,352,0,-28895,14448,14448,0,0,0,0,1,0
794,413020,-690,226,464,0,-28340,9288,19052,0,0,0,0,1,0
795,413541,-650,92,558,0,-26696,3772,22924,0,0,0,0,1,0
796,414062,-585,-46,631,0,-24025,-1890,25915,0,0,0,0,1,0
797,414583,-498,-182,680,0,-20432,-7479,27910,0,0,0,0,1,0
798,415104,-391,-311,702,0,-16053,-12780,28833,0,0,0,0,1,0
799,415625,-269,-428,698,0,-11058,-17590,28648,0,0,0,0,1,0
800,416145,-137,-529,666,0,-5637,-21724,27362,0,0,0,0,1,0
801,416666,0,-610,610,0,0,-25024,25024,0,0,0,0,1,0
802,417187,137,-666,529,0,5637,-27362,21724,0,0,0,0,1,0
803,417708,269,-698,428,0,11058,-28648,17590,0,0,0,0,1,0
804,418229,391,-702,311,0,16053,-28833,12780,0,0,0,0,1,0
805,418750,498,-680,182,0,20432,-27910,7479,0,0,0,0,1,0
806,419270,585,-631,46,0,24025,-25915,1890,0,0,0,0,1,0
807,419791,650,-558,-92,0,26696,-22924,-3772,0,0,0,0,1,0
808,420312,690,-464,-226,0,28340,-19052,-9288,0,0,0,0,1,0
809,420833,704,-352,-352,0,28895,-14448,-14448,0,0,0,0,1,0
810,421354,690,-226,-464,0,28340,-9288,-19052,0,0,0,0,1,0
811,421875,650,-92,-558,0,26696,-3772,-22924,0,0,0,0,1,0
812,422395,585,46,-631,0,24025,1890,-25915,0,0,0,0,1,0
813,422916,498,182,-680,0,20432,7479,-27910,0,0,0,0,1,0
814,423437,391,311,-702,0,16053,12780,-28833,0,0,0,0,1,0
815,423958,269,428,-698,0,11058,17590,-28648,0,0,0,0,1,0
816,424479,137,529,-666,0,5637,21724,-27362,0,0,0,0,1,0
817,425000,0,610,-610,0,0,25024,-25024,0,0,0,0,1,0
818,425520,-137,666,-529,0,-5637,27362,-21724,0,0,0,0,1,0
819,426041,-269,698,-428,0,-11058,28648,-17590,0,0,0,0,1,0
820,426562,-391,702,-311,0,-16053,28833,-12780,0,0,0,0,1,0
821,427083,-498,680,-182,0,-20432,27910,-7479,0,0,0,0,1,0
822,427604,-585,631,-46,0,-24025,25915,-1890,0,0,0,0,1,0
823,428125,-650,558,92,0,-26696,22924,3772,0,0,0,0,1,0
824,428645,-690,464,226,0,-28340,19052,9288,0,0,0,0,1,0
825,429166,-704,352,352,0,-28895,14448,14448,0,0,0,0,1,0
826,429687,-690,226,464,0,-28340,9288,19052,0,0,0,0,1,0
827,430208,-650,92,558,0,-26696,3772,22924,0,0,0,0,1,0
828,430729,-585,-46,631,0,-24025,-1890,25915,0,0,0,0,1,0
829,431250,-498,-182,680,0,-20432,-7479,27910,0,0,0,0,1,0
830,431770,-391,-311,702,0,-16053,-12780,28833,0,0,0,0,1,0
831,432291,-269,-428,698,0,-11058,-17590,28648,0,0,0,0,1,0
832,432812,-137,-529,666,0,-5637,-21724,27362,0,0,0,0,1,0
833,433333,0,-610,610,0,0,-25024,25024,0,0,0,0,1,0
834,433854,137,-666,529,0,5637,-27362,21724,0,0,0,0,1,0
835,434375,269,-698,428,0,11058,-28648,17590,0,0,0,0,1,0
836,434895,391,-702,311,0,16053,-28833,12780,0,0,0,0,1,0
837,435416,498,-680,182,0,20432,-27910,7479,0,0,0,0,1,0
838,435937,585,-631,46,0,24025,-25915,1890,0,0,0,0,1,0
839,436458,650,-558,-92,0,26696,-22924,-3772,0,0,0,0,1,0
840,436979,690,-464,-226,0,28340,-19052,-9288,0,0,0,0,1,0
841,437500,704,-352,-352,0,28895,-14448,-14448,0,0,0,0,1,0
842,438020,690,-226,-464,0,28340,-9288,-19052,0,0,0,0,1,0
843,438541,650,-92,-558,0,26696,-3772,-22924,0,0,0,0,1,0
844,439062,585,46,-631,0,24025,1890,-25915,0,0,0,0,1,0
845,439583,498,182,-680,0,20432,7479,-27910,0,0,0,0,1,0
846,440104,391,311,-702,0,16053,12780,-28833,0,0,0,0,1,0
847,440625,269,428,-698,0,11058,17590,-28648,0,0,0,0,1,0
848,441145,137,529,-666,0,5637,21724,-27362,0,0,0,0,1,0
849,441666,0,610,-610,0,0,25024,-25024,0,0,0,0,1,0
850,442187,-137,666,-529,0,-5637,27362,-21724,0,0,0,0,1,0
851,442708,-269,698,-428,0,-11058,28648,-17590,0,0,0,0,1,0
852,443229,-391,702,-311,0,-16053,28833,-12780,0,0,0,0,1,0
853,443750,-498,680,-182,0,-20432,27910,-7479,0,0,0,0,1,0
854,444270,-585,631,-46,0,-24025,25915,-1890,0,0,0,0,1,0
855,444791,-650,558,92,0,-26696,22924,3772,0,0,0,0,1,0
856,445312,-690,464,226,0,-28340,19052,9288,0,0,0,0,1,0
857,445833,-704,352,352,0,-28895,14448,14448,0,0,0,0,1,0
858,446354,-690,226,464,0,-28340,9288,19052,0,0,0,0,1,0
859,446875,-650,92,558,0,-26696,3772,22924,0,0,0,0,1,0
860,447395,-585,-46,631,0,-24025,-1890,25915,0,0,0,0,1,0
861,447916,-498,-182,680,0,-20432,-7479,27910,0,0,0,0,1,0
862,448437,-391,-311,702,0,-16053,-12780,28833,0,0,0,0,1,0
863,448958,-269,-428,698,0,-11058,-17590,28648,0,0,0,0,1,0
864,449479,-137,-529,666,0,-5637,-21724,27362,0,0,0,0,1,0
865,450000,0,-610,610,0,0,-25024,25024,0,0,0,0,1,0
866,450520,137,-666,529,0,5637,-27362,21724,0,0,0,0,1,0
867,451041,269,-698,428,0,11058,-28648,17590,0,0,0,0,1,0
868,451562,391,-702,311,0,16053,-28833,12780,0,0,0,0,1,0
869,452083,498,-680,182,0,20432,-27910,7479,0,0,0,0,1,0
870,452604,585,-631,46,0,24025,-25915,1890,0,0,0,0,1,0
871,453125,650,-558,-92,0,26696,-22924,-3772,0,0,0,0,1,0
872,453645,690,-464,-226,0,28340,-19052,-9288,0,0,0,0,1,0
873,454166,704,-352,-352,0,28895,-14448,-14448,0,0,0,0,1,0
874,454687,690,-226,-464,0,28340,-9288,-19052,0,0,0,0,1,0
875,455208,650,-92,-558,0,26696,-3772,-22924,0,0,0,0,1,0
876,455729,585,46,-631,0,24025,1890,-25915,0,0,0,0,1,0
877,456250,498,182,-680,0,20432,7479,-27910,0,0,0,0,1,0
878,456770,391,311,-702,0,16053,12780,-28833,0,0,0,0,1,0
879,457291,269,428,-698,0,11058,17590,-28648,0,0,0,0,1,0
880,457812,137,529,-666,0,5637,21724,-27362,0,0,0,0,1,0
881,458333,0,610,-610,0,0,25024,-25024,0,0,0,0,1,0
882,458854,-137,666,-529,0,-5637,27362,-21724,0,0,0,0,1,0
883,459375,-269,698,-428,0,-11058,28648,-17590,0,0,0,0,1,0
884,459895,-391,702,-311,0,-16053,28833,-12780,0,0,0,0,1,0
885,460416,-498,680,-182,0,-20432,27910,-7479,0,0,0,0,1,0
886,460937,-585,631,-46,0,-24025,25915,-1890,0,0,0,0,1,0
887,461458,-650,558,92,0,-26696,22924,3772,0,0,0,0,1,0
888,461979,-690,464,226,0,-28340,19052,9288,0,0,0,0,1,0
889,462500,-704,352,352,0,-28895,14448,14448,0,0,0,0,1,0
890,463020,-690,226,464,0,-28340,9288,19052,0,0,0,0,1,0
891,463541,-650,92,558,0,-26696,3772,22924,0,0,0,0,1,0
892,464062,-585,-46,631,0,-24025,-1890,25915,0,0,0,0,1,0
893,464583,-498,-182,680,0,-20432,-7479,27910,0,0,0,0,1,0
894,465104,-391,-311,702,0,-16053,-12780,28833,0,0,0,0,1,0
895,465625,-269,-428,698,0,-11058,-17590,28648,0,0,0,0,1,0
896,466145,-137,-529,666,0,-5637,-21724,27362,0,0,0,0,1,0
897,466666,0,-610,610,0,0,-25024,25024,0,0,0,0,1,0
898,467187,137,-666,529,0,5637,-27362,21724,0,0,0,0,1,0
899,467708,269,-698,428,0,11058,-28648,17590,0,0,0,0,1,0
900,468229,391,-702,311,0,16053,-28833,12780,0,0,0,0,1,0
901,468750,498,-680,182,0,20432,-27910,7479,0,0,0,0,1,0
902,469270,585,-631,46,0,24025,-25915,1890,0,0,0,0,1,0
903,469791,650,-558,-92,0,26696,-22924,-3772,0,0,0,0,1,0
904,470312,690,-464,-226,0,28340,-19052,-9288,0,0,0,0,1,0
905,470833,704,-352,-352,0,28895,-14448,-14448,0,0,0,0,1,0
906,471354,690,-226,-464,0,28340,-9288,-19052,0,0,0,0,1,0
907,471875,650,-92,-558,0,26696,-3772,-22924,0,0,0,0,1,0
908,472395,585,46,-631,0,24025,1890,-25915,0,0,0,0,1,0
909,472916,498,182,-680,0,20432,7479,-27910,0,0,0,0,1,0
910,473437,391,311,-702,0,16053,12780,-28833,0,0,0,0,1,0
911,473958,269,428,-698,0,11058,17590,-28648,0,0,0,0,1,0
912,474479,137,529,-666,0,5637,21724,-27362,0,0,0,0,1,0
913,475000,0,610,-610,0,0,25024,-25024,0,0,0,0,1,0
914,475520,-137,666,-529,0,-5637,27362,-21724,0,0,0,0,1,0
915,476041,-269,698,-428,0,-11058,28648,-17590,0,0,0,0,1,0
916,476562,-391,702,-311,0,-16053,28833,-12780,0,0,0,0,1,0
917,477083,-498,680,-182,0,-20432,27910,-7479,0,0,0,0,1,0
918,477604,-585,631,-46,0,-24025,25915,-1890,0,0,0,0,1,0
919,478125,-650,558,92,0,-26696,22924,3772,0,0,0,0,1,0
920,478645,-690,464,226,0,-28340,19052,9288,0,0,0,0,1,0
921,479166,-704,352,352,0,-28895,14448,14448,0,0,0,0,1,0
922,479687,-690,226,464,0,-28340,9288,19052,0,0,0,0,1,0
923,480208,-650,92,558,0,-26696,3772,22924,0,0,0,0,1,0
924,480729,-585,-46,631,0,-24025,-1890,25915,0,0,0,0,1,0
925,481250,-498,-182,680,0,-20432,-7479,27910,0,0,0,0,1,0
926,481770,-391,-311,702,0,-16053,-12780,28833,0,0,0,0,1,0
927,482291,-269,-428,698,0,-11058,-17590,28648,0,0,0,0,1,0
928,482812,-137,-529,666,0,-5637,-21724,27362,0,0,0,0,1,0
929,483333,0,-610,610,0,0,-25024,25024,0,0,0,0,1,0
930,483854,137,-666,529,0,5637,-27362,21724,0,0,0,0,1,0
931,484375,269,-698,428,0,11058,-28648,17590,0,0,0,0,1,0
932,484895,391,-702,311,0,16053,-28833,12780,0,0,0,0,1,0
933,485416,498,-680,182,0,20432,-27910,7479,0,0,0,0,1,0
934,485937,585,-631,46,0,24025,-25915,1890,0,0,0,0,1,0
935,486458,650,-558,-92,0,26696,-22924,-3772,0,0,0,0,1,0
936,486979,690,-464,-226,0,28340,-19052,-9288,0,0,0,0,1,0
937,487500,704,-352,-352,0,28895,-14448,-14448,0,0,0,0,1,0
938,488020,690,-226,-464,0,28340,-9288,-19052,0,0,0,0,1,0
939,488541,650,-92,-558,0,26696,-3772,-22924,0,0,0,0,1,0
940,489062,585,46,-631,0,24025,1890,-25915,0,0,0,0,1,0
941,489583,498,182,-680,0,20432,7479,-27910,0,0,0,0,1,0
942,490104,391,311,-702,0,16053,12780,-28833,0,0,0,0,1,0
943,490625,269,428,-698,0,11058,17590,-28648,0,0,0,0,1,0
944,491145,137,529,-666,0,5637,21724,-27362,0,0,0,0,1,0
945,491666,0,610,-610,0,0,25024,-25024,0,0,0,0,1,0
946,492187,-137,666,-529,0,-5637,27362,-21724,0,0,0,0,1,0
947,492708,-269,698,-428,0,-11058,28648,-17590,0,0,0,0,1,0
948,493229,-391,702,-311,0,-16053,28833,-12780,0,0,0,0,1,0
949,493750,-498,680,-182,0,-20432,27910,-7479,0,0,0,0,1,0
950,494270,-585,631,-46,0,-24025,25915,-1890,0,0,0,0,1,0
951,494791,-650,558,92,0,-26696,22924,3772,0,0,0,0,1,0
952,495312,-690,464,226,0,-28340,19052,9288,0,0,0,0,1,0
953,495833,-704,352,352,0,-28895,14448,14448,0,0,0,0,1,0
954,496354,-690,226,464,0,-28340,9288,19052,0,0,0,0,1,0
955,496875,-650,92,558,0,-26696,3772,22924,0,0,0,0,1,0
956,497395,-585,-46,631,0,-24025,-1890,25915,0,0,0,0,1,0
957,497916,-498,-182,680,0,-20432,-7479,27910,0,0,0,0,1,0
958,498437,-391,-311,702,0,-16053,-12780,28833,0,0,0,0,1,0
959,498958,-269,-428,698,0,-11058,-17590,28648,0,0,0,0,1,0
960,499479,-137,-529,666,0,-5637,-21724,27362,0,0,0,0,1,0
961,500000,0,-610,610,0,0,-25024,25024,0,0,0,0,1,0
962,500520,137,-666,529,0,5637,-27362,21724,0,0,0,0,1,0
963,501041,269,-698,428,0,11058,-28648,17590,0,0,0,0,1,0
964,501562,391,-702,311,0,16053,-28833,12780,0,0,0,0,1,0
965,502083,498,-680,182,0,20432,-27910,7479,0,0,0,0,1,0
966,502604,585,-631,46,0,24025,-25915,1890,0,0,0,0,1,0
967,503125,650,-558,-92,0,26696,-22924,-3772,0,0,0,0,1,0
968,503645,690,-464,-226,0,28340,-19052,-9288,0,0,0,0,1,0
969,504166,704,-352,-352,0,28895,-14448,-14448,0,0,0,0,1,0
970,504687,690,-226,-464,0,28340,-9288,-19052,0,0,0,0,1,0
971,505208,650,-92,-558,0,26696,-3772,-22924,0,0,0,0,1,0
972,505729,585,46,-631,0,24025,1890,-25915,0,0,0,0,1,0
973,506250,498,182,-680,0,20432,7479,-27910,0,0,0,0,1,0
974,506770,391,311,-702,0,16053,12780,-28833,0,0,0,0,1,0
975,507291,269,428,-698,0,11058,17590,-28648,0,0,0,0,1,0
976,507812,137,529,-666,0,5637,21724,-27362,0,0,0,0,1,0
977,508333,0,610,-610,0,0,25024,-25024,0,0,0,0,1,0
978,508854,-137,666,-529,0,-5637,27362,-21724,0,0,0,0,1,0
979,509375,-269,698,-428,0,-11058,28648,-17590,0,0,0,0,1,0
980,509895,-391,702,-311,0,-16053,28833,-12780,0,0,0,0,1,0
981,510416,-498,680,-182,0,-20432,27910,-7479,0,0,0,0,1,0
982,510937,-585,631,-46,0,-24025,25915,-1890,0,0,0,0,1,0
983,511458,-650,558,92,0,-26696,22924,3772,0,0,0,0,1,0
984,511979,-690,464,226,0,-28340,19052,9288,0,0,0,0,1,0
985,512499,-704,352,352,0,-28895,14448,14448,0,0,0,0,1,0
986,513020,-690,226,464,0,-28340,9288,19052,0,0,0,0,1,0
987,513541,-650,92,558,0,-26696,3772,22924,0,0,0,0,1,0
988,514062,-585,-46,631,0,-24025,-1890,25915,0,0,0,0,1,0
989,514583,-498,-182,680,0,-20432,-7479,27910,0,0,0,0,1,0
990,515104,-391,-311,702,0,-16053,-12780,28833,0,0,0,0,1,0
991,515625,-269,-428,698,0,-11058,-17590,28648,0,0,0,0,1,0
992,516145,-137,-529,666,0,-5637,-21724,27362,0,0,0,0,1,0
993,516666,0,-610,610,0,0,-25024,25024,0,0,0,0,1,0
994,517187,137,-666,529,0,5637,-27362,21724,0,0,0,0,1,0
995,517708,269,-698,428,0,11058,-28648,17590,0,0,0,0,1,0
996,518229,391,-702,311,0,16053,-28833,12780,0,0,0,0,1,0
997,518750,498,-680,182,0,20432,-27910,7479,0,0,0,0,1,0
998,519270,585,-631,46,0,24025,-25915,1890,0,0,0,0,1,0
999,519791,650,-558,-92,0,26696,-22924,-3772,0,0,0,0,1,0
1000,520312,690,-464,-226,0,28340,-19052,-9288,0,0,0,0,1,0
1001,520833,704,-352,-352,0,28895,-14448,-14448,0,0,0,0,1,0
1002,521354,690,-226,-464,0,28340,-9288,-19052,0,0,0,0,1,0
1003,521875,650,-92,-558,0,26696,-3772,-22924,0,0,0,0,1,0
1004,522395,585,46,-631,0,24025,1890,-25915,0,0,0,0,1,0
1005,522916,498,182,-680,0,20432,7479,-27910,0,0,0,0,1,0
1006,523437,391,311,-702,0,16053,12780,-28833,0,0,0,0,1,0
1007,523958,269,428,-698,0,11058,17590,-28648,0,0,0,0,1,0
1008,524479,137,529,-666,0,5637,21724,-27362,0,0,0,0,1,0
1009,525000,0,610,-610,0,0,25024,-25024,0,0,0,0,1,0
1010,525520,-137,666,-529,0,-5637,27362,-21724,0,0,0,0,1,0
1011,526041,-269,698,-428,0,-11058,28648,-17590,0,0,0,0,1,0
1012,526562,-391,702,-311,0,-16053,28833,-12780,0,0,0,0,1,0
1013,527083,-498,680,-182,0,-20432,27910,-7479,0,0,0,0,1,0
1014,527604,-585,631,-46,0,-24025,25915,-1890,0,0,0,0,1,0
1015,528125,-650,558,92,0,-26696,22924,3772,0,0,0,0,1,0
1016,528645,-690,464,226,0,-28340,19052,9288,0,0,0,0,1,0
1017,529166,-704,352,352,0,-28895,14448,14448,0,0,0,0,1,0
1018,529687,-690,226,464,0,-28340,9288,19052,0,0,0,0,1,0
1019,530208,-650,92,558,0,-26696,3772,22924,0,0,0,0,1,0
1020,530729,-585,-46,631,0,-24025,-1890,25915,0,0,0,0,1,0
1021,531250,-498,-182,680,0,-20432,-7479,27910,0,0,0,0,1,0
1022,531770,-391,-311,702,0,-16053,-12780,28833,0,0,0,0,1,0
1023,532291,-269,-428,698,0,-11058,-17590,28648,0,0,0,0,1,0
1024,532812,-137,-529,666,0,-5637,-21724,27362,0,0,0,0,1,0
1025,533333,0,-610,610,0,0,-25024,25024,0,0,0,0,1,0
1026,533854,137,-666,529,0,5637,-27362,21724,0,0,0,0,1,0
1027,534375,269,-698,428,0,11058,-28648,17590,0,0,0,0,1,0
1028,534895,391,-702,311,0,16053,-28833,12780,0,0,0,0,1,0
1029,535416,498,-680,182,0,20432,-27910,7479,0,0,0,0,1,0
1030,535937,585,-631,46,0,24025,-25915,1890,0,0,0,0,1,0
1031,536458,650,-558,-92,0,26696,-22924,-3772,0,0,0,0,1,0
1032,536979,690,-464,-226,0,28340,-19052,-9288,0,0,0,0,1,0
1033,537500,704,-352,-352,0,28895,-14448,-14448,0,0,0,0,1,0
1034,538020,690,-226,-464,0,28340,-9288,-19052,0,0,0,0,1,0
1035,538541,650,-92,-558,0,26696,-3772,-22924,0,0,0,0,1,0
1036,539062,585,46,-631,0,24025,1890,-25915,0,0,0,0,1,0
1037,539583,498,182,-680,0,20432,7479,-27910,0,0,0,0,1,0
1038,540104,391,311,-702,0,16053,12780,-28833,0,0,0,0,1,0
1039,540625,269,428,-698,0,11058,17590,-28648,0,0,0,0,1,0
1040,541145,137,529,-666,0,5637,21724,-27362,0,0,0,0,1,0
1041,541666,0,610,-610,0,0,25024,-25024,0,0,0,0,1,0
1042,542187,-137,666,-529,0,-5637,27362,-21724,0,0,0,0,1,0
1043,542708,-269,698,-428,0,-11058,28648,-17590,0,0,0,0,1,0
1044,543229,-391,702,-311,0,-16053,28833,-12780,0,0,0,0,1,0
1045,543750,-498,680,-182,0,-20432,27910,-7479,0,0,0,0,1,0
1046,544270,-585,631,-46,0,-24025,25915,-1890,0,0,0,0,1,0
1047,544791,-650,558,92,0,-26696,22924,3772,0,0,0,0,1,0
1048,545312,-690,464,226,0,-28340,19052,9288,0,0,0,0,1,0
1049,545833,-704,352,352,0,-28895,14448,14448,0,0,0,0,1,0
1050,546354,-690,226,464,0,-28340,9288,19052,0,0,0,0,1,0
1051,546875,-650,92,558,0,-26696,3772,22924,0,0,0,0,1,0
1052,547395,-585,-46,631,0,-24025,-1890,25915,0,0,0,0,1,0
1053,547916,-498,-182,680,0,-20432,-7479,27910,0,0,0,0,1,0
1054,548437,-391,-311,702,0,-16053,-12780,28833,0,0,0,0,1,0
1055,548958,-269,-428,698,0,-11058,-17590,28648,0,0,0,0,1,0
1056,549479,-137,-529,666,0,-5637,-21724,27362,0,0,0,0,1,0
1057,550000,0,-610,610,0,0,-25024,25024,0,0,0,0,1,0
1058,550520,137,-666,529,0,5637,-27362,21724,0,0,0,0,1,0
1059,551041,269,-698,428,0,11058,-28648,17590,0,0,0,0,1,0
1060,551562,391,-702,311,0,16053,-28833,12780,0,0,0,0,1,0
1061,552083,498,-680,182,0,20432,-27910,7479,0,0,0,0,1,0
1062,552604,585,-631,46,0,24025,-25915,1890,0,0,0,0,1,0
1063,553125,650,-558,-92,0,26696,-22924,-3772,0,0,0,0,1,0
1064,553645,690,-464,-226,0,28340,-19052,-9288,0,0,0,0,1,0
1065,554166,704,-352,-352,0,28895,-14448,-14448,0,0,0,0,1,0
1066,554687,690,-226,-464,0,28340,-9288,-19052,0,0,0,0,1,0
1067,555208,650,-92,-558,0,26696,-3772,-22924,0,0,0,0,1,0
1068,555729,585,46,-631,0,24025,1890,-25915,0,0,0,0,1,0
1069,556250,498,182,-680,0,20432,7479,-27910,0,0,0,0,1,0
1070,556770,391,311,-702,0,16053,12780,-28833,0,0,0,0,1,0
1071,557291,269,428,-698,0,11058,17590,-28648,0,0,0,0,1,0
1072,557812,137,529,-666,0,5637,21724,-27362,0,0,0,0,1,0
1073,558333,0,610,-610,0,0,25024,-25024,0,0,0,0,1,0
1074,558854,-137,666,-529,0,-5637,27362,-21724,0,0,0,0,1,0
1075,559375,-269,698,-428,0,-11058,28648,-17590,0,0,0,0,1,0
1076,559895,-391,702,-311,0,-16053,28833,-12780,0,0,0,0,1,0
1077,560416,-498,680,-182,0,-20432,27910,-7479,0,0,0,0,1,0
1078,560937,-585,631,-46,0,-24025,25915,-1890,0,0,0,0,1,0
1079,561458,-650,558,92,0,-26696,22924,3772,0,0,0,0,1,0
1080,561979,-690,464,226,0,-28340,19052,9288,0,0,0,0,1,0
1081,562500,-704,352,352,0,-28895,14448,14448,0,0,0,0,1,0
1082,563020,-690,226,464,0,-28340,9288,19052,0,0,0,0,1,0
1083,563541,-650,92,558,0,-26696,3772,22924,0,0,0,0,1,0
1084,564062,-585,-46,631,0,-24025,-1890,25915,0,0,0,0,1,0
1085,564583,-498,-182,680,0,-20432,-7479,27910,0,0,0,0,1,0
1086,565104,-391,-311,702,0,-16053,-12780,28833,0,0,0,0,1,0
1087,565625,-269,-428,698,0,-11058,-17590,28648,0,0,0,0,1,0
1088,566145,-137,-529,666,0,-5637,-21724,27362,0,0,0,0,1,0
1089,566666,0,-610,610,0,0,-25024,25024,0,0,0,0,1,0
1090,567187,137,-666,529,0,5637,-27362,21724,0,0,0,0,1,0
1091,567708,269,-698,428,0,11058,-28648,17590,0,0,0,0,1,0
1092,568229,391,-702,311,0,16053,-28833,12780,0,0,0,0,1,0
1093,568750,498,-680,182,0,20432,-27910,7479,0,0,0,0,1,0
1094,569270,585,-631,46,0,24025,-25915,1890,0,0,0,0,1,0
1095,569791,650,-558,-92,0,26696,-22924,-3772,0,0,0,0,1,0
1096,570312,690,-464,-226,0,28340,-19052,-9288,0,0,0,0,1,0
1097,570833,704,-352,-352,0,28895,-14448,-14448,0,0,0,0,1,0
1098,571354,690,-226,-464,0,28340,-9288,-19052,0,0,0,0,1,0
1099,571875,650,-92,-558,0,26696,-3772,-22924,0,0,0,0,1,0
1100,572395,585,46,-631,0,24025,1890,-25915,0,0,0,0,1,0
1101,572916,498,182,-680,0,20432,7479,-27910,0,0,0,0,1,0
1102,573437,391,311,-702,0,16053,12780,-28833,0,0,0,0,1,0
1103,573958,269,428,-698,0,11058,17590,-28648,0,0,0,0,1,0
1104,574479,137,529,-666,0,5637,21724,-27362,0,0,0,0,1,0
1105,575000,0,610,-610,0,0,25024,-25024,0,0,0,0,1,0
1106,575520,-137,666,-529,0,-5637,27362,-21724,0,0,0,0,1,0
1107,576041,-269,698,-428,0,-11058,28648,-17590,0,0,0,0,1,0
1108,576562,-391,702,-311,0,-16053,28833,-12780,0,0,0,0,1,0
1109,577083,-498,680,-182,0,-20432,27910,-7479,0,0,0,0,1,0
1110,577604,-585,631,-46,0,-24025,25915,-1890,0,0,0,0,1,0
1111,578125,-650,558,92,0,-26696,22924,3772,0,0,0,0,1,0
1112,578645,-690,464,226,0,-28340,19052,9288,0,0,0,0,1,0
1113,579166,-704,352,352,0,-28895,14448,14448,0,0,0,0,1,0
1114,579687,-690,226,464,0,-28340,9288,19052,0,0,0,0,1,0
1115,580208,-650,92,558,0,-26696,3772,22924,0,0,0,0,1,0
1116,580729,-585,-46,631,0,-24025,-1890,25915,0,0,0,0,1,0
1117,581250,-498,-182,680,0,-20432,-7479,27910,0,0,0,0,1,0
1118,581770,-391,-311,702,0,-16053,-12780,28833,0,0,0,0,1,0
1119,582291,-269,-428,698,0,-11058,-17590,28648,0,0,0,0,1,0
1120,582812,-137,-529,666,0,-5637,-21724,27362,0,0,0,0,1,0
1121,583333,0,-610,610,0,0,-25024,25024,0,0,0,0,1,0
1122,583854,137,-666,529,0,5637,-27362,21724,0,0,0,0,1,0
1123,584375,269,-698,428,0,11058,-28648,17590,0,0,0,0,1,0
1124,584895,391,-702,311,0,16053,-28833,12780,0,0,0,0,1,0
1125,585416,498,-680,182,0,20432,-27910,7479,0,0,0,0,1,0
1126,585937,585,-631,46,0,24025,-25915,1890,0,0,0,0,1,0
1127,586458,650,-558,-92,0,26696,-22924,-3772,0,0,0,0,1,0
1128,586979,690,-464,-226,0,28340,-19052,-9288,0,0,0,0,1,0
1129,587500,704,-352,-352,0,28895,-14448,-14448,0,0,0,0,1,0
1130,588020,690,-226,-464,0,28340,-9288,-19052,0,0,0,0,1,0
1131,588541,650,-92,-558,0,26696,-3772,-22924,0,0,0,0,1,0
1132,589062,585,46,-631,0,24025,1890,-25915,0,0,0,0,1,0
1133,589583,498,182,-680,0,20432,7479,-27910,0,0,0,0,1,0
1134,590104,391,311,-702,0,16053,12780,-28833,0,0,0,0,1,0
1135,590625,269,428,-698,0,11058,17590,-28648,0,0,0,0,1,0
1136,591145,137,529,-666,0,5637,21724,-27362,0,0,0,0,1,0
1137,591666,0,610,-610,0,0,25024,-25024,0,0,0,0,1,0
1138,592187,-137,666,-529,0,-5637,27362,-21724,0,0,0,0,1,0
1139,592708,-269,698,-428,0,-11058,28648,-17590,0,0,0,0,1,0
1140,593229,-391,702,-311,0,-16053,28833,-12780,0,0,0,0,1,0
1141,593750,-498,680,-182,0,-20432,27910,-7479,0,0,0,0,1,0
1142,594270,-585,631,-46,0,-24025,25915,-1890,0,0,0,0,1,0
1143,594791,-650,558,92,0,-26696,22924,3772,0,0,0,0,1,0
1144,595312,-690,464,226,0,-28340,19052,9288,0,0,0,0,1,0
1145,595833,-704,352,352,0,-28895,14448,14448,0,0,0,0,1,0
1146,596354,-690,226,464,0,-28340,9288,19052,0,0,0,0,1,0
1147,596875,-650,92,558,0,-26696,3772,22924,0,0,0,0,1,0
1148,597395,-585,-46,631,0,-24025,-1890,25915,0,0,0,0,1,0
1149,597916,-498,-182,680,0,-20432,-7479,27910,0,0,0,0,1,0
1150,598437,-391,-311,702,0,-16053,-12780,28833,0,0,0,0,1,0
1151,598958,-269,-428,698,0,-11058,-17590,28648,0,0,0,0,1,0
1152,599479,-137,-529,666,0,-5637,-21724,27362,0,0,0,0,1,0
1153,600000,0,-610,610,0,0,-25024,25024,0,0,0,0,1,0
1154,600520,137,-666,529,0,5637,-27362,21724,0,0,0,0,1,0
1155,601041,269,-698,428,0,11058,-28648,17590,0,0,0,0,1,0
1156,601562,391,-702,311,0,16053,-28833,12780,0,0,0,0,1,0
1157,602083,498,-680,182,0,20432,-27910,7479,0,0,0,0,1,0
1158,602604,585,-631,46,0,24025,-25915,1890,0,0,0,0,1,0
1159,603125,650,-558,-92,0,26696,-22924,-3772,0,0,0,0,1,0
1160,603645,690,-464,-226,0,28340,-19052,-9288,0,0,0,0,1,0
1161,604166,704,-352,-352,0,28895,-14448,-14448,0,0,0,0,1,0
1162,604687,690,-226,-464,0,28340,-9288,-19052,0,0,0,0,1,0
1163,605208,650,-92,-558,0,26696,-3772,-22924,0,0,0,0,1,0
1164,605729,585,46,-631,0,24025,1890,-25915,0,0,0,0,1,0
1165,606250,498,182,-680,0,20432,7479,-27910,0,0,0,0,1,0
1166,606770,391,311,-702,0,16053,12780,-28833,0,0,0,0,1,0
1167,607291,269,428,-698,0,11058,17590,-28648,0,0,0,0,1,0
1168,607812,137,529,-666,0,5637,21724,-27362,0,0,0,0,1,0
1169,608333,0,610,-610,0,0,25024,-25024,0,0,0,0,1,0
1170,608854,-137,666,-529,0,-5637,27362,-21724,0,0,0,0,1,0
1171,609375,-269,698,-428,0,-11058,28648,-17590,0,0,0,0,1,0
1172,609895,-391,702,-311,0,-16053,28833,-12780,0,0,0,0,1,0
1173,610416,-498,680,-182,0,-20432,27910,-7479,0,0,0,0,1,0
1174,610937,-585,631,-46,0,-24025,25915,-1890,0,0,0,0,1,0
1175,611458,-650,558,92,0,-26696,22924,3772,0,0,0,0,1,0
1176,611979,-690,464,226,0,-28340,19052,9288,0,0,0,0,1,0
1177,612500,-704,352,352,0,-28895,14448,14448,0,0,0,0,1,0
1178,613020,-690,226,464,0,-28340,9288,19052,0,0,0,0,1,0
1179,613541,-650,92,558,0,-26696,3772,22924,0,0,0,0,1,0
1180,614062,-585,-46,631,0,-24025,-1890,25915,0,0,0,0,1,0
1181,614583,-498,-182,680,0,-20432,-7479,27910,0,0,0,0,1,0
1182,615104,-391,-311,702,0,-16053,-12780,28833,0,0,0,0,1,0
1183,615625,-269,-428,698,0,-11058,-17590,28648,0,0,0,0,1,0
1184,616145,-137,-529,666,0,-5637,-21724,27362,0,0,0,0,1,0
1185,616666,0,-610,610,0,0,-25024,25024,0,0,0,0,1,0
1186,617187,137,-666,529,0,5637,-27362,21724,0,0,0,0,1,0
1187,617708,269,-698,428,0,11058,-28648,17590,0,0,0,0,1,0
1188,618229,391,-702,311,0,16053,-28833,12780,0,0,0,0,1,0
1189,618750,498,-680,182,0,20432,-27910,7479,0,0,0,0,1,0
1190,619270,585,-631,46,0,24025,-25915,1890,0,0,0,0,1,0
1191,619791,650,-558,-92,0,26696,-22924,-3772,0,0,0,0,1,0
1192,620312,690,-464,-226,0,28340,-19052,-9288,0,0,0,0,1,0
1193,620833,704,-352,-352,0,28895,-14448,-14448,0,0,0,0,1,0
1194,621354,690,-226,-464,0,28340,-9288,-19052,0,0,0,0,1,0
1195,621875,650,-92,-558,0,26696,-3772,-22924,0,0,0,0,1,0
1196,622395,585,46,-631,0,24025,1890,-25915,0,0,0,0,1,0
1197,622916,498,182,-680,0,20432,7479,-27910,0,0,0,0,1,0
1198,623437,391,311,-702,0,16053,12780,-28833,0,0,0,0,1,0
1199,623958,269,428,-698,0,11058,17590,-28648,0,0,0,0,1,0
1200,624479,137,529,-666,0,5637,21724,-27362,0,0,0,0,1,0
1201,625000,0,610,-610,0,0,25024,-25024,0,0,0,0,1,0
1202,625520,-137,666,-529,0,-5637,27362,-21724,0,0,0,0,1,0
1203,626041,-269,698,-428,0,-11058,28648,-17590,0,0,0,0,1,0
1204,626562,-391,702,-311,0,-16053,28833,-12780,0,0,0,0,1,0
1205,627083,-498,680,-182,0,-20432,27910,-7479,0,0,0,0,1,0
1206,627604,-585,631,-46,0,-24025,25915,-1890,0,0,0,0,1,0
1207,628125,-650,558,92,0,-26696,22924,3772,0,0,0,0,1,0
1208,628645,-690,464,226,0,-28340,19052,9288,0,0,0,0,1,0
1209,629166,-704,352,352,0,-28895,14448,14448,0,0,0,0,1,0
1210,629687,-690,226,464,0,-28340,9288,19052,0,0,0,0,1,0
1211,630208,-650,92,558,0,-26696,3772,22924,0,0,0,0,1,0
1212,630729,-585,-46,631,0,-24025,-1890,25915,0,0,0,0,1,0
1213,631250,-498,-182,680,0,-20432,-7479,27910,0,0,0,0,1,0
1214,631770,-391,-311,702,0,-16053,-12780,28833,0,0,0,0,1,0
1215,632291,-269,-428,698,0,-11058,-17590,28648,0,0,0,0,1,0
1216,632812,-137,-529,666,0,-5637,-21724,27362,0,0,0,0,1,0
1217,633333,0,-610,610,0,0,-25024,25024,0,0,0,0,1,0
1218,633854,137,-666,529,0,5637,-27362,21724,0,0,0,0,1,0
1219,634375,269,-698,428,0,11058,-28648,17590,0,0,0,0,1,0
1220,634895,391,-702,311,0,16053,-28833,12780,0,0,0,0,1,0
1221,635416,498,-680,182,0,20432,-27910,7479,0,0,0,0,1,0
1222,635937,585,-631,46,0,24025,-25915,1890,0,0,0,0,1,0
1223,636458,650,-558,-92,0,26696,-22924,-3772,0,0,0,0,1,0
1224,636979,690,-464,-226,0,28340,-19052,-9288,0,0,0,0,1,0
1225,637500,704,-352,-352,0,28895,-14448,-14448,0,0,0,0,1,0
1226,638020,690,-226,-464,0,28340,-9288,-19052,0,0,0,0,1,0
1227,638541,650,-92,-558,0,26696,-3772,-22924,0,0,0,0,1,0
1228,639062,585,46,-631,0,24025,1890,-25915,0,0,0,0,1,0
1229,639583,498,182,-680,0,20432,7479,-27910,0,0,0,0,1,0
1230,640104,391,311,-702,0,16053,12780,-28833,0,0,0,0,1,0
1231,640625,269,428,-698,0,11058,17590,-28648,0,0,0,0,1,0
1232,641145,137,529,-666,0,5637,21724,-27362,0,0,0,0,1,0
1233,641666,0,610,-610,0,0,25024,-25024,0,0,0,0,1,0
1234,642187,-137,666,-529,0,-5637,27362,-21724,0,0,0,0,1,0
1235,642708,-269,698,-428,0,-11058,28648,-17590,0,0,0,0,1,0
1236,643229,-391,702,-311,0,-16053,28833,-12780,0,0,0,0,1,0
1237,643750,-498,680,-182,0,-20432,27910,-7479,0,0,0,0,1,0
1238,644270,-585,631,-46,0,-24025,25915,-1890,0,0,0,0,1,0
1239,644791,-650,558,92,0,-26696,22924,3772,0,0,0,0,1,0
1240,645312,-690,464,226,0,-28340,19052,9288,0,0,0,0,1,0
1241,645833,-704,352,352,0,-28895,14448,14448,0,0,0,0,1,0
1242,646354,-690,226,464,0,-28340,9288,19052,0,0,0,0,1,0
1243,646875,-650,92,558,0,-26696,3772,22924,0,0,0,0,1,0
1244,647395,-585,-46,631,0,-24025,-1890,25915,0,0,0,0,1,0
1245,647916,-498,-182,680,0,-20432,-7479,27910,0,0,0,0,1,0
1246,648437,-391,-311,702,0,-16053,-12780,28833,0,0,0,0,1,0
