1,0,0,-318,318,0,0,-23513,23513,0,0,0,0,1,0
2,260,36,-335,299,0,2661,-24731,22069,0,0,0,0,1,0
3,520,72,-348,276,0,5297,-25710,20413,0,0,0,0,1,0
4,781,107,-358,251,0,7881,-26442,18560,0,0,0,0,1,0
5,1041,141,-364,224,0,10390,-26918,16528,0,0,0,0,1,0
6,1302,173,-367,194,0,12799,-27136,14337,0,0,0,0,1,0
7,1562,204,-367,163,0,15084,-27093,12008,0,0,0,0,1,0
8,1822,233,-363,129,0,17224,-26788,9564,0,0,0,0,1,0
9,2083,260,-355,95,0,19198,-26226,7027,0,0,0,0,1,0
10,2343,284,-344,60,0,20988,-25411,4423,0,0,0,0,1,0
11,2604,306,-330,24,0,22575,-24351,1776,0,0,0,0,1,0
12,2864,324,-312,-12,0,23945,-23056,-888,0,0,0,0,1,0
13,3125,340,-292,-48,0,25084,-21540,-3544,0,0,0,0,1,0
14,3385,352,-268,-83,0,25982,-19816,-6165,0,0,0,0,1,0
15,3645,361,-242,-118,0,26629,-17902,-8727,0,0,0,0,1,0
16,3906,366,-214,-152,0,27020,-15815,-11205,0,0,0,0,1,0
17,4166,368,-184,-184,0,27151,-13575,-13575,0,0,0,0,1,0
18,4427,366,-152,-214,0,27020,-11205,-15815,0,0,0,0,1,0
19,4687,361,-118,-242,0,26629,-8727,-17902,0,0,0,0,1,0
20,4947,352,-83,-268,0,25982,-6165,-19816,0,0,0,0,1,0
21,5208,340,-48,-292,0,25084,-3544,-21540,0,0,0,0,1,0
22,5468,324,-12,-312,0,23945,-888,-23056,0,0,0,0,1,0
23,5729,306,24,-330,0,22575,1776,-24351,0,0,0,0,1,0
24,5989,284,60,-344,0,20988,4423,-25411,0,0,0,0,1,0
25,6250,260,95,-355,0,19198,7027,-26226,0,0,0,0,1,0
26,6510,233,129,-363,0,17224,9564,-26788,0,0,0,0,1,0
27,6770,204,163,-367,0,15084,12008,-27093,0,0,0,0,1,0
28,7031,173,194,-367,0,12799,14337,-27136,0,0,0,0,1,0
29,7291,141,224,-364,0,10390,16528,-26918,0,0,0,0,1,0
30,7552,107,251,-358,0,7881,18560,-26442,0,0,0,0,1,0
31,7812,72,276,-348,0,5297,20413,-25710,0,0,0,0,1,0
32,8072,36,299,-335,0,2661,22069,-24731,0,0,0,0,1,0
33,8333,0,318,-318,0,0,23513,-23513,0,0,0,0,1,0
34,8593,-36,335,-299,0,-2661,24731,-22069,0,0,0,0,1,0
35,8854,-72,348,-276,0,-5297,25710,-20413,0,0,0,0,1,0
36,9114,-107,358,-251,0,-7881,26442,-18560,0,0,0,0,1,0
37,9375,-141,364,-224,0,-10390,26918,-16528,0,0,0,0,1,0
38,9635,-173,367,-194,0,-12799,27136,-14337,0,0,0,0,1,0
39,9895,-204,367,-163,0,-15084,27093,-12008,0,0,0,0,1,0
40,10156,-233,363,-129,0,-17224,26788,-9564,0,0,0,0,1,0
41,10416,-260,355,-95,0,-19198,26226,-7027,0,0,0,0,1,0
42,10677,-284,344,-60,0,-20988,25411,-4423,0,0,0,0,1,0
43,10937,-306,330,-24,0,-22575,24351,-1776,0,0,0,0,1,0
44,11197,-324,312,12,0,-23945,23056,888,0,0,0,0,1,0
45,11458,-340,292,48,0,-25084,21540,3544,0,0,0,0,1,0
46,11718,-352,268,83,0,-25982,19816,6165,0,0,0,0,1,0
47,11979,-361,242,118,0,-26629,17902,8727,0,0,0,0,1,0
48,12239,-366,214,152,0,-27020,15815,11205,0,0,0,0,1,0
49,12500,-368,184,184,0,-27151,13575,13575,0,0,0,0,1,0
50,12760,-366,152,214,0,-27020,11205,15815,0,0,0,0,1,0
51,13020,-361,118,242,0,-26629,8727,17902,0,0,0,0,1,0
52,13281,-352,83,268,0,-25982,6165,19816,0,0,0,0,1,0
53,13541,-340,48,292,0,-25084,3544,21540,0,0,0,0,1,0
54,13802,-324,12,312,0,-23945,888,23056,0,0,0,0,1,0
55,14062,-306,-24,330,0,-22575,-1776,24351,0,0,0,0,1,0
56,14322,-284,-60,344,0,-20988,-4423,25411,0,0,0,0,1,0
57,14583,-260,-95,355,0,-19198,-7027,26226,0,0,0,0,1,0
58,14843,-233,-129,363,0,-17224,-9564,26788,0,0,0,0,1,0
59,15104,-204,-163,367,0,-15084,-12008,27093,0,0,0,0,1,0
60,15364,-173,-194,367,0,-12799,-14337,27136,0,0,0,0,1,0
61,15625,-141,-224,364,0,-10390,-16528,26918,0,0,0,0,1,0
62,15885,-107,-251,358,0,-7881,-18560,26442,0,0,0,0,1,0
63,16145,-72,-276,348,0,-5297,-20413,25710,0,0,0,0,1,0
64,16406,-36,-299,335,0,-2661,-22069,24731,0,0,0,0,1,0
65,16666,0,-318,318,0,0,-23513,23513,0,0,0,0,1,0
66,16927,36,-335,299,0,2661,-24731,22069,0,0,0,0,1,0
67,17187,72,-348,276,0,5297,-25710,20413,0,0,0,0,1,0
68,17447,107,-358,251,0,7881,-26442,18560,0,0,0,0,1,0
69,17708,141,-364,224,0,10390,-26918,16528,0,0,0,0,1,0
70,17968,173,-367,194,0,12799,-27136,14337,0,0,0,0,1,0
71,18229,204,-367,163,0,15084,-27093,12008,0,0,0,0,1,0
72,18489,233,-363,129,0,17224,-26788,9564,0,0,0,0,1,0
73,18750,260,-355,95,0,19198,-26226,7027,0,0,0,0,1,0
74,19010,284,-344,60,0,20988,-25411,4423,0,0,0,0,1,0
75,19270,306,-330,24,0,22575,-24351,1776,0,0,0,0,1,0
76,19531,324,-312,-12,0,23945,-23056,-888,0,0,0,0,1,0
77,19791,340,-292,-48,0,25084,-21540,-3544,0,0,0,0,1,0
78,20052,352,-268,-83,0,25982,-19816,-6165,0,0,0,0,1,0
79,20312,361,-242,-118,0,26629,-17902,-8727,0,0,0,0,1,0
80,20572,366,-214,-152,0,27020,-15815,-11205,0,0,0,0,1,0
81,20833,368,-184,-184,0,27151,-13575,-13575,0,0,0,0,1,0
82,21093,366,-152,-214,0,27020,-11205,-15815,0,0,0,0,1,0
83,21354,361,-118,-242,0,26629,-8727,-17902,0,0,0,0,1,0
84,21614,352,-83,-268,0,25982,-6165,-19816,0,0,0,0,1,0
85,21875,340,-48,-292,0,25084,-3544,-21540,0,0,0,0,1,0
86,22135,324,-12,-312,0,23945,-888,-23056,0,0,0,0,1,0
87,22395,306,24,-330,0,22575,1776,-24351,0,0,0,0,1,0
88,22656,284,60,-344,0,20988,4423,-25411,0,0,0,0,1,0
89,22916,260,95,-355,0,19198,7027,-26226,0,0,0,0,1,0
90,23177,233,129,-363,0,17224,9564,-26788,0,0,0,0,1,0
91,23437,204,163,-367,0,15084,12008,-27093,0,0,0,0,1,0
92,23697,173,194,-367,0,12799,14337,-27136,0,0,0,0,1,0
93,23958,141,224,-364,0,10390,16528,-26918,0,0,0,0,1,0
94,24218,107,251,-358,0,7881,18560,-26442,0,0,0,0,1,0
95,24479,72,276,-348,0,5297,20413,-25710,0,0,0,0,1,0
96,24739,36,299,-335,0,2661,22069,-24731,0,0,0,0,1,0
97,25000,0,318,-318,0,0,23513,-23513,0,0,0,0,1,0
98,25260,-36,335,-299,0,-2661,24731,-22069,0,0,0,0,1,0
99,25520,-72,348,-276,0,-5297,25710,-20413,0,0,0,0,1,0
100,25781,-107,358,-251,0,-7881,26442,-18560,0,0,0,0,1,0
101,26041,-141,364,-224,0,-10390,26918,-16528,0,0,0,0,1,0
102,26302,-173,367,-194,0,-12799,27136,-14337,0,0,0,0,1,0
103,26562,-204,367,-163,0,-15084,27093,-12008,0,0,0,0,1,0
104,26822,-233,363,-129,0,-17224,26788,-9564,0,0,0,0,1,0
105,27083,-260,355,-95,0,-19198,26226,-7027,0,0,0,0,1,0
106,27343,-284,344,-60,0,-20988,25411,-4423,0,0,0,0,1,0
107,27604,-306,330,-24,0,-22575,24351,-1776,0,0,0,0,1,0
108,27864,-324,312,12,0,-23945,23056,888,0,0,0,0,1,0
109,28125,-340,292,48,0,-25084,21540,3544,0,0,0,0,1,0
110,28385,-352,268,83,0,-25982,19816,6165,0,0,0,0,1,0
111,28645,-361,242,118,0,-26629,17902,8727,0,0,0,0,1,0
112,28906,-366,214,152,0,-27020,15815,11205,0,0,0,0,1,0
113,29166,-368,184,184,0,-27151,13575,13575,0,0,0,0,1,0
114,29427,-366,152,214,0,-27020,11205,15815,0,0,0,0,1,0
115,29687,-361,118,242,0,-26629,8727,17902,0,0,0,0,1,0
116,29947,-352,83,268,0,-25982,6165,19816,0,0,0,0,1,0
117,30208,-340,48,292,0,-25084,3544,21540,0,0,0,0,1,0
118,30468,-324,12,312,0,-23945,888,23056,0,0,0,0,1,0
119,30729,-306,-24,330,0,-22575,-1776,24351,0,0,0,0,1,0
120,30989,-284,-60,344,0,-20988,-4423,25411,0,0,0,0,1,0
121,31250,-260,-95,355,0,-19198,-7027,26226,0,0,0,0,1,0
122,31510,-233,-129,363,0,-17224,-9564,26788,0,0,0,0,1,0
123,31770,-204,-163,367,0,-15084,-12008,27093,0,0,0,0,1,0
124,32031,-173,-194,367,0,-12799,-14337,27136,0,0,0,0,1,0
125,32291,-141,-224,364,0,-10390,-16528,26918,0,0,0,0,1,0
126,32552,-107,-251,358,0,-7881,-18560,26442,0,0,0,0,1,0
127,32812,-72,-276,348,0,-5297,-20413,25710,0,0,0,0,1,0
128,33072,-36,-299,335,0,-2661,-22069,24731,0,0,0,0,1,0
129,33333,0,-318,318,0,0,-23513,23513,0,0,0,0,1,0
130,33593,36,-335,299,0,2661,-24731,22069,0,0,0,0,1,0
131,33854,72,-348,276,0,5297,-25710,20413,0,0,0,0,1,0
132,34114,107,-358,251,0,7881,-26442,18560,0,0,0,0,1,0
133,34375,141,-364,224,0,10390,-26918,16528,0,0,0,0,1,0
134,34635,173,-367,194,0,12799,-27136,14337,0,0,0,0,1,0
135,34895,204,-367,163,0,15084,-27093,12008,0,0,0,0,1,0
136,35156,233,-363,129,0,17224,-26788,9564,0,0,0,0,1,0
137,35416,260,-355,95,0,19198,-26226,7027,0,0,0,0,1,0
138,35677,284,-344,60,0,20988,-25411,4423,0,0,0,0,1,0
139,35937,306,-330,24,0,22575,-24351,1776,0,0,0,0,1,0
140,36197,324,-312,-12,0,23945,-23056,-888,0,0,0,0,1,0
141,36458,340,-292,-48,0,25084,-21540,-3544,0,0,0,0,1,0
142,36718,352,-268,-83,0,25982,-19816,-6165,0,0,0,0,1,0
143,36979,361,-242,-118,0,26629,-17902,-8727,0,0,0,0,1,0
144,37239,366,-214,-152,0,27020,-15815,-11205,0,0,0,0,1,0
145,37500,368,-184,-184,0,27151,-13575,-13575,0,0,0,0,1,0
146,37760,366,-152,-214,0,27020,-11205,-15815,0,0,0,0,1,0
147,38020,361,-118,-242,0,26629,-8727,-17902,0,0,0,0,1,0
148,38281,352,-83,-268,0,25982,-6165,-19816,0,0,0,0,1,0
149,38541,340,-48,-292,0,25084,-3544,-21540,0,0,0,0,1,0
150,38802,324,-12,-312,0,23945,-888,-23056,0,0,0,0,1,0
151,39062,306,24,-330,0,22575,1776,-24351,0,0,0,0,1,0
152,39322,284,60,-344,0,20988,4423,-25411,0,0,0,0,1,0
153,39583,260,95,-355,0,19198,7027,-26226,0,0,0,0,1,0
154,39843,233,129,-363,0,17224,9564,-26788,0,0,0,0,1,0
155,40104,204,163,-367,0,15084,12008,-27093,0,0,0,0,1,0
156,40364,173,194,-367,0,12799,14337,-27136,0,0,0,0,1,0
157,40625,141,224,-364,0,10390,16528,-26918,0,0,0,0,1,0
158,40885,107,251,-358,0,7881,18560,-26442,0,0,0,0,1,0
159,41145,72,276,-348,0,5297,20413,-25710,0,0,0,0,1,0
160,41406,36,299,-335,0,2661,22069,-24731,0,0,0,0,1,0
161,41666,0,318,-318,0,0,23513,-23513,0,0,0,0,1,0
162,41927,-36,335,-299,0,-2661,24731,-22069,0,0,0,0,1,0
163,42187,-72,348,-276,0,-5297,25710,-20413,0,0,0,0,1,0
164,42447,-107,358,-251,0,-7881,26442,-18560,0,0,0,0,1,0
165,42708,-141,364,-224,0,-10390,26918,-16528,0,0,0,0,1,0
166,42968,-173,367,-194,0,-12799,27136,-14337,0,0,0,0,1,0
167,43229,-204,367,-163,0,-15084,27093,-12008,0,0,0,0,1,0
168,43489,-233,363,-129,0,-17224,26788,-9564,0,0,0,0,1,0
169,43750,-260,355,-95,0,-19198,26226,-7027,0,0,0,0,1,0
170,44010,-284,344,-60,0,-20988,25411,-4423,0,0,0,0,1,0
171,44270,-306,330,-24,0,-22575,24351,-1776,0,0,0,0,1,0
172,44531,-324,312,12,0,-23945,23056,888,0,0,0,0,1,0
173,44791,-340,292,48,0,-25084,21540,3544,0,0,0,0,1,0
174,45052,-352,268,83,0,-25982,19816,6165,0,0,0,0,1,0
175,45312,-361,242,118,0,-26629,17902,8727,0,0,0,0,1,0
176,45572,-366,214,152,0,-27020,15815,11205,0,0,0,0,1,0
177,45833,-368,184,184,0,-27151,13575,13575,0,0,0,0,1,0
178,46093,-366,152,214,0,-27020,11205,15815,0,0,0,0,1,0
179,46354,-361,118,242,0,-26629,8727,17902,0,0,0,0,1,0
180,46614,-352,83,268,0,-25982,6165,19816,0,0,0,0,1,0
181,46875,-340,48,292,0,-25084,3544,21540,0,0,0,0,1,0
182,47135,-324,12,312,0,-23945,888,23056,0,0,0,0,1,0
183,47395,-306,-24,330,0,-22575,-1776,24351,0,0,0,0,1,0
184,47656,-284,-60,344,0,-20988,-4423,25411,0,0,0,0,1,0
185,47916,-260,-95,355,0,-19198,-7027,26226,0,0,0,0,1,0
186,48177,-233,-129,363,0,-17224,-9564,26788,0,0,0,0,1,0
187,48437,-204,-163,367,0,-15084,-12008,27093,0,0,0,0,1,0
188,48697,-173,-194,367,0,-12799,-14337,27136,0,0,0,0,1,0
189,48958,-141,-224,364,0,-10390,-16528,26918,0,0,0,0,1,0
190,49218,-107,-251,358,0,-7881,-18560,26442,0,0,0,0,1,0
191,49479,-72,-276,348,0,-5297,-20413,25710,0,0,0,0,1,0
192,49739,-36,-299,335,0,-2661,-22069,24731,0,0,0,0,1,0
193,50000,16248,-14071,318,2496,0,-2351,27040,0,1,0,0,1,0
194,50260,17715,-13097,299,4917,213,-2473,25380,0,1,0,0,1,0
195,50520,19127,-12046,276,7357,424,-2571,23475,0,1,0,0,1,0
196,50781,20466,-10927,251,9790,631,-2644,21344,0,1,0,0,1,0
197,51041,21721,-9752,224,12193,831,-2692,19008,0,1,0,0,1,0
198,51302,22878,-8530,194,14543,1024,-2714,16488,0,1,0,0,1,0
199,51562,23924,-7272,163,16814,1207,-2709,13810,0,1,0,0,1,0
200,51822,24849,-5992,129,18986,1378,-2679,10998,0,1,0,0,1,0
201,52083,25642,-4700,95,21037,1536,-2623,8081,0,1,0,0,1,0
202,52343,26294,-3408,60,22946,1679,-2541,5086,0,1,0,0,1,0
203,52604,26800,-2129,24,24695,1806,-2435,2042,0,1,0,0,1,0
204,52864,27151,-874,-12,26265,1916,-2306,-1022,0,1,0,0,1,0
205,53125,27345,345,-48,27642,2007,-2154,-4075,0,1,0,0,1,0
206,53385,27378,1517,-83,28811,2079,-1982,-7090,0,1,0,0,1,0
207,53645,27248,2630,-118,29760,2130,-1790,-10036,0,1,0,0,1,0
208,53906,26957,3675,-152,30481,2162,-1581,-12886,0,1,0,0,1,0
209,54166,26506,4642,-184,30965,2172,-1358,-15612,0,1,0,0,1,0
210,54427,25899,5522,-214,31207,2162,-1121,-18187,0,1,0,0,1,0
211,54687,25139,6307,-242,31204,2130,-873,-20587,0,1,0,0,1,0
212,54947,24234,6990,-268,30956,2079,-617,-22789,0,1,0,0,1,0
213,55208,23192,7565,-292,30464,2007,-354,-24771,0,1,0,0,1,0
214,55468,22020,8026,-312,29734,1916,-89,-26515,0,1,0,0,1,0
215,55729,20731,8369,-330,28770,1806,178,-28003,0,1,0,0,1,0
216,55989,19335,8592,-344,27583,1679,442,-29222,0,1,0,0,1,0
217,56250,17845,8693,-355,26183,1536,703,-30159,0,1,0,0,1,0
218,56510,16274,8671,-363,24582,1378,956,-30806,0,1,0,0,1,0
219,56770,14637,8527,-367,22797,1207,1201,-31157,0,1,0,0,1,0
220,57031,12948,8262,-367,20843,1024,1434,-31207,0,1,0,0,1,0
221,57291,11223,7880,-364,18739,831,1653,-30956,0,1,0,0,1,0
222,57552,9478,7385,-358,16504,631,1856,-30408,0,1,0,0,1,0
223,57812,7728,6781,-348,14160,424,2041,-29566,0,1,0,0,1,0
224,58072,5989,6075,-335,11729,213,2207,-28440,0,1,0,0,1,0
225,58333,4278,5274,-318,9234,0,2351,-27040,0,1,0,0,1,0
226,58593,2610,4386,-299,6697,-213,2473,-25380,0,1,0,0,1,0
227,58854,1001,3420,-276,4144,-424,2571,-23475,0,1,0,0,1,0
228,59114,-536,2386,-251,1599,-631,2644,-21344,0,1,0,0,1,0
229,59375,-1986,1293,-224,-916,-831,2692,-19008,0,1,0,0,1,0
230,59635,-3335,154,-194,-3375,-1024,2714,-16488,0,1,0,0,1,0
231,59895,-4572,-1021,-163,-5756,-1207,2709,-13810,0,1,0,0,1,0
232,60156,-5686,-2221,-129,-8036,-1378,2679,-10998,0,1,0,0,1,0
233,60416,-6666,-3433,-95,-10194,-1536,2623,-8081,0,1,0,0,1,0
234,60677,-7504,-4645,-60,-12209,-1679,2541,-5086,0,1,0,0,1,0
235,60937,-8193,-5845,-24,-14062,-1806,2435,-2042,0,1,0,0,1,0
236,61197,-8726,-7022,12,-15736,-1916,2306,1022,0,1,0,0,1,0
237,61458,-9100,-8164,48,-17216,-2007,2154,4075,0,1,0,0,1,0
238,61718,-9311,-9259,83,-18487,-2079,1982,7090,0,1,0,0,1,0
239,61979,-9358,-10297,118,-19537,-2130,1790,10036,0,1,0,0,1,0
240,62239,-9242,-11268,152,-20358,-2162,1581,12886,0,1,0,0,1,0
241,62500,-8964,-12160,184,-20940,-2172,1358,15612,0,1,0,0,1,0
242,62760,-8527,-12967,214,-21280,-2162,1121,18187,0,1,0,0,1,0
243,63020,-7938,-13679,242,-21375,-2130,873,20587,0,1,0,0,1,0
244,63281,-7201,-14290,268,-21223,-2079,617,22789,0,1,0,0,1,0
245,63541,-6325,-14793,292,-20826,-2007,354,24771,0,1,0,0,1,0
246,63802,-5318,-15184,312,-20190,-1916,89,26515,0,1,0,0,1,0
247,64062,-4192,-15457,330,-19320,-1806,-178,28003,0,1,0,0,1,0
248,64322,-2958,-15611,344,-18225,-1679,-442,29222,0,1,0,0,1,0
249,64583,-1628,-15643,355,-16916,-1536,-703,30159,0,1,0,0,1,0
250,64843,-215,-15553,363,-15406,-1378,-956,30806,0,1,0,0,1,0
251,65104,1265,-15342,367,-13710,-1207,-1201,31157,0,1,0,0,1,0
252,65364,2799,-15011,367,-11845,-1024,-1434,31207,0,1,0,0,1,0
253,65625,4370,-14563,364,-9828,-831,-1653,30956,0,1,0,0,1,0
254,65885,5963,-14002,358,-7681,-631,-1856,30408,0,1,0,0,1,0
255,66145,7562,-13333,348,-5423,-424,-2041,29566,0,1,0,0,1,0
256,66406,9151,-12563,335,-3077,-213,-2207,28440,0,1,0,0,1,0
257,66666,10714,-11699,318,-666,0,-2351,27040,0,1,0,0,1,0
258,66927,12236,-10748,299,1786,213,-2473,25380,0,1,0,0,1,0
259,67187,13700,-9720,276,4256,424,-2571,23475,0,1,0,0,1,0
260,67447,15093,-8625,251,6720,631,-2644,21344,0,1,0,0,1,0
261,67708,16401,-7471,224,9153,831,-2692,19008,0,1,0,0,1,0
262,67968,17609,-6272,194,11532,1024,-2714,16488,0,1,0,0,1,0
263,68229,18707,-5036,163,13833,1207,-2709,13810,0,1,0,0,1,0
264,68489,19682,-3778,129,16034,1378,-2679,10998,0,1,0,0,1,0
265,68750,20526,-2507,95,18114,1536,-2623,8081,0,1,0,0,1,0
266,69010,21229,-1237,60,20051,1679,-2541,5086,0,1,0,0,1,0
267,69270,21783,21,24,21828,1806,-2435,2042,0,1,0,0,1,0
268,69531,22184,1255,-12,23427,1916,-2306,-1022,0,1,0,0,1,0
269,69791,22426,2453,-48,24831,2007,-2154,-4075,0,1,0,0,1,0
270,70052,22507,3604,-83,26027,2079,-1982,-7090,0,1,0,0,1,0
271,70312,22425,4697,-118,27004,2130,-1790,-10036,0,1,0,0,1,0
272,70572,22181,5722,-152,27752,2162,-1581,-12886,0,1,0,0,1,0
273,70833,21777,6669,-184,28262,2172,-1358,-15612,0,1,0,0,1,0
274,71093,21215,7529,-214,28531,2162,-1121,-18187,0,1,0,0,1,0
275,71354,20502,8295,-242,28554,2130,-873,-20587,0,1,0,0,1,0
276,71614,19642,8958,-268,28332,2079,-617,-22789,0,1,0,0,1,0
277,71875,18644,9513,-292,27866,2007,-354,-24771,0,1,0,0,1,0
278,72135,17518,9955,-312,27161,1916,-89,-26515,0,1,0,0,1,0
279,72395,16272,10280,-330,26223,1806,178,-28003,0,1,0,0,1,0
280,72656,14920,10484,-344,25060,1679,442,-29222,0,1,0,0,1,0
281,72916,13473,10567,-355,23684,1536,703,-30159,0,1,0,0,1,0
282,73177,11945,10526,-363,22108,1378,956,-30806,0,1,0,0,1,0
283,73437,10350,10364,-367,20347,1207,1201,-31157,0,1,0,0,1,0
284,73697,8703,10082,-367,18417,1024,1434,-31207,0,1,0,0,1,0
285,73958,7019,9682,-364,16337,831,1653,-30956,0,1,0,0,1,0
286,74218,5315,9169,-358,14125,631,1856,-30408,0,1,0,0,1,0
287,74479,3606,8547,-348,11805,424,2041,-29566,0,1,0,0,1,0
288,74739,1907,7824,-335,9397,213,2207,-28440,0,1,0,0,1,0
289,75000,236,7006,-318,6924,0,2351,-27040,0,1,0,0,1,0
290,75260,-1392,6101,-299,4410,-213,2473,-25380,0,1,0,0,1,0
291,75520,-2963,5119,-276,1880,-424,2571,-23475,0,1,0,0,1,0
292,75781,-4461,4068,-251,-644,-631,2644,-21344,0,1,0,0,1,0
293,76041,-5872,2959,-224,-3137,-831,2692,-19008,0,1,0,0,1,0
294,76302,-7183,1803,-194,-5574,-1024,2714,-16488,0,1,0,0,1,0
295,76562,-8383,612,-163,-7934,-1207,2709,-13810,0,1,0,0,1,0
296,76822,-9459,-604,-129,-10192,-1378,2679,-10998,0,1,0,0,1,0
297,77083,-10403,-1831,-95,-12329,-1536,2623,-8081,0,1,0,0,1,0
298,77343,-11204,-3059,-60,-14323,-1679,2541,-5086,0,1,0,0,1,0
299,77604,-11857,-4275,-24,-16156,-1806,2435,-2042,0,1,0,0,1,0
300,77864,-12354,-5468,12,-17810,-1916,2306,1022,0,1,0,0,1,0
301,78125,-12692,-6624,48,-19269,-2007,2154,4075,0,1,0,0,1,0
302,78385,-12868,-7735,83,-20520,-2079,1982,7090,0,1,0,0,1,0
303,78645,-12881,-8788,118,-21550,-2130,1790,10036,0,1,0,0,1,0
304,78906,-12730,-9772,152,-22351,-2162,1581,12886,0,1,0,0,1,0
305,79166,-12418,-10680,184,-22914,-2172,1358,15612,0,1,0,0,1,0
306,79427,-11948,-11501,214,-23235,-2162,1121,18187,0,1,0,0,1,0
307,79687,-11325,-12228,242,-23310,-2130,873,20587,0,1,0,0,1,0
308,79947,-10555,-12853,268,-23139,-2079,617,22789,0,1,0,0,1,0
309,80208,-9646,-13370,292,-22724,-2007,354,24771,0,1,0,0,1,0
310,80468,0,0,0,0,0,0,0,1,0,0,0,0,0
311,80729,0,0,0,0,0,0,0,1,0,0,0,0,0
312,80989,0,0,0,0,0,0,0,1,0,0,0,0,0
313,81250,0,0,0,0,0,0,0,1,0,0,0,0,0
314,81510,0,0,0,0,0,0,0,1,0,0,0,0,0
315,81770,0,0,0,0,0,0,0,1,0,0,0,0,0
316,82031,0,0,0,0,0,0,0,1,0,0,0,0,0
317,82291,0,0,0,0,0,0,0,1,0,0,0,0,0
318,82552,0,0,0,0,0,0,0,1,0,0,0,0,0
319,82812,0,0,0,0,0,0,0,1,0,0,0,0,0
320,83072,0,0,0,0,0,0,0,1,0,0,0,0,0
321,83333,0,0,0,0,0,0,0,1,0,0,0,0,0
322,83593,0,0,0,0,0,0,0,1,0,0,0,0,0
323,83854,0,0,0,0,0,0,0,1,0,0,0,0,0
324,84114,0,0,0,0,0,0,0,1,0,0,0,0,0
325,84375,0,0,0,0,0,0,0,1,0,0,0,0,0
326,84635,0,0,0,0,0,0,0,1,0,0,0,0,0
327,84895,0,0,0,0,0,0,0,1,0,0,0,0,0
328,85156,0,0,0,0,0,0,0,1,0,0,0,0,0
329,85416,0,0,0,0,0,0,0,1,0,0,0,0,0
330,85677,0,0,0,0,0,0,0,1,0,0,0,0,0
331,85937,0,0,0,0,0,0,0,1,0,0,0,0,0
332,86197,0,0,0,0,0,0,0,1,0,0,0,0,0
333,86458,0,0,0,0,0,0,0,1,0,0,0,0,0
334,86718,0,0,0,0,0,0,0,1,0,0,0,0,0
335,86979,0,0,0,0,0,0,0,1,0,0,0,0,0
336,87239,0,0,0,0,0,0,0,1,0,0,0,0,0
337,87500,0,0,0,0,0,0,0,1,0,0,0,0,0
338,87760,0,0,0,0,0,0,0,1,0,0,0,0,0
339,88020,0,0,0,0,0,0,0,1,0,0,0,0,0
340,88281,0,0,0,0,0,0,0,1,0,0,0,0,0
341,88541,0,0,0,0,0,0,0,1,0,0,0,0,0
342,88802,0,0,0,0,0,0,0,1,0,0,0,0,0
343,89062,0,0,0,0,0,0,0,1,0,0,0,0,0
344,89322,0,0,0,0,0,0,0,1,0,0,0,0,0
345,89583,0,0,0,0,0,0,0,1,0,0,0,0,0
346,89843,0,0,0,0,0,0,0,1,0,0,0,0,0
347,90104,0,0,0,0,0,0,0,1,0,0,0,0,0
348,90364,0,0,0,0,0,0,0,1,0,0,0,0,0
349,90625,0,0,0,0,0,0,0,1,0,0,0,0,0
350,90885,0,0,0,0,0,0,0,1,0,0,0,0,0
351,91145,0,0,0,0,0,0,0,1,0,0,0,0,0
352,91406,0,0,0,0,0,0,0,1,0,0,0,0,0
353,91666,0,0,0,0,0,0,0,1,0,0,0,0,0
354,91927,0,0,0,0,0,0,0,1,0,0,0,0,0
355,92187,0,0,0,0,0,0,0,1,0,0,0,0,0
356,92447,0,0,0,0,0,0,0,1,0,0,0,0,0
357,92708,0,0,0,0,0,0,0,1,0,0,0,0,0
358,92968,0,0,0,0,0,0,0,1,0,0,0,0,0
359,93229,0,0,0,0,0,0,0,1,0,0,0,0,0
360,93489,0,0,0,0,0,0,0,1,0,0,0,0,0
361,93750,0,0,0,0,0,0,0,1,0,0,0,0,0
362,94010,0,0,0,0,0,0,0,1,0,0,0,0,0
363,94270,0,0,0,0,0,0,0,1,0,0,0,0,0
364,94531,0,0,0,0,0,0,0,1,0,0,0,0,0
365,94791,0,0,0,0,0,0,0,1,0,0,0,0,0
366,95052,0,0,0,0,0,0,0,1,0,0,0,0,0
367,95312,0,0,0,0,0,0,0,1,0,0,0,0,0
368,95572,0,0,0,0,0,0,0,1,0,0,0,0,0
369,95833,0,0,0,0,0,0,0,1,0,0,0,0,0
370,96093,0,0,0,0,0,0,0,1,0,0,0,0,0
371,96354,0,0,0,0,0,0,0,1,0,0,0,0,0
372,96614,0,0,0,0,0,0,0,1,0,0,0,0,0
373,96875,0,0,0,0,0,0,0,1,0,0,0,0,0
374,97135,0,0,0,0,0,0,0,1,0,0,0,0,0
375,97395,0,0,0,0,0,0,0,1,0,0,0,0,0
376,97656,0,0,0,0,0,0,0,1,0,0,0,0,0
377,97916,0,0,0,0,0,0,0,1,0,0,0,0,0
378,98177,0,0,0,0,0,0,0,1,0,0,0,0,0
379,98437,0,0,0,0,0,0,0,1,0,0,0,0,0
380,98697,0,0,0,0,0,0,0,1,0,0,0,0,0
381,98958,0,0,0,0,0,0,0,1,0,0,0,0,0
382,99218,0,0,0,0,0,0,0,1,0,0,0,0,0
383,99479,0,0,0,0,0,0,0,1,0,0,0,0,0
384,99739,0,0,0,0,0,0,0,1,0,0,0,0,0
385,100000,0,0,0,0,0,0,0,1,0,0,0,0,0
386,100260,0,0,0,0,0,0,0,1,0,0,0,0,0
387,100520,0,0,0,0,0,0,0,1,0,0,0,0,0
388,100781,0,0,0,0,0,0,0,1,0,0,0,0,0
389,101041,0,0,0,0,0,0,0,1,0,0,0,0,0
390,101302,0,0,0,0,0,0,0,1,0,0,0,0,0
391,101562,0,0,0,0,0,0,0,1,0,0,0,0,0
392,101822,0,0,0,0,0,0,0,1,0,0,0,0,0
393,102083,0,0,0,0,0,0,0,1,0,0,0,0,0
394,102343,0,0,0,0,0,0,0,1,0,0,0,0,0
395,102604,0,0,0,0,0,0,0,1,0,0,0,0,0
396,102864,0,0,0,0,0,0,0,1,0,0,0,0,0
397,103125,0,0,0,0,0,0,0,1,0,0,0,0,0
398,103385,0,0,0,0,0,0,0,1,0,0,0,0,0
399,103645,0,0,0,0,0,0,0,1,0,0,0,0,0
400,103906,0,0,0,0,0,0,0,1,0,0,0,0,0
401,104166,0,0,0,0,0,0,0,1,0,0,0,0,0
402,104427,0,0,0,0,0,0,0,1,0,0,0,0,0
403,104687,0,0,0,0,0,0,0,1,0,0,0,0,0
404,104947,0,0,0,0,0,0,0,1,0,0,0,0,0
405,105208,0,0,0,0,0,0,0,1,0,0,0,0,0
406,105468,0,0,0,0,0,0,0,1,0,0,0,0,0
407,105729,0,0,0,0,0,0,0,1,0,0,0,0,0
408,105989,0,0,0,0,0,0,0,1,0,0,0,0,0
409,106250,0,0,0,0,0,0,0,1,0,0,0,0,0
410,106510,0,0,0,0,0,0,0,1,0,0,0,0,0
411,106770,0,0,0,0,0,0,0,1,0,0,0,0,0
412,107031,0,0,0,0,0,0,0,1,0,0,0,0,0
413,107291,0,0,0,0,0,0,0,1,0,0,0,0,0
414,107552,0,0,0,0,0,0,0,1,0,0,0,0,0
415,107812,0,0,0,0,0,0,0,1,0,0,0,0,0
416,108072,0,0,0,0,0,0,0,1,0,0,0,0,0
417,108333,0,0,0,0,0,0,0,1,0,0,0,0,0
418,108593,0,0,0,0,0,0,0,1,0,0,0,0,0
419,108854,0,0,0,0,0,0,0,1,0,0,0,0,0
420,109114,0,0,0,0,0,0,0,1,0,0,0,0,0
421,109375,0,0,0,0,0,0,0,1,0,0,0,0,0
422,109635,0,0,0,0,0,0,0,1,0,0,0,0,0
423,109895,0,0,0,0,0,0,0,1,0,0,0,0,0
424,110156,0,0,0,0,0,0,0,1,0,0,0,0,0
425,110416,0,0,0,0,0,0,0,1,0,0,0,0,0
426,110677,0,0,0,0,0,0,0,1,0,0,0,0,0
427,110937,0,0,0,0,0,0,0,1,0,0,0,0,0
428,111197,0,0,0,0,0,0,0,1,0,0,0,0,0
429,111458,0,0,0,0,0,0,0,1,0,0,0,0,0
430,111718,0,0,0,0,0,0,0,1,0,0,0,0,0
431,111979,0,0,0,0,0,0,0,1,0,0,0,0,0
432,112239,0,0,0,0,0,0,0,1,0,0,0,0,0
433,112500,0,0,0,0,0,0,0,1,0,0,0,0,0
434,112760,0,0,0,0,0,0,0,1,0,0,0,0,0
435,113020,0,0,0,0,0,0,0,1,0,0,0,0,0
436,113281,0,0,0,0,0,0,0,1,0,0,0,0,0
437,113541,0,0,0,0,0,0,0,1,0,0,0,0,0
438,113802,0,0,0,0,0,0,0,1,0,0,0,0,0
439,114062,0,0,0,0,0,0,0,1,0,0,0,0,0
440,114322,0,0,0,0,0,0,0,1,0,0,0,0,0
441,114583,0,0,0,0,0,0,0,1,0,0,0,0,0
442,114843,0,0,0,0,0,0,0,1,0,0,0,0,0
443,115104,0,0,0,0,0,0,0,1,0,0,0,0,0
444,115364,0,0,0,0,0,0,0,1,0,0,0,0,0
445,115625,0,0,0,0,0,0,0,1,0,0,0,0,0
446,115885,0,0,0,0,0,0,0,1,0,0,0,0,0
447,116145,0,0,0,0,0,0,0,1,0,0,0,0,0
448,116406,0,0,0,0,0,0,0,1,0,0,0,0,0
449,116666,0,0,0,0,0,0,0,1,0,0,0,0,0
450,116927,0,0,0,0,0,0,0,1,0,0,0,0,0
451,117187,0,0,0,0,0,0,0,1,0,0,0,0,0
452,117447,0,0,0,0,0,0,0,1,0,0,0,0,0
453,117708,0,0,0,0,0,0,0,1,0,0,0,0,0
454,117968,0,0,0,0,0,0,0,1,0,0,0,0,0
455,118229,0,0,0,0,0,0,0,1,0,0,0,0,0
456,118489,0,0,0,0,0,0,0,1,0,0,0,0,0
457,118750,0,0,0,0,0,0,0,1,0,0,0,0,0
458,119010,0,0,0,0,0,0,0,1,0,0,0,0,0
459,119270,0,0,0,0,0,0,0,1,0,0,0,0,0
460,119531,0,0,0,0,0,0,0,1,0,0,0,0,0
461,119791,0,0,0,0,0,0,0,1,0,0,0,0,0
462,120052,0,0,0,0,0,0,0,1,0,0,0,0,0
463,120312,0,0,0,0,0,0,0,1,0,0,0,0,0
464,120572,0,0,0,0,0,0,0,1,0,0,0,0,0
465,120833,0,0,0,0,0,0,0,1,0,0,0,0,0
466,121093,0,0,0,0,0,0,0,1,0,0,0,0,0
467,121354,0,0,0,0,0,0,0,1,0,0,0,0,0
468,121614,0,0,0,0,0,0,0,1,0,0,0,0,0
469,121875,0,0,0,0,0,0,0,1,0,0,0,0,0
470,122135,0,0,0,0,0,0,0,1,0,0,0,0,0
471,122395,0,0,0,0,0,0,0,1,0,0,0,0,0
472,122656,0,0,0,0,0,0,0,1,0,0,0,0,0
473,122916,0,0,0,0,0,0,0,1,0,0,0,0,0
474,123177,0,0,0,0,0,0,0,1,0,0,0,0,0
475,123437,0,0,0,0,0,0,0,1,0,0,0,0,0
476,123697,0,0,0,0,0,0,0,1,0,0,0,0,0
477,123958,0,0,0,0,0,0,0,1,0,0,0,0,0
478,124218,0,0,0,0,0,0,0,1,0,0,0,0,0
479,124479,0,0,0,0,0,0,0,1,0,0,0,0,0
480,124739,0,0,0,0,0,0,0,1,0,0,0,0,0
481,125000,0,0,0,0,0,0,0,1,0,0,0,0,0
482,125260,0,0,0,0,0,0,0,1,0,0,0,0,0
483,125520,0,0,0,0,0,0,0,1,0,0,0,0,0
484,125781,0,0,0,0,0,0,0,1,0,0,0,0,0
485,126041,0,0,0,0,0,0,0,1,0,0,0,0,0
486,126302,0,0,0,0,0,0,0,1,0,0,0,0,0
487,126562,0,0,0,0,0,0,0,1,0,0,0,0,0
488,126822,0,0,0,0,0,0,0,1,0,0,0,0,0
489,127083,0,0,0,0,0,0,0,1,0,0,0,0,0
490,127343,0,0,0,0,0,0,0,1,0,0,0,0,0
491,127604,0,0,0,0,0,0,0,1,0,0,0,0,0
492,127864,0,0,0,0,0,0,0,1,0,0,0,0,0
493,128124,0,0,0,0,0,0,0,1,0,0,0,0,0
494,128385,0,0,0,0,0,0,0,1,0,0,0,0,0
495,128645,0,0,0,0,0,0,0,1,0,0,0,0,0
496,128906,0,0,0,0,0,0,0,1,0,0,0,0,0
497,129166,0,0,0,0,0,0,0,1,0,0,0,0,0
498,129427,0,0,0,0,0,0,0,1,0,0,0,0,0
499,129687,0,0,0,0,0,0,0,1,0,0,0,0,0
500,129947,0,0,0,0,0,0,0,1,0,0,0,0,0
501,130208,0,0,0,0,0,0,0,1,0,0,0,0,0
502,130468,0,0,0,0,0,0,0,1,0,0,0,0,0
503,130729,0,0,0,0,0,0,0,1,0,0,0,0,0
504,130989,0,0,0,0,0,0,0,1,0,0,0,0,0
505,131250,0,0,0,0,0,0,0,1,0,0,0,0,0
506,131510,0,0,0,0,0,0,0,1,0,0,0,0,0
507,131770,0,0,0,0,0,0,0,1,0,0,0,0,0
508,132031,0,0,0,0,0,0,0,1,0,0,0,0,0
509,132291,0,0,0,0,0,0,0,1,0,0,0,0,0
510,132552,0,0,0,0,0,0,0,1,0,0,0,0,0
511,132812,0,0,0,0,0,0,0,1,0,0,0,0,0
512,133072,0,0,0,0,0,0,0,1,0,0,0,0,0
513,133333,0,0,0,0,0,0,0,1,0,0,0,0,0
514,133593,0,0,0,0,0,0,0,1,0,0,0,0,0
515,133854,0,0,0,0,0,0,0,1,0,0,0,0,0
516,134114,0,0,0,0,0,0,0,1,0,0,0,0,0
517,134375,0,0,0,0,0,0,0,1,0,0,0,0,0
518,134635,0,0,0,0,0,0,0,1,0,0,0,0,0
519,134895,0,0,0,0,0,0,0,1,0,0,0,0,0
520,135156,0,0,0,0,0,0,0,1,0,0,0,0,0
521,135416,0,0,0,0,0,0,0,1,0,0,0,0,0
522,135677,0,0,0,0,0,0,0,1,0,0,0,0,0
523,135937,0,0,0,0,0,0,0,1,0,0,0,0,0
524,136197,0,0,0,0,0,0,0,1,0,0,0,0,0
525,136458,0,0,0,0,0,0,0,1,0,0,0,0,0
526,136718,0,0,0,0,0,0,0,1,0,0,0,0,0
527,136979,0,0,0,0,0,0,0,1,0,0,0,0,0
528,137239,0,0,0,0,0,0,0,1,0,0,0,0,0
529,137500,0,0,0,0,0,0,0,1,0,0,0,0,0
530,137760,0,0,0,0,0,0,0,1,0,0,0,0,0
531,138020,0,0,0,0,0,0,0,1,0,0,0,0,0
532,138281,0,0,0,0,0,0,0,1,0,0,0,0,0
533,138541,0,0,0,0,0,0,0,1,0,0,0,0,0
534,138802,0,0,0,0,0,0,0,1,0,0,0,0,0
535,139062,0,0,0,0,0,0,0,1,0,0,0,0,0
536,139322,0,0,0,0,0,0,0,1,0,0,0,0,0
537,139583,0,0,0,0,0,0,0,1,0,0,0,0,0
538,139843,0,0,0,0,0,0,0,1,0,0,0,0,0
539,140104,0,0,0,0,0,0,0,1,0,0,0,0,0
540,140364,0,0,0,0,0,0,0,1,0,0,0,0,0
541,140625,0,0,0,0,0,0,0,1,0,0,0,0,0
542,140885,0,0,0,0,0,0,0,1,0,0,0,0,0
543,141145,0,0,0,0,0,0,0,1,0,0,0,0,0
544,141406,0,0,0,0,0,0,0,1,0,0,0,0,0
545,141666,0,0,0,0,0,0,0,1,0,0,0,0,0
546,141927,0,0,0,0,0,0,0,1,0,0,0,0,0
547,142187,0,0,0,0,0,0,0,1,0,0,0,0,0
548,142447,0,0,0,0,0,0,0,1,0,0,0,0,0
549,142708,0,0,0,0,0,0,0,1,0,0,0,0,0
550,142968,0,0,0,0,0,0,0,1,0,0,0,0,0
551,143229,0,0,0,0,0,0,0,1,0,0,0,0,0
552,143489,0,0,0,0,0,0,0,1,0,0,0,0,0
553,143750,0,0,0,0,0,0,0,1,0,0,0,0,0
554,144010,0,0,0,0,0,0,0,1,0,0,0,0,0
555,144270,0,0,0,0,0,0,0,1,0,0,0,0,0
556,144531,0,0,0,0,0,0,0,1,0,0,0,0,0
557,144791,0,0,0,0,0,0,0,1,0,0,0,0,0
558,145052,0,0,0,0,0,0,0,1,0,0,0,0,0
559,145312,0,0,0,0,0,0,0,1,0,0,0,0,0
560,145572,0,0,0,0,0,0,0,1,0,0,0,0,0
561,145833,0,0,0,0,0,0,0,1,0,0,0,0,0
562,146093,0,0,0,0,0,0,0,1,0,0,0,0,0
563,146354,0,0,0,0,0,0,0,1,0,0,0,0,0
564,146614,0,0,0,0,0,0,0,1,0,0,0,0,0
565,146875,0,0,0,0,0,0,0,1,0,0,0,0,0
566,147135,0,0,0,0,0,0,0,1,0,0,0,0,0
567,147395,0,0,0,0,0,0,0,1,0,0,0,0,0
568,147656,0,0,0,0,0,0,0,1,0,0,0,0,0
569,147916,0,0,0,0,0,0,0,1,0,0,0,0,0
570,148177,0,0,0,0,0,0,0,1,0,0,0,0,0
571,148437,0,0,0,0,0,0,0,1,0,0,0,0,0
572,148697,0,0,0,0,0,0,0,1,0,0,0,0,0
573,148958,0,0,0,0,0,0,0,1,0,0,0,0,0
574,149218,0,0,0,0,0,0,0,1,0,0,0,0,0
575,149479,0,0,0,0,0,0,0,1,0,0,0,0,0
576,149739,0,0,0,0,0,0,0,1,0,0,0,0,0
577,150000,0,0,0,0,0,0,0,1,0,0,0,0,0
578,150260,0,0,0,0,0,0,0,1,0,0,0,0,0
579,150520,0,0,0,0,0,0,0,1,0,0,0,0,0
580,150781,0,0,0,0,0,0,0,1,0,0,0,0,0
581,151041,0,0,0,0,0,0,0,1,0,0,0,0,0
582,151302,0,0,0,0,0,0,0,1,0,0,0,0,0
583,151562,0,0,0,0,0,0,0,1,0,0,0,0,0
584,151822,0,0,0,0,0,0,0,1,0,0,0,0,0
585,152083,0,0,0,0,0,0,0,1,0,0,0,0,0
586,152343,0,0,0,0,0,0,0,1,0,0,0,0,0
587,152604,0,0,0,0,0,0,0,1,0,0,0,0,0
588,152864,0,0,0,0,0,0,0,1,0,0,0,0,0
589,153125,0,0,0,0,0,0,0,1,0,0,0,0,0
590,153385,0,0,0,0,0,0,0,1,0,0,0,0,0
591,153645,0,0,0,0,0,0,0,1,0,0,0,0,0
592,153906,0,0,0,0,0,0,0,1,0,0,0,0,0
593,154166,0,0,0,0,0,0,0,1,0,0,0,0,0
594,154427,0,0,0,0,0,0,0,1,0,0,0,0,0
595,154687,0,0,0,0,0,0,0,1,0,0,0,0,0
596,154947,0,0,0,0,0,0,0,1,0,0,0,0,0
597,155208,0,0,0,0,0,0,0,1,0,0,0,0,0
598,155468,0,0,0,0,0,0,0,1,0,0,0,0,0
599,155729,0,0,0,0,0,0,0,1,0,0,0,0,0
600,155989,0,0,0,0,0,0,0,1,0,0,0,0,0
601,156250,0,0,0,0,0,0,0,1,0,0,0,0,0
602,156510,0,0,0,0,0,0,0,1,0,0,0,0,0
603,156770,0,0,0,0,0,0,0,1,0,0,0,0,0
604,157031,0,0,0,0,0,0,0,1,0,0,0,0,0
605,157291,0,0,0,0,0,0,0,1,0,0,0,0,0
606,157552,0,0,0,0,0,0,0,1,0,0,0,0,0
607,157812,0,0,0,0,0,0,0,1,0,0,0,0,0
608,158072,0,0,0,0,0,0,0,1,0,0,0,0,0
609,158333,0,0,0,0,0,0,0,1,0,0,0,0,0
610,158593,0,0,0,0,0,0,0,1,0,0,0,0,0
611,158854,0,0,0,0,0,0,0,1,0,0,0,0,0
612,159114,0,0,0,0,0,0,0,1,0,0,0,0,0
613,159375,0,0,0,0,0,0,0,1,0,0,0,0,0
614,159635,0,0,0,0,0,0,0,1,0,0,0,0,0
615,159895,0,0,0,0,0,0,0,1,0,0,0,0,0
616,160156,0,0,0,0,0,0,0,1,0,0,0,0,0
617,160416,0,0,0,0,0,0,0,1,0,0,0,0,0
618,160677,0,0,0,0,0,0,0,1,0,0,0,0,0
619,160937,0,0,0,0,0,0,0,1,0,0,0,0,0
620,161197,0,0,0,0,0,0,0,1,0,0,0,0,0
621,161458,0,0,0,0,0,0,0,1,0,0,0,0,0
622,161718,0,0,0,0,0,0,0,1,0,0,0,0,0
623,161979,0,0,0,0,0,0,0,1,0,0,0,0,0
624,162239,0,0,0,0,0,0,0,1,0,0,0,0,0
625,162500,0,0,0,0,0,0,0,1,0,0,0,0,0
626,162760,0,0,0,0,0,0,0,1,0,0,0,0,0
627,163020,0,0,0,0,0,0,0,1,0,0,0,0,0
628,163281,0,0,0,0,0,0,0,1,0,0,0,0,0
629,163541,0,0,0,0,0,0,0,1,0,0,0,0,0
630,163802,0,0,0,0,0,0,0,1,0,0,0,0,0
631,164062,0,0,0,0,0,0,0,1,0,0,0,0,0
632,164322,0,0,0,0,0,0,0,1,0,0,0,0,0
633,164583,0,0,0,0,0,0,0,1,0,0,0,0,0
634,164843,0,0,0,0,0,0,0,1,0,0,0,0,0
635,165104,0,0,0,0,0,0,0,1,0,0,0,0,0
636,165364,0,0,0,0,0,0,0,1,0,0,0,0,0
637,165625,0,0,0,0,0,0,0,1,0,0,0,0,0
638,165885,0,0,0,0,0,0,0,1,0,0,0,0,0
639,166145,0,0,0,0,0,0,0,1,0,0,0,0,0
640,166406,0,0,0,0,0,0,0,1,0,0,0,0,0
641,166666,0,0,0,0,0,0,0,1,0,0,0,0,0
642,166927,0,0,0,0,0,0,0,1,0,0,0,0,0
643,167187,0,0,0,0,0,0,0,1,0,0,0,0,0
644,167447,0,0,0,0,0,0,0,1,0,0,0,0,0
645,167708,0,0,0,0,0,0,0,1,0,0,0,0,0
646,167968,0,0,0,0,0,0,0,1,0,0,0,0,0
647,168229,0,0,0,0,0,0,0,1,0,0,0,0,0
648,168489,0,0,0,0,0,0,0,1,0,0,0,0,0
649,168750,0,0,0,0,0,0,0,1,0,0,0,0,0
650,169010,0,0,0,0,0,0,0,1,0,0,0,0,0
651,169270,0,0,0,0,0,0,0,1,0,0,0,0,0
652,169531,0,0,0,0,0,0,0,1,0,0,0,0,0
653,169791,0,0,0,0,0,0,0,1,0,0,0,0,0
654,170052,0,0,0,0,0,0,0,1,0,0,0,0,0
655,170312,0,0,0,0,0,0,0,1,0,0,0,0,0
656,170572,0,0,0,0,0,0,0,1,0,0,0,0,0
657,170833,0,0,0,0,0,0,0,1,0,0,0,0,0
658,171093,0,0,0,0,0,0,0,1,0,0,0,0,0
659,171354,0,0,0,0,0,0,0,1,0,0,0,0,0
660,171614,0,0,0,0,0,0,0,1,0,0,0,0,0
661,171875,0,0,0,0,0,0,0,1,0,0,0,0,0
662,172135,0,0,0,0,0,0,0,1,0,0,0,0,0
663,172395,0,0,0,0,0,0,0,1,0,0,0,0,0
664,172656,0,0,0,0,0,0,0,1,0,0,0,0,0
665,172916,0,0,0,0,0,0,0,1,0,0,0,0,0
666,173177,0,0,0,0,0,0,0,1,0,0,0,0,0
667,173437,0,0,0,0,0,0,0,1,0,0,0,0,0
668,173697,0,0,0,0,0,0,0,1,0,0,0,0,0
669,173958,0,0,0,0,0,0,0,1,0,0,0,0,0
670,174218,0,0,0,0,0,0,0,1,0,0,0,0,0
671,174479,0,0,0,0,0,0,0,1,0,0,0,0,0
672,174739,0,0,0,0,0,0,0,1,0,0,0,0,0
673,175000,0,0,0,0,0,0,0,1,0,0,0,0,0
674,175260,0,0,0,0,0,0,0,1,0,0,0,0,0
675,175520,0,0,0,0,0,0,0,1,0,0,0,0,0
676,175781,0,0,0,0,0,0,0,1,0,0,0,0,0
677,176041,0,0,0,0,0,0,0,1,0,0,0,0,0
678,176302,0,0,0,0,0,0,0,1,0,0,0,0,0
679,176562,0,0,0,0,0,0,0,1,0,0,0,0,0
680,176822,0,0,0,0,0,0,0,1,0,0,0,0,0
681,177083,0,0,0,0,0,0,0,1,0,0,0,0,0
682,177343,0,0,0,0,0,0,0,1,0,0,0,0,0
683,177604,0,0,0,0,0,0,0,1,0,0,0,0,0
684,177864,0,0,0,0,0,0,0,1,0,0,0,0,0
685,178125,0,0,0,0,0,0,0,1,0,0,0,0,0
686,178385,0,0,0,0,0,0,0,1,0,0,0,0,0
687,178645,0,0,0,0,0,0,0,1,0,0,0,0,0
688,178906,0,0,0,0,0,0,0,1,0,0,0,0,0
689,179166,0,0,0,0,0,0,0,1,0,0,0,0,0
690,179427,0,0,0,0,0,0,0,1,0,0,0,0,0
691,179687,0,0,0,0,0,0,0,1,0,0,0,0,0
692,179947,0,0,0,0,0,0,0,1,0,0,0,0,0
693,180208,0,0,0,0,0,0,0,1,0,0,0,0,0
694,180468,0,0,0,0,0,0,0,1,0,0,0,0,0
695,180729,0,0,0,0,0,0,0,1,0,0,0,0,0
696,180989,0,0,0,0,0,0,0,1,0,0,0,0,0
697,181250,0,0,0,0,0,0,0,1,0,0,0,0,0
698,181510,0,0,0,0,0,0,0,1,0,0,0,0,0
699,181770,0,0,0,0,0,0,0,1,0,0,0,0,0
700,182031,0,0,0,0,0,0,0,1,0,0,0,0,0
701,182291,0,0,0,0,0,0,0,1,0,0,0,0,0
702,182552,0,0,0,0,0,0,0,1,0,0,0,0,0
703,182812,0,0,0,0,0,0,0,1,0,0,0,0,0
704,183072,0,0,0,0,0,0,0,1,0,0,0,0,0
705,183333,0,0,0,0,0,0,0,1,0,0,0,0,0
706,183593,0,0,0,0,0,0,0,1,0,0,0,0,0
707,183854,0,0,0,0,0,0,0,1,0,0,0,0,0
708,184114,0,0,0,0,0,0,0,1,0,0,0,0,0
709,184375,0,0,0,0,0,0,0,1,0,0,0,0,0
710,184635,0,0,0,0,0,0,0,1,0,0,0,0,0
711,184895,0,0,0,0,0,0,0,1,0,0,0,0,0
712,185156,0,0,0,0,0,0,0,1,0,0,0,0,0
713,185416,0,0,0,0,0,0,0,1,0,0,0,0,0
714,185677,0,0,0,0,0,0,0,1,0,0,0,0,0
715,185937,0,0,0,0,0,0,0,1,0,0,0,0,0
716,186197,0,0,0,0,0,0,0,1,0,0,0,0,0
717,186458,0,0,0,0,0,0,0,1,0,0,0,0,0
718,186718,0,0,0,0,0,0,0,1,0,0,0,0,0
719,186979,0,0,0,0,0,0,0,1,0,0,0,0,0
720,187239,0,0,0,0,0,0,0,1,0,0,0,0,0
721,187500,0,0,0,0,0,0,0,1,0,0,0,0,0
722,187760,0,0,0,0,0,0,0,1,0,0,0,0,0
723,188020,0,0,0,0,0,0,0,1,0,0,0,0,0
724,188281,0,0,0,0,0,0,0,1,0,0,0,0,0
725,188541,0,0,0,0,0,0,0,1,0,0,0,0,0
726,188802,0,0,0,0,0,0,0,1,0,0,0,0,0
727,189062,0,0,0,0,0,0,0,1,0,0,0,0,0
728,189322,0,0,0,0,0,0,0,1,0,0,0,0,0
729,189583,0,0,0,0,0,0,0,1,0,0,0,0,0
730,189843,0,0,0,0,0,0,0,1,0,0,0,0,0
731,190104,0,0,0,0,0,0,0,1,0,0,0,0,0
732,190364,0,0,0,0,0,0,0,1,0,0,0,0,0
733,190625,0,0,0,0,0,0,0,1,0,0,0,0,0
734,190885,0,0,0,0,0,0,0,1,0,0,0,0,0
735,191145,0,0,0,0,0,0,0,1,0,0,0,0,0
736,191406,0,0,0,0,0,0,0,1,0,0,0,0,0
737,191666,0,0,0,0,0,0,0,1,0,0,0,0,0
738,191927,0,0,0,0,0,0,0,1,0,0,0,0,0
739,192187,0,0,0,0,0,0,0,1,0,0,0,0,0
740,192447,0,0,0,0,0,0,0,1,0,0,0,0,0
741,192708,0,0,0,0,0,0,0,1,0,0,0,0,0
742,192968,0,0,0,0,0,0,0,1,0,0,0,0,0
743,193229,0,0,0,0,0,0,0,1,0,0,0,0,0
744,193489,0,0,0,0,0,0,0,1,0,0,0,0,0
745,193750,0,0,0,0,0,0,0,1,0,0,0,0,0
746,194010,0,0,0,0,0,0,0,1,0,0,0,0,0
747,194270,0,0,0,0,0,0,0,1,0,0,0,0,0
748,194531,0,0,0,0,0,0,0,1,0,0,0,0,0
749,194791,0,0,0,0,0,0,0,1,0,0,0,0,0
750,195052,0,0,0,0,0,0,0,1,0,0,0,0,0
751,195312,0,0,0,0,0,0,0,1,0,0,0,0,0
752,195572,0,0,0,0,0,0,0,1,0,0,0,0,0
753,195833,0,0,0,0,0,0,0,1,0,0,0,0,0
754,196093,0,0,0,0,0,0,0,1,0,0,0,0,0
755,196354,0,0,0,0,0,0,0,1,0,0,0,0,0
756,196614,0,0,0,0,0,0,0,1,0,0,0,0,0
757,196875,0,0,0,0,0,0,0,1,0,0,0,0,0
758,197135,0,0,0,0,0,0,0,1,0,0,0,0,0
759,197395,0,0,0,0,0,0,0,1,0,0,0,0,0
760,197656,0,0,0,0,0,0,0,1,0,0,0,0,0
761,197916,0,0,0,0,0,0,0,1,0,0,0,0,0
762,198177,0,0,0,0,0,0,0,1,0,0,0,0,0
763,198437,0,0,0,0,0,0,0,1,0,0,0,0,0
764,198697,0,0,0,0,0,0,0,1,0,0,0,0,0
765,198958,0,0,0,0,0,0,0,1,0,0,0,0,0
766,199218,0,0,0,0,0,0,0,1,0,0,0,0,0
767,199479,0,0,0,0,0,0,0,1,0,0,0,0,0
768,199739,0,0,0,0,0,0,0,1,0,0,0,0,0
769,200000,0,0,0,0,0,0,0,1,0,0,0,0,0
770,200260,0,0,0,0,0,0,0,1,0,0,0,0,0
771,200520,0,0,0,0,0,0,0,1,0,0,0,0,0
772,200781,0,0,0,0,0,0,0,1,0,0,0,0,0
773,201041,0,0,0,0,0,0,0,1,0,0,0,0,0
774,201302,0,0,0,0,0,0,0,1,0,0,0,0,0
775,201562,0,0,0,0,0,0,0,1,0,0,0,0,0
776,201822,0,0,0,0,0,0,0,1,0,0,0,0,0
777,202083,0,0,0,0,0,0,0,1,0,0,0,0,0
778,202343,0,0,0,0,0,0,0,1,0,0,0,0,0
779,202604,0,0,0,0,0,0,0,1,0,0,0,0,0
780,202864,0,0,0,0,0,0,0,1,0,0,0,0,0
781,203125,0,0,0,0,0,0,0,1,0,0,0,0,0
782,203385,0,0,0,0,0,0,0,1,0,0,0,0,0
783,203645,0,0,0,0,0,0,0,1,0,0,0,0,0
784,203906,0,0,0,0,0,0,0,1,0,0,0,0,0
785,204166,0,0,0,0,0,0,0,1,0,0,0,0,0
786,204427,0,0,0,0,0,0,0,1,0,0,0,0,0
787,204687,0,0,0,0,0,0,0,1,0,0,0,0,0
788,204947,0,0,0,0,0,0,0,1,0,0,0,0,0
789,205208,0,0,0,0,0,0,0,1,0,0,0,0,0
790,205468,0,0,0,0,0,0,0,1,0,0,0,0,0
791,205729,0,0,0,0,0,0,0,1,0,0,0,0,0
792,205989,0,0,0,0,0,0,0,1,0,0,0,0,0
793,206250,0,0,0,0,0,0,0,1,0,0,0,0,0
794,206510,0,0,0,0,0,0,0,1,0,0,0,0,0
795,206770,0,0,0,0,0,0,0,1,0,0,0,0,0
796,207031,0,0,0,0,0,0,0,1,0,0,0,0,0
797,207291,0,0,0,0,0,0,0,1,0,0,0,0,0
798,207552,0,0,0,0,0,0,0,1,0,0,0,0,0
799,207812,0,0,0,0,0,0,0,1,0,0,0,0,0
800,208072,0,0,0,0,0,0,0,1,0,0,0,0,0
801,208333,0,0,0,0,0,0,0,1,0,0,0,0,0
802,208593,0,0,0,0,0,0,0,1,0,0,0,0,0
803,208854,0,0,0,0,0,0,0,1,0,0,0,0,0
804,209114,0,0,0,0,0,0,0,1,0,0,0,0,0
805,209375,0,0,0,0,0,0,0,1,0,0,0,0,0
806,209635,0,0,0,0,0,0,0,1,0,0,0,0,0
807,209895,0,0,0,0,0,0,0,1,0,0,0,0,0
808,210156,0,0,0,0,0,0,0,1,0,0,0,0,0
809,210416,0,0,0,0,0,0,0,1,0,0,0,0,0
810,210677,0,0,0,0,0,0,0,1,0,0,0,0,0
811,210937,0,0,0,0,0,0,0,1,0,0,0,0,0
812,211197,0,0,0,0,0,0,0,1,0,0,0,0,0
813,211458,0,0,0,0,0,0,0,1,0,0,0,0,0
814,211718,0,0,0,0,0,0,0,1,0,0,0,0,0
815,211979,0,0,0,0,0,0,0,1,0,0,0,0,0
816,212239,0,0,0,0,0,0,0,1,0,0,0,0,0
817,212500,0,0,0,0,0,0,0,1,0,0,0,0,0
818,212760,0,0,0,0,0,0,0,1,0,0,0,0,0
819,213020,0,0,0,0,0,0,0,1,0,0,0,0,0
820,213281,0,0,0,0,0,0,0,1,0,0,0,0,0
821,213541,0,0,0,0,0,0,0,1,0,0,0,0,0
822,213802,0,0,0,0,0,0,0,1,0,0,0,0,0
823,214062,0,0,0,0,0,0,0,1,0,0,0,0,0
824,214322,0,0,0,0,0,0,0,1,0,0,0,0,0
825,214583,0,0,0,0,0,0,0,1,0,0,0,0,0
826,214843,0,0,0,0,0,0,0,1,0,0,0,0,0
827,215104,0,0,0,0,0,0,0,1,0,0,0,0,0
828,215364,0,0,0,0,0,0,0,1,0,0,0,0,0
829,215625,0,0,0,0,0,0,0,1,0,0,0,0,0
830,215885,0,0,0,0,0,0,0,1,0,0,0,0,0
831,216145,0,0,0,0,0,0,0,1,0,0,0,0,0
832,216406,0,0,0,0,0,0,0,1,0,0,0,0,0
833,216666,0,0,0,0,0,0,0,1,0,0,0,0,0
834,216927,0,0,0,0,0,0,0,1,0,0,0,0,0
835,217187,0,0,0,0,0,0,0,1,0,0,0,0,0
836,217447,0,0,0,0,0,0,0,1,0,0,0,0,0
837,217708,0,0,0,0,0,0,0,1,0,0,0,0,0
838,217968,0,0,0,0,0,0,0,1,0,0,0,0,0
839,218229,0,0,0,0,0,0,0,1,0,0,0,0,0
840,218489,0,0,0,0,0,0,0,1,0,0,0,0,0
841,218750,0,0,0,0,0,0,0,1,0,0,0,0,0
842,219010,0,0,0,0,0,0,0,1,0,0,0,0,0
843,219270,0,0,0,0,0,0,0,1,0,0,0,0,0
844,219531,0,0,0,0,0,0,0,1,0,0,0,0,0
845,219791,0,0,0,0,0,0,0,1,0,0,0,0,0
846,220052,0,0,0,0,0,0,0,1,0,0,0,0,0
847,220312,0,0,0,0,0,0,0,1,0,0,0,0,0
848,220572,0,0,0,0,0,0,0,1,0,0,0,0,0
849,220833,0,0,0,0,0,0,0,1,0,0,0,0,0
850,221093,0,0,0,0,0,0,0,1,0,0,0,0,0
851,221354,0,0,0,0,0,0,0,1,0,0,0,0,0
852,221614,0,0,0,0,0,0,0,1,0,0,0,0,0
853,221875,0,0,0,0,0,0,0,1,0,0,0,0,0
854,222135,0,0,0,0,0,0,0,1,0,0,0,0,0
855,222395,0,0,0,0,0,0,0,1,0,0,0,0,0
856,222656,0,0,0,0,0,0,0,1,0,0,0,0,0
857,222916,0,0,0,0,0,0,0,1,0,0,0,0,0
858,223177,0,0,0,0,0,0,0,1,0,0,0,0,0
859,223437,0,0,0,0,0,0,0,1,0,0,0,0,0
860,223697,0,0,0,0,0,0,0,1,0,0,0,0,0
861,223958,0,0,0,0,0,0,0,1,0,0,0,0,0
862,224218,0,0,0,0,0,0,0,1,0,0,0,0,0
863,224479,0,0,0,0,0,0,0,1,0,0,0,0,0
864,224739,0,0,0,0,0,0,0,1,0,0,0,0,0
865,225000,0,0,0,0,0,0,0,1,0,0,0,0,0
866,225260,0,0,0,0,0,0,0,1,0,0,0,0,0
867,225520,0,0,0,0,0,0,0,1,0,0,0,0,0
868,225781,0,0,0,0,0,0,0,1,0,0,0,0,0
869,226041,0,0,0,0,0,0,0,1,0,0,0,0,0
870,226302,0,0,0,0,0,0,0,1,0,0,0,0,0
871,226562,0,0,0,0,0,0,0,1,0,0,0,0,0
872,226822,0,0,0,0,0,0,0,1,0,0,0,0,0
873,227083,0,0,0,0,0,0,0,1,0,0,0,0,0
874,227343,0,0,0,0,0,0,0,1,0,0,0,0,0
875,227604,0,0,0,0,0,0,0,1,0,0,0,0,0
876,227864,0,0,0,0,0,0,0,1,0,0,0,0,0
877,228125,0,0,0,0,0,0,0,1,0,0,0,0,0
878,228385,0,0,0,0,0,0,0,1,0,0,0,0,0
879,228645,0,0,0,0,0,0,0,1,0,0,0,0,0
880,228906,0,0,0,0,0,0,0,1,0,0,0,0,0
881,229166,0,0,0,0,0,0,0,1,0,0,0,0,0
882,229427,0,0,0,0,0,0,0,1,0,0,0,0,0
883,229687,0,0,0,0,0,0,0,1,0,0,0,0,0
884,229947,0,0,0,0,0,0,0,1,0,0,0,0,0
885,230208,0,0,0,0,0,0,0,1,0,0,0,0,0
886,230468,0,0,0,0,0,0,0,1,0,0,0,0,0
887,230729,0,0,0,0,0,0,0,1,0,0,0,0,0
888,230989,0,0,0,0,0,0,0,1,0,0,0,0,0
889,231250,0,0,0,0,0,0,0,1,0,0,0,0,0
890,231510,0,0,0,0,0,0,0,1,0,0,0,0,0
891,231770,0,0,0,0,0,0,0,1,0,0,0,0,0
892,232031,0,0,0,0,0,0,0,1,0,0,0,0,0
893,232291,0,0,0,0,0,0,0,1,0,0,0,0,0
894,232552,0,0,0,0,0,0,0,1,0,0,0,0,0
895,232812,0,0,0,0,0,0,0,1,0,0,0,0,0
896,233072,0,0,0,0,0,0,0,1,0,0,0,0,0
897,233333,0,0,0,0,0,0,0,1,0,0,0,0,0
898,233593,0,0,0,0,0,0,0,1,0,0,0,0,0
899,233854,0,0,0,0,0,0,0,1,0,0,0,0,0
900,234114,0,0,0,0,0,0,0,1,0,0,0,0,0
901,234375,0,0,0,0,0,0,0,1,0,0,0,0,0
902,234635,0,0,0,0,0,0,0,1,0,0,0,0,0
903,234895,0,0,0,0,0,0,0,1,0,0,0,0,0
904,235156,0,0,0,0,0,0,0,1,0,0,0,0,0
905,235416,0,0,0,0,0,0,0,1,0,0,0,0,0
906,235677,0,0,0,0,0,0,0,1,0,0,0,0,0
907,235937,0,0,0,0,0,0,0,1,0,0,0,0,0
908,236197,0,0,0,0,0,0,0,1,0,0,0,0,0
909,236458,0,0,0,0,0,0,0,1,0,0,0,0,0
910,236718,0,0,0,0,0,0,0,1,0,0,0,0,0
911,236979,0,0,0,0,0,0,0,1,0,0,0,0,0
912,237239,0,0,0,0,0,0,0,1,0,0,0,0,0
913,237500,0,0,0,0,0,0,0,1,0,0,0,0,0
914,237760,0,0,0,0,0,0,0,1,0,0,0,0,0
915,238020,0,0,0,0,0,0,0,1,0,0,0,0,0
916,238281,0,0,0,0,0,0,0,1,0,0,0,0,0
917,238541,0,0,0,0,0,0,0,1,0,0,0,0,0
918,238802,0,0,0,0,0,0,0,1,0,0,0,0,0
919,239062,0,0,0,0,0,0,0,1,0,0,0,0,0
920,239322,0,0,0,0,0,0,0,1,0,0,0,0,0
921,239583,0,0,0,0,0,0,0,1,0,0,0,0,0
922,239843,0,0,0,0,0,0,0,1,0,0,0,0,0
923,240104,0,0,0,0,0,0,0,1,0,0,0,0,0
924,240364,0,0,0,0,0,0,0,1,0,0,0,0,0
925,240625,0,0,0,0,0,0,0,1,0,0,0,0,0
926,240885,0,0,0,0,0,0,0,1,0,0,0,0,0
927,241145,0,0,0,0,0,0,0,1,0,0,0,0,0
928,241406,0,0,0,0,0,0,0,1,0,0,0,0,0
929,241666,0,0,0,0,0,0,0,1,0,0,0,0,0
930,241927,0,0,0,0,0,0,0,1,0,0,0,0,0
931,242187,0,0,0,0,0,0,0,1,0,0,0,0,0
932,242447,0,0,0,0,0,0,0,1,0,0,0,0,0
933,242708,0,0,0,0,0,0,0,1,0,0,0,0,0
934,242968,0,0,0,0,0,0,0,1,0,0,0,0,0
935,243229,0,0,0,0,0,0,0,1,0,0,0,0,0
936,243489,0,0,0,0,0,0,0,1,0,0,0,0,0
937,243750,0,0,0,0,0,0,0,1,0,0,0,0,0
938,244010,0,0,0,0,0,0,0,1,0,0,0,0,0
939,244270,0,0,0,0,0,0,0,1,0,0,0,0,0
940,244531,0,0,0,0,0,0,0,1,0,0,0,0,0
941,244791,0,0,0,0,0,0,0,1,0,0,0,0,0
942,245052,0,0,0,0,0,0,0,1,0,0,0,0,0
943,245312,0,0,0,0,0,0,0,1,0,0,0,0,0
944,245572,0,0,0,0,0,0,0,1,0,0,0,0,0
945,245833,0,0,0,0,0,0,0,1,0,0,0,0,0
946,246093,0,0,0,0,0,0,0,1,0,0,0,0,0
947,246354,0,0,0,0,0,0,0,1,0,0,0,0,0
948,246614,0,0,0,0,0,0,0,1,0,0,0,0,0
949,246875,0,0,0,0,0,0,0,1,0,0,0,0,0
950,247135,0,0,0,0,0,0,0,1,0,0,0,0,0
951,247395,0,0,0,0,0,0,0,1,0,0,0,0,0
952,247656,0,0,0,0,0,0,0,1,0,0,0,0,0
953,247916,0,0,0,0,0,0,0,1,0,0,0,0,0
954,248177,0,0,0,0,0,0,0,1,0,0,0,0,0
955,248437,0,0,0,0,0,0,0,1,0,0,0,0,0
956,248697,0,0,0,0,0,0,0,1,0,0,0,0,0
957,248958,0,0,0,0,0,0,0,1,0,0,0,0,0
958,249218,0,0,0,0,0,0,0,1,0,0,0,0,0
959,249479,0,0,0,0,0,0,0,1,0,0,0,0,0
960,249739,0,0,0,0,0,0,0,1,0,0,0,0,0
961,250000,0,0,0,0,0,0,0,1,0,0,0,0,0
962,250260,0,0,0,0,0,0,0,1,0,0,0,0,0
963,250520,0,0,0,0,0,0,0,1,0,0,0,0,0
964,250781,0,0,0,0,0,0,0,1,0,0,0,0,0
965,251041,0,0,0,0,0,0,0,1,0,0,0,0,0
966,251302,0,0,0,0,0,0,0,1,0,0,0,0,0
967,251562,0,0,0,0,0,0,0,1,0,0,0,0,0
968,251822,0,0,0,0,0,0,0,1,0,0,0,0,0
969,252083,0,0,0,0,0,0,0,1,0,0,0,0,0
970,252343,0,0,0,0,0,0,0,1,0,0,0,0,0
971,252604,0,0,0,0,0,0,0,1,0,0,0,0,0
972,252864,0,0,0,0,0,0,0,1,0,0,0,0,0
973,253125,0,0,0,0,0,0,0,1,0,0,0,0,0
974,253385,0,0,0,0,0,0,0,1,0,0,0,0,0
975,253645,0,0,0,0,0,0,0,1,0,0,0,0,0
976,253906,0,0,0,0,0,0,0,1,0,0,0,0,0
977,254166,0,0,0,0,0,0,0,1,0,0,0,0,0
978,254427,0,0,0,0,0,0,0,1,0,0,0,0,0
979,254687,0,0,0,0,0,0,0,1,0,0,0,0,0
980,254947,0,0,0,0,0,0,0,1,0,0,0,0,0
981,255208,0,0,0,0,0,0,0,1,0,0,0,0,0
982,255468,0,0,0,0,0,0,0,1,0,0,0,0,0
983,255729,0,0,0,0,0,0,0,1,0,0,0,0,0
984,255989,0,0,0,0,0,0,0,1,0,0,0,0,0
985,256249,0,0,0,0,0,0,0,1,0,0,0,0,0
986,256510,0,0,0,0,0,0,0,1,0,0,0,0,0
987,256770,0,0,0,0,0,0,0,1,0,0,0,0,0
988,257031,0,0,0,0,0,0,0,1,0,0,0,0,0
989,257291,0,0,0,0,0,0,0,1,0,0,0,0,0
990,257552,0,0,0,0,0,0,0,1,0,0,0,0,0
991,257812,0,0,0,0,0,0,0,1,0,0,0,0,0
992,258072,0,0,0,0,0,0,0,1,0,0,0,0,0
993,258333,0,0,0,0,0,0,0,1,0,0,0,0,0
994,258593,0,0,0,0,0,0,0,1,0,0,0,0,0
995,258854,0,0,0,0,0,0,0,1,0,0,0,0,0
996,259114,0,0,0,0,0,0,0,1,0,0,0,0,0
997,259375,0,0,0,0,0,0,0,1,0,0,0,0,0
998,259635,0,0,0,0,0,0,0,1,0,0,0,0,0
999,259895,0,0,0,0,0,0,0,1,0,0,0,0,0
1000,260156,0,0,0,0,0,0,0,1,0,0,0,0,0
1001,260416,0,0,0,0,0,0,0,1,0,0,0,0,0
1002,260677,0,0,0,0,0,0,0,1,0,0,0,0,0
1003,260937,0,0,0,0,0,0,0,1,0,0,0,0,0
1004,261197,0,0,0,0,0,0,0,1,0,0,0,0,0
1005,261458,0,0,0,0,0,0,0,1,0,0,0,0,0
1006,261718,0,0,0,0,0,0,0,1,0,0,0,0,0
1007,261979,0,0,0,0,0,0,0,1,0,0,0,0,0
1008,262239,0,0,0,0,0,0,0,1,0,0,0,0,0
1009,262500,0,0,0,0,0,0,0,1,0,0,0,0,0
1010,262760,0,0,0,0,0,0,0,1,0,0,0,0,0
1011,263020,0,0,0,0,0,0,0,1,0,0,0,0,0
1012,263281,0,0,0,0,0,0,0,1,0,0,0,0,0
1013,263541,0,0,0,0,0,0,0,1,0,0,0,0,0
1014,263802,0,0,0,0,0,0,0,1,0,0,0,0,0
