1,0,0,-811,811,0,0,-25024,25024,0,0,0,0,1,0
2,260,92,-853,761,0,2832,-26319,23487,0,0,0,0,1,0
3,520,183,-887,704,0,5637,-27362,21724,0,0,0,0,1,0
4,781,272,-912,640,0,8388,-28140,19752,0,0,0,0,1,0
5,1041,358,-929,570,0,11058,-28648,17590,0,0,0,0,1,0
6,1302,442,-936,495,0,13621,-28880,15259,0,0,0,0,1,0
7,1562,520,-935,414,0,16053,-28833,12780,0,0,0,0,1,0
8,1822,594,-924,330,0,18331,-28509,10178,0,0,0,0,1,0
9,2083,662,-905,242,0,20432,-27910,7479,0,0,0,0,1,0
10,2343,724,-877,153,0,22336,-27043,4707,0,0,0,0,1,0
11,2604,779,-840,61,0,24025,-25915,1890,0,0,0,0,1,0
12,2864,826,-795,-31,0,25483,-24538,-945,0,0,0,0,1,0
13,3125,865,-743,-122,0,26696,-22924,-3772,0,0,0,0,1,0
14,3385,896,-684,-213,0,27651,-21089,-6561,0,0,0,0,1,0
15,3645,919,-618,-301,0,28340,-19052,-9288,0,0,0,0,1,0
16,3906,932,-546,-387,0,28756,-16831,-11925,0,0,0,0,1,0
17,4166,937,-468,-468,0,28895,-14448,-14448,0,0,0,0,1,0
18,4427,932,-387,-546,0,28756,-11925,-16831,0,0,0,0,1,0
19,4687,919,-301,-618,0,28340,-9288,-19052,0,0,0,0,1,0
20,4947,896,-213,-684,0,27651,-6561,-21089,0,0,0,0,1,0
21,5208,865,-122,-743,0,26696,-3772,-22924,0,0,0,0,1,0
22,5468,826,-31,-795,0,25483,-945,-24538,0,0,0,0,1,0
23,5729,779,61,-840,0,24025,1890,-25915,0,0,0,0,1,0
24,5989,724,153,-877,0,22336,4707,-27043,0,0,0,0,1,0
25,6250,662,242,-905,0,20432,7479,-27910,0,0,0,0,1,0
26,6510,594,330,-924,0,18331,10178,-28509,0,0,0,0,1,0
27,6770,520,414,-935,0,16053,12780,-28833,0,0,0,0,1,0
28,7031,442,495,-936,0,13621,15259,-28880,0,0,0,0,1,0
29,7291,358,570,-929,0,11058,17590,-28648,0,0,0,0,1,0
30,7552,272,640,-912,0,8388,19752,-28140,0,0,0,0,1,0
31,7812,183,704,-887,0,5637,21724,-27362,0,0,0,0,1,0
32,8072,92,761,-853,0,2832,23487,-26319,0,0,0,0,1,0
33,8333,0,811,-811,0,0,25024,-25024,0,0,0,0,1,0
34,8593,-92,853,-761,0,-2832,26319,-23487,0,0,0,0,1,0
35,8854,-183,887,-704,0,-5637,27362,-21724,0,0,0,0,1,0
36,9114,-272,912,-640,0,-8388,28140,-19752,0,0,0,0,1,0
37,9375,-358,929,-570,0,-11058,28648,-17590,0,0,0,0,1,0
38,9635,-442,936,-495,0,-13621,28880,-15259,0,0,0,0,1,0
39,9895,-520,935,-414,0,-16053,28833,-12780,0,0,0,0,1,0
40,10156,-594,924,-330,0,-18331,28509,-10178,0,0,0,0,1,0
41,10416,-662,905,-242,0,-20432,27910,-7479,0,0,0,0,1,0
42,10677,-724,877,-153,0,-22336,27043,-4707,0,0,0,0,1,0
43,10937,-779,840,-61,0,-24025,25915,-1890,0,0,0,0,1,0
44,11197,-826,795,31,0,-25483,24538,945,0,0,0,0,1,0
45,11458,-865,743,122,0,-26696,22924,3772,0,0,0,0,1,0
46,11718,-896,684,213,0,-27651,21089,6561,0,0,0,0,1,0
47,11979,-919,618,301,0,-28340,19052,9288,0,0,0,0,1,0
48,12239,-932,546,387,0,-28756,16831,11925,0,0,0,0,1,0
49,12500,-937,468,468,0,-28895,14448,14448,0,0,0,0,1,0
50,12760,-932,387,546,0,-28756,11925,16831,0,0,0,0,1,0
51,13020,-919,301,618,0,-28340,9288,19052,0,0,0,0,1,0
52,13281,-896,213,684,0,-27651,6561,21089,0,0,0,0,1,0
53,13541,-865,122,743,0,-26696,3772,22924,0,0,0,0,1,0
54,13802,-826,31,795,0,-25483,945,24538,0,0,0,0,1,0
55,14062,-779,-61,840,0,-24025,-1890,25915,0,0,0,0,1,0
56,14322,-724,-153,877,0,-22336,-4707,27043,0,0,0,0,1,0
57,14583,-662,-242,905,0,-20432,-7479,27910,0,0,0,0,1,0
58,14843,-594,-330,924,0,-18331,-10178,28509,0,0,0,0,1,0
59,15104,-520,-414,935,0,-16053,-12780,28833,0,0,0,0,1,0
60,15364,-442,-495,936,0,-13621,-15259,28880,0,0,0,0,1,0
61,15625,-358,-570,929,0,-11058,-17590,28648,0,0,0,0,1,0
62,15885,-272,-640,912,0,-8388,-19752,28140,0,0,0,0,1,0
63,16145,-183,-704,887,0,-5637,-21724,27362,0,0,0,0,1,0
64,16406,-92,-761,853,0,-2832,-23487,26319,0,0,0,0,1,0
65,16666,0,-811,811,0,0,-25024,25024,0,0,0,0,1,0
66,16927,92,-853,761,0,2832,-26319,23487,0,0,0,0,1,0
67,17187,183,-887,704,0,5637,-27362,21724,0,0,0,0,1,0
68,17447,272,-912,640,0,8388,-28140,19752,0,0,0,0,1,0
69,17708,358,-929,570,0,11058,-28648,17590,0,0,0,0,1,0
70,17968,442,-936,495,0,13621,-28880,15259,0,0,0,0,1,0
71,18229,520,-935,414,0,16053,-28833,12780,0,0,0,0,1,0
72,18489,594,-924,330,0,18331,-28509,10178,0,0,0,0,1,0
73,18750,662,-905,242,0,20432,-27910,7479,0,0,0,0,1,0
74,19010,724,-877,153,0,22336,-27043,4707,0,0,0,0,1,0
75,19270,779,-840,61,0,24025,-25915,1890,0,0,0,0,1,0
76,19531,826,-795,-31,0,25483,-24538,-945,0,0,0,0,1,0
77,19791,865,-743,-122,0,26696,-22924,-3772,0,0,0,0,1,0
78,20052,896,-684,-213,0,27651,-21089,-6561,0,0,0,0,1,0
79,20312,919,-618,-301,0,28340,-19052,-9288,0,0,0,0,1,0
80,20572,932,-546,-387,0,28756,-16831,-11925,0,0,0,0,1,0
81,20833,937,-468,-468,0,28895,-14448,-14448,0,0,0,0,1,0
82,21093,932,-387,-546,0,28756,-11925,-16831,0,0,0,0,1,0
83,21354,919,-301,-618,0,28340,-9288,-19052,0,0,0,0,1,0
84,21614,896,-213,-684,0,27651,-6561,-21089,0,0,0,0,1,0
85,21875,865,-122,-743,0,26696,-3772,-22924,0,0,0,0,1,0
86,22135,826,-31,-795,0,25483,-945,-24538,0,0,0,0,1,0
87,22395,779,61,-840,0,24025,1890,-25915,0,0,0,0,1,0
88,22656,724,153,-877,0,22336,4707,-27043,0,0,0,0,1,0
89,22916,662,242,-905,0,20432,7479,-27910,0,0,0,0,1,0
90,23177,594,330,-924,0,18331,10178,-28509,0,0,0,0,1,0
91,23437,520,414,-935,0,16053,12780,-28833,0,0,0,0,1,0
92,23697,442,495,-936,0,13621,15259,-28880,0,0,0,0,1,0
93,23958,358,570,-929,0,11058,17590,-28648,0,0,0,0,1,0
94,24218,272,640,-912,0,8388,19752,-28140,0,0,0,0,1,0
95,24479,183,704,-887,0,5637,21724,-27362,0,0,0,0,1,0
96,24739,92,761,-853,0,2832,23487,-26319,0,0,0,0,1,0
97,25000,0,811,-811,0,0,25024,-25024,0,0,0,0,1,0
98,25260,-92,853,-761,0,-2832,26319,-23487,0,0,0,0,1,0
99,25520,-183,887,-704,0,-5637,27362,-21724,0,0,0,0,1,0
100,25781,-272,912,-640,0,-8388,28140,-19752,0,0,0,0,1,0
101,26041,-358,929,-570,0,-11058,28648,-17590,0,0,0,0,1,0
102,26302,-442,936,-495,0,-13621,28880,-15259,0,0,0,0,1,0
103,26562,-520,935,-414,0,-16053,28833,-12780,0,0,0,0,1,0
104,26822,-594,924,-330,0,-18331,28509,-10178,0,0,0,0,1,0
105,27083,-662,905,-242,0,-20432,27910,-7479,0,0,0,0,1,0
106,27343,-724,877,-153,0,-22336,27043,-4707,0,0,0,0,1,0
107,27604,-779,840,-61,0,-24025,25915,-1890,0,0,0,0,1,0
108,27864,-826,795,31,0,-25483,24538,945,0,0,0,0,1,0
109,28125,-865,743,122,0,-26696,22924,3772,0,0,0,0,1,0
110,28385,-896,684,213,0,-27651,21089,6561,0,0,0,0,1,0
111,28645,-919,618,301,0,-28340,19052,9288,0,0,0,0,1,0
112,28906,-932,546,387,0,-28756,16831,11925,0,0,0,0,1,0
113,29166,-937,468,468,0,-28895,14448,14448,0,0,0,0,1,0
114,29427,-932,387,546,0,-28756,11925,16831,0,0,0,0,1,0
115,29687,-919,301,618,0,-28340,9288,19052,0,0,0,0,1,0
116,29947,-896,213,684,0,-27651,6561,21089,0,0,0,0,1,0
117,30208,-865,122,743,0,-26696,3772,22924,0,0,0,0,1,0
118,30468,-826,31,795,0,-25483,945,24538,0,0,0,0,1,0
119,30729,-779,-61,840,0,-24025,-1890,25915,0,0,0,0,1,0
120,30989,-724,-153,877,0,-22336,-4707,27043,0,0,0,0,1,0
121,31250,-662,-242,905,0,-20432,-7479,27910,0,0,0,0,1,0
122,31510,-594,-330,924,0,-18331,-10178,28509,0,0,0,0,1,0
123,31770,-520,-414,935,0,-16053,-12780,28833,0,0,0,0,1,0
124,32031,-442,-495,936,0,-13621,-15259,28880,0,0,0,0,1,0
125,32291,-358,-570,929,0,-11058,-17590,28648,0,0,0,0,1,0
126,32552,-272,-640,912,0,-8388,-19752,28140,0,0,0,0,1,0
127,32812,-183,-704,887,0,-5637,-21724,27362,0,0,0,0,1,0
128,33072,-92,-761,853,0,-2832,-23487,26319,0,0,0,0,1,0
129,33333,0,-811,811,0,0,-25024,25024,0,0,0,0,1,0
130,33593,92,-853,761,0,2832,-26319,23487,0,0,0,0,1,0
131,33854,183,-887,704,0,5637,-27362,21724,0,0,0,0,1,0
132,34114,272,-912,640,0,8388,-28140,19752,0,0,0,0,1,0
133,34375,358,-929,570,0,11058,-28648,17590,0,0,0,0,1,0
134,34635,442,-936,495,0,13621,-28880,15259,0,0,0,0,1,0
135,34895,520,-935,414,0,16053,-28833,12780,0,0,0,0,1,0
136,35156,594,-924,330,0,18331,-28509,10178,0,0,0,0,1,0
137,35416,662,-905,242,0,20432,-27910,7479,0,0,0,0,1,0
138,35677,724,-877,153,0,22336,-27043,4707,0,0,0,0,1,0
139,35937,779,-840,61,0,24025,-25915,1890,0,0,0,0,1,0
140,36197,826,-795,-31,0,25483,-24538,-945,0,0,0,0,1,0
141,36458,865,-743,-122,0,26696,-22924,-3772,0,0,0,0,1,0
142,36718,896,-684,-213,0,27651,-21089,-6561,0,0,0,0,1,0
143,36979,919,-618,-301,0,28340,-19052,-9288,0,0,0,0,1,0
144,37239,932,-546,-387,0,28756,-16831,-11925,0,0,0,0,1,0
145,37500,937,-468,-468,0,28895,-14448,-14448,0,0,0,0,1,0
146,37760,932,-387,-546,0,28756,-11925,-16831,0,0,0,0,1,0
147,38020,919,-301,-618,0,28340,-9288,-19052,0,0,0,0,1,0
148,38281,896,-213,-684,0,27651,-6561,-21089,0,0,0,0,1,0
149,38541,865,-122,-743,0,26696,-3772,-22924,0,0,0,0,1,0
150,38802,826,-31,-795,0,25483,-945,-24538,0,0,0,0,1,0
151,39062,779,61,-840,0,24025,1890,-25915,0,0,0,0,1,0
152,39322,724,153,-877,0,22336,4707,-27043,0,0,0,0,1,0
153,39583,662,242,-905,0,20432,7479,-27910,0,0,0,0,1,0
154,39843,594,330,-924,0,18331,10178,-28509,0,0,0,0,1,0
155,40104,520,414,-935,0,16053,12780,-28833,0,0,0,0,1,0
156,40364,442,495,-936,0,13621,15259,-28880,0,0,0,0,1,0
157,40625,358,570,-929,0,11058,17590,-28648,0,0,0,0,1,0
158,40885,272,640,-912,0,8388,19752,-28140,0,0,0,0,1,0
159,41145,183,704,-887,0,5637,21724,-27362,0,0,0,0,1,0
160,41406,92,761,-853,0,2832,23487,-26319,0,0,0,0,1,0
161,41666,0,811,-811,0,0,25024,-25024,0,0,0,0,1,0
162,41927,-92,853,-761,0,-2832,26319,-23487,0,0,0,0,1,0
163,42187,-183,887,-704,0,-5637,27362,-21724,0,0,0,0,1,0
164,42447,-272,912,-640,0,-8388,28140,-19752,0,0,0,0,1,0
165,42708,-358,929,-570,0,-11058,28648,-17590,0,0,0,0,1,0
166,42968,-442,936,-495,0,-13621,28880,-15259,0,0,0,0,1,0
167,43229,-520,935,-414,0,-16053,28833,-12780,0,0,0,0,1,0
168,43489,-594,924,-330,0,-18331,28509,-10178,0,0,0,0,1,0
169,43750,-662,905,-242,0,-20432,27910,-7479,0,0,0,0,1,0
170,44010,-724,877,-153,0,-22336,27043,-4707,0,0,0,0,1,0
171,44270,-779,840,-61,0,-24025,25915,-1890,0,0,0,0,1,0
172,44531,-826,795,31,0,-25483,24538,945,0,0,0,0,1,0
173,44791,-865,743,122,0,-26696,22924,3772,0,0,0,0,1,0
174,45052,-896,684,213,0,-27651,21089,6561,0,0,0,0,1,0
175,45312,-919,618,301,0,-28340,19052,9288,0,0,0,0,1,0
176,45572,-932,546,387,0,-28756,16831,11925,0,0,0,0,1,0
177,45833,-937,468,468,0,-28895,14448,14448,0,0,0,0,1,0
178,46093,-932,387,546,0,-28756,11925,16831,0,0,0,0,1,0
179,46354,-919,301,618,0,-28340,9288,19052,0,0,0,0,1,0
180,46614,-896,213,684,0,-27651,6561,21089,0,0,0,0,1,0
181,46875,-865,122,743,0,-26696,3772,22924,0,0,0,0,1,0
182,47135,-826,31,795,0,-25483,945,24538,0,0,0,0,1,0
183,47395,-779,-61,840,0,-24025,-1890,25915,0,0,0,0,1,0
184,47656,-724,-153,877,0,-22336,-4707,27043,0,0,0,0,1,0
185,47916,-662,-242,905,0,-20432,-7479,27910,0,0,0,0,1,0
186,48177,-594,-330,924,0,-18331,-10178,28509,0,0,0,0,1,0
187,48437,-520,-414,935,0,-16053,-12780,28833,0,0,0,0,1,0
188,48697,-442,-495,936,0,-13621,-15259,28880,0,0,0,0,1,0
189,48958,-358,-570,929,0,-11058,-17590,28648,0,0,0,0,1,0
190,49218,-272,-640,912,0,-8388,-19752,28140,0,0,0,0,1,0
191,49479,-183,-704,887,0,-5637,-21724,27362,0,0,0,0,1,0
192,49739,-92,-761,853,0,-2832,-23487,26319,0,0,0,0,1,0
193,50000,0,-811,31207,30395,0,-27026,2502,0,0,0,0,1,0
194,50260,92,-853,29563,28802,3059,-28425,2349,0,0,0,0,1,0
195,50520,183,-887,27781,27076,6088,-29551,2172,0,0,0,0,1,0
196,50781,272,-912,25875,25235,9059,-30391,1975,0,0,0,0,1,0
197,51041,358,-929,23863,23293,11942,-30940,1759,0,0,0,0,1,0
198,51302,442,-936,21763,21269,14711,-31190,1526,0,0,0,0,1,0
199,51562,520,-935,19594,19179,17337,-31140,1278,0,0,0,0,1,0
200,51822,594,-924,17374,17044,19797,-30790,1018,0,0,0,0,1,0
201,52083,662,-905,15125,14883,22066,-30143,748,0,0,0,0,1,0
202,52343,724,-877,12866,12714,24123,-29207,471,0,0,0,0,1,0
203,52604,779,-840,10619,10557,25947,-27988,189,0,0,0,0,1,0
204,52864,826,-795,8402,8432,27522,-26501,-95,0,0,0,0,1,0
205,53125,865,-743,6236,6359,28831,-24758,-377,0,0,0,0,1,0
206,53385,896,-684,4142,4354,29863,-22777,-656,0,0,0,0,1,0
207,53645,919,-618,2137,2438,30607,-20576,-929,0,0,0,0,1,0
208,53906,932,-546,240,626,31056,-18177,-1193,0,0,0,0,1,0
209,54166,937,-468,-1533,-1064,31207,-15603,-1445,0,0,0,0,1,0
210,54427,932,-387,-3165,-2619,31056,-12879,-1683,0,0,0,0,1,0
211,54687,919,-301,-4641,-4024,30607,-10031,-1905,0,0,0,0,1,0
212,54947,896,-213,-5950,-5266,29863,-7086,-2109,0,0,0,0,1,0
213,55208,865,-122,-7079,-6336,28831,-4073,-2292,0,0,0,0,1,0
214,55468,826,-31,-8019,-7224,27522,-1021,-2454,0,0,0,0,1,0
215,55729,779,61,-8762,-7922,25947,2041,-2592,0,0,0,0,1,0
216,55989,724,153,-9302,-8425,24123,5083,-2704,0,0,0,0,1,0
217,56250,662,242,-9635,-8730,22066,8077,-2791,0,0,0,0,1,0
218,56510,594,330,-9759,-8835,19797,10993,-2851,0,0,0,0,1,0
219,56770,520,414,-9673,-8739,17337,13802,-2883,0,0,0,0,1,0
220,57031,442,495,-9381,-8445,14711,16479,-2888,0,0,0,0,1,0
221,57291,358,570,-8885,-7956,11942,18997,-2865,0,0,0,0,1,0
222,57552,272,640,-8192,-7279,9059,21333,-2814,0,0,0,0,1,0
223,57812,183,704,-7309,-6422,6088,23462,-2736,0,0,0,0,1,0
224,58072,92,761,-6246,-5392,3059,25366,-2632,0,0,0,0,1,0
225,58333,0,811,-5014,-4203,0,27026,-2502,0,0,0,0,1,0
226,58593,-92,853,-3626,-2865,-3059,28425,-2349,0,0,0,0,1,0
227,58854,-183,887,-2097,-1393,-6088,29551,-2172,0,0,0,0,1,0
228,59114,-272,912,-443,198,-9059,30391,-1975,0,0,0,0,1,0
229,59375,-358,929,1321,1891,-11942,30940,-1759,0,0,0,0,1,0
230,59635,-442,936,3175,3670,-14711,31190,-1526,0,0,0,0,1,0
231,59895,-520,935,5101,5515,-17337,31140,-1278,0,0,0,0,1,0
232,60156,-594,924,7079,7409,-19797,30790,-1018,0,0,0,0,1,0
233,60416,-662,905,9089,9332,-22066,30143,-748,0,0,0,0,1,0
234,60677,-724,877,11111,11264,-24123,29207,-471,0,0,0,0,1,0
235,60937,-779,840,13125,13186,-25947,27988,-189,0,0,0,0,1,0
236,61197,-826,795,15110,15079,-27522,26501,95,0,0,0,0,1,0
237,61458,-865,743,17046,16923,-28831,24758,377,0,0,0,0,1,0
238,61718,-896,684,18913,18700,-29863,22777,656,0,0,0,0,1,0
239,61979,-919,618,20692,20391,-30607,20576,929,0,0,0,0,1,0
240,62239,-932,546,22367,21980,-31056,18177,1193,0,0,0,0,1,0
241,62500,-937,468,23918,23450,-31207,15603,1445,0,0,0,0,1,0
242,62760,-932,387,25331,24786,-31056,12879,1683,0,0,0,0,1,0
243,63020,-919,301,26592,25974,-30607,10031,1905,0,0,0,0,1,0
244,63281,-896,213,27686,27002,-29863,7086,2109,0,0,0,0,1,0
245,63541,-865,122,28603,27859,-28831,4073,2292,0,0,0,0,1,0
246,63802,-826,31,29332,28537,-27522,1021,2454,0,0,0,0,1,0
247,64062,-779,-61,29867,29027,-25947,-2041,2592,0,0,0,0,1,0
248,64322,-724,-153,30201,29324,-24123,-5083,2704,0,0,0,0,1,0
249,64583,-662,-242,30330,29425,-22066,-8077,2791,0,0,0,0,1,0
250,64843,-594,-330,30251,29327,-19797,-10993,2851,0,0,0,0,1,0
251,65104,-520,-414,29966,29031,-17337,-13802,2883,0,0,0,0,1,0
252,65364,-442,-495,29475,28538,-14711,-16479,2888,0,0,0,0,1,0
253,65625,-358,-570,28783,27854,-11942,-18997,2865,0,0,0,0,1,0
254,65885,-272,-640,27895,26983,-9059,-21333,2814,0,0,0,0,1,0
255,66145,-183,-704,26819,25932,-6088,-23462,2736,0,0,0,0,1,0
256,66406,-92,-761,25566,24712,-3059,-25366,2632,0,0,0,0,1,0
257,66666,0,-811,24145,23334,0,-27026,2502,0,0,0,0,1,0
258,66927,92,-853,22571,21809,3059,-28425,2349,0,0,0,0,1,0
259,67187,183,-887,20857,20152,6088,-29551,2172,0,0,0,0,1,0
260,67447,272,-912,19019,18378,9059,-30391,1975,0,0,0,0,1,0
261,67708,358,-929,17074,16504,11942,-30940,1759,0,0,0,0,1,0
262,67968,442,-936,15040,14545,14711,-31190,1526,0,0,0,0,1,0
263,68229,520,-935,12936,12522,17337,-31140,1278,0,0,0,0,1,0
264,68489,594,-924,10782,10452,19797,-30790,1018,0,0,0,0,1,0
265,68750,662,-905,8597,8355,22066,-30143,748,0,0,0,0,1,0
266,69010,724,-877,6402,6249,24123,-29207,471,0,0,0,0,1,0
267,69270,779,-840,4217,4156,25947,-27988,189,0,0,0,0,1,0
268,69531,826,-795,2063,2094,27522,-26501,-95,0,0,0,0,1,0
269,69791,865,-743,-40,82,28831,-24758,-377,0,0,0,0,1,0
270,70052,896,-684,-2074,-1861,29863,-22777,-656,0,0,0,0,1,0
271,70312,919,-618,-4018,-3717,30607,-20576,-929,0,0,0,0,1,0
272,70572,932,-546,-5855,-5468,31056,-18177,-1193,0,0,0,0,1,0
273,70833,937,-468,-7568,-7099,31207,-15603,-1445,0,0,0,0,1,0
274,71093,932,-387,-9141,-8595,31056,-12879,-1683,0,0,0,0,1,0
275,71354,919,-301,-10559,-9941,30607,-10031,-1905,0,0,0,0,1,0
276,71614,896,-213,-11810,-11126,29863,-7086,-2109,0,0,0,0,1,0
277,71875,865,-122,-12882,-12139,28831,-4073,-2292,0,0,0,0,1,0
278,72135,826,-31,-13765,-12970,27522,-1021,-2454,0,0,0,0,1,0
279,72395,779,61,-14452,-13612,25947,2041,-2592,0,0,0,0,1,0
280,72656,724,153,-14936,-14060,24123,5083,-2704,0,0,0,0,1,0
281,72916,662,242,-15214,-14309,22066,8077,-2791,0,0,0,0,1,0
282,73177,594,330,-15284,-14359,19797,10993,-2851,0,0,0,0,1,0
283,73437,520,414,-15144,-14209,17337,13802,-2883,0,0,0,0,1,0
284,73697,442,495,-14798,-13862,14711,16479,-2888,0,0,0,0,1,0
285,73958,179,285,-464,0,11058,17590,-28648,0,0,0,0,1,0
286,74218,136,320,-456,0,8388,19752,-28140,0,0,0,0,1,0
287,74479,91,352,-444,0,5637,21724,-27362,0,0,0,0,1,0
288,74739,46,381,-427,0,2832,23487,-26319,0,0,0,0,1,0
289,75000,0,406,-406,0,0,25024,-25024,0,0,0,0,1,0
290,75260,-46,427,-381,0,-2832,26319,-23487,0,0,0,0,1,0
291,75520,-91,444,-352,0,-5637,27362,-21724,0,0,0,0,1,0
292,75781,-136,456,-320,0,-8388,28140,-19752,0,0,0,0,1,0
293,76041,-179,464,-285,0,-11058,28648,-17590,0,0,0,0,1,0
294,76302,-221,468,-247,0,-13621,28880,-15259,0,0,0,0,1,0
295,76562,-260,467,-207,0,-16053,28833,-12780,0,0,0,0,1,0
296,76822,-297,462,-165,0,-18331,28509,-10178,0,0,0,0,1,0
297,77083,-331,452,-121,0,-20432,27910,-7479,0,0,0,0,1,0
298,77343,-362,438,-76,0,-22336,27043,-4707,0,0,0,0,1,0
299,77604,-389,420,-31,0,-24025,25915,-1890,0,0,0,0,1,0
300,77864,-413,398,15,0,-25483,24538,945,0,0,0,0,1,0
301,78125,-433,372,61,0,-26696,22924,3772,0,0,0,0,1,0
302,78385,-448,342,106,0,-27651,21089,6561,0,0,0,0,1,0
303,78645,-459,309,151,0,-28340,19052,9288,0,0,0,0,1,0
304,78906,-466,273,193,0,-28756,16831,11925,0,0,0,0,1,0
305,79166,-468,234,234,0,-28895,14448,14448,0,0,0,0,1,0
306,79427,-466,193,273,0,-28756,11925,16831,0,0,0,0,1,0
307,79687,-459,151,309,0,-28340,9288,19052,0,0,0,0,1,0
308,79947,-448,106,342,0,-27651,6561,21089,0,0,0,0,1,0
309,80208,-433,61,372,0,-26696,3772,22924,0,0,0,0,1,0
310,80468,-413,15,398,0,-25483,945,24538,0,0,0,0,1,0
311,80729,-389,-31,420,0,-24025,-1890,25915,0,0,0,0,1,0
312,80989,-362,-76,438,0,-22336,-4707,27043,0,0,0,0,1,0
313,81250,-331,-121,452,0,-20432,-7479,27910,0,0,0,0,1,0
314,81510,-297,-165,462,0,-18331,-10178,28509,0,0,0,0,1,0
315,81770,-260,-207,467,0,-16053,-12780,28833,0,0,0,0,1,0
316,82031,-221,-247,468,0,-13621,-15259,28880,0,0,0,0,1,0
317,82291,-179,-285,464,0,-11058,-17590,28648,0,0,0,0,1,0
318,82552,-136,-320,456,0,-8388,-19752,28140,0,0,0,0,1,0
319,82812,-91,-352,444,0,-5637,-21724,27362,0,0,0,0,1,0
320,83072,-46,-381,427,0,-2832,-23487,26319,0,0,0,0,1,0
321,83333,0,-406,406,0,0,-25024,25024,0,0,0,0,1,0
322,83593,46,-427,381,0,2832,-26319,23487,0,0,0,0,1,0
323,83854,91,-444,352,0,5637,-27362,21724,0,0,0,0,1,0
324,84114,136,-456,320,0,8388,-28140,19752,0,0,0,0,1,0
325,84375,179,-464,285,0,11058,-28648,17590,0,0,0,0,1,0
326,84635,221,-468,247,0,13621,-28880,15259,0,0,0,0,1,0
327,84895,260,-467,207,0,16053,-28833,12780,0,0,0,0,1,0
328,85156,297,-462,165,0,18331,-28509,10178,0,0,0,0,1,0
329,85416,331,-452,121,0,20432,-27910,7479,0,0,0,0,1,0
330,85677,362,-438,76,0,22336,-27043,4707,0,0,0,0,1,0
331,85937,389,-420,31,0,24025,-25915,1890,0,0,0,0,1,0
332,86197,413,-398,-15,0,25483,-24538,-945,0,0,0,0,1,0
333,86458,433,-372,-61,0,26696,-22924,-3772,0,0,0,0,1,0
334,86718,448,-342,-106,0,27651,-21089,-6561,0,0,0,0,1,0
335,86979,459,-309,-151,0,28340,-19052,-9288,0,0,0,0,1,0
336,87239,466,-273,-193,0,28756,-16831,-11925,0,0,0,0,1,0
337,87500,468,-234,-234,0,28895,-14448,-14448,0,0,0,0,1,0
338,87760,466,-193,-273,0,28756,-11925,-16831,0,0,0,0,1,0
339,88020,459,-151,-309,0,28340,-9288,-19052,0,0,0,0,1,0
340,88281,448,-106,-342,0,27651,-6561,-21089,0,0,0,0,1,0
341,88541,433,-61,-372,0,26696,-3772,-22924,0,0,0,0,1,0
342,88802,413,-15,-398,0,25483,-945,-24538,0,0,0,0,1,0
343,89062,389,31,-420,0,24025,1890,-25915,0,0,0,0,1,0
344,89322,362,76,-438,0,22336,4707,-27043,0,0,0,0,1,0
345,89583,331,121,-452,0,20432,7479,-27910,0,0,0,0,1,0
346,89843,297,165,-462,0,18331,10178,-28509,0,0,0,0,1,0
347,90104,260,207,-467,0,16053,12780,-28833,0,0,0,0,1,0
348,90364,221,247,-468,0,13621,15259,-28880,0,0,0,0,1,0
349,90625,179,285,-464,0,11058,17590,-28648,0,0,0,0,1,0
350,90885,136,320,-456,0,8388,19752,-28140,0,0,0,0,1,0
351,91145,91,352,-444,0,5637,21724,-27362,0,0,0,0,1,0
352,91406,46,381,-427,0,2832,23487,-26319,0,0,0,0,1,0
353,91666,0,406,-406,0,0,25024,-25024,0,0,0,0,1,0
354,91927,-46,427,-381,0,-2832,26319,-23487,0,0,0,0,1,0
355,92187,-91,444,-352,0,-5637,27362,-21724,0,0,0,0,1,0
356,92447,-136,456,-320,0,-8388,28140,-19752,0,0,0,0,1,0
357,92708,-179,464,-285,0,-11058,28648,-17590,0,0,0,0,1,0
358,92968,-221,468,-247,0,-13621,28880,-15259,0,0,0,0,1,0
359,93229,-260,467,-207,0,-16053,28833,-12780,0,0,0,0,1,0
360,93489,-297,462,-165,0,-18331,28509,-10178,0,0,0,0,1,0
361,93750,-331,452,-121,0,-20432,27910,-7479,0,0,0,0,1,0
362,94010,-362,438,-76,0,-22336,27043,-4707,0,0,0,0,1,0
363,94270,-389,420,-31,0,-24025,25915,-1890,0,0,0,0,1,0
364,94531,-413,398,15,0,-25483,24538,945,0,0,0,0,1,0
365,94791,-433,372,61,0,-26696,22924,3772,0,0,0,0,1,0
366,95052,-448,342,106,0,-27651,21089,6561,0,0,0,0,1,0
367,95312,-459,309,151,0,-28340,19052,9288,0,0,0,0,1,0
368,95572,-466,273,193,0,-28756,16831,11925,0,0,0,0,1,0
369,95833,-468,234,234,0,-28895,14448,14448,0,0,0,0,1,0
370,96093,-466,193,273,0,-28756,11925,16831,0,0,0,0,1,0
371,96354,-459,151,309,0,-28340,9288,19052,0,0,0,0,1,0
372,96614,-448,106,342,0,-27651,6561,21089,0,0,0,0,1,0
373,96875,-433,61,372,0,-26696,3772,22924,0,0,0,0,1,0
374,97135,-413,15,398,0,-25483,945,24538,0,0,0,0,1,0
375,97395,-389,-31,420,0,-24025,-1890,25915,0,0,0,0,1,0
376,97656,-362,-76,438,0,-22336,-4707,27043,0,0,0,0,1,0
377,97916,-331,-121,452,0,-20432,-7479,27910,0,0,0,0,1,0
378,98177,-297,-165,462,0,-18331,-10178,28509,0,0,0,0,1,0
379,98437,-260,-207,467,0,-16053,-12780,28833,0,0,0,0,1,0
380,98697,-221,-247,468,0,-13621,-15259,28880,0,0,0,0,1,0
381,98958,-179,-285,464,0,-11058,-17590,28648,0,0,0,0,1,0
382,99218,-136,-320,456,0,-8388,-19752,28140,0,0,0,0,1,0
383,99479,-91,-352,444,0,-5637,-21724,27362,0,0,0,0,1,0
384,99739,-46,-381,427,0,-2832,-23487,26319,0,0,0,0,1,0
385,100000,0,-406,406,0,0,-25024,25024,0,0,0,0,1,0
386,100260,46,-427,381,0,2832,-26319,23487,0,0,0,0,1,0
387,100520,91,-444,352,0,5637,-27362,21724,0,0,0,0,1,0
388,100781,136,-456,320,0,8388,-28140,19752,0,0,0,0,1,0
389,101041,179,-464,285,0,11058,-28648,17590,0,0,0,0,1,0
390,101302,221,-468,247,0,13621,-28880,15259,0,0,0,0,1,0
391,101562,260,-467,207,0,16053,-28833,12780,0,0,0,0,1,0
392,101822,297,-462,165,0,18331,-28509,10178,0,0,0,0,1,0
393,102083,331,-452,121,0,20432,-27910,7479,0,0,0,0,1,0
394,102343,362,-438,76,0,22336,-27043,4707,0,0,0,0,1,0
395,102604,389,-420,31,0,24025,-25915,1890,0,0,0,0,1,0
396,102864,413,-398,-15,0,25483,-24538,-945,0,0,0,0,1,0
397,103125,433,-372,-61,0,26696,-22924,-3772,0,0,0,0,1,0
398,103385,448,-342,-106,0,27651,-21089,-6561,0,0,0,0,1,0
399,103645,459,-309,-151,0,28340,-19052,-9288,0,0,0,0,1,0
400,103906,466,-273,-193,0,28756,-16831,-11925,0,0,0,0,1,0
401,104166,468,-234,-234,0,28895,-14448,-14448,0,0,0,0,1,0
402,104427,466,-193,-273,0,28756,-11925,-16831,0,0,0,0,1,0
403,104687,459,-151,-309,0,28340,-9288,-19052,0,0,0,0,1,0
404,104947,448,-106,-342,0,27651,-6561,-21089,0,0,0,0,1,0
405,105208,433,-61,-372,0,26696,-3772,-22924,0,0,0,0,1,0
406,105468,413,-15,-398,0,25483,-945,-24538,0,0,0,0,1,0
407,105729,389,31,-420,0,24025,1890,-25915,0,0,0,0,1,0
408,105989,362,76,-438,0,22336,4707,-27043,0,0,0,0,1,0
409,106250,331,121,-452,0,20432,7479,-27910,0,0,0,0,1,0
410,106510,297,165,-462,0,18331,10178,-28509,0,0,0,0,1,0
411,106770,260,207,-467,0,16053,12780,-28833,0,0,0,0,1,0
412,107031,221,247,-468,0,13621,15259,-28880,0,0,0,0,1,0
413,107291,179,285,-464,0,11058,17590,-28648,0,0,0,0,1,0
414,107552,136,320,-456,0,8388,19752,-28140,0,0,0,0,1,0
415,107812,91,352,-444,0,5637,21724,-27362,0,0,0,0,1,0
416,108072,46,381,-427,0,2832,23487,-26319,0,0,0,0,1,0
417,108333,0,406,-406,0,0,25024,-25024,0,0,0,0,1,0
418,108593,-46,427,-381,0,-2832,26319,-23487,0,0,0,0,1,0
419,108854,-91,444,-352,0,-5637,27362,-21724,0,0,0,0,1,0
420,109114,-136,456,-320,0,-8388,28140,-19752,0,0,0,0,1,0
421,109375,-179,464,-285,0,-11058,28648,-17590,0,0,0,0,1,0
422,109635,-221,468,-247,0,-13621,28880,-15259,0,0,0,0,1,0
423,109895,-260,467,-207,0,-16053,28833,-12780,0,0,0,0,1,0
424,110156,-297,462,-165,0,-18331,28509,-10178,0,0,0,0,1,0
425,110416,-331,452,-121,0,-20432,27910,-7479,0,0,0,0,1,0
426,110677,-362,438,-76,0,-22336,27043,-4707,0,0,0,0,1,0
427,110937,-389,420,-31,0,-24025,25915,-1890,0,0,0,0,1,0
428,111197,-413,398,15,0,-25483,24538,945,0,0,0,0,1,0
429,111458,-433,372,61,0,-26696,22924,3772,0,0,0,0,1,0
430,111718,-448,342,106,0,-27651,21089,6561,0,0,0,0,1,0
431,111979,-459,309,151,0,-28340,19052,9288,0,0,0,0,1,0
432,112239,-466,273,193,0,-28756,16831,11925,0,0,0,0,1,0
433,112500,-468,234,234,0,-28895,14448,14448,0,0,0,0,1,0
434,112760,-466,193,273,0,-28756,11925,16831,0,0,0,0,1,0
435,113020,-459,151,309,0,-28340,9288,19052,0,0,0,0,1,0
436,113281,-448,106,342,0,-27651,6561,21089,0,0,0,0,1,0
437,113541,-433,61,372,0,-26696,3772,22924,0,0,0,0,1,0
438,113802,-413,15,398,0,-25483,945,24538,0,0,0,0,1,0
439,114062,-389,-31,420,0,-24025,-1890,25915,0,0,0,0,1,0
440,114322,-362,-76,438,0,-22336,-4707,27043,0,0,0,0,1,0
441,114583,-331,-121,452,0,-20432,-7479,27910,0,0,0,0,1,0
442,114843,-297,-165,462,0,-18331,-10178,28509,0,0,0,0,1,0
443,115104,-260,-207,467,0,-16053,-12780,28833,0,0,0,0,1,0
444,115364,-221,-247,468,0,-13621,-15259,28880,0,0,0,0,1,0
445,115625,-179,-285,464,0,-11058,-17590,28648,0,0,0,0,1,0
446,115885,-136,-320,456,0,-8388,-19752,28140,0,0,0,0,1,0
447,116145,-91,-352,444,0,-5637,-21724,27362,0,0,0,0,1,0
448,116406,-46,-381,427,0,-2832,-23487,26319,0,0,0,0,1,0
449,116666,0,-406,406,0,0,-25024,25024,0,0,0,0,1,0
450,116927,46,-427,381,0,2832,-26319,23487,0,0,0,0,1,0
451,117187,91,-444,352,0,5637,-27362,21724,0,0,0,0,1,0
452,117447,136,-456,320,0,8388,-28140,19752,0,0,0,0,1,0
453,117708,179,-464,285,0,11058,-28648,17590,0,0,0,0,1,0
454,117968,221,-468,247,0,13621,-28880,15259,0,0,0,0,1,0
455,118229,260,-467,207,0,16053,-28833,12780,0,0,0,0,1,0
456,118489,297,-462,165,0,18331,-28509,10178,0,0,0,0,1,0
457,118750,331,-452,121,0,20432,-27910,7479,0,0,0,0,1,0
458,119010,362,-438,76,0,22336,-27043,4707,0,0,0,0,1,0
459,119270,389,-420,31,0,24025,-25915,1890,0,0,0,0,1,0
460,119531,413,-398,-15,0,25483,-24538,-945,0,0,0,0,1,0
461,119791,433,-372,-61,0,26696,-22924,-3772,0,0,0,0,1,0
462,120052,448,-342,-106,0,27651,-21089,-6561,0,0,0,0,1,0
463,120312,459,-309,-151,0,28340,-19052,-9288,0,0,0,0,1,0
464,120572,466,-273,-193,0,28756,-16831,-11925,0,0,0,0,1,0
465,120833,468,-234,-234,0,28895,-14448,-14448,0,0,0,0,1,0
466,121093,466,-193,-273,0,28756,-11925,-16831,0,0,0,0,1,0
467,121354,459,-151,-309,0,28340,-9288,-19052,0,0,0,0,1,0
468,121614,448,-106,-342,0,27651,-6561,-21089,0,0,0,0,1,0
469,121875,433,-61,-372,0,26696,-3772,-22924,0,0,0,0,1,0
470,122135,413,-15,-398,0,25483,-945,-24538,0,0,0,0,1,0
471,122395,389,31,-420,0,24025,1890,-25915,0,0,0,0,1,0
472,122656,362,76,-438,0,22336,4707,-27043,0,0,0,0,1,0
473,122916,331,121,-452,0,20432,7479,-27910,0,0,0,0,1,0
474,123177,297,165,-462,0,18331,10178,-28509,0,0,0,0,1,0
475,123437,260,207,-467,0,16053,12780,-28833,0,0,0,0,1,0
476,123697,221,247,-468,0,13621,15259,-28880,0,0,0,0,1,0
477,123958,179,285,-464,0,11058,17590,-28648,0,0,0,0,1,0
478,124218,136,320,-456,0,8388,19752,-28140,0,0,0,0,1,0
479,124479,91,352,-444,0,5637,21724,-27362,0,0,0,0,1,0
480,124739,46,381,-427,0,2832,23487,-26319,0,0,0,0,1,0
481,125000,0,406,-406,0,0,25024,-25024,0,0,0,0,1,0
482,125260,-46,427,-381,0,-2832,26319,-23487,0,0,0,0,1,0
483,125520,-91,444,-352,0,-5637,27362,-21724,0,0,0,0,1,0
484,125781,-136,456,-320,0,-8388,28140,-19752,0,0,0,0,1,0
485,126041,-179,464,-285,0,-11058,28648,-17590,0,0,0,0,1,0
486,126302,-221,468,-247,0,-13621,28880,-15259,0,0,0,0,1,0
487,126562,-260,467,-207,0,-16053,28833,-12780,0,0,0,0,1,0
488,126822,-297,462,-165,0,-18331,28509,-10178,0,0,0,0,1,0
489,127083,-331,452,-121,0,-20432,27910,-7479,0,0,0,0,1,0
490,127343,-362,438,-76,0,-22336,27043,-4707,0,0,0,0,1,0
491,127604,-389,420,-31,0,-24025,25915,-1890,0,0,0,0,1,0
492,127864,-413,398,15,0,-25483,24538,945,0,0,0,0,1,0
493,128124,-433,372,61,0,-26696,22924,3772,0,0,0,0,1,0
494,128385,-448,342,106,0,-27651,21089,6561,0,0,0,0,1,0
495,128645,-459,309,151,0,-28340,19052,9288,0,0,0,0,1,0
496,128906,-466,273,193,0,-28756,16831,11925,0,0,0,0,1,0
497,129166,-468,234,234,0,-28895,14448,14448,0,0,0,0,1,0
498,129427,-466,193,273,0,-28756,11925,16831,0,0,0,0,1,0
499,129687,-459,151,309,0,-28340,9288,19052,0,0,0,0,1,0
500,129947,-448,106,342,0,-27651,6561,21089,0,0,0,0,1,0
501,130208,-433,61,372,0,-26696,3772,22924,0,0,0,0,1,0
502,130468,-413,15,398,0,-25483,945,24538,0,0,0,0,1,0
503,130729,-389,-31,420,0,-24025,-1890,25915,0,0,0,0,1,0
504,130989,-362,-76,438,0,-22336,-4707,27043,0,0,0,0,1,0
505,131250,-331,-121,452,0,-20432,-7479,27910,0,0,0,0,1,0
506,131510,-297,-165,462,0,-18331,-10178,28509,0,0,0,0,1,0
507,131770,-260,-207,467,0,-16053,-12780,28833,0,0,0,0,1,0
508,132031,-221,-247,468,0,-13621,-15259,28880,0,0,0,0,1,0
509,132291,-179,-285,464,0,-11058,-17590,28648,0,0,0,0,1,0
510,132552,-136,-320,456,0,-8388,-19752,28140,0,0,0,0,1,0
511,132812,-91,-352,444,0,-5637,-21724,27362,0,0,0,0,1,0
512,133072,-46,-381,427,0,-2832,-23487,26319,0,0,0,0,1,0
513,133333,0,-406,406,0,0,-25024,25024,0,0,0,0,1,0
514,133593,46,-427,381,0,2832,-26319,23487,0,0,0,0,1,0
515,133854,91,-444,352,0,5637,-27362,21724,0,0,0,0,1,0
516,134114,136,-456,320,0,8388,-28140,19752,0,0,0,0,1,0
517,134375,179,-464,285,0,11058,-28648,17590,0,0,0,0,1,0
518,134635,221,-468,247,0,13621,-28880,15259,0,0,0,0,1,0
519,134895,260,-467,207,0,16053,-28833,12780,0,0,0,0,1,0
520,135156,297,-462,165,0,18331,-28509,10178,0,0,0,0,1,0
521,135416,331,-452,121,0,20432,-27910,7479,0,0,0,0,1,0
522,135677,362,-438,76,0,22336,-27043,4707,0,0,0,0,1,0
523,135937,389,-420,31,0,24025,-25915,1890,0,0,0,0,1,0
524,136197,413,-398,-15,0,25483,-24538,-945,0,0,0,0,1,0
525,136458,433,-372,-61,0,26696,-22924,-3772,0,0,0,0,1,0
526,136718,448,-342,-106,0,27651,-21089,-6561,0,0,0,0,1,0
527,136979,459,-309,-151,0,28340,-19052,-9288,0,0,0,0,1,0
528,137239,466,-273,-193,0,28756,-16831,-11925,0,0,0,0,1,0
529,137500,468,-234,-234,0,28895,-14448,-14448,0,0,0,0,1,0
530,137760,466,-193,-273,0,28756,-11925,-16831,0,0,0,0,1,0
531,138020,459,-151,-309,0,28340,-9288,-19052,0,0,0,0,1,0
532,138281,448,-106,-342,0,27651,-6561,-21089,0,0,0,0,1,0
533,138541,433,-61,-372,0,26696,-3772,-22924,0,0,0,0,1,0
534,138802,413,-15,-398,0,25483,-945,-24538,0,0,0,0,1,0
535,139062,389,31,-420,0,24025,1890,-25915,0,0,0,0,1,0
536,139322,362,76,-438,0,22336,4707,-27043,0,0,0,0,1,0
537,139583,331,121,-452,0,20432,7479,-27910,0,0,0,0,1,0
538,139843,297,165,-462,0,18331,10178,-28509,0,0,0,0,1,0
539,140104,260,207,-467,0,16053,12780,-28833,0,0,0,0,1,0
540,140364,221,247,-468,0,13621,15259,-28880,0,0,0,0,1,0
541,140625,179,285,-464,0,11058,17590,-28648,0,0,0,0,1,0
542,140885,136,320,-456,0,8388,19752,-28140,0,0,0,0,1,0
543,141145,91,352,-444,0,5637,21724,-27362,0,0,0,0,1,0
544,141406,46,381,-427,0,2832,23487,-26319,0,0,0,0,1,0
545,141666,0,406,-406,0,0,25024,-25024,0,0,0,0,1,0
546,141927,-46,427,-381,0,-2832,26319,-23487,0,0,0,0,1,0
547,142187,-91,444,-352,0,-5637,27362,-21724,0,0,0,0,1,0
548,142447,-136,456,-320,0,-8388,28140,-19752,0,0,0,0,1,0
549,142708,-179,464,-285,0,-11058,28648,-17590,0,0,0,0,1,0
550,142968,-221,468,-247,0,-13621,28880,-15259,0,0,0,0,1,0
551,143229,-260,467,-207,0,-16053,28833,-12780,0,0,0,0,1,0
552,143489,-297,462,-165,0,-18331,28509,-10178,0,0,0,0,1,0
553,143750,-331,452,-121,0,-20432,27910,-7479,0,0,0,0,1,0
554,144010,-362,438,-76,0,-22336,27043,-4707,0,0,0,0,1,0
555,144270,-389,420,-31,0,-24025,25915,-1890,0,0,0,0,1,0
556,144531,-413,398,15,0,-25483,24538,945,0,0,0,0,1,0
557,144791,-433,372,61,0,-26696,22924,3772,0,0,0,0,1,0
558,145052,-448,342,106,0,-27651,21089,6561,0,0,0,0,1,0
559,145312,-459,309,151,0,-28340,19052,9288,0,0,0,0,1,0
560,145572,-466,273,193,0,-28756,16831,11925,0,0,0,0,1,0
561,145833,-468,234,234,0,-28895,14448,14448,0,0,0,0,1,0
562,146093,-466,193,273,0,-28756,11925,16831,0,0,0,0,1,0
563,146354,-459,151,309,0,-28340,9288,19052,0,0,0,0,1,0
564,146614,-448,106,342,0,-27651,6561,21089,0,0,0,0,1,0
565,146875,-433,61,372,0,-26696,3772,22924,0,0,0,0,1,0
566,147135,-413,15,398,0,-25483,945,24538,0,0,0,0,1,0
567,147395,-389,-31,420,0,-24025,-1890,25915,0,0,0,0,1,0
568,147656,-362,-76,438,0,-22336,-4707,27043,0,0,0,0,1,0
569,147916,-331,-121,452,0,-20432,-7479,27910,0,0,0,0,1,0
570,148177,-297,-165,462,0,-18331,-10178,28509,0,0,0,0,1,0
571,148437,-260,-207,467,0,-16053,-12780,28833,0,0,0,0,1,0
572,148697,-221,-247,468,0,-13621,-15259,28880,0,0,0,0,1,0
573,148958,-179,-285,464,0,-11058,-17590,28648,0,0,0,0,1,0
574,149218,-136,-320,456,0,-8388,-19752,28140,0,0,0,0,1,0
575,149479,-91,-352,444,0,-5637,-21724,27362,0,0,0,0,1,0
576,149739,-46,-381,427,0,-2832,-23487,26319,0,0,0,0,1,0
577,150000,0,-406,406,0,0,-25024,25024,0,0,0,0,1,0
578,150260,46,-427,381,0,2832,-26319,23487,0,0,0,0,1,0
579,150520,91,-444,352,0,5637,-27362,21724,0,0,0,0,1,0
580,150781,136,-456,320,0,8388,-28140,19752,0,0,0,0,1,0
581,151041,179,-464,285,0,11058,-28648,17590,0,0,0,0,1,0
582,151302,221,-468,247,0,13621,-28880,15259,0,0,0,0,1,0
583,151562,260,-467,207,0,16053,-28833,12780,0,0,0,0,1,0
584,151822,297,-462,165,0,18331,-28509,10178,0,0,0,0,1,0
585,152083,331,-452,121,0,20432,-27910,7479,0,0,0,0,1,0
586,152343,362,-438,76,0,22336,-27043,4707,0,0,0,0,1,0
587,152604,389,-420,31,0,24025,-25915,1890,0,0,0,0,1,0
588,152864,413,-398,-15,0,25483,-24538,-945,0,0,0,0,1,0
589,153125,433,-372,-61,0,26696,-22924,-3772,0,0,0,0,1,0
590,153385,448,-342,-106,0,27651,-21089,-6561,0,0,0,0,1,0
591,153645,459,-309,-151,0,28340,-19052,-9288,0,0,0,0,1,0
592,153906,466,-273,-193,0,28756,-16831,-11925,0,0,0,0,1,0
593,154166,468,-234,-234,0,28895,-14448,-14448,0,0,0,0,1,0
594,154427,466,-193,-273,0,28756,-11925,-16831,0,0,0,0,1,0
595,154687,459,-151,-309,0,28340,-9288,-19052,0,0,0,0,1,0
596,154947,448,-106,-342,0,27651,-6561,-21089,0,0,0,0,1,0
597,155208,433,-61,-372,0,26696,-3772,-22924,0,0,0,0,1,0
598,155468,413,-15,-398,0,25483,-945,-24538,0,0,0,0,1,0
599,155729,389,31,-420,0,24025,1890,-25915,0,0,0,0,1,0
600,155989,362,76,-438,0,22336,4707,-27043,0,0,0,0,1,0
601,156250,331,121,-452,0,20432,7479,-27910,0,0,0,0,1,0
602,156510,297,165,-462,0,18331,10178,-28509,0,0,0,0,1,0
603,156770,260,207,-467,0,16053,12780,-28833,0,0,0,0,1,0
604,157031,221,247,-468,0,13621,15259,-28880,0,0,0,0,1,0
605,157291,179,285,-464,0,11058,17590,-28648,0,0,0,0,1,0
606,157552,136,320,-456,0,8388,19752,-28140,0,0,0,0,1,0
607,157812,91,352,-444,0,5637,21724,-27362,0,0,0,0,1,0
608,158072,46,381,-427,0,2832,23487,-26319,0,0,0,0,1,0
609,158333,0,406,-406,0,0,25024,-25024,0,0,0,0,1,0
610,158593,-46,427,-381,0,-2832,26319,-23487,0,0,0,0,1,0
611,158854,-91,444,-352,0,-5637,27362,-21724,0,0,0,0,1,0
612,159114,-136,456,-320,0,-8388,28140,-19752,0,0,0,0,1,0
613,159375,-179,464,-285,0,-11058,28648,-17590,0,0,0,0,1,0
614,159635,-221,468,-247,0,-13621,28880,-15259,0,0,0,0,1,0
615,159895,-260,467,-207,0,-16053,28833,-12780,0,0,0,0,1,0
616,160156,-297,462,-165,0,-18331,28509,-10178,0,0,0,0,1,0
617,160416,-331,452,-121,0,-20432,27910,-7479,0,0,0,0,1,0
618,160677,-362,438,-76,0,-22336,27043,-4707,0,0,0,0,1,0
619,160937,-389,420,-31,0,-24025,25915,-1890,0,0,0,0,1,0
620,161197,-413,398,15,0,-25483,24538,945,0,0,0,0,1,0
621,161458,-433,372,61,0,-26696,22924,3772,0,0,0,0,1,0
622,161718,-448,342,106,0,-27651,21089,6561,0,0,0,0,1,0
623,161979,-459,309,151,0,-28340,19052,9288,0,0,0,0,1,0
624,162239,-466,273,193,0,-28756,16831,11925,0,0,0,0,1,0
625,162500,-468,234,234,0,-28895,14448,14448,0,0,0,0,1,0
626,162760,-466,193,273,0,-28756,11925,16831,0,0,0,0,1,0
627,163020,-459,151,309,0,-28340,9288,19052,0,0,0,0,1,0
628,163281,-448,106,342,0,-27651,6561,21089,0,0,0,0,1,0
629,163541,-433,61,372,0,-26696,3772,22924,0,0,0,0,1,0
630,163802,-413,15,398,0,-25483,945,24538,0,0,0,0,1,0
631,164062,-389,-31,420,0,-24025,-1890,25915,0,0,0,0,1,0
632,164322,-362,-76,438,0,-22336,-4707,27043,0,0,0,0,1,0
633,164583,-331,-121,452,0,-20432,-7479,27910,0,0,0,0,1,0
634,164843,-297,-165,462,0,-18331,-10178,28509,0,0,0,0,1,0
635,165104,-260,-207,467,0,-16053,-12780,28833,0,0,0,0,1,0
636,165364,-221,-247,468,0,-13621,-15259,28880,0,0,0,0,1,0
637,165625,-179,-285,464,0,-11058,-17590,28648,0,0,0,0,1,0
638,165885,-136,-320,456,0,-8388,-19752,28140,0,0,0,0,1,0
639,166145,-91,-352,444,0,-5637,-21724,27362,0,0,0,0,1,0
640,166406,-46,-381,427,0,-2832,-23487,26319,0,0,0,0,1,0
641,166666,0,-406,406,0,0,-25024,25024,0,0,0,0,1,0
642,166927,46,-427,381,0,2832,-26319,23487,0,0,0,0,1,0
643,167187,91,-444,352,0,5637,-27362,21724,0,0,0,0,1,0
644,167447,136,-456,320,0,8388,-28140,19752,0,0,0,0,1,0
645,167708,179,-464,285,0,11058,-28648,17590,0,0,0,0,1,0
646,167968,221,-468,247,0,13621,-28880,15259,0,0,0,0,1,0
647,168229,260,-467,207,0,16053,-28833,12780,0,0,0,0,1,0
648,168489,297,-462,165,0,18331,-28509,10178,0,0,0,0,1,0
649,168750,331,-452,121,0,20432,-27910,7479,0,0,0,0,1,0
650,169010,362,-438,76,0,22336,-27043,4707,0,0,0,0,1,0
651,169270,389,-420,31,0,24025,-25915,1890,0,0,0,0,1,0
652,169531,413,-398,-15,0,25483,-24538,-945,0,0,0,0,1,0
653,169791,433,-372,-61,0,26696,-22924,-3772,0,0,0,0,1,0
654,170052,448,-342,-106,0,27651,-21089,-6561,0,0,0,0,1,0
655,170312,459,-309,-151,0,28340,-19052,-9288,0,0,0,0,1,0
656,170572,466,-273,-193,0,28756,-16831,-11925,0,0,0,0,1,0
657,170833,468,-234,-234,0,28895,-14448,-14448,0,0,0,0,1,0
658,171093,466,-193,-273,0,28756,-11925,-16831,0,0,0,0,1,0
659,171354,459,-151,-309,0,28340,-9288,-19052,0,0,0,0,1,0
660,171614,448,-106,-342,0,27651,-6561,-21089,0,0,0,0,1,0
661,171875,433,-61,-372,0,26696,-3772,-22924,0,0,0,0,1,0
662,172135,413,-15,-398,0,25483,-945,-24538,0,0,0,0,1,0
663,172395,389,31,-420,0,24025,1890,-25915,0,0,0,0,1,0
664,172656,362,76,-438,0,22336,4707,-27043,0,0,0,0,1,0
665,172916,331,121,-452,0,20432,7479,-27910,0,0,0,0,1,0
666,173177,297,165,-462,0,18331,10178,-28509,0,0,0,0,1,0
667,173437,260,207,-467,0,16053,12780,-28833,0,0,0,0,1,0
668,173697,221,247,-468,0,13621,15259,-28880,0,0,0,0,1,0
669,173958,179,285,-464,0,11058,17590,-28648,0,0,0,0,1,0
670,174218,136,320,-456,0,8388,19752,-28140,0,0,0,0,1,0
671,174479,91,352,-444,0,5637,21724,-27362,0,0,0,0,1,0
672,174739,46,381,-427,0,2832,23487,-26319,0,0,0,0,1,0
673,175000,0,406,-406,0,0,25024,-25024,0,0,0,0,1,0
674,175260,-46,427,-381,0,-2832,26319,-23487,0,0,0,0,1,0
675,175520,-91,444,-352,0,-5637,27362,-21724,0,0,0,0,1,0
676,175781,-136,456,-320,0,-8388,28140,-19752,0,0,0,0,1,0
677,176041,-179,464,-285,0,-11058,28648,-17590,0,0,0,0,1,0
678,176302,-221,468,-247,0,-13621,28880,-15259,0,0,0,0,1,0
679,176562,-260,467,-207,0,-16053,28833,-12780,0,0,0,0,1,0
680,176822,-297,462,-165,0,-18331,28509,-10178,0,0,0,0,1,0
681,177083,-331,452,-121,0,-20432,27910,-7479,0,0,0,0,1,0
682,177343,-362,438,-76,0,-22336,27043,-4707,0,0,0,0,1,0
683,177604,-389,420,-31,0,-24025,25915,-1890,0,0,0,0,1,0
684,177864,-413,398,15,0,-25483,24538,945,0,0,0,0,1,0
685,178125,-433,372,61,0,-26696,22924,3772,0,0,0,0,1,0
686,178385,-448,342,106,0,-27651,21089,6561,0,0,0,0,1,0
687,178645,-459,309,151,0,-28340,19052,9288,0,0,0,0,1,0
688,178906,-466,273,193,0,-28756,16831,11925,0,0,0,0,1,0
689,179166,-468,234,234,0,-28895,14448,14448,0,0,0,0,1,0
690,179427,-466,193,273,0,-28756,11925,16831,0,0,0,0,1,0
691,179687,-459,151,309,0,-28340,9288,19052,0,0,0,0,1,0
692,179947,-448,106,342,0,-27651,6561,21089,0,0,0,0,1,0
693,180208,-433,61,372,0,-26696,3772,22924,0,0,0,0,1,0
694,180468,-413,15,398,0,-25483,945,24538,0,0,0,0,1,0
695,180729,-389,-31,420,0,-24025,-1890,25915,0,0,0,0,1,0
696,180989,-362,-76,438,0,-22336,-4707,27043,0,0,0,0,1,0
697,181250,-331,-121,452,0,-20432,-7479,27910,0,0,0,0,1,0
698,181510,-297,-165,462,0,-18331,-10178,28509,0,0,0,0,1,0
699,181770,-260,-207,467,0,-16053,-12780,28833,0,0,0,0,1,0
700,182031,-221,-247,468,0,-13621,-15259,28880,0,0,0,0,1,0
701,182291,-179,-285,464,0,-11058,-17590,28648,0,0,0,0,1,0
702,182552,-136,-320,456,0,-8388,-19752,28140,0,0,0,0,1,0
703,182812,-91,-352,444,0,-5637,-21724,27362,0,0,0,0,1,0
704,183072,-46,-381,427,0,-2832,-23487,26319,0,0,0,0,1,0
705,183333,0,-406,406,0,0,-25024,25024,0,0,0,0,1,0
706,183593,46,-427,381,0,2832,-26319,23487,0,0,0,0,1,0
707,183854,91,-444,352,0,5637,-27362,21724,0,0,0,0,1,0
708,184114,136,-456,320,0,8388,-28140,19752,0,0,0,0,1,0
709,184375,179,-464,285,0,11058,-28648,17590,0,0,0,0,1,0
710,184635,221,-468,247,0,13621,-28880,15259,0,0,0,0,1,0
711,184895,260,-467,207,0,16053,-28833,12780,0,0,0,0,1,0
712,185156,297,-462,165,0,18331,-28509,10178,0,0,0,0,1,0
713,185416,331,-452,121,0,20432,-27910,7479,0,0,0,0,1,0
714,185677,362,-438,76,0,22336,-27043,4707,0,0,0,0,1,0
715,185937,389,-420,31,0,24025,-25915,1890,0,0,0,0,1,0
716,186197,413,-398,-15,0,25483,-24538,-945,0,0,0,0,1,0
717,186458,433,-372,-61,0,26696,-22924,-3772,0,0,0,0,1,0
718,186718,448,-342,-106,0,27651,-21089,-6561,0,0,0,0,1,0
719,186979,459,-309,-151,0,28340,-19052,-9288,0,0,0,0,1,0
720,187239,466,-273,-193,0,28756,-16831,-11925,0,0,0,0,1,0
721,187500,468,-234,-234,0,28895,-14448,-14448,0,0,0,0,1,0
722,187760,466,-193,-273,0,28756,-11925,-16831,0,0,0,0,1,0
723,188020,459,-151,-309,0,28340,-9288,-19052,0,0,0,0,1,0
724,188281,448,-106,-342,0,27651,-6561,-21089,0,0,0,0,1,0
725,188541,433,-61,-372,0,26696,-3772,-22924,0,0,0,0,1,0
726,188802,413,-15,-398,0,25483,-945,-24538,0,0,0,0,1,0
727,189062,389,31,-420,0,24025,1890,-25915,0,0,0,0,1,0
728,189322,362,76,-438,0,22336,4707,-27043,0,0,0,0,1,0
729,189583,331,121,-452,0,20432,7479,-27910,0,0,0,0,1,0
730,189843,297,165,-462,0,18331,10178,-28509,0,0,0,0,1,0
731,190104,260,207,-467,0,16053,12780,-28833,0,0,0,0,1,0
732,190364,221,247,-468,0,13621,15259,-28880,0,0,0,0,1,0
733,190625,179,285,-464,0,11058,17590,-28648,0,0,0,0,1,0
734,190885,136,320,-456,0,8388,19752,-28140,0,0,0,0,1,0
735,191145,91,352,-444,0,5637,21724,-27362,0,0,0,0,1,0
736,191406,46,381,-427,0,2832,23487,-26319,0,0,0,0,1,0
737,191666,0,406,-406,0,0,25024,-25024,0,0,0,0,1,0
738,191927,-46,427,-381,0,-2832,26319,-23487,0,0,0,0,1,0
739,192187,-91,444,-352,0,-5637,27362,-21724,0,0,0,0,1,0
740,192447,-136,456,-320,0,-8388,28140,-19752,0,0,0,0,1,0
741,192708,-179,464,-285,0,-11058,28648,-17590,0,0,0,0,1,0
742,192968,-221,468,-247,0,-13621,28880,-15259,0,0,0,0,1,0
743,193229,-260,467,-207,0,-16053,28833,-12780,0,0,0,0,1,0
744,193489,-297,462,-165,0,-18331,28509,-10178,0,0,0,0,1,0
745,193750,-331,452,-121,0,-20432,27910,-7479,0,0,0,0,1,0
746,194010,-362,438,-76,0,-22336,27043,-4707,0,0,0,0,1,0
747,194270,-389,420,-31,0,-24025,25915,-1890,0,0,0,0,1,0
748,194531,-413,398,15,0,-25483,24538,945,0,0,0,0,1,0
749,194791,-433,372,61,0,-26696,22924,3772,0,0,0,0,1,0
750,195052,-448,342,106,0,-27651,21089,6561,0,0,0,0,1,0
751,195312,-459,309,151,0,-28340,19052,9288,0,0,0,0,1,0
752,195572,-466,273,193,0,-28756,16831,11925,0,0,0,0,1,0
753,195833,-468,234,234,0,-28895,14448,14448,0,0,0,0,1,0
754,196093,-466,193,273,0,-28756,11925,16831,0,0,0,0,1,0
755,196354,-459,151,309,0,-28340,9288,19052,0,0,0,0,1,0
756,196614,-448,106,342,0,-27651,6561,21089,0,0,0,0,1,0
757,196875,-433,61,372,0,-26696,3772,22924,0,0,0,0,1,0
758,197135,-413,15,398,0,-25483,945,24538,0,0,0,0,1,0
759,197395,-389,-31,420,0,-24025,-1890,25915,0,0,0,0,1,0
760,197656,-362,-76,438,0,-22336,-4707,27043,0,0,0,0,1,0
761,197916,-331,-121,452,0,-20432,-7479,27910,0,0,0,0,1,0
762,198177,-297,-165,462,0,-18331,-10178,28509,0,0,0,0,1,0
763,198437,-260,-207,467,0,-16053,-12780,28833,0,0,0,0,1,0
764,198697,-221,-247,468,0,-13621,-15259,28880,0,0,0,0,1,0
765,198958,-179,-285,464,0,-11058,-17590,28648,0,0,0,0,1,0
766,199218,-136,-320,456,0,-8388,-19752,28140,0,0,0,0,1,0
767,199479,-91,-352,444,0,-5637,-21724,27362,0,0,0,0,1,0
768,199739,-46,-381,427,0,-2832,-23487,26319,0,0,0,0,1,0
769,200000,0,-406,406,0,0,-25024,25024,0,0,0,0,1,0
770,200260,46,-427,381,0,2832,-26319,23487,0,0,0,0,1,0
771,200520,91,-444,352,0,5637,-27362,21724,0,0,0,0,1,0
772,200781,136,-456,320,0,8388,-28140,19752,0,0,0,0,1,0
773,201041,179,-464,285,0,11058,-28648,17590,0,0,0,0,1,0
774,201302,221,-468,247,0,13621,-28880,15259,0,0,0,0,1,0
775,201562,260,-467,207,0,16053,-28833,12780,0,0,0,0,1,0
776,201822,297,-462,165,0,18331,-28509,10178,0,0,0,0,1,0
777,202083,331,-452,121,0,20432,-27910,7479,0,0,0,0,1,0
778,202343,362,-438,76,0,22336,-27043,4707,0,0,0,0,1,0
779,202604,389,-420,31,0,24025,-25915,1890,0,0,0,0,1,0
780,202864,413,-398,-15,0,25483,-24538,-945,0,0,0,0,1,0
781,203125,433,-372,-61,0,26696,-22924,-3772,0,0,0,0,1,0
782,203385,448,-342,-106,0,27651,-21089,-6561,0,0,0,0,1,0
783,203645,459,-309,-151,0,28340,-19052,-9288,0,0,0,0,1,0
784,203906,466,-273,-193,0,28756,-16831,-11925,0,0,0,0,1,0
785,204166,468,-234,-234,0,28895,-14448,-14448,0,0,0,0,1,0
786,204427,466,-193,-273,0,28756,-11925,-16831,0,0,0,0,1,0
787,204687,459,-151,-309,0,28340,-9288,-19052,0,0,0,0,1,0
788,204947,448,-106,-342,0,27651,-6561,-21089,0,0,0,0,1,0
789,205208,433,-61,-372,0,26696,-3772,-22924,0,0,0,0,1,0
790,205468,413,-15,-398,0,25483,-945,-24538,0,0,0,0,1,0
791,205729,389,31,-420,0,24025,1890,-25915,0,0,0,0,1,0
792,205989,362,76,-438,0,22336,4707,-27043,0,0,0,0,1,0
793,206250,331,121,-452,0,20432,7479,-27910,0,0,0,0,1,0
794,206510,297,165,-462,0,18331,10178,-28509,0,0,0,0,1,0
795,206770,260,207,-467,0,16053,12780,-28833,0,0,0,0,1,0
796,207031,221,247,-468,0,13621,15259,-28880,0,0,0,0,1,0
797,207291,179,285,-464,0,11058,17590,-28648,0,0,0,0,1,0
798,207552,136,320,-456,0,8388,19752,-28140,0,0,0,0,1,0
799,207812,91,352,-444,0,5637,21724,-27362,0,0,0,0,1,0
800,208072,46,381,-427,0,2832,23487,-26319,0,0,0,0,1,0
801,208333,0,406,-406,0,0,25024,-25024,0,0,0,0,1,0
802,208593,-46,427,-381,0,-2832,26319,-23487,0,0,0,0,1,0
803,208854,-91,444,-352,0,-5637,27362,-21724,0,0,0,0,1,0
804,209114,-136,456,-320,0,-8388,28140,-19752,0,0,0,0,1,0
805,209375,-179,464,-285,0,-11058,28648,-17590,0,0,0,0,1,0
806,209635,-221,468,-247,0,-13621,28880,-15259,0,0,0,0,1,0
807,209895,-260,467,-207,0,-16053,28833,-12780,0,0,0,0,1,0
808,210156,-297,462,-165,0,-18331,28509,-10178,0,0,0,0,1,0
809,210416,-331,452,-121,0,-20432,27910,-7479,0,0,0,0,1,0
810,210677,-362,438,-76,0,-22336,27043,-4707,0,0,0,0,1,0
811,210937,-389,420,-31,0,-24025,25915,-1890,0,0,0,0,1,0
812,211197,-413,398,15,0,-25483,24538,945,0,0,0,0,1,0
813,211458,-433,372,61,0,-26696,22924,3772,0,0,0,0,1,0
814,211718,-448,342,106,0,-27651,21089,6561,0,0,0,0,1,0
815,211979,-459,309,151,0,-28340,19052,9288,0,0,0,0,1,0
816,212239,-466,273,193,0,-28756,16831,11925,0,0,0,0,1,0
817,212500,-468,234,234,0,-28895,14448,14448,0,0,0,0,1,0
818,212760,-466,193,273,0,-28756,11925,16831,0,0,0,0,1,0
819,213020,-459,151,309,0,-28340,9288,19052,0,0,0,0,1,0
820,213281,-448,106,342,0,-27651,6561,21089,0,0,0,0,1,0
821,213541,-433,61,372,0,-26696,3772,22924,0,0,0,0,1,0
822,213802,-413,15,398,0,-25483,945,24538,0,0,0,0,1,0
823,214062,-389,-31,420,0,-24025,-1890,25915,0,0,0,0,1,0
824,214322,-362,-76,438,0,-22336,-4707,27043,0,0,0,0,1,0
825,214583,-331,-121,452,0,-20432,-7479,27910,0,0,0,0,1,0
826,214843,-297,-165,462,0,-18331,-10178,28509,0,0,0,0,1,0
827,215104,-260,-207,467,0,-16053,-12780,28833,0,0,0,0,1,0
828,215364,-221,-247,468,0,-13621,-15259,28880,0,0,0,0,1,0
829,215625,-179,-285,464,0,-11058,-17590,28648,0,0,0,0,1,0
830,215885,-136,-320,456,0,-8388,-19752,28140,0,0,0,0,1,0
831,216145,-91,-352,444,0,-5637,-21724,27362,0,0,0,0,1,0
832,216406,-46,-381,427,0,-2832,-23487,26319,0,0,0,0,1,0
833,216666,0,-406,406,0,0,-25024,25024,0,0,0,0,1,0
834,216927,46,-427,381,0,2832,-26319,23487,0,0,0,0,1,0
835,217187,91,-444,352,0,5637,-27362,21724,0,0,0,0,1,0
836,217447,136,-456,320,0,8388,-28140,19752,0,0,0,0,1,0
837,217708,179,-464,285,0,11058,-28648,17590,0,0,0,0,1,0
838,217968,221,-468,247,0,13621,-28880,15259,0,0,0,0,1,0
839,218229,260,-467,207,0,16053,-28833,12780,0,0,0,0,1,0
840,218489,297,-462,165,0,18331,-28509,10178,0,0,0,0,1,0
841,218750,331,-452,121,0,20432,-27910,7479,0,0,0,0,1,0
842,219010,362,-438,76,0,22336,-27043,4707,0,0,0,0,1,0
843,219270,389,-420,31,0,24025,-25915,1890,0,0,0,0,1,0
844,219531,413,-398,-15,0,25483,-24538,-945,0,0,0,0,1,0
845,219791,433,-372,-61,0,26696,-22924,-3772,0,0,0,0,1,0
846,220052,448,-342,-106,0,27651,-21089,-6561,0,0,0,0,1,0
847,220312,459,-309,-151,0,28340,-19052,-9288,0,0,0,0,1,0
848,220572,466,-273,-193,0,28756,-16831,-11925,0,0,0,0,1,0
849,220833,468,-234,-234,0,28895,-14448,-14448,0,0,0,0,1,0
850,221093,466,-193,-273,0,28756,-11925,-16831,0,0,0,0,1,0
851,221354,459,-151,-309,0,28340,-9288,-19052,0,0,0,0,1,0
852,221614,448,-106,-342,0,27651,-6561,-21089,0,0,0,0,1,0
853,221875,433,-61,-372,0,26696,-3772,-22924,0,0,0,0,1,0
854,222135,413,-15,-398,0,25483,-945,-24538,0,0,0,0,1,0
855,222395,389,31,-420,0,24025,1890,-25915,0,0,0,0,1,0
856,222656,362,76,-438,0,22336,4707,-27043,0,0,0,0,1,0
857,222916,331,121,-452,0,20432,7479,-27910,0,0,0,0,1,0
858,223177,297,165,-462,0,18331,10178,-28509,0,0,0,0,1,0
859,223437,260,207,-467,0,16053,12780,-28833,0,0,0,0,1,0
860,223697,221,247,-468,0,13621,15259,-28880,0,0,0,0,1,0
861,223958,179,285,-464,0,11058,17590,-28648,0,0,0,0,1,0
862,224218,136,320,-456,0,8388,19752,-28140,0,0,0,0,1,0
863,224479,91,352,-444,0,5637,21724,-27362,0,0,0,0,1,0
864,224739,46,381,-427,0,2832,23487,-26319,0,0,0,0,1,0
865,225000,0,406,-406,0,0,25024,-25024,0,0,0,0,1,0
866,225260,-46,427,-381,0,-2832,26319,-23487,0,0,0,0,1,0
867,225520,-91,444,-352,0,-5637,27362,-21724,0,0,0,0,1,0
868,225781,-136,456,-320,0,-8388,28140,-19752,0,0,0,0,1,0
869,226041,-179,464,-285,0,-11058,28648,-17590,0,0,0,0,1,0
870,226302,-221,468,-247,0,-13621,28880,-15259,0,0,0,0,1,0
871,226562,-260,467,-207,0,-16053,28833,-12780,0,0,0,0,1,0
872,226822,-297,462,-165,0,-18331,28509,-10178,0,0,0,0,1,0
873,227083,-331,452,-121,0,-20432,27910,-7479,0,0,0,0,1,0
874,227343,-362,438,-76,0,-22336,27043,-4707,0,0,0,0,1,0
875,227604,-389,420,-31,0,-24025,25915,-1890,0,0,0,0,1,0
876,227864,-413,398,15,0,-25483,24538,945,0,0,0,0,1,0
877,228125,-433,372,61,0,-26696,22924,3772,0,0,0,0,1,0
878,228385,-448,342,106,0,-27651,21089,6561,0,0,0,0,1,0
879,228645,-459,309,151,0,-28340,19052,9288,0,0,0,0,1,0
880,228906,-466,273,193,0,-28756,16831,11925,0,0,0,0,1,0
881,229166,-468,234,234,0,-28895,14448,14448,0,0,0,0,1,0
882,229427,-466,193,273,0,-28756,11925,16831,0,0,0,0,1,0
883,229687,-459,151,309,0,-28340,9288,19052,0,0,0,0,1,0
884,229947,-448,106,342,0,-27651,6561,21089,0,0,0,0,1,0
885,230208,-433,61,372,0,-26696,3772,22924,0,0,0,0,1,0
886,230468,-413,15,398,0,-25483,945,24538,0,0,0,0,1,0
887,230729,-389,-31,420,0,-24025,-1890,25915,0,0,0,0,1,0
888,230989,-362,-76,438,0,-22336,-4707,27043,0,0,0,0,1,0
889,231250,-331,-121,452,0,-20432,-7479,27910,0,0,0,0,1,0
890,231510,-297,-165,462,0,-18331,-10178,28509,0,0,0,0,1,0
891,231770,-260,-207,467,0,-16053,-12780,28833,0,0,0,0,1,0
892,232031,-221,-247,468,0,-13621,-15259,28880,0,0,0,0,1,0
893,232291,-179,-285,464,0,-11058,-17590,28648,0,0,0,0,1,0
894,232552,-136,-320,456,0,-8388,-19752,28140,0,0,0,0,1,0
895,232812,-91,-352,444,0,-5637,-21724,27362,0,0,0,0,1,0
896,233072,-46,-381,427,0,-2832,-23487,26319,0,0,0,0,1,0
897,233333,0,-406,406,0,0,-25024,25024,0,0,0,0,1,0
898,233593,46,-427,381,0,2832,-26319,23487,0,0,0,0,1,0
899,233854,91,-444,352,0,5637,-27362,21724,0,0,0,0,1,0
900,234114,136,-456,320,0,8388,-28140,19752,0,0,0,0,1,0
901,234375,179,-464,285,0,11058,-28648,17590,0,0,0,0,1,0
902,234635,221,-468,247,0,13621,-28880,15259,0,0,0,0,1,0
903,234895,260,-467,207,0,16053,-28833,12780,0,0,0,0,1,0
904,235156,297,-462,165,0,18331,-28509,10178,0,0,0,0,1,0
905,235416,331,-452,121,0,20432,-27910,7479,0,0,0,0,1,0
906,235677,362,-438,76,0,22336,-27043,4707,0,0,0,0,1,0
907,235937,389,-420,31,0,24025,-25915,1890,0,0,0,0,1,0
908,236197,413,-398,-15,0,25483,-24538,-945,0,0,0,0,1,0
909,236458,433,-372,-61,0,26696,-22924,-3772,0,0,0,0,1,0
910,236718,448,-342,-106,0,27651,-21089,-6561,0,0,0,0,1,0
911,236979,459,-309,-151,0,28340,-19052,-9288,0,0,0,0,1,0
912,237239,466,-273,-193,0,28756,-16831,-11925,0,0,0,0,1,0
913,237500,468,-234,-234,0,28895,-14448,-14448,0,0,0,0,1,0
914,237760,466,-193,-273,0,28756,-11925,-16831,0,0,0,0,1,0
915,238020,459,-151,-309,0,28340,-9288,-19052,0,0,0,0,1,0
916,238281,448,-106,-342,0,27651,-6561,-21089,0,0,0,0,1,0
917,238541,433,-61,-372,0,26696,-3772,-22924,0,0,0,0,1,0
918,238802,413,-15,-398,0,25483,-945,-24538,0,0,0,0,1,0
919,239062,389,31,-420,0,24025,1890,-25915,0,0,0,0,1,0
920,239322,362,76,-438,0,22336,4707,-27043,0,0,0,0,1,0
921,239583,331,121,-452,0,20432,7479,-27910,0,0,0,0,1,0
922,239843,297,165,-462,0,18331,10178,-28509,0,0,0,0,1,0
923,240104,260,207,-467,0,16053,12780,-28833,0,0,0,0,1,0
924,240364,221,247,-468,0,13621,15259,-28880,0,0,0,0,1,0
925,240625,179,285,-464,0,11058,17590,-28648,0,0,0,0,1,0
926,240885,136,320,-456,0,8388,19752,-28140,0,0,0,0,1,0
927,241145,91,352,-444,0,5637,21724,-27362,0,0,0,0,1,0
928,241406,46,381,-427,0,2832,23487,-26319,0,0,0,0,1,0
929,241666,0,406,-406,0,0,25024,-25024,0,0,0,0,1,0
930,241927,-46,427,-381,0,-2832,26319,-23487,0,0,0,0,1,0
931,242187,-91,444,-352,0,-5637,27362,-21724,0,0,0,0,1,0
932,242447,-136,456,-320,0,-8388,28140,-19752,0,0,0,0,1,0
933,242708,-179,464,-285,0,-11058,28648,-17590,0,0,0,0,1,0
934,242968,-221,468,-247,0,-13621,28880,-15259,0,0,0,0,1,0
935,243229,-260,467,-207,0,-16053,28833,-12780,0,0,0,0,1,0
936,243489,-297,462,-165,0,-18331,28509,-10178,0,0,0,0,1,0
937,243750,-331,452,-121,0,-20432,27910,-7479,0,0,0,0,1,0
938,244010,-362,438,-76,0,-22336,27043,-4707,0,0,0,0,1,0
939,244270,-389,420,-31,0,-24025,25915,-1890,0,0,0,0,1,0
940,244531,-413,398,15,0,-25483,24538,945,0,0,0,0,1,0
941,244791,-433,372,61,0,-26696,22924,3772,0,0,0,0,1,0
942,245052,-448,342,106,0,-27651,21089,6561,0,0,0,0,1,0
943,245312,-459,309,151,0,-28340,19052,9288,0,0,0,0,1,0
944,245572,-466,273,193,0,-28756,16831,11925,0,0,0,0,1,0
945,245833,-468,234,234,0,-28895,14448,14448,0,0,0,0,1,0
946,246093,-466,193,273,0,-28756,11925,16831,0,0,0,0,1,0
947,246354,-459,151,309,0,-28340,9288,19052,0,0,0,0,1,0
948,246614,-448,106,342,0,-27651,6561,21089,0,0,0,0,1,0
949,246875,-433,61,372,0,-26696,3772,22924,0,0,0,0,1,0
950,247135,-413,15,398,0,-25483,945,24538,0,0,0,0,1,0
951,247395,-389,-31,420,0,-24025,-1890,25915,0,0,0,0,1,0
952,247656,-362,-76,438,0,-22336,-4707,27043,0,0,0,0,1,0
953,247916,-331,-121,452,0,-20432,-7479,27910,0,0,0,0,1,0
954,248177,-297,-165,462,0,-18331,-10178,28509,0,0,0,0,1,0
955,248437,-260,-207,467,0,-16053,-12780,28833,0,0,0,0,1,0
956,248697,-221,-247,468,0,-13621,-15259,28880,0,0,0,0,1,0
957,248958,-179,-285,464,0,-11058,-17590,28648,0,0,0,0,1,0
958,249218,-136,-320,456,0,-8388,-19752,28140,0,0,0,0,1,0
959,249479,-91,-352,444,0,-5637,-21724,27362,0,0,0,0,1,0
960,249739,-46,-381,427,0,-2832,-23487,26319,0,0,0,0,1,0
961,250000,0,-406,406,0,0,-25024,25024,0,0,0,0,1,0
962,250260,46,-427,381,0,2832,-26319,23487,0,0,0,0,1,0
963,250520,91,-444,352,0,5637,-27362,21724,0,0,0,0,1,0
964,250781,136,-456,320,0,8388,-28140,19752,0,0,0,0,1,0
965,251041,179,-464,285,0,11058,-28648,17590,0,0,0,0,1,0
966,251302,221,-468,247,0,13621,-28880,15259,0,0,0,0,1,0
967,251562,260,-467,207,0,16053,-28833,12780,0,0,0,0,1,0
968,251822,297,-462,165,0,18331,-28509,10178,0,0,0,0,1,0
969,252083,331,-452,121,0,20432,-27910,7479,0,0,0,0,1,0
970,252343,362,-438,76,0,22336,-27043,4707,0,0,0,0,1,0
971,252604,389,-420,31,0,24025,-25915,1890,0,0,0,0,1,0
972,252864,413,-398,-15,0,25483,-24538,-945,0,0,0,0,1,0
973,253125,433,-372,-61,0,26696,-22924,-3772,0,0,0,0,1,0
974,253385,448,-342,-106,0,27651,-21089,-6561,0,0,0,0,1,0
975,253645,459,-309,-151,0,28340,-19052,-9288,0,0,0,0,1,0
976,253906,466,-273,-193,0,28756,-16831,-11925,0,0,0,0,1,0
977,254166,468,-234,-234,0,28895,-14448,-14448,0,0,0,0,1,0
978,254427,466,-193,-273,0,28756,-11925,-16831,0,0,0,0,1,0
979,254687,459,-151,-309,0,28340,-9288,-19052,0,0,0,0,1,0
980,254947,448,-106,-342,0,27651,-6561,-21089,0,0,0,0,1,0
981,255208,433,-61,-372,0,26696,-3772,-22924,0,0,0,0,1,0
982,255468,413,-15,-398,0,25483,-945,-24538,0,0,0,0,1,0
983,255729,389,31,-420,0,24025,1890,-25915,0,0,0,0,1,0
984,255989,362,76,-438,0,22336,4707,-27043,0,0,0,0,1,0
985,256249,331,121,-452,0,20432,7479,-27910,0,0,0,0,1,0
986,256510,297,165,-462,0,18331,10178,-28509,0,0,0,0,1,0
987,256770,260,207,-467,0,16053,12780,-28833,0,0,0,0,1,0
988,257031,221,247,-468,0,13621,15259,-28880,0,0,0,0,1,0
989,257291,179,285,-464,0,11058,17590,-28648,0,0,0,0,1,0
990,257552,136,320,-456,0,8388,19752,-28140,0,0,0,0,1,0
991,257812,91,352,-444,0,5637,21724,-27362,0,0,0,0,1,0
992,258072,46,381,-427,0,2832,23487,-26319,0,0,0,0,1,0
993,258333,0,406,-406,0,0,25024,-25024,0,0,0,0,1,0
994,258593,-46,427,-381,0,-2832,26319,-23487,0,0,0,0,1,0
995,258854,-91,444,-352,0,-5637,27362,-21724,0,0,0,0,1,0
996,259114,-136,456,-320,0,-8388,28140,-19752,0,0,0,0,1,0
997,259375,-179,464,-285,0,-11058,28648,-17590,0,0,0,0,1,0
998,259635,-221,468,-247,0,-13621,28880,-15259,0,0,0,0,1,0
999,259895,-260,467,-207,0,-16053,28833,-12780,0,0,0,0,1,0
1000,260156,-297,462,-165,0,-18331,28509,-10178,0,0,0,0,1,0
1001,260416,-331,452,-121,0,-20432,27910,-7479,0,0,0,0,1,0
1002,260677,-362,438,-76,0,-22336,27043,-4707,0,0,0,0,1,0
1003,260937,-389,420,-31,0,-24025,25915,-1890,0,0,0,0,1,0
1004,261197,-413,398,15,0,-25483,24538,945,0,0,0,0,1,0
1005,261458,-433,372,61,0,-26696,22924,3772,0,0,0,0,1,0
1006,261718,-448,342,106,0,-27651,21089,6561,0,0,0,0,1,0
1007,261979,-459,309,151,0,-28340,19052,9288,0,0,0,0,1,0
1008,262239,-466,273,193,0,-28756,16831,11925,0,0,0,0,1,0
1009,262500,-468,234,234,0,-28895,14448,14448,0,0,0,0,1,0
1010,262760,-466,193,273,0,-28756,11925,16831,0,0,0,0,1,0
1011,263020,-459,151,309,0,-28340,9288,19052,0,0,0,0,1,0
1012,263281,-448,106,342,0,-27651,6561,21089,0,0,0,0,1,0
1013,263541,-433,61,372,0,-26696,3772,22924,0,0,0,0,1,0
1014,263802,-413,15,398,0,-25483,945,24538,0,0,0,0,1,0
1015,264062,-389,-31,420,0,-24025,-1890,25915,0,0,0,0,1,0
1016,264322,-362,-76,438,0,-22336,-4707,27043,0,0,0,0,1,0
1017,264583,-331,-121,452,0,-20432,-7479,27910,0,0,0,0,1,0
1018,264843,-297,-165,462,0,-18331,-10178,28509,0,0,0,0,1,0
1019,265104,-260,-207,467,0,-16053,-12780,28833,0,0,0,0,1,0
1020,265364,-221,-247,468,0,-13621,-15259,28880,0,0,0,0,1,0
1021,265625,-179,-285,464,0,-11058,-17590,28648,0,0,0,0,1,0
1022,265885,-136,-320,456,0,-8388,-19752,28140,0,0,0,0,1,0
1023,266145,-91,-352,444,0,-5637,-21724,27362,0,0,0,0,1,0
1024,266406,-46,-381,427,0,-2832,-23487,26319,0,0,0,0,1,0
1025,266666,0,-406,406,0,0,-25024,25024,0,0,0,0,1,0
1026,266927,46,-427,381,0,2832,-26319,23487,0,0,0,0,1,0
1027,267187,91,-444,352,0,5637,-27362,21724,0,0,0,0,1,0
1028,267447,136,-456,320,0,8388,-28140,19752,0,0,0,0,1,0
1029,267708,179,-464,285,0,11058,-28648,17590,0,0,0,0,1,0
1030,267968,221,-468,247,0,13621,-28880,15259,0,0,0,0,1,0
1031,268229,260,-467,207,0,16053,-28833,12780,0,0,0,0,1,0
1032,268489,297,-462,165,0,18331,-28509,10178,0,0,0,0,1,0
1033,268750,331,-452,121,0,20432,-27910,7479,0,0,0,0,1,0
1034,269010,362,-438,76,0,22336,-27043,4707,0,0,0,0,1,0
1035,269270,389,-420,31,0,24025,-25915,1890,0,0,0,0,1,0
1036,269531,413,-398,-15,0,25483,-24538,-945,0,0,0,0,1,0
1037,269791,433,-372,-61,0,26696,-22924,-3772,0,0,0,0,1,0
1038,270052,448,-342,-106,0,27651,-21089,-6561,0,0,0,0,1,0
1039,270312,459,-309,-151,0,28340,-19052,-9288,0,0,0,0,1,0
1040,270572,466,-273,-193,0,28756,-16831,-11925,0,0,0,0,1,0
1041,270833,468,-234,-234,0,28895,-14448,-14448,0,0,0,0,1,0
1042,271093,466,-193,-273,0,28756,-11925,-16831,0,0,0,0,1,0
1043,271354,459,-151,-309,0,28340,-9288,-19052,0,0,0,0,1,0
1044,271614,448,-106,-342,0,27651,-6561,-21089,0,0,0,0,1,0
1045,271875,433,-61,-372,0,26696,-3772,-22924,0,0,0,0,1,0
1046,272135,413,-15,-398,0,25483,-945,-24538,0,0,0,0,1,0
1047,272395,389,31,-420,0,24025,1890,-25915,0,0,0,0,1,0
1048,272656,362,76,-438,0,22336,4707,-27043,0,0,0,0,1,0
1049,272916,331,121,-452,0,20432,7479,-27910,0,0,0,0,1,0
1050,273177,297,165,-462,0,18331,10178,-28509,0,0,0,0,1,0
1051,273437,260,207,-467,0,16053,12780,-28833,0,0,0,0,1,0
1052,273697,221,247,-468,0,13621,15259,-28880,0,0,0,0,1,0
1053,273958,179,285,-464,0,11058,17590,-28648,0,0,0,0,1,0
1054,274218,136,320,-456,0,8388,19752,-28140,0,0,0,0,1,0
1055,274479,91,352,-444,0,5637,21724,-27362,0,0,0,0,1,0
1056,274739,46,381,-427,0,2832,23487,-26319,0,0,0,0,1,0
1057,275000,0,406,-406,0,0,25024,-25024,0,0,0,0,1,0
1058,275260,-46,427,-381,0,-2832,26319,-23487,0,0,0,0,1,0
1059,275520,-91,444,-352,0,-5637,27362,-21724,0,0,0,0,1,0
1060,275781,-136,456,-320,0,-8388,28140,-19752,0,0,0,0,1,0
1061,276041,-179,464,-285,0,-11058,28648,-17590,0,0,0,0,1,0
1062,276302,-221,468,-247,0,-13621,28880,-15259,0,0,0,0,1,0
1063,276562,-260,467,-207,0,-16053,28833,-12780,0,0,0,0,1,0
1064,276822,-297,462,-165,0,-18331,28509,-10178,0,0,0,0,1,0
1065,277083,-331,452,-121,0,-20432,27910,-7479,0,0,0,0,1,0
1066,277343,-362,438,-76,0,-22336,27043,-4707,0,0,0,0,1,0
1067,277604,-389,420,-31,0,-24025,25915,-1890,0,0,0,0,1,0
1068,277864,-413,398,15,0,-25483,24538,945,0,0,0,0,1,0
1069,278125,-433,372,61,0,-26696,22924,3772,0,0,0,0,1,0
1070,278385,-448,342,106,0,-27651,21089,6561,0,0,0,0,1,0
