1,0,0,-786,786,0,0,-27026,27026,0,0,0,0,1,0
2,520,177,-859,682,0,6088,-29551,23462,0,0,0,0,1,0
3,1041,347,-900,553,0,11942,-30940,18997,0,0,0,0,1,0
4,1562,504,-906,401,0,17337,-31140,13802,0,0,0,0,1,0
5,2083,642,-877,235,0,22066,-30143,8077,0,0,0,0,1,0
6,2604,755,-814,59,0,25947,-27988,2041,0,0,0,0,1,0
7,3125,839,-720,-118,0,28831,-24758,-4073,0,0,0,0,1,0
8,3645,890,-598,-292,0,30607,-20576,-10031,0,0,0,0,1,0
9,4166,908,-454,-454,0,31207,-15603,-15603,0,0,0,0,1,0
10,4687,890,-292,-598,0,30607,-10031,-20576,0,0,0,0,1,0
11,5208,839,-118,-720,0,28831,-4073,-24758,0,0,0,0,1,0
12,5729,755,59,-814,0,25947,2041,-27988,0,0,0,0,1,0
13,6250,642,235,-877,0,22066,8077,-30143,0,0,0,0,1,0
14,6770,504,401,-906,0,17337,13802,-31140,0,0,0,0,1,0
15,7291,347,553,-900,0,11942,18997,-30940,0,0,0,0,1,0
16,7812,177,682,-859,0,6088,23462,-29551,0,0,0,0,1,0
17,8333,0,786,-786,0,0,27026,-27026,0,0,0,0,1,0
18,8854,-177,859,-682,0,-6088,29551,-23462,0,0,0,0,1,0
19,9375,-347,900,-553,0,-11942,30940,-18997,0,0,0,0,1,0
20,9895,-504,906,-401,0,-17337,31140,-13802,0,0,0,0,1,0
21,10416,-642,877,-235,0,-22066,30143,-8077,0,0,0,0,1,0
22,10937,-755,814,-59,0,-25947,27988,-2041,0,0,0,0,1,0
23,11458,-839,720,118,0,-28831,24758,4073,0,0,0,0,1,0
24,11979,-890,598,292,0,-30607,20576,10031,0,0,0,0,1,0
25,12500,-908,454,454,0,-31207,15603,15603,0,0,0,0,1,0
26,13020,-890,292,598,0,-30607,10031,20576,0,0,0,0,1,0
27,13541,-839,118,720,0,-28831,4073,24758,0,0,0,0,1,0
28,14062,-755,-59,814,0,-25947,-2041,27988,0,0,0,0,1,0
29,14583,-642,-235,877,0,-22066,-8077,30143,0,0,0,0,1,0
30,15104,-504,-401,906,0,-17337,-13802,31140,0,0,0,0,1,0
31,15625,-347,-553,900,0,-11942,-18997,30940,0,0,0,0,1,0
32,16145,-177,-682,859,0,-6088,-23462,29551,0,0,0,0,1,0
33,16666,0,-786,786,0,0,-27026,27026,0,0,0,0,1,0
34,17187,177,-859,682,0,6088,-29551,23462,0,0,0,0,1,0
35,17708,347,-900,553,0,11942,-30940,18997,0,0,0,0,1,0
36,18229,504,-906,401,0,17337,-31140,13802,0,0,0,0,1,0
37,18750,642,-877,235,0,22066,-30143,8077,0,0,0,0,1,0
38,19270,755,-814,59,0,25947,-27988,2041,0,0,0,0,1,0
39,19791,839,-720,-118,0,28831,-24758,-4073,0,0,0,0,1,0
40,20312,890,-598,-292,0,30607,-20576,-10031,0,0,0,0,1,0
41,20833,908,-454,-454,0,31207,-15603,-15603,0,0,0,0,1,0
42,21354,890,-292,-598,0,30607,-10031,-20576,0,0,0,0,1,0
43,21875,839,-118,-720,0,28831,-4073,-24758,0,0,0,0,1,0
44,22395,755,59,-814,0,25947,2041,-27988,0,0,0,0,1,0
45,22916,642,235,-877,0,22066,8077,-30143,0,0,0,0,1,0
46,23437,504,401,-906,0,17337,13802,-31140,0,0,0,0,1,0
47,23958,347,553,-900,0,11942,18997,-30940,0,0,0,0,1,0
48,24479,177,682,-859,0,6088,23462,-29551,0,0,0,0,1,0
49,25000,0,786,-786,0,0,27026,-27026,0,0,0,0,1,0
50,25520,-177,859,-682,0,-6088,29551,-23462,0,0,0,0,1,0
51,26041,-347,900,-553,0,-11942,30940,-18997,0,0,0,0,1,0
52,26562,-504,906,-401,0,-17337,31140,-13802,0,0,0,0,1,0
53,27083,-642,877,-235,0,-22066,30143,-8077,0,0,0,0,1,0
54,27604,-755,814,-59,0,-25947,27988,-2041,0,0,0,0,1,0
55,28125,-839,720,118,0,-28831,24758,4073,0,0,0,0,1,0
56,28645,-890,598,292,0,-30607,20576,10031,0,0,0,0,1,0
57,29166,-908,454,454,0,-31207,15603,15603,0,0,0,0,1,0
58,29687,-890,292,598,0,-30607,10031,20576,0,0,0,0,1,0
59,30208,-839,118,720,0,-28831,4073,24758,0,0,0,0,1,0
60,30729,-755,-59,814,0,-25947,-2041,27988,0,0,0,0,1,0
61,31250,-642,-235,877,0,-22066,-8077,30143,0,0,0,0,1,0
62,31770,-504,-401,906,0,-17337,-13802,31140,0,0,0,0,1,0
63,32291,-347,-553,900,0,-11942,-18997,30940,0,0,0,0,1,0
64,32812,-177,-682,859,0,-6088,-23462,29551,0,0,0,0,1,0
65,33333,0,-786,786,0,0,-27026,27026,0,0,0,0,1,0
66,33854,177,-859,682,0,6088,-29551,23462,0,0,0,0,1,0
67,34375,347,-900,553,0,11942,-30940,18997,0,0,0,0,1,0
68,34895,504,-906,401,0,17337,-31140,13802,0,0,0,0,1,0
69,35416,642,-877,235,0,22066,-30143,8077,0,0,0,0,1,0
70,35937,755,-814,59,0,25947,-27988,2041,0,0,0,0,1,0
71,36458,839,-720,-118,0,28831,-24758,-4073,0,0,0,0,1,0
72,36979,890,-598,-292,0,30607,-20576,-10031,0,0,0,0,1,0
73,37500,908,-454,-454,0,31207,-15603,-15603,0,0,0,0,1,0
74,38020,890,-292,-598,0,30607,-10031,-20576,0,0,0,0,1,0
75,38541,839,-118,-720,0,28831,-4073,-24758,0,0,0,0,1,0
76,39062,755,59,-814,0,25947,2041,-27988,0,0,0,0,1,0
77,39583,642,235,-877,0,22066,8077,-30143,0,0,0,0,1,0
78,40104,504,401,-906,0,17337,13802,-31140,0,0,0,0,1,0
79,40625,347,553,-900,0,11942,18997,-30940,0,0,0,0,1,0
80,41145,177,682,-859,0,6088,23462,-29551,0,0,0,0,1,0
81,41666,0,786,-786,0,0,27026,-27026,0,0,0,0,1,0
82,42187,-177,859,-682,0,-6088,29551,-23462,0,0,0,0,1,0
83,42708,-347,900,-553,0,-11942,30940,-18997,0,0,0,0,1,0
84,43229,-504,906,-401,0,-17337,31140,-13802,0,0,0,0,1,0
85,43750,-642,877,-235,0,-22066,30143,-8077,0,0,0,0,1,0
86,44270,-755,814,-59,0,-25947,27988,-2041,0,0,0,0,1,0
87,44791,-839,720,118,0,-28831,24758,4073,0,0,0,0,1,0
88,45312,-890,598,292,0,-30607,20576,10031,0,0,0,0,1,0
89,45833,-908,454,454,0,-31207,15603,15603,0,0,0,0,1,0
90,46354,-890,292,598,0,-30607,10031,20576,0,0,0,0,1,0
91,46875,-839,118,720,0,-28831,4073,24758,0,0,0,0,1,0
92,47395,-755,-59,814,0,-25947,-2041,27988,0,0,0,0,1,0
93,47916,-642,-235,877,0,-22066,-8077,30143,0,0,0,0,1,0
94,48437,-504,-401,906,0,-17337,-13802,31140,0,0,0,0,1,0
95,48958,-347,-553,900,0,-11942,-18997,30940,0,0,0,0,1,0
96,49479,-177,-682,859,0,-6088,-23462,29551,0,0,0,0,1,0
97,50000,16935,-25000,8065,0,0,-4054,4054,0,1,0,0,1,0
98,50520,20331,-25812,5481,0,913,-4433,3519,0,1,0,0,1,0
99,51041,23462,-25889,2427,0,1791,-4641,2850,0,1,0,0,1,0
100,51562,26198,-25226,-972,0,2601,-4671,2070,0,1,0,0,1,0
101,52083,28423,-23841,-4583,0,3310,-4521,1212,0,1,0,0,1,0
102,52604,30043,-21783,-8261,0,3892,-4198,306,0,1,0,0,1,0
103,53125,30986,-19127,-11860,0,4325,-3714,-611,0,1,0,0,1,0
104,53645,31207,-15970,-15237,0,4591,-3086,-1505,0,1,0,0,1,0
105,54166,30687,-12428,-18259,0,4681,-2341,-2340,0,1,0,0,1,0
106,54687,29438,-8634,-20803,0,4591,-1505,-3086,0,1,0,0,1,0
107,55208,27499,-4730,-22769,0,4325,-611,-3714,0,1,0,0,1,0
108,55729,24936,-859,-24077,0,3892,306,-4198,0,1,0,0,1,0
109,56250,21839,2832,-24671,0,3310,1212,-4521,0,1,0,0,1,0
110,56770,18319,6206,-24526,0,2601,2070,-4671,0,1,0,0,1,0
111,57291,14504,9138,-23641,0,1791,2850,-4641,0,1,0,0,1,0
112,57812,10530,11518,-22049,0,913,3519,-4433,0,1,0,0,1,0
113,58333,6545,13260,-19805,0,0,4054,-4054,0,1,0,0,1,0
114,58854,2693,14300,-16992,0,-913,4433,-3519,0,1,0,0,1,0
115,59375,-886,14601,-13715,0,-1791,4641,-2850,0,1,0,0,1,0
116,59895,-4061,14157,-10096,0,-2601,4671,-2070,0,1,0,0,1,0
117,60416,-6717,12987,-6271,0,-3310,4521,-1212,0,1,0,0,1,0
118,60937,-8759,11140,-2382,0,-3892,4198,-306,0,1,0,0,1,0
119,61458,-10116,8691,1424,0,-4325,3714,611,0,1,0,0,1,0
120,61979,-10742,5737,5005,0,-4591,3086,1505,0,1,0,0,1,0
121,62500,-10620,2395,8225,0,-4681,2341,2340,0,1,0,0,1,0
122,63020,-9761,-1204,10965,0,-4591,1505,3086,0,1,0,0,1,0
123,63541,-8205,-4918,13122,0,-4325,611,3714,0,1,0,0,1,0
124,64062,-6017,-8600,14617,0,-3892,-306,4198,0,1,0,0,1,0
125,64583,-3288,-12108,15396,0,-3310,-1212,4521,0,1,0,0,1,0
126,65104,-129,-15301,15430,0,-2601,-2070,4671,0,1,0,0,1,0
127,65625,3333,-18056,14723,0,-1791,-2850,4641,0,1,0,0,1,0
128,66145,6960,-20263,13304,0,-913,-3519,4433,0,1,0,0,1,0
129,66666,10605,-21835,11230,0,0,-4054,4054,0,1,0,0,1,0
130,67187,14124,-22708,8584,0,913,-4433,3519,0,1,0,0,1,0
131,67708,17376,-22846,5471,0,1791,-4641,2850,0,1,0,0,1,0
132,68229,20230,-22242,2012,0,2601,-4671,2070,0,1,0,0,1,0
133,68750,22571,-20915,-1657,0,3310,-4521,1212,0,1,0,0,1,0
134,69270,24305,-18914,-5391,0,3892,-4198,306,0,1,0,0,1,0
135,69791,25360,-16313,-9046,0,4325,-3714,-611,0,1,0,0,1,0
136,70312,25689,-13211,-12478,0,4591,-3086,-1505,0,1,0,0,1,0
137,70833,25277,-9723,-15554,0,4681,-2341,-2340,0,1,0,0,1,0
138,71354,24133,-5982,-18151,0,4591,-1505,-3086,0,1,0,0,1,0
139,71875,22297,-2129,-20169,0,4325,-611,-3714,0,1,0,0,1,0
140,72395,19836,1691,-21527,0,3892,306,-4198,0,1,0,0,1,0
141,72916,16838,5333,-22171,0,3310,1212,-4521,0,1,0,0,1,0
142,73437,13415,8658,-22073,0,2601,2070,-4671,0,1,0,0,1,0
143,73958,9695,11542,-21237,0,1791,2850,-4641,0,1,0,0,1,0
144,74479,5815,13876,-19691,0,913,3519,-4433,0,1,0,0,1,0
145,75000,1921,15572,-17493,0,0,4054,-4054,0,1,0,0,1,0
146,75520,-1841,16567,-14726,0,-913,4433,-3519,0,1,0,0,1,0
147,76041,-5332,16824,-11493,0,-1791,4641,-2850,0,1,0,0,1,0
148,76562,-8420,16337,-7917,0,-2601,4671,-2070,0,1,0,0,1,0
149,77083,-10991,15124,-4133,0,-3310,4521,-1212,0,1,0,0,1,0
150,77604,-12950,13236,-286,0,-3892,4198,-306,0,1,0,0,1,0
151,78125,-14225,10746,3479,0,-4325,3714,611,0,1,0,0,1,0
152,78645,-14772,7752,7020,0,-4591,3086,1505,0,1,0,0,1,0
153,79166,-14571,4371,10201,0,-4681,2341,2340,0,1,0,0,1,0
154,79687,-13636,733,12902,0,-4591,1505,3086,0,1,0,0,1,0
155,80208,-12004,-3018,15022,0,-4325,611,3714,0,1,0,0,1,0
156,80729,-9742,-6738,16480,0,-3892,-306,4198,0,1,0,0,1,0
157,81250,-6941,-10281,17222,0,-3310,-1212,4521,0,1,0,0,1,0
158,81770,-3711,-13510,17221,0,-2601,-2070,4671,0,1,0,0,1,0
159,82291,-179,-16300,16479,0,-1791,-2850,4641,0,1,0,0,1,0
160,82812,3516,-18541,15026,0,-913,-3519,4433,0,1,0,0,1,0
161,83333,7228,-20147,12918,0,0,-4054,4054,0,1,0,0,1,0
162,83854,10813,-21052,10240,0,913,-4433,3519,0,1,0,0,1,0
163,84375,14129,-21223,7094,0,1791,-4641,2850,0,1,0,0,1,0
164,84895,0,0,0,0,0,0,0,1,0,0,0,0,0
165,85416,0,0,0,0,0,0,0,1,0,0,0,0,0
166,85937,0,0,0,0,0,0,0,1,0,0,0,0,0
167,86458,0,0,0,0,0,0,0,1,0,0,0,0,0
168,86979,0,0,0,0,0,0,0,1,0,0,0,0,0
169,87500,0,0,0,0,0,0,0,1,0,0,0,0,0
170,88020,0,0,0,0,0,0,0,1,0,0,0,0,0
171,88541,0,0,0,0,0,0,0,1,0,0,0,0,0
172,89062,0,0,0,0,0,0,0,1,0,0,0,0,0
173,89583,0,0,0,0,0,0,0,1,0,0,0,0,0
174,90104,0,0,0,0,0,0,0,1,0,0,0,0,0
175,90625,0,0,0,0,0,0,0,1,0,0,0,0,0
176,91145,0,0,0,0,0,0,0,1,0,0,0,0,0
177,91666,0,0,0,0,0,0,0,1,0,0,0,0,0
178,92187,0,0,0,0,0,0,0,1,0,0,0,0,0
179,92708,0,0,0,0,0,0,0,1,0,0,0,0,0
180,93229,0,0,0,0,0,0,0,1,0,0,0,0,0
181,93750,0,0,0,0,0,0,0,1,0,0,0,0,0
182,94270,0,0,0,0,0,0,0,1,0,0,0,0,0
183,94791,0,0,0,0,0,0,0,1,0,0,0,0,0
184,95312,0,0,0,0,0,0,0,1,0,0,0,0,0
185,95833,0,0,0,0,0,0,0,1,0,0,0,0,0
186,96354,0,0,0,0,0,0,0,1,0,0,0,0,0
187,96875,0,0,0,0,0,0,0,1,0,0,0,0,0
188,97395,0,0,0,0,0,0,0,1,0,0,0,0,0
189,97916,0,0,0,0,0,0,0,1,0,0,0,0,0
190,98437,0,0,0,0,0,0,0,1,0,0,0,0,0
191,98958,0,0,0,0,0,0,0,1,0,0,0,0,0
192,99479,0,0,0,0,0,0,0,1,0,0,0,0,0
193,100000,0,0,0,0,0,0,0,1,0,0,0,0,0
194,100520,0,0,0,0,0,0,0,1,0,0,0,0,0
195,101041,0,0,0,0,0,0,0,1,0,0,0,0,0
196,101562,0,0,0,0,0,0,0,1,0,0,0,0,0
197,102083,0,0,0,0,0,0,0,1,0,0,0,0,0
198,102604,0,0,0,0,0,0,0,1,0,0,0,0,0
199,103125,0,0,0,0,0,0,0,1,0,0,0,0,0
200,103645,0,0,0,0,0,0,0,1,0,0,0,0,0
201,104166,0,0,0,0,0,0,0,1,0,0,0,0,0
202,104687,0,0,0,0,0,0,0,1,0,0,0,0,0
203,105208,0,0,0,0,0,0,0,1,0,0,0,0,0
204,105729,0,0,0,0,0,0,0,1,0,0,0,0,0
205,106250,0,0,0,0,0,0,0,1,0,0,0,0,0
206,106770,0,0,0,0,0,0,0,1,0,0,0,0,0
207,107291,0,0,0,0,0,0,0,1,0,0,0,0,0
208,107812,0,0,0,0,0,0,0,1,0,0,0,0,0
209,108333,0,0,0,0,0,0,0,1,0,0,0,0,0
210,108854,0,0,0,0,0,0,0,1,0,0,0,0,0
211,109375,0,0,0,0,0,0,0,1,0,0,0,0,0
212,109895,0,0,0,0,0,0,0,1,0,0,0,0,0
213,110416,0,0,0,0,0,0,0,1,0,0,0,0,0
214,110937,0,0,0,0,0,0,0,1,0,0,0,0,0
215,111458,0,0,0,0,0,0,0,1,0,0,0,0,0
216,111979,0,0,0,0,0,0,0,1,0,0,0,0,0
217,112500,0,0,0,0,0,0,0,1,0,0,0,0,0
218,113020,0,0,0,0,0,0,0,1,0,0,0,0,0
219,113541,0,0,0,0,0,0,0,1,0,0,0,0,0
220,114062,0,0,0,0,0,0,0,1,0,0,0,0,0
221,114583,0,0,0,0,0,0,0,1,0,0,0,0,0
222,115104,0,0,0,0,0,0,0,1,0,0,0,0,0
223,115625,0,0,0,0,0,0,0,1,0,0,0,0,0
224,116145,0,0,0,0,0,0,0,1,0,0,0,0,0
225,116666,0,0,0,0,0,0,0,1,0,0,0,0,0
226,117187,0,0,0,0,0,0,0,1,0,0,0,0,0
227,117708,0,0,0,0,0,0,0,1,0,0,0,0,0
228,118229,0,0,0,0,0,0,0,1,0,0,0,0,0
229,118750,0,0,0,0,0,0,0,1,0,0,0,0,0
230,119270,0,0,0,0,0,0,0,1,0,0,0,0,0
231,119791,0,0,0,0,0,0,0,1,0,0,0,0,0
232,120312,0,0,0,0,0,0,0,1,0,0,0,0,0
233,120833,0,0,0,0,0,0,0,1,0,0,0,0,0
234,121354,0,0,0,0,0,0,0,1,0,0,0,0,0
235,121875,0,0,0,0,0,0,0,1,0,0,0,0,0
236,122395,0,0,0,0,0,0,0,1,0,0,0,0,0
237,122916,0,0,0,0,0,0,0,1,0,0,0,0,0
238,123437,0,0,0,0,0,0,0,1,0,0,0,0,0
239,123958,0,0,0,0,0,0,0,1,0,0,0,0,0
240,124479,0,0,0,0,0,0,0,1,0,0,0,0,0
241,125000,0,0,0,0,0,0,0,1,0,0,0,0,0
242,125520,0,0,0,0,0,0,0,1,0,0,0,0,0
243,126041,0,0,0,0,0,0,0,1,0,0,0,0,0
244,126562,0,0,0,0,0,0,0,1,0,0,0,0,0
245,127083,0,0,0,0,0,0,0,1,0,0,0,0,0
246,127604,0,0,0,0,0,0,0,1,0,0,0,0,0
247,128124,0,0,0,0,0,0,0,1,0,0,0,0,0
248,128645,0,0,0,0,0,0,0,1,0,0,0,0,0
249,129166,0,0,0,0,0,0,0,1,0,0,0,0,0
250,129687,0,0,0,0,0,0,0,1,0,0,0,0,0
251,130208,0,0,0,0,0,0,0,1,0,0,0,0,0
252,130729,0,0,0,0,0,0,0,1,0,0,0,0,0
253,131250,0,0,0,0,0,0,0,1,0,0,0,0,0
254,131770,0,0,0,0,0,0,0,1,0,0,0,0,0
255,132291,0,0,0,0,0,0,0,1,0,0,0,0,0
256,132812,0,0,0,0,0,0,0,1,0,0,0,0,0
257,133333,0,0,0,0,0,0,0,1,0,0,0,0,0
258,133854,0,0,0,0,0,0,0,1,0,0,0,0,0
259,134375,0,0,0,0,0,0,0,1,0,0,0,0,0
260,134895,0,0,0,0,0,0,0,1,0,0,0,0,0
261,135416,0,0,0,0,0,0,0,1,0,0,0,0,0
262,135937,0,0,0,0,0,0,0,1,0,0,0,0,0
263,136458,0,0,0,0,0,0,0,1,0,0,0,0,0
264,136979,0,0,0,0,0,0,0,1,0,0,0,0,0
265,137500,0,0,0,0,0,0,0,1,0,0,0,0,0
266,138020,0,0,0,0,0,0,0,1,0,0,0,0,0
267,138541,0,0,0,0,0,0,0,1,0,0,0,0,0
268,139062,0,0,0,0,0,0,0,1,0,0,0,0,0
269,139583,0,0,0,0,0,0,0,1,0,0,0,0,0
270,140104,0,0,0,0,0,0,0,1,0,0,0,0,0
271,140625,0,0,0,0,0,0,0,1,0,0,0,0,0
272,141145,0,0,0,0,0,0,0,1,0,0,0,0,0
273,141666,0,0,0,0,0,0,0,1,0,0,0,0,0
274,142187,0,0,0,0,0,0,0,1,0,0,0,0,0
275,142708,0,0,0,0,0,0,0,1,0,0,0,0,0
276,143229,0,0,0,0,0,0,0,1,0,0,0,0,0
277,143750,0,0,0,0,0,0,0,1,0,0,0,0,0
278,144270,0,0,0,0,0,0,0,1,0,0,0,0,0
279,144791,0,0,0,0,0,0,0,1,0,0,0,0,0
280,145312,0,0,0,0,0,0,0,1,0,0,0,0,0
281,145833,0,0,0,0,0,0,0,1,0,0,0,0,0
282,146354,0,0,0,0,0,0,0,1,0,0,0,0,0
283,146875,0,0,0,0,0,0,0,1,0,0,0,0,0
284,147395,0,0,0,0,0,0,0,1,0,0,0,0,0
285,147916,0,0,0,0,0,0,0,1,0,0,0,0,0
286,148437,0,0,0,0,0,0,0,1,0,0,0,0,0
287,148958,0,0,0,0,0,0,0,1,0,0,0,0,0
288,149479,0,0,0,0,0,0,0,1,0,0,0,0,0
289,150000,0,0,0,0,0,0,0,1,0,0,0,0,0
290,150520,0,0,0,0,0,0,0,1,0,0,0,0,0
291,151041,0,0,0,0,0,0,0,1,0,0,0,0,0
292,151562,0,0,0,0,0,0,0,1,0,0,0,0,0
293,152083,0,0,0,0,0,0,0,1,0,0,0,0,0
294,152604,0,0,0,0,0,0,0,1,0,0,0,0,0
295,153125,0,0,0,0,0,0,0,1,0,0,0,0,0
296,153645,0,0,0,0,0,0,0,1,0,0,0,0,0
297,154166,0,0,0,0,0,0,0,1,0,0,0,0,0
298,154687,0,0,0,0,0,0,0,1,0,0,0,0,0
299,155208,0,0,0,0,0,0,0,1,0,0,0,0,0
300,155729,0,0,0,0,0,0,0,1,0,0,0,0,0
301,156250,0,0,0,0,0,0,0,1,0,0,0,0,0
302,156770,0,0,0,0,0,0,0,1,0,0,0,0,0
303,157291,0,0,0,0,0,0,0,1,0,0,0,0,0
304,157812,0,0,0,0,0,0,0,1,0,0,0,0,0
305,158333,0,0,0,0,0,0,0,1,0,0,0,0,0
306,158854,0,0,0,0,0,0,0,1,0,0,0,0,0
307,159375,0,0,0,0,0,0,0,1,0,0,0,0,0
308,159895,0,0,0,0,0,0,0,1,0,0,0,0,0
309,160416,0,0,0,0,0,0,0,1,0,0,0,0,0
310,160937,0,0,0,0,0,0,0,1,0,0,0,0,0
311,161458,0,0,0,0,0,0,0,1,0,0,0,0,0
312,161979,0,0,0,0,0,0,0,1,0,0,0,0,0
313,162500,0,0,0,0,0,0,0,1,0,0,0,0,0
314,163020,0,0,0,0,0,0,0,1,0,0,0,0,0
315,163541,0,0,0,0,0,0,0,1,0,0,0,0,0
316,164062,0,0,0,0,0,0,0,1,0,0,0,0,0
317,164583,0,0,0,0,0,0,0,1,0,0,0,0,0
318,165104,0,0,0,0,0,0,0,1,0,0,0,0,0
319,165625,0,0,0,0,0,0,0,1,0,0,0,0,0
320,166145,0,0,0,0,0,0,0,1,0,0,0,0,0
321,166666,0,0,0,0,0,0,0,1,0,0,0,0,0
322,167187,0,0,0,0,0,0,0,1,0,0,0,0,0
323,167708,0,0,0,0,0,0,0,1,0,0,0,0,0
324,168229,0,0,0,0,0,0,0,1,0,0,0,0,0
325,168750,0,0,0,0,0,0,0,1,0,0,0,0,0
326,169270,0,0,0,0,0,0,0,1,0,0,0,0,0
327,169791,0,0,0,0,0,0,0,1,0,0,0,0,0
328,170312,0,0,0,0,0,0,0,1,0,0,0,0,0
329,170833,0,0,0,0,0,0,0,1,0,0,0,0,0
330,171354,0,0,0,0,0,0,0,1,0,0,0,0,0
331,171875,0,0,0,0,0,0,0,1,0,0,0,0,0
332,172395,0,0,0,0,0,0,0,1,0,0,0,0,0
333,172916,0,0,0,0,0,0,0,1,0,0,0,0,0
334,173437,0,0,0,0,0,0,0,1,0,0,0,0,0
335,173958,0,0,0,0,0,0,0,1,0,0,0,0,0
336,174479,0,0,0,0,0,0,0,1,0,0,0,0,0
337,175000,0,0,0,0,0,0,0,1,0,0,0,0,0
338,175520,0,0,0,0,0,0,0,1,0,0,0,0,0
339,176041,0,0,0,0,0,0,0,1,0,0,0,0,0
340,176562,0,0,0,0,0,0,0,1,0,0,0,0,0
341,177083,0,0,0,0,0,0,0,1,0,0,0,0,0
342,177604,0,0,0,0,0,0,0,1,0,0,0,0,0
343,178125,0,0,0,0,0,0,0,1,0,0,0,0,0
344,178645,0,0,0,0,0,0,0,1,0,0,0,0,0
345,179166,0,0,0,0,0,0,0,1,0,0,0,0,0
346,179687,0,0,0,0,0,0,0,1,0,0,0,0,0
347,180208,0,0,0,0,0,0,0,1,0,0,0,0,0
348,180729,0,0,0,0,0,0,0,1,0,0,0,0,0
349,181250,0,0,0,0,0,0,0,1,0,0,0,0,0
350,181770,0,0,0,0,0,0,0,1,0,0,0,0,0
351,182291,0,0,0,0,0,0,0,1,0,0,0,0,0
352,182812,0,0,0,0,0,0,0,1,0,0,0,0,0
353,183333,0,0,0,0,0,0,0,1,0,0,0,0,0
354,183854,0,0,0,0,0,0,0,1,0,0,0,0,0
355,184375,0,0,0,0,0,0,0,1,0,0,0,0,0
356,184895,0,0,0,0,0,0,0,1,0,0,0,0,0
357,185416,0,0,0,0,0,0,0,1,0,0,0,0,0
358,185937,0,0,0,0,0,0,0,1,0,0,0,0,0
359,186458,0,0,0,0,0,0,0,1,0,0,0,0,0
360,186979,0,0,0,0,0,0,0,1,0,0,0,0,0
361,187500,0,0,0,0,0,0,0,1,0,0,0,0,0
362,188020,0,0,0,0,0,0,0,1,0,0,0,0,0
363,188541,0,0,0,0,0,0,0,1,0,0,0,0,0
364,189062,0,0,0,0,0,0,0,1,0,0,0,0,0
365,189583,0,0,0,0,0,0,0,1,0,0,0,0,0
366,190104,0,0,0,0,0,0,0,1,0,0,0,0,0
367,190625,0,0,0,0,0,0,0,1,0,0,0,0,0
368,191145,0,0,0,0,0,0,0,1,0,0,0,0,0
369,191666,0,0,0,0,0,0,0,1,0,0,0,0,0
370,192187,0,0,0,0,0,0,0,1,0,0,0,0,0
371,192708,0,0,0,0,0,0,0,1,0,0,0,0,0
372,193229,0,0,0,0,0,0,0,1,0,0,0,0,0
373,193750,0,0,0,0,0,0,0,1,0,0,0,0,0
374,194270,0,0,0,0,0,0,0,1,0,0,0,0,0
375,194791,0,0,0,0,0,0,0,1,0,0,0,0,0
376,195312,0,0,0,0,0,0,0,1,0,0,0,0,0
377,195833,0,0,0,0,0,0,0,1,0,0,0,0,0
378,196354,0,0,0,0,0,0,0,1,0,0,0,0,0
379,196875,0,0,0,0,0,0,0,1,0,0,0,0,0
380,197395,0,0,0,0,0,0,0,1,0,0,0,0,0
381,197916,0,0,0,0,0,0,0,1,0,0,0,0,0
382,198437,0,0,0,0,0,0,0,1,0,0,0,0,0
383,198958,0,0,0,0,0,0,0,1,0,0,0,0,0
384,199479,0,0,0,0,0,0,0,1,0,0,0,0,0
385,200000,0,0,0,0,0,0,0,1,0,0,0,0,0
386,200520,0,0,0,0,0,0,0,1,0,0,0,0,0
387,201041,0,0,0,0,0,0,0,1,0,0,0,0,0
388,201562,0,0,0,0,0,0,0,1,0,0,0,0,0
389,202083,0,0,0,0,0,0,0,1,0,0,0,0,0
390,202604,0,0,0,0,0,0,0,1,0,0,0,0,0
391,203125,0,0,0,0,0,0,0,1,0,0,0,0,0
392,203645,0,0,0,0,0,0,0,1,0,0,0,0,0
393,204166,0,0,0,0,0,0,0,1,0,0,0,0,0
394,204687,0,0,0,0,0,0,0,1,0,0,0,0,0
395,205208,0,0,0,0,0,0,0,1,0,0,0,0,0
396,205729,0,0,0,0,0,0,0,1,0,0,0,0,0
397,206250,0,0,0,0,0,0,0,1,0,0,0,0,0
398,206770,0,0,0,0,0,0,0,1,0,0,0,0,0
399,207291,0,0,0,0,0,0,0,1,0,0,0,0,0
400,207812,0,0,0,0,0,0,0,1,0,0,0,0,0
401,208333,0,0,0,0,0,0,0,1,0,0,0,0,0
402,208854,0,0,0,0,0,0,0,1,0,0,0,0,0
403,209375,0,0,0,0,0,0,0,1,0,0,0,0,0
404,209895,0,0,0,0,0,0,0,1,0,0,0,0,0
405,210416,0,0,0,0,0,0,0,1,0,0,0,0,0
406,210937,0,0,0,0,0,0,0,1,0,0,0,0,0
407,211458,0,0,0,0,0,0,0,1,0,0,0,0,0
408,211979,0,0,0,0,0,0,0,1,0,0,0,0,0
409,212500,0,0,0,0,0,0,0,1,0,0,0,0,0
410,213020,0,0,0,0,0,0,0,1,0,0,0,0,0
411,213541,0,0,0,0,0,0,0,1,0,0,0,0,0
412,214062,0,0,0,0,0,0,0,1,0,0,0,0,0
413,214583,0,0,0,0,0,0,0,1,0,0,0,0,0
414,215104,0,0,0,0,0,0,0,1,0,0,0,0,0
415,215625,0,0,0,0,0,0,0,1,0,0,0,0,0
416,216145,0,0,0,0,0,0,0,1,0,0,0,0,0
417,216666,0,0,0,0,0,0,0,1,0,0,0,0,0
418,217187,0,0,0,0,0,0,0,1,0,0,0,0,0
419,217708,0,0,0,0,0,0,0,1,0,0,0,0,0
420,218229,0,0,0,0,0,0,0,1,0,0,0,0,0
421,218750,0,0,0,0,0,0,0,1,0,0,0,0,0
422,219270,0,0,0,0,0,0,0,1,0,0,0,0,0
423,219791,0,0,0,0,0,0,0,1,0,0,0,0,0
424,220312,0,0,0,0,0,0,0,1,0,0,0,0,0
425,220833,0,0,0,0,0,0,0,1,0,0,0,0,0
426,221354,0,0,0,0,0,0,0,1,0,0,0,0,0
427,221875,0,0,0,0,0,0,0,1,0,0,0,0,0
428,222395,0,0,0,0,0,0,0,1,0,0,0,0,0
429,222916,0,0,0,0,0,0,0,1,0,0,0,0,0
430,223437,0,0,0,0,0,0,0,1,0,0,0,0,0
431,223958,0,0,0,0,0,0,0,1,0,0,0,0,0
432,224479,0,0,0,0,0,0,0,1,0,0,0,0,0
433,225000,0,0,0,0,0,0,0,1,0,0,0,0,0
434,225520,0,0,0,0,0,0,0,1,0,0,0,0,0
435,226041,0,0,0,0,0,0,0,1,0,0,0,0,0
436,226562,0,0,0,0,0,0,0,1,0,0,0,0,0
437,227083,0,0,0,0,0,0,0,1,0,0,0,0,0
438,227604,0,0,0,0,0,0,0,1,0,0,0,0,0
439,228125,0,0,0,0,0,0,0,1,0,0,0,0,0
440,228645,0,0,0,0,0,0,0,1,0,0,0,0,0
441,229166,0,0,0,0,0,0,0,1,0,0,0,0,0
442,229687,0,0,0,0,0,0,0,1,0,0,0,0,0
443,230208,0,0,0,0,0,0,0,1,0,0,0,0,0
444,230729,0,0,0,0,0,0,0,1,0,0,0,0,0
445,231250,0,0,0,0,0,0,0,1,0,0,0,0,0
446,231770,0,0,0,0,0,0,0,1,0,0,0,0,0
447,232291,0,0,0,0,0,0,0,1,0,0,0,0,0
448,232812,0,0,0,0,0,0,0,1,0,0,0,0,0
449,233333,0,0,0,0,0,0,0,1,0,0,0,0,0
450,233854,0,0,0,0,0,0,0,1,0,0,0,0,0
451,234375,0,0,0,0,0,0,0,1,0,0,0,0,0
452,234895,0,0,0,0,0,0,0,1,0,0,0,0,0
453,235416,0,0,0,0,0,0,0,1,0,0,0,0,0
454,235937,0,0,0,0,0,0,0,1,0,0,0,0,0
455,236458,0,0,0,0,0,0,0,1,0,0,0,0,0
456,236979,0,0,0,0,0,0,0,1,0,0,0,0,0
457,237500,0,0,0,0,0,0,0,1,0,0,0,0,0
458,238020,0,0,0,0,0,0,0,1,0,0,0,0,0
459,238541,0,0,0,0,0,0,0,1,0,0,0,0,0
460,239062,0,0,0,0,0,0,0,1,0,0,0,0,0
461,239583,0,0,0,0,0,0,0,1,0,0,0,0,0
462,240104,0,0,0,0,0,0,0,1,0,0,0,0,0
463,240625,0,0,0,0,0,0,0,1,0,0,0,0,0
464,241145,0,0,0,0,0,0,0,1,0,0,0,0,0
465,241666,0,0,0,0,0,0,0,1,0,0,0,0,0
466,242187,0,0,0,0,0,0,0,1,0,0,0,0,0
467,242708,0,0,0,0,0,0,0,1,0,0,0,0,0
468,243229,0,0,0,0,0,0,0,1,0,0,0,0,0
469,243750,0,0,0,0,0,0,0,1,0,0,0,0,0
470,244270,0,0,0,0,0,0,0,1,0,0,0,0,0
471,244791,0,0,0,0,0,0,0,1,0,0,0,0,0
472,245312,0,0,0,0,0,0,0,1,0,0,0,0,0
473,245833,0,0,0,0,0,0,0,1,0,0,0,0,0
474,246354,0,0,0,0,0,0,0,1,0,0,0,0,0
475,246875,0,0,0,0,0,0,0,1,0,0,0,0,0
476,247395,0,0,0,0,0,0,0,1,0,0,0,0,0
477,247916,0,0,0,0,0,0,0,1,0,0,0,0,0
478,248437,0,0,0,0,0,0,0,1,0,0,0,0,0
479,248958,0,0,0,0,0,0,0,1,0,0,0,0,0
480,249479,0,0,0,0,0,0,0,1,0,0,0,0,0
481,250000,0,0,0,0,0,0,0,1,0,0,0,0,0
482,250520,0,0,0,0,0,0,0,1,0,0,0,0,0
483,251041,0,0,0,0,0,0,0,1,0,0,0,0,0
484,251562,0,0,0,0,0,0,0,1,0,0,0,0,0
485,252083,0,0,0,0,0,0,0,1,0,0,0,0,0
486,252604,0,0,0,0,0,0,0,1,0,0,0,0,0
487,253125,0,0,0,0,0,0,0,1,0,0,0,0,0
488,253645,0,0,0,0,0,0,0,1,0,0,0,0,0
489,254166,0,0,0,0,0,0,0,1,0,0,0,0,0
490,254687,0,0,0,0,0,0,0,1,0,0,0,0,0
491,255208,0,0,0,0,0,0,0,1,0,0,0,0,0
492,255729,0,0,0,0,0,0,0,1,0,0,0,0,0
493,256249,0,0,0,0,0,0,0,1,0,0,0,0,0
494,256770,0,0,0,0,0,0,0,1,0,0,0,0,0
495,257291,0,0,0,0,0,0,0,1,0,0,0,0,0
496,257812,0,0,0,0,0,0,0,1,0,0,0,0,0
497,258333,0,0,0,0,0,0,0,1,0,0,0,0,0
498,258854,0,0,0,0,0,0,0,1,0,0,0,0,0
499,259375,0,0,0,0,0,0,0,1,0,0,0,0,0
500,259895,0,0,0,0,0,0,0,1,0,0,0,0,0
501,260416,0,0,0,0,0,0,0,1,0,0,0,0,0
502,260937,0,0,0,0,0,0,0,1,0,0,0,0,0
503,261458,0,0,0,0,0,0,0,1,0,0,0,0,0
504,261979,0,0,0,0,0,0,0,1,0,0,0,0,0
505,262500,0,0,0,0,0,0,0,1,0,0,0,0,0
506,263020,0,0,0,0,0,0,0,1,0,0,0,0,0
507,263541,0,0,0,0,0,0,0,1,0,0,0,0,0
508,264062,0,0,0,0,0,0,0,1,0,0,0,0,0
509,264583,0,0,0,0,0,0,0,1,0,0,0,0,0
510,265104,0,0,0,0,0,0,0,1,0,0,0,0,0
511,265625,0,0,0,0,0,0,0,1,0,0,0,0,0
512,266145,0,0,0,0,0,0,0,1,0,0,0,0,0
513,266666,0,0,0,0,0,0,0,1,0,0,0,0,0
514,267187,0,0,0,0,0,0,0,1,0,0,0,0,0
515,267708,0,0,0,0,0,0,0,1,0,0,0,0,0
516,268229,0,0,0,0,0,0,0,1,0,0,0,0,0
517,268750,0,0,0,0,0,0,0,1,0,0,0,0,0
518,269270,0,0,0,0,0,0,0,1,0,0,0,0,0
519,269791,0,0,0,0,0,0,0,1,0,0,0,0,0
520,270312,0,0,0,0,0,0,0,1,0,0,0,0,0
521,270833,0,0,0,0,0,0,0,1,0,0,0,0,0
522,271354,0,0,0,0,0,0,0,1,0,0,0,0,0
523,271875,0,0,0,0,0,0,0,1,0,0,0,0,0
524,272395,0,0,0,0,0,0,0,1,0,0,0,0,0
525,272916,0,0,0,0,0,0,0,1,0,0,0,0,0
526,273437,0,0,0,0,0,0,0,1,0,0,0,0,0
527,273958,0,0,0,0,0,0,0,1,0,0,0,0,0
528,274479,0,0,0,0,0,0,0,1,0,0,0,0,0
529,275000,0,0,0,0,0,0,0,1,0,0,0,0,0
530,275520,0,0,0,0,0,0,0,1,0,0,0,0,0
531,276041,0,0,0,0,0,0,0,1,0,0,0,0,0
532,276562,0,0,0,0,0,0,0,1,0,0,0,0,0
533,277083,0,0,0,0,0,0,0,1,0,0,0,0,0
534,277604,0,0,0,0,0,0,0,1,0,0,0,0,0
535,278125,0,0,0,0,0,0,0,1,0,0,0,0,0
536,278645,0,0,0,0,0,0,0,1,0,0,0,0,0
537,279166,0,0,0,0,0,0,0,1,0,0,0,0,0
538,279687,0,0,0,0,0,0,0,1,0,0,0,0,0
539,280208,0,0,0,0,0,0,0,1,0,0,0,0,0
540,280729,0,0,0,0,0,0,0,1,0,0,0,0,0
541,281250,0,0,0,0,0,0,0,1,0,0,0,0,0
542,281770,0,0,0,0,0,0,0,1,0,0,0,0,0
543,282291,0,0,0,0,0,0,0,1,0,0,0,0,0
544,282812,0,0,0,0,0,0,0,1,0,0,0,0,0
545,283333,0,0,0,0,0,0,0,1,0,0,0,0,0
546,283854,0,0,0,0,0,0,0,1,0,0,0,0,0
547,284375,0,0,0,0,0,0,0,1,0,0,0,0,0
548,284895,0,0,0,0,0,0,0,1,0,0,0,0,0
549,285416,0,0,0,0,0,0,0,1,0,0,0,0,0
550,285937,0,0,0,0,0,0,0,1,0,0,0,0,0
551,286458,0,0,0,0,0,0,0,1,0,0,0,0,0
552,286979,0,0,0,0,0,0,0,1,0,0,0,0,0
553,287500,0,0,0,0,0,0,0,1,0,0,0,0,0
554,288020,0,0,0,0,0,0,0,1,0,0,0,0,0
555,288541,0,0,0,0,0,0,0,1,0,0,0,0,0
556,289062,0,0,0,0,0,0,0,1,0,0,0,0,0
557,289583,0,0,0,0,0,0,0,1,0,0,0,0,0
558,290104,0,0,0,0,0,0,0,1,0,0,0,0,0
559,290625,0,0,0,0,0,0,0,1,0,0,0,0,0
560,291145,0,0,0,0,0,0,0,1,0,0,0,0,0
561,291666,0,0,0,0,0,0,0,1,0,0,0,0,0
562,292187,0,0,0,0,0,0,0,1,0,0,0,0,0
563,292708,0,0,0,0,0,0,0,1,0,0,0,0,0
564,293229,0,0,0,0,0,0,0,1,0,0,0,0,0
565,293750,0,0,0,0,0,0,0,1,0,0,0,0,0
566,294270,0,0,0,0,0,0,0,1,0,0,0,0,0
567,294791,0,0,0,0,0,0,0,1,0,0,0,0,0
568,295312,0,0,0,0,0,0,0,1,0,0,0,0,0
569,295833,0,0,0,0,0,0,0,1,0,0,0,0,0
570,296354,0,0,0,0,0,0,0,1,0,0,0,0,0
571,296875,0,0,0,0,0,0,0,1,0,0,0,0,0
572,297395,0,0,0,0,0,0,0,1,0,0,0,0,0
573,297916,0,0,0,0,0,0,0,1,0,0,0,0,0
574,298437,0,0,0,0,0,0,0,1,0,0,0,0,0
575,298958,0,0,0,0,0,0,0,1,0,0,0,0,0
576,299479,0,0,0,0,0,0,0,1,0,0,0,0,0
577,300000,0,0,0,0,0,0,0,1,0,0,0,0,0
578,300520,0,0,0,0,0,0,0,1,0,0,0,0,0
579,301041,0,0,0,0,0,0,0,1,0,0,0,0,0
580,301562,0,0,0,0,0,0,0,1,0,0,0,0,0
581,302083,0,0,0,0,0,0,0,1,0,0,0,0,0
582,302604,0,0,0,0,0,0,0,1,0,0,0,0,0
583,303125,0,0,0,0,0,0,0,1,0,0,0,0,0
584,303645,0,0,0,0,0,0,0,1,0,0,0,0,0
585,304166,0,0,0,0,0,0,0,1,0,0,0,0,0
586,304687,0,0,0,0,0,0,0,1,0,0,0,0,0
587,305208,0,0,0,0,0,0,0,1,0,0,0,0,0
588,305729,0,0,0,0,0,0,0,1,0,0,0,0,0
589,306250,0,0,0,0,0,0,0,1,0,0,0,0,0
590,306770,0,0,0,0,0,0,0,1,0,0,0,0,0
591,307291,0,0,0,0,0,0,0,1,0,0,0,0,0
592,307812,0,0,0,0,0,0,0,1,0,0,0,0,0
593,308333,0,0,0,0,0,0,0,1,0,0,0,0,0
594,308854,0,0,0,0,0,0,0,1,0,0,0,0,0
