1,0,0,-1217,1217,0,0,-25024,25024,0,0,0,0,1,0
2,520,274,-1330,1056,0,5637,-27362,21724,0,0,0,0,1,0
3,1041,538,-1393,855,0,11058,-28648,17590,0,0,0,0,1,0
4,1562,780,-1402,621,0,16053,-28833,12780,0,0,0,0,1,0
5,2083,993,-1357,364,0,20432,-27910,7479,0,0,0,0,1,0
6,2604,1168,-1260,92,0,24025,-25915,1890,0,0,0,0,1,0
7,3125,1298,-1114,-183,0,26696,-22924,-3772,0,0,0,0,1,0
8,3645,1378,-926,-452,0,28340,-19052,-9288,0,0,0,0,1,0
9,4166,1405,-702,-702,0,28895,-14448,-14448,0,0,0,0,1,0
10,4687,1378,-452,-926,0,28340,-9288,-19052,0,0,0,0,1,0
11,5208,1298,-183,-1114,0,26696,-3772,-22924,0,0,0,0,1,0
12,5729,1168,92,-1260,0,24025,1890,-25915,0,0,0,0,1,0
13,6250,993,364,-1357,0,20432,7479,-27910,0,0,0,0,1,0
14,6770,780,621,-1402,0,16053,12780,-28833,0,0,0,0,1,0
15,7291,538,855,-1393,0,11058,17590,-28648,0,0,0,0,1,0
16,7812,274,1056,-1330,0,5637,21724,-27362,0,0,0,0,1,0
17,8333,0,1217,-1217,0,0,25024,-25024,0,0,0,0,1,0
18,8854,-274,1330,-1056,0,-5637,27362,-21724,0,0,0,0,1,0
19,9375,-538,1393,-855,0,-11058,28648,-17590,0,0,0,0,1,0
20,9895,-780,1402,-621,0,-16053,28833,-12780,0,0,0,0,1,0
21,10416,-993,1357,-364,0,-20432,27910,-7479,0,0,0,0,1,0
22,10937,-1168,1260,-92,0,-24025,25915,-1890,0,0,0,0,1,0
23,11458,-1298,1114,183,0,-26696,22924,3772,0,0,0,0,1,0
24,11979,-1378,926,452,0,-28340,19052,9288,0,0,0,0,1,0
25,12500,-1405,702,702,0,-28895,14448,14448,0,0,0,0,1,0
26,13020,-1378,452,926,0,-28340,9288,19052,0,0,0,0,1,0
27,13541,-1298,183,1114,0,-26696,3772,22924,0,0,0,0,1,0
28,14062,-1168,-92,1260,0,-24025,-1890,25915,0,0,0,0,1,0
29,14583,-993,-364,1357,0,-20432,-7479,27910,0,0,0,0,1,0
30,15104,-780,-621,1402,0,-16053,-12780,28833,0,0,0,0,1,0
31,15625,-538,-855,1393,0,-11058,-17590,28648,0,0,0,0,1,0
32,16145,-274,-1056,1330,0,-5637,-21724,27362,0,0,0,0,1,0
33,16666,0,-1217,1217,0,0,-25024,25024,0,0,0,0,1,0
34,17187,274,-1330,1056,0,5637,-27362,21724,0,0,0,0,1,0
35,17708,538,-1393,855,0,11058,-28648,17590,0,0,0,0,1,0
36,18229,780,-1402,621,0,16053,-28833,12780,0,0,0,0,1,0
37,18750,993,-1357,364,0,20432,-27910,7479,0,0,0,0,1,0
38,19270,1168,-1260,92,0,24025,-25915,1890,0,0,0,0,1,0
39,19791,1298,-1114,-183,0,26696,-22924,-3772,0,0,0,0,1,0
40,20312,1378,-926,-452,0,28340,-19052,-9288,0,0,0,0,1,0
41,20833,1405,-702,-702,0,28895,-14448,-14448,0,0,0,0,1,0
42,21354,1378,-452,-926,0,28340,-9288,-19052,0,0,0,0,1,0
43,21875,1298,-183,-1114,0,26696,-3772,-22924,0,0,0,0,1,0
44,22395,1168,92,-1260,0,24025,1890,-25915,0,0,0,0,1,0
45,22916,993,364,-1357,0,20432,7479,-27910,0,0,0,0,1,0
46,23437,780,621,-1402,0,16053,12780,-28833,0,0,0,0,1,0
47,23958,538,855,-1393,0,11058,17590,-28648,0,0,0,0,1,0
48,24479,274,1056,-1330,0,5637,21724,-27362,0,0,0,0,1,0
49,25000,0,1217,-1217,0,0,25024,-25024,0,0,0,0,1,0
50,25520,-274,1330,-1056,0,-5637,27362,-21724,0,0,0,0,1,0
51,26041,-538,1393,-855,0,-11058,28648,-17590,0,0,0,0,1,0
52,26562,-780,1402,-621,0,-16053,28833,-12780,0,0,0,0,1,0
53,27083,-993,1357,-364,0,-20432,27910,-7479,0,0,0,0,1,0
54,27604,-1168,1260,-92,0,-24025,25915,-1890,0,0,0,0,1,0
55,28125,-1298,1114,183,0,-26696,22924,3772,0,0,0,0,1,0
56,28645,-1378,926,452,0,-28340,19052,9288,0,0,0,0,1,0
57,29166,-1405,702,702,0,-28895,14448,14448,0,0,0,0,1,0
58,29687,-1378,452,926,0,-28340,9288,19052,0,0,0,0,1,0
59,30208,-1298,183,1114,0,-26696,3772,22924,0,0,0,0,1,0
60,30729,-1168,-92,1260,0,-24025,-1890,25915,0,0,0,0,1,0
61,31250,-993,-364,1357,0,-20432,-7479,27910,0,0,0,0,1,0
62,31770,-780,-621,1402,0,-16053,-12780,28833,0,0,0,0,1,0
63,32291,-538,-855,1393,0,-11058,-17590,28648,0,0,0,0,1,0
64,32812,-274,-1056,1330,0,-5637,-21724,27362,0,0,0,0,1,0
65,33333,0,-1217,1217,0,0,-25024,25024,0,0,0,0,1,0
66,33854,274,-1330,1056,0,5637,-27362,21724,0,0,0,0,1,0
67,34375,538,-1393,855,0,11058,-28648,17590,0,0,0,0,1,0
68,34895,780,-1402,621,0,16053,-28833,12780,0,0,0,0,1,0
69,35416,993,-1357,364,0,20432,-27910,7479,0,0,0,0,1,0
70,35937,1168,-1260,92,0,24025,-25915,1890,0,0,0,0,1,0
71,36458,1298,-1114,-183,0,26696,-22924,-3772,0,0,0,0,1,0
72,36979,1378,-926,-452,0,28340,-19052,-9288,0,0,0,0,1,0
73,37500,1405,-702,-702,0,28895,-14448,-14448,0,0,0,0,1,0
74,38020,1378,-452,-926,0,28340,-9288,-19052,0,0,0,0,1,0
75,38541,1298,-183,-1114,0,26696,-3772,-22924,0,0,0,0,1,0
76,39062,1168,92,-1260,0,24025,1890,-25915,0,0,0,0,1,0
77,39583,993,364,-1357,0,20432,7479,-27910,0,0,0,0,1,0
78,40104,780,621,-1402,0,16053,12780,-28833,0,0,0,0,1,0
79,40625,538,855,-1393,0,11058,17590,-28648,0,0,0,0,1,0
80,41145,274,1056,-1330,0,5637,21724,-27362,0,0,0,0,1,0
81,41666,0,1217,-1217,0,0,25024,-25024,0,0,0,0,1,0
82,42187,-274,1330,-1056,0,-5637,27362,-21724,0,0,0,0,1,0
83,42708,-538,1393,-855,0,-11058,28648,-17590,0,0,0,0,1,0
84,43229,-780,1402,-621,0,-16053,28833,-12780,0,0,0,0,1,0
85,43750,-993,1357,-364,0,-20432,27910,-7479,0,0,0,0,1,0
86,44270,-1168,1260,-92,0,-24025,25915,-1890,0,0,0,0,1,0
87,44791,-1298,1114,183,0,-26696,22924,3772,0,0,0,0,1,0
88,45312,-1378,926,452,0,-28340,19052,9288,0,0,0,0,1,0
89,45833,-1405,702,702,0,-28895,14448,14448,0,0,0,0,1,0
90,46354,-1378,452,926,0,-28340,9288,19052,0,0,0,0,1,0
91,46875,-1298,183,1114,0,-26696,3772,22924,0,0,0,0,1,0
92,47395,-1168,-92,1260,0,-24025,-1890,25915,0,0,0,0,1,0
93,47916,-993,-364,1357,0,-20432,-7479,27910,0,0,0,0,1,0
94,48437,-780,-621,1402,0,-16053,-12780,28833,0,0,0,0,1,0
95,48958,-538,-855,1393,0,-11058,-17590,28648,0,0,0,0,1,0
96,49479,-274,-1056,1330,0,-5637,-21724,27362,0,0,0,0,1,0
97,50000,0,-1217,31207,29990,0,-27026,2502,0,0,0,0,1,0
98,50520,274,-1330,27781,26725,6088,-29551,2172,0,0,0,0,1,0
99,51041,538,-1393,23863,23008,11942,-30940,1759,0,0,0,0,1,0
100,51562,780,-1402,19594,18972,17337,-31140,1278,0,0,0,0,1,0
101,52083,993,-1357,15125,14762,22066,-30143,748,0,0,0,0,1,0
102,52604,1168,-1260,10619,10527,25947,-27988,189,0,0,0,0,1,0
103,53125,1298,-1114,6236,6420,28831,-24758,-377,0,0,0,0,1,0
104,53645,1378,-926,2137,2588,30607,-20576,-929,0,0,0,0,1,0
105,54166,1405,-702,-1533,-830,31207,-15603,-1445,0,0,0,0,1,0
106,54687,1378,-452,-4641,-3715,30607,-10031,-1905,0,0,0,0,1,0
107,55208,1298,-183,-7079,-5965,28831,-4073,-2292,0,0,0,0,1,0
108,55729,1168,92,-8762,-7502,25947,2041,-2592,0,0,0,0,1,0
109,56250,993,364,-9635,-8278,22066,8077,-2791,0,0,0,0,1,0
110,56770,780,621,-9673,-8272,17337,13802,-2883,0,0,0,0,1,0
111,57291,538,855,-8885,-7492,11942,18997,-2865,0,0,0,0,1,0
112,57812,274,1056,-7309,-5978,6088,23462,-2736,0,0,0,0,1,0
113,58333,0,1217,-5014,-3797,0,27026,-2502,0,0,0,0,1,0
114,58854,-274,1330,-2097,-1041,-6088,29551,-2172,0,0,0,0,1,0
115,59375,-538,1393,1321,2176,-11942,30940,-1759,0,0,0,0,1,0
116,59895,-780,1402,5101,5722,-17337,31140,-1278,0,0,0,0,1,0
117,60416,-993,1357,9089,9453,-22066,30143,-748,0,0,0,0,1,0
118,60937,-1168,1260,13125,13217,-25947,27988,-189,0,0,0,0,1,0
119,61458,-1298,1114,17046,16862,-28831,24758,377,0,0,0,0,1,0
120,61979,-1378,926,20692,20241,-30607,20576,929,0,0,0,0,1,0
121,62500,-1405,702,23918,23216,-31207,15603,1445,0,0,0,0,1,0
122,63020,-1378,452,26592,25665,-30607,10031,1905,0,0,0,0,1,0
123,63541,-1298,183,28603,27488,-28831,4073,2292,0,0,0,0,1,0
124,64062,-1168,-92,29867,28607,-25947,-2041,2592,0,0,0,0,1,0
125,64583,-993,-364,30330,28973,-22066,-8077,2791,0,0,0,0,1,0
126,65104,-780,-621,29966,28564,-17337,-13802,2883,0,0,0,0,1,0
127,65625,-538,-855,28783,27390,-11942,-18997,2865,0,0,0,0,1,0
128,66145,-274,-1056,26819,25489,-6088,-23462,2736,0,0,0,0,1,0
129,66666,0,-1217,24145,22929,0,-27026,2502,0,0,0,0,1,0
130,67187,274,-1330,20857,19800,6088,-29551,2172,0,0,0,0,1,0
131,67708,538,-1393,17074,16219,11942,-30940,1759,0,0,0,0,1,0
132,68229,780,-1402,12936,12315,17337,-31140,1278,0,0,0,0,1,0
133,68750,498,-680,182,0,20432,-27910,7479,0,0,0,0,1,0
134,69270,586,-632,46,0,24025,-25915,1890,0,0,0,0,1,0
135,69791,651,-559,-92,0,26696,-22924,-3772,0,0,0,0,1,0
136,70312,691,-464,-226,0,28340,-19052,-9288,0,0,0,0,1,0
137,70833,704,-352,-352,0,28895,-14448,-14448,0,0,0,0,1,0
138,71354,691,-226,-464,0,28340,-9288,-19052,0,0,0,0,1,0
139,71875,651,-92,-559,0,26696,-3772,-22924,0,0,0,0,1,0
140,72395,586,46,-632,0,24025,1890,-25915,0,0,0,0,1,0
141,72916,498,182,-680,0,20432,7479,-27910,0,0,0,0,1,0
142,73437,391,312,-703,0,16053,12780,-28833,0,0,0,0,1,0
143,73958,270,429,-698,0,11058,17590,-28648,0,0,0,0,1,0
144,74479,137,530,-667,0,5637,21724,-27362,0,0,0,0,1,0
145,75000,0,610,-610,0,0,25024,-25024,0,0,0,0,1,0
146,75520,-137,667,-530,0,-5637,27362,-21724,0,0,0,0,1,0
147,76041,-270,698,-429,0,-11058,28648,-17590,0,0,0,0,1,0
148,76562,-391,703,-312,0,-16053,28833,-12780,0,0,0,0,1,0
149,77083,-498,680,-182,0,-20432,27910,-7479,0,0,0,0,1,0
150,77604,-586,632,-46,0,-24025,25915,-1890,0,0,0,0,1,0
151,78125,-651,559,92,0,-26696,22924,3772,0,0,0,0,1,0
152,78645,-691,464,226,0,-28340,19052,9288,0,0,0,0,1,0
153,79166,-704,352,352,0,-28895,14448,14448,0,0,0,0,1,0
154,79687,-691,226,464,0,-28340,9288,19052,0,0,0,0,1,0
155,80208,-651,92,559,0,-26696,3772,22924,0,0,0,0,1,0
156,80729,-586,-46,632,0,-24025,-1890,25915,0,0,0,0,1,0
157,81250,-498,-182,680,0,-20432,-7479,27910,0,0,0,0,1,0
158,81770,-391,-312,703,0,-16053,-12780,28833,0,0,0,0,1,0
159,82291,-270,-429,698,0,-11058,-17590,28648,0,0,0,0,1,0
160,82812,-137,-530,667,0,-5637,-21724,27362,0,0,0,0,1,0
161,83333,0,-610,610,0,0,-25024,25024,0,0,0,0,1,0
162,83854,137,-667,530,0,5637,-27362,21724,0,0,0,0,1,0
163,84375,270,-698,429,0,11058,-28648,17590,0,0,0,0,1,0
164,84895,391,-703,312,0,16053,-28833,12780,0,0,0,0,1,0
165,85416,498,-680,182,0,20432,-27910,7479,0,0,0,0,1,0
166,85937,586,-632,46,0,24025,-25915,1890,0,0,0,0,1,0
167,86458,651,-559,-92,0,26696,-22924,-3772,0,0,0,0,1,0
168,86979,691,-464,-226,0,28340,-19052,-9288,0,0,0,0,1,0
169,87500,704,-352,-352,0,28895,-14448,-14448,0,0,0,0,1,0
170,88020,691,-226,-464,0,28340,-9288,-19052,0,0,0,0,1,0
171,88541,651,-92,-559,0,26696,-3772,-22924,0,0,0,0,1,0
172,89062,586,46,-632,0,24025,1890,-25915,0,0,0,0,1,0
173,89583,498,182,-680,0,20432,7479,-27910,0,0,0,0,1,0
174,90104,391,312,-703,0,16053,12780,-28833,0,0,0,0,1,0
175,90625,270,429,-698,0,11058,17590,-28648,0,0,0,0,1,0
176,91145,137,530,-667,0,5637,21724,-27362,0,0,0,0,1,0
177,91666,0,610,-610,0,0,25024,-25024,0,0,0,0,1,0
178,92187,-137,667,-530,0,-5637,27362,-21724,0,0,0,0,1,0
179,92708,-270,698,-429,0,-11058,28648,-17590,0,0,0,0,1,0
180,93229,-391,703,-312,0,-16053,28833,-12780,0,0,0,0,1,0
181,93750,-498,680,-182,0,-20432,27910,-7479,0,0,0,0,1,0
182,94270,-586,632,-46,0,-24025,25915,-1890,0,0,0,0,1,0
183,94791,-651,559,92,0,-26696,22924,3772,0,0,0,0,1,0
184,95312,-691,464,226,0,-28340,19052,9288,0,0,0,0,1,0
185,95833,-704,352,352,0,-28895,14448,14448,0,0,0,0,1,0
186,96354,-691,226,464,0,-28340,9288,19052,0,0,0,0,1,0
187,96875,-651,92,559,0,-26696,3772,22924,0,0,0,0,1,0
188,97395,-586,-46,632,0,-24025,-1890,25915,0,0,0,0,1,0
189,97916,-498,-182,680,0,-20432,-7479,27910,0,0,0,0,1,0
190,98437,-391,-312,703,0,-16053,-12780,28833,0,0,0,0,1,0
191,98958,-270,-429,698,0,-11058,-17590,28648,0,0,0,0,1,0
192,99479,-137,-530,667,0,-5637,-21724,27362,0,0,0,0,1,0
193,100000,0,-610,610,0,0,-25024,25024,0,0,0,0,1,0
194,100520,137,-667,530,0,5637,-27362,21724,0,0,0,0,1,0
195,101041,270,-698,429,0,11058,-28648,17590,0,0,0,0,1,0
196,101562,391,-703,312,0,16053,-28833,12780,0,0,0,0,1,0
197,102083,498,-680,182,0,20432,-27910,7479,0,0,0,0,1,0
198,102604,586,-632,46,0,24025,-25915,1890,0,0,0,0,1,0
199,103125,651,-559,-92,0,26696,-22924,-3772,0,0,0,0,1,0
200,103645,691,-464,-226,0,28340,-19052,-9288,0,0,0,0,1,0
201,104166,704,-352,-352,0,28895,-14448,-14448,0,0,0,0,1,0
202,104687,691,-226,-464,0,28340,-9288,-19052,0,0,0,0,1,0
203,105208,651,-92,-559,0,26696,-3772,-22924,0,0,0,0,1,0
204,105729,586,46,-632,0,24025,1890,-25915,0,0,0,0,1,0
205,106250,498,182,-680,0,20432,7479,-27910,0,0,0,0,1,0
206,106770,391,312,-703,0,16053,12780,-28833,0,0,0,0,1,0
207,107291,270,429,-698,0,11058,17590,-28648,0,0,0,0,1,0
208,107812,137,530,-667,0,5637,21724,-27362,0,0,0,0,1,0
209,108333,0,610,-610,0,0,25024,-25024,0,0,0,0,1,0
210,108854,-137,667,-530,0,-5637,27362,-21724,0,0,0,0,1,0
211,109375,-270,698,-429,0,-11058,28648,-17590,0,0,0,0,1,0
212,109895,-391,703,-312,0,-16053,28833,-12780,0,0,0,0,1,0
213,110416,-498,680,-182,0,-20432,27910,-7479,0,0,0,0,1,0
214,110937,-586,632,-46,0,-24025,25915,-1890,0,0,0,0,1,0
215,111458,-651,559,92,0,-26696,22924,3772,0,0,0,0,1,0
216,111979,-691,464,226,0,-28340,19052,9288,0,0,0,0,1,0
217,112500,-704,352,352,0,-28895,14448,14448,0,0,0,0,1,0
218,113020,-691,226,464,0,-28340,9288,19052,0,0,0,0,1,0
219,113541,-651,92,559,0,-26696,3772,22924,0,0,0,0,1,0
220,114062,-586,-46,632,0,-24025,-1890,25915,0,0,0,0,1,0
221,114583,-498,-182,680,0,-20432,-7479,27910,0,0,0,0,1,0
222,115104,-391,-312,703,0,-16053,-12780,28833,0,0,0,0,1,0
223,115625,-270,-429,698,0,-11058,-17590,28648,0,0,0,0,1,0
224,116145,-137,-530,667,0,-5637,-21724,27362,0,0,0,0,1,0
225,116666,0,-610,610,0,0,-25024,25024,0,0,0,0,1,0
226,117187,137,-667,530,0,5637,-27362,21724,0,0,0,0,1,0
227,117708,270,-698,429,0,11058,-28648,17590,0,0,0,0,1,0
228,118229,391,-703,312,0,16053,-28833,12780,0,0,0,0,1,0
229,118750,498,-680,182,0,20432,-27910,7479,0,0,0,0,1,0
230,119270,586,-632,46,0,24025,-25915,1890,0,0,0,0,1,0
231,119791,651,-559,-92,0,26696,-22924,-3772,0,0,0,0,1,0
232,120312,691,-464,-226,0,28340,-19052,-9288,0,0,0,0,1,0
233,120833,704,-352,-352,0,28895,-14448,-14448,0,0,0,0,1,0
234,121354,691,-226,-464,0,28340,-9288,-19052,0,0,0,0,1,0
235,121875,651,-92,-559,0,26696,-3772,-22924,0,0,0,0,1,0
236,122395,586,46,-632,0,24025,1890,-25915,0,0,0,0,1,0
237,122916,498,182,-680,0,20432,7479,-27910,0,0,0,0,1,0
238,123437,391,312,-703,0,16053,12780,-28833,0,0,0,0,1,0
239,123958,270,429,-698,0,11058,17590,-28648,0,0,0,0,1,0
240,124479,137,530,-667,0,5637,21724,-27362,0,0,0,0,1,0
241,125000,0,610,-610,0,0,25024,-25024,0,0,0,0,1,0
242,125520,-137,667,-530,0,-5637,27362,-21724,0,0,0,0,1,0
243,126041,-270,698,-429,0,-11058,28648,-17590,0,0,0,0,1,0
244,126562,-391,703,-312,0,-16053,28833,-12780,0,0,0,0,1,0
245,127083,-498,680,-182,0,-20432,27910,-7479,0,0,0,0,1,0
246,127604,-586,632,-46,0,-24025,25915,-1890,0,0,0,0,1,0
247,128124,-651,559,92,0,-26696,22924,3772,0,0,0,0,1,0
248,128645,-691,464,226,0,-28340,19052,9288,0,0,0,0,1,0
249,129166,-704,352,352,0,-28895,14448,14448,0,0,0,0,1,0
250,129687,-691,226,464,0,-28340,9288,19052,0,0,0,0,1,0
251,130208,-651,92,559,0,-26696,3772,22924,0,0,0,0,1,0
252,130729,-586,-46,632,0,-24025,-1890,25915,0,0,0,0,1,0
253,131250,-498,-182,680,0,-20432,-7479,27910,0,0,0,0,1,0
254,131770,-391,-312,703,0,-16053,-12780,28833,0,0,0,0,1,0
255,132291,-270,-429,698,0,-11058,-17590,28648,0,0,0,0,1,0
256,132812,-137,-530,667,0,-5637,-21724,27362,0,0,0,0,1,0
257,133333,0,-610,610,0,0,-25024,25024,0,0,0,0,1,0
258,133854,137,-667,530,0,5637,-27362,21724,0,0,0,0,1,0
259,134375,270,-698,429,0,11058,-28648,17590,0,0,0,0,1,0
260,134895,391,-703,312,0,16053,-28833,12780,0,0,0,0,1,0
261,135416,498,-680,182,0,20432,-27910,7479,0,0,0,0,1,0
262,135937,586,-632,46,0,24025,-25915,1890,0,0,0,0,1,0
263,136458,651,-559,-92,0,26696,-22924,-3772,0,0,0,0,1,0
264,136979,691,-464,-226,0,28340,-19052,-9288,0,0,0,0,1,0
265,137500,704,-352,-352,0,28895,-14448,-14448,0,0,0,0,1,0
266,138020,691,-226,-464,0,28340,-9288,-19052,0,0,0,0,1,0
267,138541,651,-92,-559,0,26696,-3772,-22924,0,0,0,0,1,0
268,139062,586,46,-632,0,24025,1890,-25915,0,0,0,0,1,0
269,139583,498,182,-680,0,20432,7479,-27910,0,0,0,0,1,0
270,140104,391,312,-703,0,16053,12780,-28833,0,0,0,0,1,0
271,140625,270,429,-698,0,11058,17590,-28648,0,0,0,0,1,0
272,141145,137,530,-667,0,5637,21724,-27362,0,0,0,0,1,0
273,141666,0,610,-610,0,0,25024,-25024,0,0,0,0,1,0
274,142187,-137,667,-530,0,-5637,27362,-21724,0,0,0,0,1,0
275,142708,-270,698,-429,0,-11058,28648,-17590,0,0,0,0,1,0
276,143229,-391,703,-312,0,-16053,28833,-12780,0,0,0,0,1,0
277,143750,-498,680,-182,0,-20432,27910,-7479,0,0,0,0,1,0
278,144270,-586,632,-46,0,-24025,25915,-1890,0,0,0,0,1,0
279,144791,-651,559,92,0,-26696,22924,3772,0,0,0,0,1,0
280,145312,-691,464,226,0,-28340,19052,9288,0,0,0,0,1,0
281,145833,-704,352,352,0,-28895,14448,14448,0,0,0,0,1,0
282,146354,-691,226,464,0,-28340,9288,19052,0,0,0,0,1,0
283,146875,-651,92,559,0,-26696,3772,22924,0,0,0,0,1,0
284,147395,-586,-46,632,0,-24025,-1890,25915,0,0,0,0,1,0
285,147916,-498,-182,680,0,-20432,-7479,27910,0,0,0,0,1,0
286,148437,-391,-312,703,0,-16053,-12780,28833,0,0,0,0,1,0
287,148958,-270,-429,698,0,-11058,-17590,28648,0,0,0,0,1,0
288,149479,-137,-530,667,0,-5637,-21724,27362,0,0,0,0,1,0
289,150000,0,-610,610,0,0,-25024,25024,0,0,0,0,1,0
290,150520,137,-667,530,0,5637,-27362,21724,0,0,0,0,1,0
291,151041,270,-698,429,0,11058,-28648,17590,0,0,0,0,1,0
292,151562,391,-703,312,0,16053,-28833,12780,0,0,0,0,1,0
293,152083,498,-680,182,0,20432,-27910,7479,0,0,0,0,1,0
294,152604,586,-632,46,0,24025,-25915,1890,0,0,0,0,1,0
295,153125,651,-559,-92,0,26696,-22924,-3772,0,0,0,0,1,0
296,153645,691,-464,-226,0,28340,-19052,-9288,0,0,0,0,1,0
297,154166,704,-352,-352,0,28895,-14448,-14448,0,0,0,0,1,0
298,154687,691,-226,-464,0,28340,-9288,-19052,0,0,0,0,1,0
299,155208,651,-92,-559,0,26696,-3772,-22924,0,0,0,0,1,0
300,155729,586,46,-632,0,24025,1890,-25915,0,0,0,0,1,0
301,156250,498,182,-680,0,20432,7479,-27910,0,0,0,0,1,0
302,156770,391,312,-703,0,16053,12780,-28833,0,0,0,0,1,0
303,157291,270,429,-698,0,11058,17590,-28648,0,0,0,0,1,0
304,157812,137,530,-667,0,5637,21724,-27362,0,0,0,0,1,0
305,158333,0,610,-610,0,0,25024,-25024,0,0,0,0,1,0
306,158854,-137,667,-530,0,-5637,27362,-21724,0,0,0,0,1,0
307,159375,-270,698,-429,0,-11058,28648,-17590,0,0,0,0,1,0
308,159895,-391,703,-312,0,-16053,28833,-12780,0,0,0,0,1,0
309,160416,-498,680,-182,0,-20432,27910,-7479,0,0,0,0,1,0
310,160937,-586,632,-46,0,-24025,25915,-1890,0,0,0,0,1,0
311,161458,-651,559,92,0,-26696,22924,3772,0,0,0,0,1,0
312,161979,-691,464,226,0,-28340,19052,9288,0,0,0,0,1,0
313,162500,-704,352,352,0,-28895,14448,14448,0,0,0,0,1,0
314,163020,-691,226,464,0,-28340,9288,19052,0,0,0,0,1,0
315,163541,-651,92,559,0,-26696,3772,22924,0,0,0,0,1,0
316,164062,-586,-46,632,0,-24025,-1890,25915,0,0,0,0,1,0
317,164583,-498,-182,680,0,-20432,-7479,27910,0,0,0,0,1,0
318,165104,-391,-312,703,0,-16053,-12780,28833,0,0,0,0,1,0
319,165625,-270,-429,698,0,-11058,-17590,28648,0,0,0,0,1,0
320,166145,-137,-530,667,0,-5637,-21724,27362,0,0,0,0,1,0
321,166666,0,-610,610,0,0,-25024,25024,0,0,0,0,1,0
322,167187,137,-667,530,0,5637,-27362,21724,0,0,0,0,1,0
323,167708,270,-698,429,0,11058,-28648,17590,0,0,0,0,1,0
324,168229,391,-703,312,0,16053,-28833,12780,0,0,0,0,1,0
325,168750,498,-680,182,0,20432,-27910,7479,0,0,0,0,1,0
326,169270,586,-632,46,0,24025,-25915,1890,0,0,0,0,1,0
327,169791,651,-559,-92,0,26696,-22924,-3772,0,0,0,0,1,0
328,170312,691,-464,-226,0,28340,-19052,-9288,0,0,0,0,1,0
329,170833,704,-352,-352,0,28895,-14448,-14448,0,0,0,0,1,0
330,171354,691,-226,-464,0,28340,-9288,-19052,0,0,0,0,1,0
331,171875,651,-92,-559,0,26696,-3772,-22924,0,0,0,0,1,0
332,172395,586,46,-632,0,24025,1890,-25915,0,0,0,0,1,0
333,172916,498,182,-680,0,20432,7479,-27910,0,0,0,0,1,0
334,173437,391,312,-703,0,16053,12780,-28833,0,0,0,0,1,0
335,173958,270,429,-698,0,11058,17590,-28648,0,0,0,0,1,0
336,174479,137,530,-667,0,5637,21724,-27362,0,0,0,0,1,0
337,175000,0,610,-610,0,0,25024,-25024,0,0,0,0,1,0
338,175520,-137,667,-530,0,-5637,27362,-21724,0,0,0,0,1,0
339,176041,-270,698,-429,0,-11058,28648,-17590,0,0,0,0,1,0
340,176562,-391,703,-312,0,-16053,28833,-12780,0,0,0,0,1,0
341,177083,-498,680,-182,0,-20432,27910,-7479,0,0,0,0,1,0
342,177604,-586,632,-46,0,-24025,25915,-1890,0,0,0,0,1,0
343,178125,-651,559,92,0,-26696,22924,3772,0,0,0,0,1,0
344,178645,-691,464,226,0,-28340,19052,9288,0,0,0,0,1,0
345,179166,-704,352,352,0,-28895,14448,14448,0,0,0,0,1,0
346,179687,-691,226,464,0,-28340,9288,19052,0,0,0,0,1,0
347,180208,-651,92,559,0,-26696,3772,22924,0,0,0,0,1,0
348,180729,-586,-46,632,0,-24025,-1890,25915,0,0,0,0,1,0
349,181250,-498,-182,680,0,-20432,-7479,27910,0,0,0,0,1,0
350,181770,-391,-312,703,0,-16053,-12780,28833,0,0,0,0,1,0
351,182291,-270,-429,698,0,-11058,-17590,28648,0,0,0,0,1,0
352,182812,-137,-530,667,0,-5637,-21724,27362,0,0,0,0,1,0
353,183333,0,-610,610,0,0,-25024,25024,0,0,0,0,1,0
354,183854,137,-667,530,0,5637,-27362,21724,0,0,0,0,1,0
355,184375,270,-698,429,0,11058,-28648,17590,0,0,0,0,1,0
356,184895,391,-703,312,0,16053,-28833,12780,0,0,0,0,1,0
357,185416,498,-680,182,0,20432,-27910,7479,0,0,0,0,1,0
358,185937,586,-632,46,0,24025,-25915,1890,0,0,0,0,1,0
359,186458,651,-559,-92,0,26696,-22924,-3772,0,0,0,0,1,0
360,186979,691,-464,-226,0,28340,-19052,-9288,0,0,0,0,1,0
361,187500,704,-352,-352,0,28895,-14448,-14448,0,0,0,0,1,0
362,188020,691,-226,-464,0,28340,-9288,-19052,0,0,0,0,1,0
363,188541,651,-92,-559,0,26696,-3772,-22924,0,0,0,0,1,0
364,189062,586,46,-632,0,24025,1890,-25915,0,0,0,0,1,0
365,189583,498,182,-680,0,20432,7479,-27910,0,0,0,0,1,0
366,190104,391,312,-703,0,16053,12780,-28833,0,0,0,0,1,0
367,190625,270,429,-698,0,11058,17590,-28648,0,0,0,0,1,0
368,191145,137,530,-667,0,5637,21724,-27362,0,0,0,0,1,0
369,191666,0,610,-610,0,0,25024,-25024,0,0,0,0,1,0
370,192187,-137,667,-530,0,-5637,27362,-21724,0,0,0,0,1,0
371,192708,-270,698,-429,0,-11058,28648,-17590,0,0,0,0,1,0
372,193229,-391,703,-312,0,-16053,28833,-12780,0,0,0,0,1,0
373,193750,-498,680,-182,0,-20432,27910,-7479,0,0,0,0,1,0
374,194270,-586,632,-46,0,-24025,25915,-1890,0,0,0,0,1,0
375,194791,-651,559,92,0,-26696,22924,3772,0,0,0,0,1,0
376,195312,-691,464,226,0,-28340,19052,9288,0,0,0,0,1,0
377,195833,-704,352,352,0,-28895,14448,14448,0,0,0,0,1,0
378,196354,-691,226,464,0,-28340,9288,19052,0,0,0,0,1,0
379,196875,-651,92,559,0,-26696,3772,22924,0,0,0,0,1,0
380,197395,-586,-46,632,0,-24025,-1890,25915,0,0,0,0,1,0
381,197916,-498,-182,680,0,-20432,-7479,27910,0,0,0,0,1,0
382,198437,-391,-312,703,0,-16053,-12780,28833,0,0,0,0,1,0
383,198958,-270,-429,698,0,-11058,-17590,28648,0,0,0,0,1,0
384,199479,-137,-530,667,0,-5637,-21724,27362,0,0,0,0,1,0
385,200000,0,-610,610,0,0,-25024,25024,0,0,0,0,1,0
386,200520,137,-667,530,0,5637,-27362,21724,0,0,0,0,1,0
387,201041,270,-698,429,0,11058,-28648,17590,0,0,0,0,1,0
388,201562,391,-703,312,0,16053,-28833,12780,0,0,0,0,1,0
389,202083,498,-680,182,0,20432,-27910,7479,0,0,0,0,1,0
390,202604,586,-632,46,0,24025,-25915,1890,0,0,0,0,1,0
391,203125,651,-559,-92,0,26696,-22924,-3772,0,0,0,0,1,0
392,203645,691,-464,-226,0,28340,-19052,-9288,0,0,0,0,1,0
393,204166,704,-352,-352,0,28895,-14448,-14448,0,0,0,0,1,0
394,204687,691,-226,-464,0,28340,-9288,-19052,0,0,0,0,1,0
395,205208,651,-92,-559,0,26696,-3772,-22924,0,0,0,0,1,0
396,205729,586,46,-632,0,24025,1890,-25915,0,0,0,0,1,0
397,206250,498,182,-680,0,20432,7479,-27910,0,0,0,0,1,0
398,206770,391,312,-703,0,16053,12780,-28833,0,0,0,0,1,0
399,207291,270,429,-698,0,11058,17590,-28648,0,0,0,0,1,0
400,207812,137,530,-667,0,5637,21724,-27362,0,0,0,0,1,0
401,208333,0,610,-610,0,0,25024,-25024,0,0,0,0,1,0
402,208854,-137,667,-530,0,-5637,27362,-21724,0,0,0,0,1,0
403,209375,-270,698,-429,0,-11058,28648,-17590,0,0,0,0,1,0
404,209895,-391,703,-312,0,-16053,28833,-12780,0,0,0,0,1,0
405,210416,-498,680,-182,0,-20432,27910,-7479,0,0,0,0,1,0
406,210937,-586,632,-46,0,-24025,25915,-1890,0,0,0,0,1,0
407,211458,-651,559,92,0,-26696,22924,3772,0,0,0,0,1,0
408,211979,-691,464,226,0,-28340,19052,9288,0,0,0,0,1,0
409,212500,-704,352,352,0,-28895,14448,14448,0,0,0,0,1,0
410,213020,-691,226,464,0,-28340,9288,19052,0,0,0,0,1,0
411,213541,-651,92,559,0,-26696,3772,22924,0,0,0,0,1,0
412,214062,-586,-46,632,0,-24025,-1890,25915,0,0,0,0,1,0
413,214583,-498,-182,680,0,-20432,-7479,27910,0,0,0,0,1,0
414,215104,-391,-312,703,0,-16053,-12780,28833,0,0,0,0,1,0
415,215625,-270,-429,698,0,-11058,-17590,28648,0,0,0,0,1,0
416,216145,-137,-530,667,0,-5637,-21724,27362,0,0,0,0,1,0
417,216666,0,-610,610,0,0,-25024,25024,0,0,0,0,1,0
418,217187,137,-667,530,0,5637,-27362,21724,0,0,0,0,1,0
419,217708,270,-698,429,0,11058,-28648,17590,0,0,0,0,1,0
420,218229,391,-703,312,0,16053,-28833,12780,0,0,0,0,1,0
421,218750,498,-680,182,0,20432,-27910,7479,0,0,0,0,1,0
422,219270,586,-632,46,0,24025,-25915,1890,0,0,0,0,1,0
423,219791,651,-559,-92,0,26696,-22924,-3772,0,0,0,0,1,0
424,220312,691,-464,-226,0,28340,-19052,-9288,0,0,0,0,1,0
425,220833,704,-352,-352,0,28895,-14448,-14448,0,0,0,0,1,0
426,221354,691,-226,-464,0,28340,-9288,-19052,0,0,0,0,1,0
427,221875,651,-92,-559,0,26696,-3772,-22924,0,0,0,0,1,0
428,222395,586,46,-632,0,24025,1890,-25915,0,0,0,0,1,0
429,222916,498,182,-680,0,20432,7479,-27910,0,0,0,0,1,0
430,223437,391,312,-703,0,16053,12780,-28833,0,0,0,0,1,0
431,223958,270,429,-698,0,11058,17590,-28648,0,0,0,0,1,0
432,224479,137,530,-667,0,5637,21724,-27362,0,0,0,0,1,0
433,225000,0,610,-610,0,0,25024,-25024,0,0,0,0,1,0
434,225520,-137,667,-530,0,-5637,27362,-21724,0,0,0,0,1,0
435,226041,-270,698,-429,0,-11058,28648,-17590,0,0,0,0,1,0
436,226562,-391,703,-312,0,-16053,28833,-12780,0,0,0,0,1,0
437,227083,-498,680,-182,0,-20432,27910,-7479,0,0,0,0,1,0
438,227604,-586,632,-46,0,-24025,25915,-1890,0,0,0,0,1,0
439,228125,-651,559,92,0,-26696,22924,3772,0,0,0,0,1,0
440,228645,-691,464,226,0,-28340,19052,9288,0,0,0,0,1,0
441,229166,-704,352,352,0,-28895,14448,14448,0,0,0,0,1,0
442,229687,-691,226,464,0,-28340,9288,19052,0,0,0,0,1,0
443,230208,-651,92,559,0,-26696,3772,22924,0,0,0,0,1,0
444,230729,-586,-46,632,0,-24025,-1890,25915,0,0,0,0,1,0
445,231250,-498,-182,680,0,-20432,-7479,27910,0,0,0,0,1,0
446,231770,-391,-312,703,0,-16053,-12780,28833,0,0,0,0,1,0
447,232291,-270,-429,698,0,-11058,-17590,28648,0,0,0,0,1,0
448,232812,-137,-530,667,0,-5637,-21724,27362,0,0,0,0,1,0
449,233333,0,-610,610,0,0,-25024,25024,0,0,0,0,1,0
450,233854,137,-667,530,0,5637,-27362,21724,0,0,0,0,1,0
451,234375,270,-698,429,0,11058,-28648,17590,0,0,0,0,1,0
452,234895,391,-703,312,0,16053,-28833,12780,0,0,0,0,1,0
453,235416,498,-680,182,0,20432,-27910,7479,0,0,0,0,1,0
454,235937,586,-632,46,0,24025,-25915,1890,0,0,0,0,1,0
455,236458,651,-559,-92,0,26696,-22924,-3772,0,0,0,0,1,0
456,236979,691,-464,-226,0,28340,-19052,-9288,0,0,0,0,1,0
457,237500,704,-352,-352,0,28895,-14448,-14448,0,0,0,0,1,0
458,238020,691,-226,-464,0,28340,-9288,-19052,0,0,0,0,1,0
459,238541,651,-92,-559,0,26696,-3772,-22924,0,0,0,0,1,0
460,239062,586,46,-632,0,24025,1890,-25915,0,0,0,0,1,0
461,239583,498,182,-680,0,20432,7479,-27910,0,0,0,0,1,0
462,240104,391,312,-703,0,16053,12780,-28833,0,0,0,0,1,0
463,240625,270,429,-698,0,11058,17590,-28648,0,0,0,0,1,0
464,241145,137,530,-667,0,5637,21724,-27362,0,0,0,0,1,0
465,241666,0,610,-610,0,0,25024,-25024,0,0,0,0,1,0
466,242187,-137,667,-530,0,-5637,27362,-21724,0,0,0,0,1,0
467,242708,-270,698,-429,0,-11058,28648,-17590,0,0,0,0,1,0
468,243229,-391,703,-312,0,-16053,28833,-12780,0,0,0,0,1,0
469,243750,-498,680,-182,0,-20432,27910,-7479,0,0,0,0,1,0
470,244270,-586,632,-46,0,-24025,25915,-1890,0,0,0,0,1,0
471,244791,-651,559,92,0,-26696,22924,3772,0,0,0,0,1,0
472,245312,-691,464,226,0,-28340,19052,9288,0,0,0,0,1,0
473,245833,-704,352,352,0,-28895,14448,14448,0,0,0,0,1,0
474,246354,-691,226,464,0,-28340,9288,19052,0,0,0,0,1,0
475,246875,-651,92,559,0,-26696,3772,22924,0,0,0,0,1,0
476,247395,-586,-46,632,0,-24025,-1890,25915,0,0,0,0,1,0
477,247916,-498,-182,680,0,-20432,-7479,27910,0,0,0,0,1,0
478,248437,-391,-312,703,0,-16053,-12780,28833,0,0,0,0,1,0
479,248958,-270,-429,698,0,-11058,-17590,28648,0,0,0,0,1,0
480,249479,-137,-530,667,0,-5637,-21724,27362,0,0,0,0,1,0
481,250000,0,-610,610,0,0,-25024,25024,0,0,0,0,1,0
482,250520,137,-667,530,0,5637,-27362,21724,0,0,0,0,1,0
483,251041,270,-698,429,0,11058,-28648,17590,0,0,0,0,1,0
484,251562,391,-703,312,0,16053,-28833,12780,0,0,0,0,1,0
485,252083,498,-680,182,0,20432,-27910,7479,0,0,0,0,1,0
486,252604,586,-632,46,0,24025,-25915,1890,0,0,0,0,1,0
487,253125,651,-559,-92,0,26696,-22924,-3772,0,0,0,0,1,0
488,253645,691,-464,-226,0,28340,-19052,-9288,0,0,0,0,1,0
489,254166,704,-352,-352,0,28895,-14448,-14448,0,0,0,0,1,0
490,254687,691,-226,-464,0,28340,-9288,-19052,0,0,0,0,1,0
491,255208,651,-92,-559,0,26696,-3772,-22924,0,0,0,0,1,0
492,255729,586,46,-632,0,24025,1890,-25915,0,0,0,0,1,0
493,256249,498,182,-680,0,20432,7479,-27910,0,0,0,0,1,0
494,256770,391,312,-703,0,16053,12780,-28833,0,0,0,0,1,0
495,257291,270,429,-698,0,11058,17590,-28648,0,0,0,0,1,0
496,257812,137,530,-667,0,5637,21724,-27362,0,0,0,0,1,0
497,258333,0,610,-610,0,0,25024,-25024,0,0,0,0,1,0
498,258854,-137,667,-530,0,-5637,27362,-21724,0,0,0,0,1,0
499,259375,-270,698,-429,0,-11058,28648,-17590,0,0,0,0,1,0
500,259895,-391,703,-312,0,-16053,28833,-12780,0,0,0,0,1,0
501,260416,-498,680,-182,0,-20432,27910,-7479,0,0,0,0,1,0
502,260937,-586,632,-46,0,-24025,25915,-1890,0,0,0,0,1,0
503,261458,-651,559,92,0,-26696,22924,3772,0,0,0,0,1,0
504,261979,-691,464,226,0,-28340,19052,9288,0,0,0,0,1,0
505,262500,-704,352,352,0,-28895,14448,14448,0,0,0,0,1,0
506,263020,-691,226,464,0,-28340,9288,19052,0,0,0,0,1,0
507,263541,-651,92,559,0,-26696,3772,22924,0,0,0,0,1,0
508,264062,-586,-46,632,0,-24025,-1890,25915,0,0,0,0,1,0
509,264583,-498,-182,680,0,-20432,-7479,27910,0,0,0,0,1,0
510,265104,-391,-312,703,0,-16053,-12780,28833,0,0,0,0,1,0
511,265625,-270,-429,698,0,-11058,-17590,28648,0,0,0,0,1,0
512,266145,-137,-530,667,0,-5637,-21724,27362,0,0,0,0,1,0
513,266666,0,-610,610,0,0,-25024,25024,0,0,0,0,1,0
514,267187,137,-667,530,0,5637,-27362,21724,0,0,0,0,1,0
515,267708,270,-698,429,0,11058,-28648,17590,0,0,0,0,1,0
516,268229,391,-703,312,0,16053,-28833,12780,0,0,0,0,1,0
517,268750,498,-680,182,0,20432,-27910,7479,0,0,0,0,1,0
518,269270,586,-632,46,0,24025,-25915,1890,0,0,0,0,1,0
519,269791,651,-559,-92,0,26696,-22924,-3772,0,0,0,0,1,0
520,270312,691,-464,-226,0,28340,-19052,-9288,0,0,0,0,1,0
521,270833,704,-352,-352,0,28895,-14448,-14448,0,0,0,0,1,0
522,271354,691,-226,-464,0,28340,-9288,-19052,0,0,0,0,1,0
523,271875,651,-92,-559,0,26696,-3772,-22924,0,0,0,0,1,0
524,272395,586,46,-632,0,24025,1890,-25915,0,0,0,0,1,0
525,272916,498,182,-680,0,20432,7479,-27910,0,0,0,0,1,0
526,273437,391,312,-703,0,16053,12780,-28833,0,0,0,0,1,0
527,273958,270,429,-698,0,11058,17590,-28648,0,0,0,0,1,0
528,274479,137,530,-667,0,5637,21724,-27362,0,0,0,0,1,0
529,275000,0,610,-610,0,0,25024,-25024,0,0,0,0,1,0
530,275520,-137,667,-530,0,-5637,27362,-21724,0,0,0,0,1,0
531,276041,-270,698,-429,0,-11058,28648,-17590,0,0,0,0,1,0
532,276562,-391,703,-312,0,-16053,28833,-12780,0,0,0,0,1,0
533,277083,-498,680,-182,0,-20432,27910,-7479,0,0,0,0,1,0
534,277604,-586,632,-46,0,-24025,25915,-1890,0,0,0,0,1,0
535,278125,-651,559,92,0,-26696,22924,3772,0,0,0,0,1,0
536,278645,-691,464,226,0,-28340,19052,9288,0,0,0,0,1,0
537,279166,-704,352,352,0,-28895,14448,14448,0,0,0,0,1,0
538,279687,-691,226,464,0,-28340,9288,19052,0,0,0,0,1,0
539,280208,-651,92,559,0,-26696,3772,22924,0,0,0,0,1,0
540,280729,-586,-46,632,0,-24025,-1890,25915,0,0,0,0,1,0
541,281250,-498,-182,680,0,-20432,-7479,27910,0,0,0,0,1,0
542,281770,-391,-312,703,0,-16053,-12780,28833,0,0,0,0,1,0
543,282291,-270,-429,698,0,-11058,-17590,28648,0,0,0,0,1,0
544,282812,-137,-530,667,0,-5637,-21724,27362,0,0,0,0,1,0
545,283333,0,-610,610,0,0,-25024,25024,0,0,0,0,1,0
546,283854,137,-667,530,0,5637,-27362,21724,0,0,0,0,1,0
547,284375,270,-698,429,0,11058,-28648,17590,0,0,0,0,1,0
548,284895,391,-703,312,0,16053,-28833,12780,0,0,0,0,1,0
549,285416,498,-680,182,0,20432,-27910,7479,0,0,0,0,1,0
550,285937,586,-632,46,0,24025,-25915,1890,0,0,0,0,1,0
551,286458,651,-559,-92,0,26696,-22924,-3772,0,0,0,0,1,0
552,286979,691,-464,-226,0,28340,-19052,-9288,0,0,0,0,1,0
553,287500,704,-352,-352,0,28895,-14448,-14448,0,0,0,0,1,0
554,288020,691,-226,-464,0,28340,-9288,-19052,0,0,0,0,1,0
555,288541,651,-92,-559,0,26696,-3772,-22924,0,0,0,0,1,0
556,289062,586,46,-632,0,24025,1890,-25915,0,0,0,0,1,0
557,289583,498,182,-680,0,20432,7479,-27910,0,0,0,0,1,0
558,290104,391,312,-703,0,16053,12780,-28833,0,0,0,0,1,0
559,290625,270,429,-698,0,11058,17590,-28648,0,0,0,0,1,0
560,291145,137,530,-667,0,5637,21724,-27362,0,0,0,0,1,0
561,291666,0,610,-610,0,0,25024,-25024,0,0,0,0,1,0
562,292187,-137,667,-530,0,-5637,27362,-21724,0,0,0,0,1,0
563,292708,-270,698,-429,0,-11058,28648,-17590,0,0,0,0,1,0
564,293229,-391,703,-312,0,-16053,28833,-12780,0,0,0,0,1,0
565,293750,-498,680,-182,0,-20432,27910,-7479,0,0,0,0,1,0
566,294270,-586,632,-46,0,-24025,25915,-1890,0,0,0,0,1,0
567,294791,-651,559,92,0,-26696,22924,3772,0,0,0,0,1,0
568,295312,-691,464,226,0,-28340,19052,9288,0,0,0,0,1,0
569,295833,-704,352,352,0,-28895,14448,14448,0,0,0,0,1,0
570,296354,-691,226,464,0,-28340,9288,19052,0,0,0,0,1,0
571,296875,-651,92,559,0,-26696,3772,22924,0,0,0,0,1,0
572,297395,-586,-46,632,0,-24025,-1890,25915,0,0,0,0,1,0
573,297916,-498,-182,680,0,-20432,-7479,27910,0,0,0,0,1,0
574,298437,-391,-312,703,0,-16053,-12780,28833,0,0,0,0,1,0
575,298958,-270,-429,698,0,-11058,-17590,28648,0,0,0,0,1,0
576,299479,-137,-530,667,0,-5637,-21724,27362,0,0,0,0,1,0
577,300000,0,-610,610,0,0,-25024,25024,0,0,0,0,1,0
578,300520,137,-667,530,0,5637,-27362,21724,0,0,0,0,1,0
579,301041,270,-698,429,0,11058,-28648,17590,0,0,0,0,1,0
580,301562,391,-703,312,0,16053,-28833,12780,0,0,0,0,1,0
581,302083,498,-680,182,0,20432,-27910,7479,0,0,0,0,1,0
582,302604,586,-632,46,0,24025,-25915,1890,0,0,0,0,1,0
583,303125,651,-559,-92,0,26696,-22924,-3772,0,0,0,0,1,0
584,303645,691,-464,-226,0,28340,-19052,-9288,0,0,0,0,1,0
585,304166,704,-352,-352,0,28895,-14448,-14448,0,0,0,0,1,0
586,304687,691,-226,-464,0,28340,-9288,-19052,0,0,0,0,1,0
587,305208,651,-92,-559,0,26696,-3772,-22924,0,0,0,0,1,0
588,305729,586,46,-632,0,24025,1890,-25915,0,0,0,0,1,0
589,306250,498,182,-680,0,20432,7479,-27910,0,0,0,0,1,0
590,306770,391,312,-703,0,16053,12780,-28833,0,0,0,0,1,0
591,307291,270,429,-698,0,11058,17590,-28648,0,0,0,0,1,0
592,307812,137,530,-667,0,5637,21724,-27362,0,0,0,0,1,0
593,308333,0,610,-610,0,0,25024,-25024,0,0,0,0,1,0
594,308854,-137,667,-530,0,-5637,27362,-21724,0,0,0,0,1,0
595,309375,-270,698,-429,0,-11058,28648,-17590,0,0,0,0,1,0
596,309895,-391,703,-312,0,-16053,28833,-12780,0,0,0,0,1,0
597,310416,-498,680,-182,0,-20432,27910,-7479,0,0,0,0,1,0
598,310937,-586,632,-46,0,-24025,25915,-1890,0,0,0,0,1,0
599,311458,-651,559,92,0,-26696,22924,3772,0,0,0,0,1,0
600,311979,-691,464,226,0,-28340,19052,9288,0,0,0,0,1,0
601,312500,-704,352,352,0,-28895,14448,14448,0,0,0,0,1,0
602,313020,-691,226,464,0,-28340,9288,19052,0,0,0,0,1,0
603,313541,-651,92,559,0,-26696,3772,22924,0,0,0,0,1,0
604,314062,-586,-46,632,0,-24025,-1890,25915,0,0,0,0,1,0
605,314583,-498,-182,680,0,-20432,-7479,27910,0,0,0,0,1,0
606,315104,-391,-312,703,0,-16053,-12780,28833,0,0,0,0,1,0
607,315625,-270,-429,698,0,-11058,-17590,28648,0,0,0,0,1,0
608,316145,-137,-530,667,0,-5637,-21724,27362,0,0,0,0,1,0
609,316666,0,-610,610,0,0,-25024,25024,0,0,0,0,1,0
610,317187,137,-667,530,0,5637,-27362,21724,0,0,0,0,1,0
611,317708,270,-698,429,0,11058,-28648,17590,0,0,0,0,1,0
612,318229,391,-703,312,0,16053,-28833,12780,0,0,0,0,1,0
613,318750,498,-680,182,0,20432,-27910,7479,0,0,0,0,1,0
614,319270,586,-632,46,0,24025,-25915,1890,0,0,0,0,1,0
615,319791,651,-559,-92,0,26696,-22924,-3772,0,0,0,0,1,0
616,320312,691,-464,-226,0,28340,-19052,-9288,0,0,0,0,1,0
617,320833,704,-352,-352,0,28895,-14448,-14448,0,0,0,0,1,0
618,321354,691,-226,-464,0,28340,-9288,-19052,0,0,0,0,1,0
619,321875,651,-92,-559,0,26696,-3772,-22924,0,0,0,0,1,0
620,322395,586,46,-632,0,24025,1890,-25915,0,0,0,0,1,0
621,322916,498,182,-680,0,20432,7479,-27910,0,0,0,0,1,0
622,323437,391,312,-703,0,16053,12780,-28833,0,0,0,0,1,0
623,323958,270,429,-698,0,11058,17590,-28648,0,0,0,0,1,0
624,324479,137,530,-667,0,5637,21724,-27362,0,0,0,0,1,0
625,325000,0,610,-610,0,0,25024,-25024,0,0,0,0,1,0
626,325520,-137,667,-530,0,-5637,27362,-21724,0,0,0,0,1,0
627,326041,-270,698,-429,0,-11058,28648,-17590,0,0,0,0,1,0
628,326562,-391,703,-312,0,-16053,28833,-12780,0,0,0,0,1,0
629,327083,-498,680,-182,0,-20432,27910,-7479,0,0,0,0,1,0
630,327604,-586,632,-46,0,-24025,25915,-1890,0,0,0,0,1,0
631,328125,-651,559,92,0,-26696,22924,3772,0,0,0,0,1,0
632,328645,-691,464,226,0,-28340,19052,9288,0,0,0,0,1,0
633,329166,-704,352,352,0,-28895,14448,14448,0,0,0,0,1,0
634,329687,-691,226,464,0,-28340,9288,19052,0,0,0,0,1,0
635,330208,-651,92,559,0,-26696,3772,22924,0,0,0,0,1,0
636,330729,-586,-46,632,0,-24025,-1890,25915,0,0,0,0,1,0
637,331250,-498,-182,680,0,-20432,-7479,27910,0,0,0,0,1,0
638,331770,-391,-312,703,0,-16053,-12780,28833,0,0,0,0,1,0
639,332291,-270,-429,698,0,-11058,-17590,28648,0,0,0,0,1,0
640,332812,-137,-530,667,0,-5637,-21724,27362,0,0,0,0,1,0
641,333333,0,-610,610,0,0,-25024,25024,0,0,0,0,1,0
642,333854,137,-667,530,0,5637,-27362,21724,0,0,0,0,1,0
643,334375,270,-698,429,0,11058,-28648,17590,0,0,0,0,1,0
644,334895,391,-703,312,0,16053,-28833,12780,0,0,0,0,1,0
645,335416,498,-680,182,0,20432,-27910,7479,0,0,0,0,1,0
646,335937,586,-632,46,0,24025,-25915,1890,0,0,0,0,1,0
647,336458,651,-559,-92,0,26696,-22924,-3772,0,0,0,0,1,0
648,336979,691,-464,-226,0,28340,-19052,-9288,0,0,0,0,1,0
649,337500,704,-352,-352,0,28895,-14448,-14448,0,0,0,0,1,0
650,338020,691,-226,-464,0,28340,-9288,-19052,0,0,0,0,1,0
651,338541,651,-92,-559,0,26696,-3772,-22924,0,0,0,0,1,0
652,339062,586,46,-632,0,24025,1890,-25915,0,0,0,0,1,0
653,339583,498,182,-680,0,20432,7479,-27910,0,0,0,0,1,0
654,340104,391,312,-703,0,16053,12780,-28833,0,0,0,0,1,0
655,340625,270,429,-698,0,11058,17590,-28648,0,0,0,0,1,0
656,341145,137,530,-667,0,5637,21724,-27362,0,0,0,0,1,0
657,341666,0,610,-610,0,0,25024,-25024,0,0,0,0,1,0
658,342187,-137,667,-530,0,-5637,27362,-21724,0,0,0,0,1,0
659,342708,-270,698,-429,0,-11058,28648,-17590,0,0,0,0,1,0
660,343229,-391,703,-312,0,-16053,28833,-12780,0,0,0,0,1,0
661,343750,-498,680,-182,0,-20432,27910,-7479,0,0,0,0,1,0
662,344270,-586,632,-46,0,-24025,25915,-1890,0,0,0,0,1,0
663,344791,-651,559,92,0,-26696,22924,3772,0,0,0,0,1,0
664,345312,-691,464,226,0,-28340,19052,9288,0,0,0,0,1,0
665,345833,-704,352,352,0,-28895,14448,14448,0,0,0,0,1,0
666,346354,-691,226,464,0,-28340,9288,19052,0,0,0,0,1,0
667,346875,-651,92,559,0,-26696,3772,22924,0,0,0,0,1,0
668,347395,-586,-46,632,0,-24025,-1890,25915,0,0,0,0,1,0
669,347916,-498,-182,680,0,-20432,-7479,27910,0,0,0,0,1,0
670,348437,-391,-312,703,0,-16053,-12780,28833,0,0,0,0,1,0
671,348958,-270,-429,698,0,-11058,-17590,28648,0,0,0,0,1,0
672,349479,-137,-530,667,0,-5637,-21724,27362,0,0,0,0,1,0
673,350000,0,-610,610,0,0,-25024,25024,0,0,0,0,1,0
674,350520,137,-667,530,0,5637,-27362,21724,0,0,0,0,1,0
675,351041,270,-698,429,0,11058,-28648,17590,0,0,0,0,1,0
676,351562,391,-703,312,0,16053,-28833,12780,0,0,0,0,1,0
677,352083,498,-680,182,0,20432,-27910,7479,0,0,0,0,1,0
678,352604,586,-632,46,0,24025,-25915,1890,0,0,0,0,1,0
679,353125,651,-559,-92,0,26696,-22924,-3772,0,0,0,0,1,0
680,353645,691,-464,-226,0,28340,-19052,-9288,0,0,0,0,1,0
681,354166,704,-352,-352,0,28895,-14448,-14448,0,0,0,0,1,0
682,354687,691,-226,-464,0,28340,-9288,-19052,0,0,0,0,1,0
683,355208,651,-92,-559,0,26696,-3772,-22924,0,0,0,0,1,0
684,355729,586,46,-632,0,24025,1890,-25915,0,0,0,0,1,0
685,356250,498,182,-680,0,20432,7479,-27910,0,0,0,0,1,0
686,356770,391,312,-703,0,16053,12780,-28833,0,0,0,0,1,0
687,357291,270,429,-698,0,11058,17590,-28648,0,0,0,0,1,0
688,357812,137,530,-667,0,5637,21724,-27362,0,0,0,0,1,0
689,358333,0,610,-610,0,0,25024,-25024,0,0,0,0,1,0
690,358854,-137,667,-530,0,-5637,27362,-21724,0,0,0,0,1,0
691,359375,-270,698,-429,0,-11058,28648,-17590,0,0,0,0,1,0
692,359895,-391,703,-312,0,-16053,28833,-12780,0,0,0,0,1,0
693,360416,-498,680,-182,0,-20432,27910,-7479,0,0,0,0,1,0
694,360937,-586,632,-46,0,-24025,25915,-1890,0,0,0,0,1,0
695,361458,-651,559,92,0,-26696,22924,3772,0,0,0,0,1,0
696,361979,-691,464,226,0,-28340,19052,9288,0,0,0,0,1,0
697,362500,-704,352,352,0,-28895,14448,14448,0,0,0,0,1,0
698,363020,-691,226,464,0,-28340,9288,19052,0,0,0,0,1,0
699,363541,-651,92,559,0,-26696,3772,22924,0,0,0,0,1,0
700,364062,-586,-46,632,0,-24025,-1890,25915,0,0,0,0,1,0
701,364583,-498,-182,680,0,-20432,-7479,27910,0,0,0,0,1,0
702,365104,-391,-312,703,0,-16053,-12780,28833,0,0,0,0,1,0
