1,0,0,-2428,2428,0,0,-25024,25024,0,0,0,0,1,0
2,520,547,-2655,2108,0,5637,-27362,21724,0,0,0,0,1,0
3,1041,1073,-2780,1707,0,11058,-28648,17590,0,0,0,0,1,0
4,1562,1558,-2798,1240,0,16053,-28833,12780,0,0,0,0,1,0
5,2083,1983,-2708,726,0,20432,-27910,7479,0,0,0,0,1,0
6,2604,2331,-2515,183,0,24025,-25915,1890,0,0,0,0,1,0
7,3125,2590,-2224,-366,0,26696,-22924,-3772,0,0,0,0,1,0
8,3645,2750,-1849,-901,0,28340,-19052,-9288,0,0,0,0,1,0
9,4166,2804,-1402,-1402,0,28895,-14448,-14448,0,0,0,0,1,0
10,4687,2750,-901,-1849,0,28340,-9288,-19052,0,0,0,0,1,0
11,5208,2590,-366,-2224,0,26696,-3772,-22924,0,0,0,0,1,0
12,5729,2331,183,-2515,0,24025,1890,-25915,0,0,0,0,1,0
13,6250,1983,726,-2708,0,20432,7479,-27910,0,0,0,0,1,0
14,6770,1558,1240,-2798,0,16053,12780,-28833,0,0,0,0,1,0
15,7291,1073,1707,-2780,0,11058,17590,-28648,0,0,0,0,1,0
16,7812,547,2108,-2655,0,5637,21724,-27362,0,0,0,0,1,0
17,8333,0,2428,-2428,0,0,25024,-25024,0,0,0,0,1,0
18,8854,-547,2655,-2108,0,-5637,27362,-21724,0,0,0,0,1,0
19,9375,-1073,2780,-1707,0,-11058,28648,-17590,0,0,0,0,1,0
20,9895,-1558,2798,-1240,0,-16053,28833,-12780,0,0,0,0,1,0
21,10416,-1983,2708,-726,0,-20432,27910,-7479,0,0,0,0,1,0
22,10937,-2331,2515,-183,0,-24025,25915,-1890,0,0,0,0,1,0
23,11458,-2590,2224,366,0,-26696,22924,3772,0,0,0,0,1,0
24,11979,-2750,1849,901,0,-28340,19052,9288,0,0,0,0,1,0
25,12500,-2804,1402,1402,0,-28895,14448,14448,0,0,0,0,1,0
26,13020,-2750,901,1849,0,-28340,9288,19052,0,0,0,0,1,0
27,13541,-2590,366,2224,0,-26696,3772,22924,0,0,0,0,1,0
28,14062,-2331,-183,2515,0,-24025,-1890,25915,0,0,0,0,1,0
29,14583,-1983,-726,2708,0,-20432,-7479,27910,0,0,0,0,1,0
30,15104,-1558,-1240,2798,0,-16053,-12780,28833,0,0,0,0,1,0
31,15625,-1073,-1707,2780,0,-11058,-17590,28648,0,0,0,0,1,0
32,16145,-547,-2108,2655,0,-5637,-21724,27362,0,0,0,0,1,0
33,16666,0,-2428,2428,0,0,-25024,25024,0,0,0,0,1,0
34,17187,547,-2655,2108,0,5637,-27362,21724,0,0,0,0,1,0
35,17708,1073,-2780,1707,0,11058,-28648,17590,0,0,0,0,1,0
36,18229,1558,-2798,1240,0,16053,-28833,12780,0,0,0,0,1,0
37,18750,1983,-2708,726,0,20432,-27910,7479,0,0,0,0,1,0
38,19270,2331,-2515,183,0,24025,-25915,1890,0,0,0,0,1,0
39,19791,2590,-2224,-366,0,26696,-22924,-3772,0,0,0,0,1,0
40,20312,2750,-1849,-901,0,28340,-19052,-9288,0,0,0,0,1,0
41,20833,2804,-1402,-1402,0,28895,-14448,-14448,0,0,0,0,1,0
42,21354,2750,-901,-1849,0,28340,-9288,-19052,0,0,0,0,1,0
43,21875,2590,-366,-2224,0,26696,-3772,-22924,0,0,0,0,1,0
44,22395,2331,183,-2515,0,24025,1890,-25915,0,0,0,0,1,0
45,22916,1983,726,-2708,0,20432,7479,-27910,0,0,0,0,1,0
46,23437,1558,1240,-2798,0,16053,12780,-28833,0,0,0,0,1,0
47,23958,1073,1707,-2780,0,11058,17590,-28648,0,0,0,0,1,0
48,24479,547,2108,-2655,0,5637,21724,-27362,0,0,0,0,1,0
49,25000,0,2428,-2428,0,0,25024,-25024,0,0,0,0,1,0
50,25520,-547,2655,-2108,0,-5637,27362,-21724,0,0,0,0,1,0
51,26041,-1073,2780,-1707,0,-11058,28648,-17590,0,0,0,0,1,0
52,26562,-1558,2798,-1240,0,-16053,28833,-12780,0,0,0,0,1,0
53,27083,-1983,2708,-726,0,-20432,27910,-7479,0,0,0,0,1,0
54,27604,-2331,2515,-183,0,-24025,25915,-1890,0,0,0,0,1,0
55,28125,-2590,2224,366,0,-26696,22924,3772,0,0,0,0,1,0
56,28645,-2750,1849,901,0,-28340,19052,9288,0,0,0,0,1,0
57,29166,-2804,1402,1402,0,-28895,14448,14448,0,0,0,0,1,0
58,29687,-2750,901,1849,0,-28340,9288,19052,0,0,0,0,1,0
59,30208,-2590,366,2224,0,-26696,3772,22924,0,0,0,0,1,0
60,30729,-2331,-183,2515,0,-24025,-1890,25915,0,0,0,0,1,0
61,31250,-1983,-726,2708,0,-20432,-7479,27910,0,0,0,0,1,0
62,31770,-1558,-1240,2798,0,-16053,-12780,28833,0,0,0,0,1,0
63,32291,-1073,-1707,2780,0,-11058,-17590,28648,0,0,0,0,1,0
64,32812,-547,-2108,2655,0,-5637,-21724,27362,0,0,0,0,1,0
65,33333,0,-2428,2428,0,0,-25024,25024,0,0,0,0,1,0
66,33854,547,-2655,2108,0,5637,-27362,21724,0,0,0,0,1,0
67,34375,1073,-2780,1707,0,11058,-28648,17590,0,0,0,0,1,0
68,34895,1558,-2798,1240,0,16053,-28833,12780,0,0,0,0,1,0
69,35416,1983,-2708,726,0,20432,-27910,7479,0,0,0,0,1,0
70,35937,2331,-2515,183,0,24025,-25915,1890,0,0,0,0,1,0
71,36458,2590,-2224,-366,0,26696,-22924,-3772,0,0,0,0,1,0
72,36979,2750,-1849,-901,0,28340,-19052,-9288,0,0,0,0,1,0
73,37500,2804,-1402,-1402,0,28895,-14448,-14448,0,0,0,0,1,0
74,38020,2750,-901,-1849,0,28340,-9288,-19052,0,0,0,0,1,0
75,38541,2590,-366,-2224,0,26696,-3772,-22924,0,0,0,0,1,0
76,39062,2331,183,-2515,0,24025,1890,-25915,0,0,0,0,1,0
77,39583,1983,726,-2708,0,20432,7479,-27910,0,0,0,0,1,0
78,40104,1558,1240,-2798,0,16053,12780,-28833,0,0,0,0,1,0
79,40625,1073,1707,-2780,0,11058,17590,-28648,0,0,0,0,1,0
80,41145,547,2108,-2655,0,5637,21724,-27362,0,0,0,0,1,0
81,41666,0,2428,-2428,0,0,25024,-25024,0,0,0,0,1,0
82,42187,-547,2655,-2108,0,-5637,27362,-21724,0,0,0,0,1,0
83,42708,-1073,2780,-1707,0,-11058,28648,-17590,0,0,0,0,1,0
84,43229,-1558,2798,-1240,0,-16053,28833,-12780,0,0,0,0,1,0
85,43750,-1983,2708,-726,0,-20432,27910,-7479,0,0,0,0,1,0
86,44270,-2331,2515,-183,0,-24025,25915,-1890,0,0,0,0,1,0
87,44791,-2590,2224,366,0,-26696,22924,3772,0,0,0,0,1,0
88,45312,-2750,1849,901,0,-28340,19052,9288,0,0,0,0,1,0
89,45833,-2804,1402,1402,0,-28895,14448,14448,0,0,0,0,1,0
90,46354,-2750,901,1849,0,-28340,9288,19052,0,0,0,0,1,0
91,46875,-2590,366,2224,0,-26696,3772,22924,0,0,0,0,1,0
92,47395,-2331,-183,2515,0,-24025,-1890,25915,0,0,0,0,1,0
93,47916,-1983,-726,2708,0,-20432,-7479,27910,0,0,0,0,1,0
94,48437,-1558,-1240,2798,0,-16053,-12780,28833,0,0,0,0,1,0
95,48958,-1073,-1707,2780,0,-11058,-17590,28648,0,0,0,0,1,0
96,49479,-547,-2108,2655,0,-5637,-21724,27362,0,0,0,0,1,0
97,50000,0,-2428,31207,28779,0,-27026,2502,0,0,1,0,1,0
98,50520,547,-2655,27781,25673,6088,-29551,2172,0,0,1,0,1,0
99,51041,1073,-2780,23863,22157,11942,-30940,1759,0,0,1,0,1,0
100,51562,1558,-2798,19594,18354,17337,-31140,1278,0,0,1,0,1,0
101,52083,1983,-2708,15125,14400,22066,-30143,748,0,0,1,0,1,0
102,52604,2331,-2515,10619,10435,25947,-27988,189,0,0,1,0,1,0
103,53125,2590,-2224,6236,6602,28831,-24758,-377,0,0,1,0,1,0
104,53645,2750,-1849,2137,3038,30607,-20576,-929,0,0,1,0,1,0
105,54166,2804,-1402,-1533,-131,31207,-15603,-1445,0,0,1,0,1,0
106,54687,2750,-901,-4641,-2793,30607,-10031,-1905,0,0,1,0,1,0
107,55208,2590,-366,-7079,-4855,28831,-4073,-2292,0,0,1,0,1,0
108,55729,2331,183,-8762,-6248,25947,2041,-2592,0,0,1,0,1,0
109,56250,1983,726,-9635,-6927,22066,8077,-2791,0,0,1,0,1,0
110,56770,1558,1240,-9673,-6876,17337,13802,-2883,0,0,1,0,1,0
111,57291,1073,1707,-8885,-6105,11942,18997,-2865,0,0,1,0,1,0
112,57812,547,2108,-7309,-4654,6088,23462,-2736,0,0,1,0,1,0
113,58333,0,2428,-5014,-2586,0,27026,-2502,0,0,1,0,1,0
114,58854,-547,2655,-2097,11,-6088,29551,-2172,0,0,1,0,1,0
115,59375,-1073,2780,1321,3028,-11942,30940,-1759,0,0,1,0,1,0
116,59895,-1558,2798,5101,6341,-17337,31140,-1278,0,0,1,0,1,0
117,60416,-1983,2708,9089,9815,-22066,30143,-748,0,0,1,0,1,0
118,60937,-2331,2515,13125,13308,-25947,27988,-189,0,0,1,0,1,0
119,61458,-2590,2224,17046,16680,-28831,24758,377,0,0,1,0,1,0
120,61979,-2750,1849,20692,19791,-30607,20576,929,0,0,1,0,1,0
121,62500,-2804,1402,23918,22516,-31207,15603,1445,0,0,1,0,1,0
122,63020,-2750,901,26592,24743,-30607,10031,1905,0,0,1,0,1,0
123,63541,-2590,366,28603,26378,-28831,4073,2292,0,0,1,0,1,0
124,64062,-2331,-183,29867,27352,-25947,-2041,2592,0,0,1,0,1,0
125,64583,-1983,-726,30330,27621,-22066,-8077,2791,0,0,1,0,1,0
126,65104,-1558,-1240,29966,27168,-17337,-13802,2883,0,0,1,0,1,0
127,65625,-1073,-1707,28783,26003,-11942,-18997,2865,0,0,1,0,1,0
128,66145,-547,-2108,26819,24164,-6088,-23462,2736,0,0,1,0,1,0
129,66666,0,-2428,24145,21717,0,-27026,2502,0,0,1,0,1,0
130,67187,547,-2655,20857,18749,6088,-29551,2172,0,0,1,0,1,0
131,67708,1073,-2780,17074,15367,11942,-30940,1759,0,0,1,0,1,0
132,68229,1558,-2798,12936,11696,17337,-31140,1278,0,0,1,0,1,0
133,68750,1983,-2708,8597,7871,22066,-30143,748,0,0,1,0,1,0
134,69270,2331,-2515,4217,4034,25947,-27988,189,0,0,1,0,1,0
135,69791,2590,-2224,-40,326,28831,-24758,-377,0,0,1,0,1,0
136,70312,2750,-1849,-4018,-3117,30607,-20576,-929,0,0,1,0,1,0
137,70833,2804,-1402,-7568,-6166,31207,-15603,-1445,0,0,1,0,1,0
138,71354,2750,-901,-10559,-8710,30607,-10031,-1905,0,0,1,0,1,0
139,71875,2590,-366,-12882,-10658,28831,-4073,-2292,0,0,1,0,1,0
140,72395,2331,183,-14452,-11937,25947,2041,-2592,0,0,1,0,1,0
141,72916,1983,726,-15214,-12506,22066,8077,-2791,0,0,1,0,1,0
142,73437,1558,1240,-15144,-12346,17337,13802,-2883,0,0,1,0,1,0
143,73958,1073,1707,-14249,-11470,11942,18997,-2865,0,0,1,0,1,0
144,74479,547,2108,-12569,-9914,6088,23462,-2736,0,0,1,0,1,0
145,75000,0,2428,-10172,-7743,0,27026,-2502,0,0,1,0,1,0
146,75520,-547,2655,-7155,-5047,-6088,29551,-2172,0,0,1,0,1,0
147,76041,-1073,2780,-3638,-1932,-11942,30940,-1759,0,0,1,0,1,0
148,76562,-1558,2798,238,1478,-17337,31140,-1278,0,0,1,0,1,0
149,77083,-1983,2708,4321,5047,-22066,30143,-748,0,0,1,0,1,0
150,77604,-2331,2515,8450,8633,-25947,27988,-189,0,0,1,0,1,0
151,78125,-2590,2224,12461,12095,-28831,24758,377,0,0,1,0,1,0
152,78645,-2750,1849,16197,15296,-30607,20576,929,0,0,1,0,1,0
153,79166,-2804,1402,19510,18108,-31207,15603,1445,0,0,1,0,1,0
154,79687,-2750,901,22269,20421,-30607,10031,1905,0,0,1,0,1,0
155,80208,-2590,366,24364,22140,-28831,4073,2292,0,0,1,0,1,0
156,80729,-2331,-183,25711,23197,-25947,-2041,2592,0,0,1,0,1,0
157,81250,-1983,-726,26255,23546,-22066,-8077,2791,0,0,1,0,1,0
158,81770,-1558,-1240,25970,23172,-17337,-13802,2883,0,0,1,0,1,0
159,82291,-1073,-1707,24864,22085,-11942,-18997,2865,0,0,1,0,1,0
160,82812,-547,-2108,22977,20322,-6088,-23462,2736,0,0,1,0,1,0
161,83333,0,-2428,20378,17950,0,-27026,2502,0,0,1,0,1,0
162,83854,547,-2655,17163,15055,6088,-29551,2172,0,0,1,0,1,0
163,84375,1073,-2780,13452,11745,11942,-30940,1759,0,0,1,0,1,0
164,84895,1558,-2798,9384,8144,17337,-31140,1278,0,0,1,0,1,0
165,85416,1983,-2708,5114,4389,22066,-30143,748,0,0,1,0,1,0
166,85937,2331,-2515,802,619,25947,-27988,189,0,0,1,0,1,0
167,86458,2590,-2224,-3389,-3023,28831,-24758,-377,0,0,1,0,1,0
168,86979,2750,-1849,-7301,-6400,30607,-20576,-929,0,0,1,0,1,0
169,87500,2804,-1402,-10787,-9386,31207,-15603,-1445,0,0,1,0,1,0
170,88020,2750,-901,-13716,-11867,30607,-10031,-1905,0,0,1,0,1,0
171,88541,2590,-366,-15978,-13753,28831,-4073,-2292,0,0,1,0,1,0
172,89062,2331,183,-17487,-14973,25947,2041,-2592,0,0,1,0,1,0
173,89583,1983,726,-18191,-15483,22066,8077,-2791,0,0,1,0,1,0
174,90104,1558,1240,-18063,-15265,17337,13802,-2883,0,0,1,0,1,0
175,90625,1073,1707,-17111,-14331,11942,18997,-2865,0,0,1,0,1,0
176,91145,547,2108,-15375,-12720,6088,23462,-2736,0,0,1,0,1,0
177,91666,0,2428,-12923,-10495,0,27026,-2502,0,0,1,0,1,0
178,92187,-547,2655,-9853,-7745,-6088,29551,-2172,0,0,1,0,1,0
179,92708,-1073,2780,-6284,-4577,-11942,30940,-1759,0,0,1,0,1,0
180,93229,-1558,2798,-2356,-1116,-17337,31140,-1278,0,0,1,0,1,0
181,93750,-1983,2708,1777,2503,-22066,30143,-748,0,0,1,0,1,0
182,94270,-2331,2515,5955,6139,-25947,27988,-189,0,0,1,0,1,0
183,94791,-2590,2224,10015,9649,-28831,24758,377,0,0,1,0,1,0
184,95312,-2750,1849,13799,12898,-30607,20576,929,0,0,1,0,1,0
185,95833,-2804,1402,17159,15757,-31207,15603,1445,0,0,1,0,1,0
186,96354,-2750,901,19963,18115,-30607,10031,1905,0,0,1,0,1,0
187,96875,-2590,366,22103,19879,-28831,4073,2292,0,0,1,0,1,0
188,97395,-2331,-183,23494,20980,-25947,-2041,2592,0,0,1,0,1,0
189,97916,-1983,-726,24081,21372,-22066,-8077,2791,0,0,1,0,1,0
190,98437,-1558,-1240,23838,21040,-17337,-13802,2883,0,0,1,0,1,0
191,98958,-1073,-1707,22774,19994,-11942,-18997,2865,0,0,1,0,1,0
192,99479,-547,-2108,20928,18273,-6088,-23462,2736,0,0,1,0,1,0
193,100000,0,-2428,18368,15940,0,-27026,2502,0,0,1,0,1,0
194,100520,547,-2655,15192,13084,6088,-29551,2172,0,0,1,0,1,0
195,101041,1073,-2780,11519,9812,11942,-30940,1759,0,0,1,0,1,0
196,101562,1558,-2798,7490,6250,17337,-31140,1278,0,0,1,0,1,0
197,102083,1983,-2708,3256,2531,22066,-30143,748,0,0,1,0,1,0
198,102604,2331,-2515,-1019,-1203,25947,-27988,189,0,0,1,0,1,0
199,103125,2590,-2224,-5175,-4809,28831,-24758,-377,0,0,1,0,1,0
200,103645,2750,-1849,-9053,-8152,30607,-20576,-929,0,0,1,0,1,0
201,104166,2804,-1402,-12505,-11103,31207,-15603,-1445,0,0,1,0,1,0
202,104687,2750,-901,-15400,-13552,30607,-10031,-1905,0,0,1,0,1,0
203,105208,2590,-366,-17629,-15405,28831,-4073,-2292,0,0,1,0,1,0
204,105729,2331,183,-19107,-16592,25947,2041,-2592,0,0,1,0,1,0
205,106250,1983,726,-19779,-17070,22066,8077,-2791,0,0,1,0,1,0
206,106770,1558,1240,-19620,-16822,17337,13802,-2883,0,0,1,0,1,0
207,107291,1073,1707,-18638,-15858,11942,18997,-2865,0,0,1,0,1,0
208,107812,547,2108,-16872,-14217,6088,23462,-2736,0,0,1,0,1,0
209,108333,0,2428,-14391,-11963,0,27026,-2502,0,0,1,0,1,0
210,108854,-547,2655,-11292,-9184,-6088,29551,-2172,0,0,1,0,1,0
211,109375,-1073,2780,-7695,-5989,-11942,30940,-1759,0,0,1,0,1,0
212,109895,-1558,2798,-3740,-2500,-17337,31140,-1278,0,0,1,0,1,0
213,110416,-1983,2708,420,1146,-22066,30143,-748,0,0,1,0,1,0
214,110937,-2331,2515,4625,4808,-25947,27988,-189,0,0,1,0,1,0
215,111458,-2590,2224,8710,8344,-28831,24758,377,0,0,1,0,1,0
216,111979,-2750,1849,12519,11618,-30607,20576,929,0,0,1,0,1,0
217,112500,-2804,1402,15904,14502,-31207,15603,1445,0,0,1,0,1,0
218,113020,-2750,901,18733,16885,-30607,10031,1905,0,0,1,0,1,0
219,113541,-2590,366,20897,18673,-28831,4073,2292,0,0,1,0,1,0
220,114062,-2331,-183,22311,19797,-25947,-2041,2592,0,0,1,0,1,0
221,114583,-1983,-726,22921,20213,-22066,-8077,2791,0,0,1,0,1,0
222,115104,-1558,-1240,22701,19903,-17337,-13802,2883,0,0,1,0,1,0
223,115625,-1073,-1707,21659,18879,-11942,-18997,2865,0,0,1,0,1,0
224,116145,-547,-2108,19834,17179,-6088,-23462,2736,0,0,1,0,1,0
225,116666,0,-2428,17296,14868,0,-27026,2502,0,0,1,0,1,0
226,117187,547,-2655,14140,12033,6088,-29551,2172,0,0,1,0,1,0
227,117708,1073,-2780,10488,8782,11942,-30940,1759,0,0,1,0,1,0
228,118229,1558,-2798,6479,5239,17337,-31140,1278,0,0,1,0,1,0
229,118750,1983,-2708,2265,1540,22066,-30143,748,0,0,1,0,1,0
230,119270,2331,-2515,-1991,-2175,25947,-27988,189,0,0,1,0,1,0
231,119791,2590,-2224,-6128,-5762,28831,-24758,-377,0,0,1,0,1,0
232,120312,2750,-1849,-9988,-9086,30607,-20576,-929,0,0,1,0,1,0
233,120833,2804,-1402,-13421,-12020,31207,-15603,-1445,0,0,1,0,1,0
234,121354,2750,-901,-16299,-14450,30607,-10031,-1905,0,0,1,0,1,0
235,121875,2590,-366,-18510,-16286,28831,-4073,-2292,0,0,1,0,1,0
236,122395,2331,183,-19971,-17456,25947,2041,-2592,0,0,1,0,1,0
237,122916,1983,726,-20626,-17918,22066,8077,-2791,0,0,1,0,1,0
238,123437,1558,1240,-20450,-17653,17337,13802,-2883,0,0,1,0,1,0
239,123958,1073,1707,-19452,-16673,11942,18997,-2865,0,0,1,0,1,0
240,124479,547,2108,-17671,-15016,6088,23462,-2736,0,0,1,0,1,0
241,125000,0,2428,-15174,-12746,0,27026,-2502,0,0,1,0,1,0
242,125520,-547,2655,-12060,-9952,-6088,29551,-2172,0,0,1,0,1,0
243,126041,-1073,2780,-8448,-6742,-11942,30940,-1759,0,0,1,0,1,0
244,126562,-1558,2798,-4479,-3238,-17337,31140,-1278,0,0,1,0,1,0
245,127083,-1983,2708,-304,422,-22066,30143,-748,0,0,1,0,1,0
246,127604,-2331,2515,3915,4098,-25947,27988,-189,0,0,1,0,1,0
247,128124,-2590,2224,8014,7648,-28831,24758,377,0,0,1,0,1,0
248,128645,-2750,1849,11837,10936,-30607,20576,929,0,0,1,0,1,0
249,129166,-2804,1402,15235,13833,-31207,15603,1445,0,0,1,0,1,0
250,129687,-2750,901,18077,16228,-30607,10031,1905,0,0,1,0,1,0
251,130208,-2590,366,20253,18029,-28831,4073,2292,0,0,1,0,1,0
252,130729,-2331,-183,21680,19166,-25947,-2041,2592,0,0,1,0,1,0
253,131250,-1983,-726,22302,19594,-22066,-8077,2791,0,0,1,0,1,0
254,131770,-1558,-1240,22094,19296,-17337,-13802,2883,0,0,1,0,1,0
255,132291,-1073,-1707,21064,18284,-11942,-18997,2865,0,0,1,0,1,0
256,132812,-547,-2108,19251,16596,-6088,-23462,2736,0,0,1,0,1,0
257,133333,0,-2428,16724,14296,0,-27026,2502,0,0,1,0,1,0
258,133854,547,-2655,13580,11472,6088,-29551,2172,0,0,1,0,1,0
259,134375,1073,-2780,9938,8232,11942,-30940,1759,0,0,1,0,1,0
260,134895,1558,-2798,5940,4699,17337,-31140,1278,0,0,1,0,1,0
261,135416,1983,-2708,1736,1011,22066,-30143,748,0,0,1,0,1,0
262,135937,2331,-2515,-2510,-2693,25947,-27988,189,0,0,1,0,1,0
263,136458,2590,-2224,-6637,-6271,28831,-24758,-377,0,0,1,0,1,0
264,136979,2750,-1849,-10486,-9585,30607,-20576,-929,0,0,1,0,1,0
265,137500,2804,-1402,-13910,-12508,31207,-15603,-1445,0,0,1,0,1,0
266,138020,2750,-901,-16778,-14930,30607,-10031,-1905,0,0,1,0,1,0
267,138541,2590,-366,-18980,-16756,28831,-4073,-2292,0,0,1,0,1,0
268,139062,2331,183,-20432,-17917,25947,2041,-2592,0,0,1,0,1,0
269,139583,1983,726,-21078,-18369,22066,8077,-2791,0,0,1,0,1,0
270,140104,1558,1240,-20894,-18096,17337,13802,-2883,0,0,1,0,1,0
271,140625,1073,1707,-19887,-17107,11942,18997,-2865,0,0,1,0,1,0
272,141145,547,2108,-18097,-15442,6088,23462,-2736,0,0,1,0,1,0
273,141666,0,2428,-15592,-13164,0,27026,-2502,0,0,1,0,1,0
274,142187,-547,2655,-12470,-10362,-6088,29551,-2172,0,0,1,0,1,0
275,142708,-1073,2780,-8850,-7143,-11942,30940,-1759,0,0,1,0,1,0
276,143229,-1558,2798,-4872,-3632,-17337,31140,-1278,0,0,1,0,1,0
277,143750,-1983,2708,-690,36,-22066,30143,-748,0,0,1,0,1,0
278,144270,-2331,2515,3536,3719,-25947,27988,-189,0,0,1,0,1,0
279,144791,-2590,2224,7643,7277,-28831,24758,377,0,0,1,0,1,0
280,145312,-2750,1849,11473,10571,-30607,20576,929,0,0,1,0,1,0
281,145833,-2804,1402,14878,13476,-31207,15603,1445,0,0,1,0,1,0
282,146354,-2750,901,17727,15878,-30607,10031,1905,0,0,1,0,1,0
283,146875,-2590,366,19910,17686,-28831,4073,2292,0,0,1,0,1,0
284,147395,-2331,-183,21344,18829,-25947,-2041,2592,0,0,1,0,1,0
285,147916,-1983,-726,21972,19264,-22066,-8077,2791,0,0,1,0,1,0
286,148437,-1558,-1240,21770,18973,-17337,-13802,2883,0,0,1,0,1,0
287,148958,-1073,-1707,20747,17967,-11942,-18997,2865,0,0,1,0,1,0
288,149479,-547,-2108,18940,16285,-6088,-23462,2736,0,0,1,0,1,0
289,150000,0,-2428,16419,13991,0,-27026,2502,0,0,1,0,1,0
290,150520,547,-2655,13280,11172,6088,-29551,2172,0,0,1,0,1,0
291,151041,1073,-2780,9645,7938,11942,-30940,1759,0,0,1,0,1,0
292,151562,1558,-2798,5652,4412,17337,-31140,1278,0,0,1,0,1,0
293,152083,1983,-2708,1454,729,22066,-30143,748,0,0,1,0,1,0
294,152604,2331,-2515,-2787,-2970,25947,-27988,189,0,0,1,0,1,0
295,153125,2590,-2224,-6908,-6542,28831,-24758,-377,0,0,1,0,1,0
296,153645,2750,-1849,-10752,-9851,30607,-20576,-929,0,0,1,0,1,0
297,154166,2804,-1402,-14171,-12769,31207,-15603,-1445,0,0,1,0,1,0
298,154687,2750,-901,-17034,-15185,30607,-10031,-1905,0,0,1,0,1,0
299,155208,2590,-366,-19231,-17006,28831,-4073,-2292,0,0,1,0,1,0
300,155729,2331,183,-20678,-18163,25947,2041,-2592,0,0,1,0,1,0
301,156250,1983,726,-21319,-18611,22066,8077,-2791,0,0,1,0,1,0
302,156770,1558,1240,-21130,-18332,17337,13802,-2883,0,0,1,0,1,0
303,157291,1073,1707,-20119,-17339,11942,18997,-2865,0,0,1,0,1,0
304,157812,547,2108,-18324,-15669,6088,23462,-2736,0,0,1,0,1,0
305,158333,0,2428,-15815,-13387,0,27026,-2502,0,0,1,0,1,0
306,158854,-547,2655,-12688,-10580,-6088,29551,-2172,0,0,1,0,1,0
307,159375,-1073,2780,-9064,-7358,-11942,30940,-1759,0,0,1,0,1,0
308,159895,-1558,2798,-5083,-3842,-17337,31140,-1278,0,0,1,0,1,0
309,160416,-1983,2708,-896,-170,-22066,30143,-748,0,0,1,0,1,0
310,160937,-2331,2515,3334,3517,-25947,27988,-189,0,0,1,0,1,0
311,161458,-2590,2224,7445,7079,-28831,24758,377,0,0,1,0,1,0
312,161979,-2750,1849,11278,10377,-30607,20576,929,0,0,1,0,1,0
313,162500,-2804,1402,14687,13285,-31207,15603,1445,0,0,1,0,1,0
314,163020,-2750,901,17540,15691,-30607,10031,1905,0,0,1,0,1,0
315,163541,-2590,366,19727,17503,-28831,4073,2292,0,0,1,0,1,0
316,164062,-2331,-183,21164,18650,-25947,-2041,2592,0,0,1,0,1,0
317,164583,-1983,-726,21796,19088,-22066,-8077,2791,0,0,1,0,1,0
318,165104,-1558,-1240,21598,18800,-17337,-13802,2883,0,0,1,0,1,0
319,165625,-1073,-1707,20577,17798,-11942,-18997,2865,0,0,1,0,1,0
320,166145,-547,-2108,18774,16119,-6088,-23462,2736,0,0,1,0,1,0
321,166666,0,-2428,16256,13828,0,-27026,2502,0,0,1,0,1,0
322,167187,547,-2655,13121,11013,6088,-29551,2172,0,0,1,0,1,0
323,167708,1073,-2780,9488,7782,11942,-30940,1759,0,0,1,0,1,0
324,168229,1558,-2798,5498,4258,17337,-31140,1278,0,0,1,0,1,0
325,168750,1983,-2708,1304,578,22066,-30143,748,0,0,1,0,1,0
326,169270,2331,-2515,-2934,-3118,25947,-27988,189,0,0,1,0,1,0
327,169791,2590,-2224,-7053,-6687,28831,-24758,-377,0,0,1,0,1,0
328,170312,2750,-1849,-10894,-9993,30607,-20576,-929,0,0,1,0,1,0
329,170833,2804,-1402,-14310,-12908,31207,-15603,-1445,0,0,1,0,1,0
330,171354,2750,-901,-17170,-15322,30607,-10031,-1905,0,0,1,0,1,0
331,171875,2590,-366,-19365,-17140,28831,-4073,-2292,0,0,1,0,1,0
332,172395,2331,183,-20809,-18294,25947,2041,-2592,0,0,1,0,1,0
333,172916,1983,726,-21447,-18739,22066,8077,-2791,0,0,1,0,1,0
334,173437,1558,1240,-21256,-18458,17337,13802,-2883,0,0,1,0,1,0
335,173958,1073,1707,-20242,-17463,11942,18997,-2865,0,0,1,0,1,0
336,174479,547,2108,-18445,-15790,6088,23462,-2736,0,0,1,0,1,0
337,175000,0,2428,-15934,-13506,0,27026,-2502,0,0,1,0,1,0
338,175520,-547,2655,-12805,-10697,-6088,29551,-2172,0,0,1,0,1,0
339,176041,-1073,2780,-9179,-7472,-11942,30940,-1759,0,0,1,0,1,0
340,176562,-1558,2798,-5195,-3955,-17337,31140,-1278,0,0,1,0,1,0
341,177083,-1983,2708,-1006,-280,-22066,30143,-748,0,0,1,0,1,0
342,177604,-2331,2515,3226,3410,-25947,27988,-189,0,0,1,0,1,0
343,178125,-2590,2224,7339,6973,-28831,24758,377,0,0,1,0,1,0
344,178645,-2750,1849,11175,10274,-30607,20576,929,0,0,1,0,1,0
345,179166,-2804,1402,14586,13184,-31207,15603,1445,0,0,1,0,1,0
346,179687,-2750,901,17440,15592,-30607,10031,1905,0,0,1,0,1,0
347,180208,-2590,366,19629,17405,-28831,4073,2292,0,0,1,0,1,0
348,180729,-2331,-183,21068,18554,-25947,-2041,2592,0,0,1,0,1,0
349,181250,-1983,-726,21702,18994,-22066,-8077,2791,0,0,1,0,1,0
350,181770,-1558,-1240,21506,18708,-17337,-13802,2883,0,0,1,0,1,0
351,182291,-1073,-1707,20487,17707,-11942,-18997,2865,0,0,1,0,1,0
352,182812,-547,-2108,18685,16030,-6088,-23462,2736,0,0,1,0,1,0
353,183333,0,-2428,16169,13741,0,-27026,2502,0,0,1,0,1,0
354,183854,547,-2655,13036,10928,6088,-29551,2172,0,0,1,0,1,0
355,184375,1073,-2780,9405,7698,11942,-30940,1759,0,0,1,0,1,0
356,184895,1558,-2798,5416,4176,17337,-31140,1278,0,0,1,0,1,0
357,185416,1983,-2708,1224,498,22066,-30143,748,0,0,1,0,1,0
358,185937,2331,-2515,-3013,-3196,25947,-27988,189,0,0,1,0,1,0
359,186458,2590,-2224,-7130,-6764,28831,-24758,-377,0,0,1,0,1,0
360,186979,2750,-1849,-10970,-10068,30607,-20576,-929,0,0,1,0,1,0
361,187500,2804,-1402,-14384,-12983,31207,-15603,-1445,0,0,1,0,1,0
362,188020,2750,-901,-17243,-15395,30607,-10031,-1905,0,0,1,0,1,0
363,188541,2590,-366,-19436,-17212,28831,-4073,-2292,0,0,1,0,1,0
364,189062,2331,183,-20879,-18364,25947,2041,-2592,0,0,1,0,1,0
365,189583,1983,726,-21516,-18808,22066,8077,-2791,0,0,1,0,1,0
366,190104,1558,1240,-21323,-18526,17337,13802,-2883,0,0,1,0,1,0
367,190625,1073,1707,-20308,-17529,11942,18997,-2865,0,0,1,0,1,0
368,191145,547,2108,-18510,-15855,6088,23462,-2736,0,0,1,0,1,0
369,191666,0,2428,-15997,-13569,0,27026,-2502,0,0,1,0,1,0
370,192187,-547,2655,-12867,-10759,-6088,29551,-2172,0,0,1,0,1,0
371,192708,-1073,2780,-9240,-7533,-11942,30940,-1759,0,0,1,0,1,0
372,193229,-1558,2798,-5254,-4014,-17337,31140,-1278,0,0,1,0,1,0
373,193750,-1983,2708,-1065,-339,-22066,30143,-748,0,0,1,0,1,0
374,194270,-2331,2515,3169,3352,-25947,27988,-189,0,0,1,0,1,0
375,194791,-2590,2224,7283,6917,-28831,24758,377,0,0,1,0,1,0
376,195312,-2750,1849,11119,10218,-30607,20576,929,0,0,1,0,1,0
377,195833,-2804,1402,14531,13129,-31207,15603,1445,0,0,1,0,1,0
378,196354,-2750,901,17387,15539,-30607,10031,1905,0,0,1,0,1,0
379,196875,-2590,366,19577,17353,-28831,4073,2292,0,0,1,0,1,0
380,197395,-2331,-183,21017,18503,-25947,-2041,2592,0,0,1,0,1,0
381,197916,-1983,-726,21652,18944,-22066,-8077,2791,0,0,1,0,1,0
382,198437,-1558,-1240,21456,18659,-17337,-13802,2883,0,0,1,0,1,0
383,198958,-1073,-1707,20439,17659,-11942,-18997,2865,0,0,1,0,1,0
384,199479,-547,-2108,18638,15983,-6088,-23462,2736,0,0,1,0,1,0
385,200000,0,-2428,16123,13695,0,-27026,2502,0,0,1,0,1,0
386,200520,547,-2655,12990,10882,6088,-29551,2172,0,0,1,0,1,0
387,201041,1073,-2780,9360,7654,11942,-30940,1759,0,0,1,0,1,0
388,201562,1558,-2798,5373,4133,17337,-31140,1278,0,0,1,0,1,0
389,202083,1983,-2708,1181,455,22066,-30143,748,0,0,1,0,1,0
390,202604,2331,-2515,-3055,-3238,25947,-27988,189,0,0,1,0,1,0
391,203125,2590,-2224,-7171,-6805,28831,-24758,-377,0,0,1,0,1,0
392,203645,2750,-1849,-11010,-10109,30607,-20576,-929,0,0,1,0,1,0
393,204166,2804,-1402,-14424,-13022,31207,-15603,-1445,0,0,1,0,1,0
394,204687,2750,-901,-17282,-15433,30607,-10031,-1905,0,0,1,0,1,0
395,205208,2590,-366,-19474,-17250,28831,-4073,-2292,0,0,1,0,1,0
396,205729,2331,183,-20916,-18401,25947,2041,-2592,0,0,1,0,1,0
397,206250,1983,726,-21553,-18844,22066,8077,-2791,0,0,1,0,1,0
398,206770,1558,1240,-21359,-18562,17337,13802,-2883,0,0,1,0,1,0
399,207291,1073,1707,-20343,-17564,11942,18997,-2865,0,0,1,0,1,0
400,207812,547,2108,-18544,-15889,6088,23462,-2736,0,0,1,0,1,0
401,208333,0,2428,-16031,-13603,0,27026,-2502,0,0,1,0,1,0
402,208854,-547,2655,-12900,-10792,-6088,29551,-2172,0,0,1,0,1,0
403,209375,-1073,2780,-9272,-7565,-11942,30940,-1759,0,0,1,0,1,0
404,209895,-1558,2798,-5286,-4046,-17337,31140,-1278,0,0,1,0,1,0
405,210416,-1983,2708,-1096,-370,-22066,30143,-748,0,0,1,0,1,0
406,210937,-2331,2515,3138,3321,-25947,27988,-189,0,0,1,0,1,0
407,211458,-2590,2224,7253,6887,-28831,24758,377,0,0,1,0,1,0
408,211979,-2750,1849,11090,10189,-30607,20576,929,0,0,1,0,1,0
409,212500,-2804,1402,14502,13101,-31207,15603,1445,0,0,1,0,1,0
410,213020,-2750,901,17359,15510,-30607,10031,1905,0,0,1,0,1,0
411,213541,-2590,366,19549,17325,-28831,4073,2292,0,0,1,0,1,0
412,214062,-2331,-183,20990,18475,-25947,-2041,2592,0,0,1,0,1,0
413,214583,-1983,-726,21625,18917,-22066,-8077,2791,0,0,1,0,1,0
414,215104,-1558,-1240,21430,18633,-17337,-13802,2883,0,0,1,0,1,0
415,215625,-1073,-1707,20413,17633,-11942,-18997,2865,0,0,1,0,1,0
416,216145,-547,-2108,18613,15958,-6088,-23462,2736,0,0,1,0,1,0
417,216666,0,-2428,16098,13670,0,-27026,2502,0,0,1,0,1,0
418,217187,547,-2655,12966,10858,6088,-29551,2172,0,0,1,0,1,0
419,217708,1073,-2780,9337,7630,11942,-30940,1759,0,0,1,0,1,0
420,218229,1558,-2798,5349,4109,17337,-31140,1278,0,0,1,0,1,0
421,218750,1983,-2708,1158,432,22066,-30143,748,0,0,1,0,1,0
422,219270,2331,-2515,-3077,-3261,25947,-27988,189,0,0,1,0,1,0
423,219791,2590,-2224,-7193,-6827,28831,-24758,-377,0,0,1,0,1,0
424,220312,2750,-1849,-11032,-10130,30607,-20576,-929,0,0,1,0,1,0
425,220833,2804,-1402,-14445,-13043,31207,-15603,-1445,0,0,1,0,1,0
426,221354,2750,-901,-17303,-15454,30607,-10031,-1905,0,0,1,0,1,0
427,221875,2590,-366,-19494,-17270,28831,-4073,-2292,0,0,1,0,1,0
428,222395,2331,183,-20936,-18421,25947,2041,-2592,0,0,1,0,1,0
429,222916,1983,726,-21572,-18864,22066,8077,-2791,0,0,1,0,1,0
430,223437,1558,1240,-21378,-18581,17337,13802,-2883,0,0,1,0,1,0
431,223958,1073,1707,-20362,-17583,11942,18997,-2865,0,0,1,0,1,0
432,224479,547,2108,-18563,-15908,6088,23462,-2736,0,0,1,0,1,0
433,225000,0,2428,-16049,-13621,0,27026,-2502,0,0,1,0,1,0
434,225520,-547,2655,-12918,-10810,-6088,29551,-2172,0,0,1,0,1,0
435,226041,-1073,2780,-9290,-7583,-11942,30940,-1759,0,0,1,0,1,0
436,226562,-1558,2798,-5303,-4063,-17337,31140,-1278,0,0,1,0,1,0
437,227083,-1983,2708,-1113,-387,-22066,30143,-748,0,0,1,0,1,0
438,227604,-2331,2515,3122,3305,-25947,27988,-189,0,0,1,0,1,0
439,228125,-2590,2224,7237,6871,-28831,24758,377,0,0,1,0,1,0
440,228645,-2750,1849,11074,10173,-30607,20576,929,0,0,1,0,1,0
441,229166,-2804,1402,14487,13085,-31207,15603,1445,0,0,1,0,1,0
442,229687,-2750,901,17344,15495,-30607,10031,1905,0,0,1,0,1,0
443,230208,-2590,366,19535,17310,-28831,4073,2292,0,0,1,0,1,0
444,230729,-2331,-183,20975,18461,-25947,-2041,2592,0,0,1,0,1,0
445,231250,-1983,-726,21611,18903,-22066,-8077,2791,0,0,1,0,1,0
446,231770,-1558,-1240,21416,18619,-17337,-13802,2883,0,0,1,0,1,0
447,232291,-1073,-1707,20399,17620,-11942,-18997,2865,0,0,1,0,1,0
448,232812,-547,-2108,18599,15944,-6088,-23462,2736,0,0,1,0,1,0
449,233333,0,-2428,16085,13657,0,-27026,2502,0,0,1,0,1,0
450,233854,547,-2655,12953,10845,6088,-29551,2172,0,0,1,0,1,0
451,234375,1073,-2780,9324,7617,11942,-30940,1759,0,0,1,0,1,0
452,234895,1558,-2798,5337,4097,17337,-31140,1278,0,0,1,0,1,0
453,235416,1983,-2708,1146,420,22066,-30143,748,0,0,1,0,1,0
454,235937,2331,-2515,-3089,-3273,25947,-27988,189,0,0,1,0,1,0
455,236458,2590,-2224,-7205,-6839,28831,-24758,-377,0,0,1,0,1,0
456,236979,2750,-1849,-11043,-10142,30607,-20576,-929,0,0,1,0,1,0
457,237500,2804,-1402,-14456,-13055,31207,-15603,-1445,0,0,1,0,1,0
458,238020,2750,-901,-17314,-15465,30607,-10031,-1905,0,0,1,0,1,0
459,238541,2590,-366,-19505,-17281,28831,-4073,-2292,0,0,1,0,1,0
460,239062,2331,183,-20947,-18432,25947,2041,-2592,0,0,1,0,1,0
461,239583,1983,726,-21583,-18874,22066,8077,-2791,0,0,1,0,1,0
462,240104,1558,1240,-21389,-18591,17337,13802,-2883,0,0,1,0,1,0
463,240625,1073,1707,-20372,-17593,11942,18997,-2865,0,0,1,0,1,0
464,241145,547,2108,-18573,-15918,6088,23462,-2736,0,0,1,0,1,0
465,241666,0,2428,-16059,-13631,0,27026,-2502,0,0,1,0,1,0
466,242187,-547,2655,-12927,-10819,-6088,29551,-2172,0,0,1,0,1,0
467,242708,-1073,2780,-9299,-7592,-11942,30940,-1759,0,0,1,0,1,0
468,243229,-1558,2798,-5312,-4072,-17337,31140,-1278,0,0,1,0,1,0
469,243750,-1983,2708,-1122,-396,-22066,30143,-748,0,0,1,0,1,0
470,244270,-2331,2515,3113,3296,-25947,27988,-189,0,0,1,0,1,0
471,244791,-2590,2224,7228,6862,-28831,24758,377,0,0,1,0,1,0
472,245312,-2750,1849,11066,10165,-30607,20576,929,0,0,1,0,1,0
473,245833,-2804,1402,14479,13077,-31207,15603,1445,0,0,1,0,1,0
474,246354,-2750,901,17336,15487,-30607,10031,1905,0,0,1,0,1,0
475,246875,-2590,366,19527,17302,-28831,4073,2292,0,0,1,0,1,0
476,247395,-2331,-183,20968,18453,-25947,-2041,2592,0,0,1,0,1,0
477,247916,-1983,-726,21603,18895,-22066,-8077,2791,0,0,1,0,1,0
478,248437,-1558,-1240,21409,18611,-17337,-13802,2883,0,0,1,0,1,0
479,248958,-1073,-1707,20392,17612,-11942,-18997,2865,0,0,1,0,1,0
480,249479,-547,-2108,18592,15937,-6088,-23462,2736,0,0,1,0,1,0
481,250000,0,-2428,16078,13650,0,-27026,2502,0,0,1,0,1,0
482,250520,547,-2655,12946,10838,6088,-29551,2172,0,0,1,0,1,0
483,251041,1073,-2780,9317,7610,11942,-30940,1759,0,0,1,0,1,0
484,251562,1558,-2798,5330,4090,17337,-31140,1278,0,0,1,0,1,0
485,252083,1983,-2708,1139,414,22066,-30143,748,0,0,1,0,1,0
486,252604,2331,-2515,-3096,-3279,25947,-27988,189,0,0,1,0,1,0
487,253125,2590,-2224,-7211,-6845,28831,-24758,-377,0,0,1,0,1,0
488,253645,2750,-1849,-11049,-10148,30607,-20576,-929,0,0,1,0,1,0
489,254166,2804,-1402,-14462,-13061,31207,-15603,-1445,0,0,1,0,1,0
490,254687,2750,-901,-17320,-15471,30607,-10031,-1905,0,0,1,0,1,0
491,255208,2590,-366,-19511,-17287,28831,-4073,-2292,0,0,1,0,1,0
492,255729,2331,183,-20952,-18438,25947,2041,-2592,0,0,1,0,1,0
493,256249,1983,726,-21588,-18880,22066,8077,-2791,0,0,1,0,1,0
494,256770,1558,1240,-21394,-18596,17337,13802,-2883,0,0,1,0,1,0
495,257291,1073,1707,-20378,-17598,11942,18997,-2865,0,0,1,0,1,0
496,257812,547,2108,-18578,-15923,6088,23462,-2736,0,0,1,0,1,0
497,258333,0,2428,-16064,-13636,0,27026,-2502,0,0,1,0,1,0
498,258854,-547,2655,-12932,-10825,-6088,29551,-2172,0,0,1,0,1,0
499,259375,-1073,2780,-9304,-7597,-11942,30940,-1759,0,0,1,0,1,0
500,259895,-1558,2798,-5317,-4077,-17337,31140,-1278,0,0,1,0,1,0
501,260416,-1983,2708,-1126,-401,-22066,30143,-748,0,0,1,0,1,0
502,260937,-2331,2515,3108,3292,-25947,27988,-189,0,0,1,0,1,0
503,261458,-2590,2224,7223,6858,-28831,24758,377,0,0,1,0,1,0
504,261979,-2750,1849,11061,10160,-30607,20576,929,0,0,1,0,1,0
505,262500,-2804,1402,14474,13072,-31207,15603,1445,0,0,1,0,1,0
506,263020,-2750,901,17331,15483,-30607,10031,1905,0,0,1,0,1,0
507,263541,-2590,366,19522,17298,-28831,4073,2292,0,0,1,0,1,0
508,264062,-2331,-183,20963,18449,-25947,-2041,2592,0,0,1,0,1,0
509,264583,-1983,-726,21599,18891,-22066,-8077,2791,0,0,1,0,1,0
510,265104,-1558,-1240,21405,18607,-17337,-13802,2883,0,0,1,0,1,0
511,265625,-1073,-1707,20388,17608,-11942,-18997,2865,0,0,1,0,1,0
512,266145,0,0,0,0,0,0,0,1,0,0,0,0,0
513,266666,0,0,0,0,0,0,0,1,0,0,0,0,0
514,267187,0,0,0,0,0,0,0,1,0,0,0,0,0
515,267708,0,0,0,0,0,0,0,1,0,0,0,0,0
516,268229,0,0,0,0,0,0,0,1,0,0,0,0,0
517,268750,0,0,0,0,0,0,0,1,0,0,0,0,0
518,269270,0,0,0,0,0,0,0,1,0,0,0,0,0
519,269791,0,0,0,0,0,0,0,1,0,0,0,0,0
520,270312,0,0,0,0,0,0,0,1,0,0,0,0,0
521,270833,0,0,0,0,0,0,0,1,0,0,0,0,0
522,271354,0,0,0,0,0,0,0,1,0,0,0,0,0
523,271875,0,0,0,0,0,0,0,1,0,0,0,0,0
524,272395,0,0,0,0,0,0,0,1,0,0,0,0,0
525,272916,0,0,0,0,0,0,0,1,0,0,0,0,0
526,273437,0,0,0,0,0,0,0,1,0,0,0,0,0
527,273958,0,0,0,0,0,0,0,1,0,0,0,0,0
528,274479,0,0,0,0,0,0,0,1,0,0,0,0,0
529,275000,0,0,0,0,0,0,0,1,0,0,0,0,0
530,275520,0,0,0,0,0,0,0,1,0,0,0,0,0
531,276041,0,0,0,0,0,0,0,1,0,0,0,0,0
532,276562,0,0,0,0,0,0,0,1,0,0,0,0,0
533,277083,0,0,0,0,0,0,0,1,0,0,0,0,0
534,277604,0,0,0,0,0,0,0,1,0,0,0,0,0
535,278125,0,0,0,0,0,0,0,1,0,0,0,0,0
536,278645,0,0,0,0,0,0,0,1,0,0,0,0,0
537,279166,0,0,0,0,0,0,0,1,0,0,0,0,0
538,279687,0,0,0,0,0,0,0,1,0,0,0,0,0
539,280208,0,0,0,0,0,0,0,1,0,0,0,0,0
540,280729,0,0,0,0,0,0,0,1,0,0,0,0,0
541,281250,0,0,0,0,0,0,0,1,0,0,0,0,0
542,281770,0,0,0,0,0,0,0,1,0,0,0,0,0
543,282291,0,0,0,0,0,0,0,1,0,0,0,0,0
544,282812,0,0,0,0,0,0,0,1,0,0,0,0,0
545,283333,0,0,0,0,0,0,0,1,0,0,0,0,0
546,283854,0,0,0,0,0,0,0,1,0,0,0,0,0
547,284375,0,0,0,0,0,0,0,1,0,0,0,0,0
548,284895,0,0,0,0,0,0,0,1,0,0,0,0,0
549,285416,0,0,0,0,0,0,0,1,0,0,0,0,0
550,285937,0,0,0,0,0,0,0,1,0,0,0,0,0
551,286458,0,0,0,0,0,0,0,1,0,0,0,0,0
552,286979,0,0,0,0,0,0,0,1,0,0,0,0,0
553,287500,0,0,0,0,0,0,0,1,0,0,0,0,0
554,288020,0,0,0,0,0,0,0,1,0,0,0,0,0
555,288541,0,0,0,0,0,0,0,1,0,0,0,0,0
556,289062,0,0,0,0,0,0,0,1,0,0,0,0,0
557,289583,0,0,0,0,0,0,0,1,0,0,0,0,0
558,290104,0,0,0,0,0,0,0,1,0,0,0,0,0
559,290625,0,0,0,0,0,0,0,1,0,0,0,0,0
560,291145,0,0,0,0,0,0,0,1,0,0,0,0,0
561,291666,0,0,0,0,0,0,0,1,0,0,0,0,0
562,292187,0,0,0,0,0,0,0,1,0,0,0,0,0
563,292708,0,0,0,0,0,0,0,1,0,0,0,0,0
564,293229,0,0,0,0,0,0,0,1,0,0,0,0,0
565,293750,0,0,0,0,0,0,0,1,0,0,0,0,0
566,294270,0,0,0,0,0,0,0,1,0,0,0,0,0
567,294791,0,0,0,0,0,0,0,1,0,0,0,0,0
568,295312,0,0,0,0,0,0,0,1,0,0,0,0,0
569,295833,0,0,0,0,0,0,0,1,0,0,0,0,0
570,296354,0,0,0,0,0,0,0,1,0,0,0,0,0
571,296875,0,0,0,0,0,0,0,1,0,0,0,0,0
572,297395,0,0,0,0,0,0,0,1,0,0,0,0,0
573,297916,0,0,0,0,0,0,0,1,0,0,0,0,0
574,298437,0,0,0,0,0,0,0,1,0,0,0,0,0
575,298958,0,0,0,0,0,0,0,1,0,0,0,0,0
576,299479,0,0,0,0,0,0,0,1,0,0,0,0,0
577,300000,0,0,0,0,0,0,0,1,0,0,0,0,0
578,300520,0,0,0,0,0,0,0,1,0,0,0,0,0
579,301041,0,0,0,0,0,0,0,1,0,0,0,0,0
580,301562,0,0,0,0,0,0,0,1,0,0,0,0,0
581,302083,0,0,0,0,0,0,0,1,0,0,0,0,0
582,302604,0,0,0,0,0,0,0,1,0,0,0,0,0
583,303125,0,0,0,0,0,0,0,1,0,0,0,0,0
584,303645,0,0,0,0,0,0,0,1,0,0,0,0,0
585,304166,0,0,0,0,0,0,0,1,0,0,0,0,0
586,304687,0,0,0,0,0,0,0,1,0,0,0,0,0
587,305208,0,0,0,0,0,0,0,1,0,0,0,0,0
588,305729,0,0,0,0,0,0,0,1,0,0,0,0,0
589,306250,0,0,0,0,0,0,0,1,0,0,0,0,0
590,306770,0,0,0,0,0,0,0,1,0,0,0,0,0
591,307291,0,0,0,0,0,0,0,1,0,0,0,0,0
592,307812,0,0,0,0,0,0,0,1,0,0,0,0,0
593,308333,0,0,0,0,0,0,0,1,0,0,0,0,0
594,308854,0,0,0,0,0,0,0,1,0,0,0,0,0
595,309375,0,0,0,0,0,0,0,1,0,0,0,0,0
596,309895,0,0,0,0,0,0,0,1,0,0,0,0,0
597,310416,0,0,0,0,0,0,0,1,0,0,0,0,0
598,310937,0,0,0,0,0,0,0,1,0,0,0,0,0
599,311458,0,0,0,0,0,0,0,1,0,0,0,0,0
600,311979,0,0,0,0,0,0,0,1,0,0,0,0,0
601,312500,0,0,0,0,0,0,0,1,0,0,0,0,0
602,313020,0,0,0,0,0,0,0,1,0,0,0,0,0
603,313541,0,0,0,0,0,0,0,1,0,0,0,0,0
604,314062,0,0,0,0,0,0,0,1,0,0,0,0,0
605,314583,0,0,0,0,0,0,0,1,0,0,0,0,0
606,315104,0,0,0,0,0,0,0,1,0,0,0,0,0
607,315625,0,0,0,0,0,0,0,1,0,0,0,0,0
608,316145,0,0,0,0,0,0,0,1,0,0,0,0,0
609,316666,0,0,0,0,0,0,0,1,0,0,0,0,0
610,317187,0,0,0,0,0,0,0,1,0,0,0,0,0
611,317708,0,0,0,0,0,0,0,1,0,0,0,0,0
612,318229,0,0,0,0,0,0,0,1,0,0,0,0,0
613,318750,0,0,0,0,0,0,0,1,0,0,0,0,0
614,319270,0,0,0,0,0,0,0,1,0,0,0,0,0
615,319791,0,0,0,0,0,0,0,1,0,0,0,0,0
616,320312,0,0,0,0,0,0,0,1,0,0,0,0,0
617,320833,0,0,0,0,0,0,0,1,0,0,0,0,0
618,321354,0,0,0,0,0,0,0,1,0,0,0,0,0
619,321875,0,0,0,0,0,0,0,1,0,0,0,0,0
620,322395,0,0,0,0,0,0,0,1,0,0,0,0,0
621,322916,0,0,0,0,0,0,0,1,0,0,0,0,0
622,323437,0,0,0,0,0,0,0,1,0,0,0,0,0
623,323958,0,0,0,0,0,0,0,1,0,0,0,0,0
624,324479,0,0,0,0,0,0,0,1,0,0,0,0,0
625,325000,0,0,0,0,0,0,0,1,0,0,0,0,0
626,325520,0,0,0,0,0,0,0,1,0,0,0,0,0
627,326041,0,0,0,0,0,0,0,1,0,0,0,0,0
628,326562,0,0,0,0,0,0,0,1,0,0,0,0,0
629,327083,0,0,0,0,0,0,0,1,0,0,0,0,0
630,327604,0,0,0,0,0,0,0,1,0,0,0,0,0
631,328125,0,0,0,0,0,0,0,1,0,0,0,0,0
632,328645,0,0,0,0,0,0,0,1,0,0,0,0,0
633,329166,0,0,0,0,0,0,0,1,0,0,0,0,0
634,329687,0,0,0,0,0,0,0,1,0,0,0,0,0
635,330208,0,0,0,0,0,0,0,1,0,0,0,0,0
636,330729,0,0,0,0,0,0,0,1,0,0,0,0,0
637,331250,0,0,0,0,0,0,0,1,0,0,0,0,0
638,331770,0,0,0,0,0,0,0,1,0,0,0,0,0
639,332291,0,0,0,0,0,0,0,1,0,0,0,0,0
640,332812,0,0,0,0,0,0,0,1,0,0,0,0,0
641,333333,0,0,0,0,0,0,0,1,0,0,0,0,0
642,333854,0,0,0,0,0,0,0,1,0,0,0,0,0
643,334375,0,0,0,0,0,0,0,1,0,0,0,0,0
644,334895,0,0,0,0,0,0,0,1,0,0,0,0,0
645,335416,0,0,0,0,0,0,0,1,0,0,0,0,0
646,335937,0,0,0,0,0,0,0,1,0,0,0,0,0
647,336458,0,0,0,0,0,0,0,1,0,0,0,0,0
648,336979,0,0,0,0,0,0,0,1,0,0,0,0,0
649,337500,0,0,0,0,0,0,0,1,0,0,0,0,0
650,338020,0,0,0,0,0,0,0,1,0,0,0,0,0
651,338541,0,0,0,0,0,0,0,1,0,0,0,0,0
652,339062,0,0,0,0,0,0,0,1,0,0,0,0,0
653,339583,0,0,0,0,0,0,0,1,0,0,0,0,0
654,340104,0,0,0,0,0,0,0,1,0,0,0,0,0
655,340625,0,0,0,0,0,0,0,1,0,0,0,0,0
656,341145,0,0,0,0,0,0,0,1,0,0,0,0,0
657,341666,0,0,0,0,0,0,0,1,0,0,0,0,0
658,342187,0,0,0,0,0,0,0,1,0,0,0,0,0
659,342708,0,0,0,0,0,0,0,1,0,0,0,0,0
660,343229,0,0,0,0,0,0,0,1,0,0,0,0,0
661,343750,0,0,0,0,0,0,0,1,0,0,0,0,0
662,344270,0,0,0,0,0,0,0,1,0,0,0,0,0
663,344791,0,0,0,0,0,0,0,1,0,0,0,0,0
664,345312,0,0,0,0,0,0,0,1,0,0,0,0,0
665,345833,0,0,0,0,0,0,0,1,0,0,0,0,0
666,346354,0,0,0,0,0,0,0,1,0,0,0,0,0
667,346875,0,0,0,0,0,0,0,1,0,0,0,0,0
668,347395,0,0,0,0,0,0,0,1,0,0,0,0,0
669,347916,0,0,0,0,0,0,0,1,0,0,0,0,0
670,348437,0,0,0,0,0,0,0,1,0,0,0,0,0
671,348958,0,0,0,0,0,0,0,1,0,0,0,0,0
672,349479,0,0,0,0,0,0,0,1,0,0,0,0,0
673,350000,0,0,0,0,0,0,0,1,0,0,0,0,0
674,350520,0,0,0,0,0,0,0,1,0,0,0,0,0
675,351041,0,0,0,0,0,0,0,1,0,0,0,0,0
676,351562,0,0,0,0,0,0,0,1,0,0,0,0,0
677,352083,0,0,0,0,0,0,0,1,0,0,0,0,0
678,352604,0,0,0,0,0,0,0,1,0,0,0,0,0
679,353125,0,0,0,0,0,0,0,1,0,0,0,0,0
680,353645,0,0,0,0,0,0,0,1,0,0,0,0,0
681,354166,0,0,0,0,0,0,0,1,0,0,0,0,0
682,354687,0,0,0,0,0,0,0,1,0,0,0,0,0
683,355208,0,0,0,0,0,0,0,1,0,0,0,0,0
684,355729,0,0,0,0,0,0,0,1,0,0,0,0,0
685,356250,0,0,0,0,0,0,0,1,0,0,0,0,0
686,356770,0,0,0,0,0,0,0,1,0,0,0,0,0
687,357291,0,0,0,0,0,0,0,1,0,0,0,0,0
688,357812,0,0,0,0,0,0,0,1,0,0,0,0,0
689,358333,0,0,0,0,0,0,0,1,0,0,0,0,0
690,358854,0,0,0,0,0,0,0,1,0,0,0,0,0
691,359375,0,0,0,0,0,0,0,1,0,0,0,0,0
692,359895,0,0,0,0,0,0,0,1,0,0,0,0,0
693,360416,0,0,0,0,0,0,0,1,0,0,0,0,0
694,360937,0,0,0,0,0,0,0,1,0,0,0,0,0
695,361458,0,0,0,0,0,0,0,1,0,0,0,0,0
696,361979,0,0,0,0,0,0,0,1,0,0,0,0,0
697,362500,0,0,0,0,0,0,0,1,0,0,0,0,0
698,363020,0,0,0,0,0,0,0,1,0,0,0,0,0
699,363541,0,0,0,0,0,0,0,1,0,0,0,0,0
700,364062,0,0,0,0,0,0,0,1,0,0,0,0,0
701,364583,0,0,0,0,0,0,0,1,0,0,0,0,0
702,365104,0,0,0,0,0,0,0,1,0,0,0,0,0
703,365625,0,0,0,0,0,0,0,1,0,0,0,0,0
704,366145,0,0,0,0,0,0,0,1,0,0,0,0,0
705,366666,0,0,0,0,0,0,0,1,0,0,0,0,0
706,367187,0,0,0,0,0,0,0,1,0,0,0,0,0
707,367708,0,0,0,0,0,0,0,1,0,0,0,0,0
708,368229,0,0,0,0,0,0,0,1,0,0,0,0,0
709,368750,0,0,0,0,0,0,0,1,0,0,0,0,0
710,369270,0,0,0,0,0,0,0,1,0,0,0,0,0
711,369791,0,0,0,0,0,0,0,1,0,0,0,0,0
712,370312,0,0,0,0,0,0,0,1,0,0,0,0,0
713,370833,0,0,0,0,0,0,0,1,0,0,0,0,0
714,371354,0,0,0,0,0,0,0,1,0,0,0,0,0
715,371875,0,0,0,0,0,0,0,1,0,0,0,0,0
716,372395,0,0,0,0,0,0,0,1,0,0,0,0,0
717,372916,0,0,0,0,0,0,0,1,0,0,0,0,0
718,373437,0,0,0,0,0,0,0,1,0,0,0,0,0
719,373958,0,0,0,0,0,0,0,1,0,0,0,0,0
720,374479,0,0,0,0,0,0,0,1,0,0,0,0,0
721,375000,0,0,0,0,0,0,0,1,0,0,0,0,0
722,375520,0,0,0,0,0,0,0,1,0,0,0,0,0
723,376041,0,0,0,0,0,0,0,1,0,0,0,0,0
724,376562,0,0,0,0,0,0,0,1,0,0,0,0,0
725,377083,0,0,0,0,0,0,0,1,0,0,0,0,0
726,377604,0,0,0,0,0,0,0,1,0,0,0,0,0
727,378125,0,0,0,0,0,0,0,1,0,0,0,0,0
728,378645,0,0,0,0,0,0,0,1,0,0,0,0,0
729,379166,0,0,0,0,0,0,0,1,0,0,0,0,0
730,379687,0,0,0,0,0,0,0,1,0,0,0,0,0
731,380208,0,0,0,0,0,0,0,1,0,0,0,0,0
732,380729,0,0,0,0,0,0,0,1,0,0,0,0,0
733,381250,0,0,0,0,0,0,0,1,0,0,0,0,0
734,381770,0,0,0,0,0,0,0,1,0,0,0,0,0
735,382291,0,0,0,0,0,0,0,1,0,0,0,0,0
736,382812,0,0,0,0,0,0,0,1,0,0,0,0,0
737,383333,0,0,0,0,0,0,0,1,0,0,0,0,0
738,383854,0,0,0,0,0,0,0,1,0,0,0,0,0
739,384375,0,0,0,0,0,0,0,1,0,0,0,0,0
740,384895,0,0,0,0,0,0,0,1,0,0,0,0,0
741,385416,0,0,0,0,0,0,0,1,0,0,0,0,0
742,385937,0,0,0,0,0,0,0,1,0,0,0,0,0
743,386458,0,0,0,0,0,0,0,1,0,0,0,0,0
744,386979,0,0,0,0,0,0,0,1,0,0,0,0,0
745,387500,0,0,0,0,0,0,0,1,0,0,0,0,0
746,388020,0,0,0,0,0,0,0,1,0,0,0,0,0
747,388541,0,0,0,0,0,0,0,1,0,0,0,0,0
748,389062,0,0,0,0,0,0,0,1,0,0,0,0,0
749,389583,0,0,0,0,0,0,0,1,0,0,0,0,0
750,390104,0,0,0,0,0,0,0,1,0,0,0,0,0
751,390625,0,0,0,0,0,0,0,1,0,0,0,0,0
752,391145,0,0,0,0,0,0,0,1,0,0,0,0,0
753,391666,0,0,0,0,0,0,0,1,0,0,0,0,0
754,392187,0,0,0,0,0,0,0,1,0,0,0,0,0
755,392708,0,0,0,0,0,0,0,1,0,0,0,0,0
756,393229,0,0,0,0,0,0,0,1,0,0,0,0,0
757,393750,0,0,0,0,0,0,0,1,0,0,0,0,0
758,394270,0,0,0,0,0,0,0,1,0,0,0,0,0
759,394791,0,0,0,0,0,0,0,1,0,0,0,0,0
760,395312,0,0,0,0,0,0,0,1,0,0,0,0,0
761,395833,0,0,0,0,0,0,0,1,0,0,0,0,0
762,396354,0,0,0,0,0,0,0,1,0,0,0,0,0
763,396875,0,0,0,0,0,0,0,1,0,0,0,0,0
764,397395,0,0,0,0,0,0,0,1,0,0,0,0,0
765,397916,0,0,0,0,0,0,0,1,0,0,0,0,0
766,398437,0,0,0,0,0,0,0,1,0,0,0,0,0
767,398958,0,0,0,0,0,0,0,1,0,0,0,0,0
768,399479,0,0,0,0,0,0,0,1,0,0,0,0,0
769,400000,0,0,0,0,0,0,0,1,0,0,0,0,0
770,400520,0,0,0,0,0,0,0,1,0,0,0,0,0
771,401041,0,0,0,0,0,0,0,1,0,0,0,0,0
772,401562,0,0,0,0,0,0,0,1,0,0,0,0,0
773,402083,0,0,0,0,0,0,0,1,0,0,0,0,0
774,402604,0,0,0,0,0,0,0,1,0,0,0,0,0
775,403125,0,0,0,0,0,0,0,1,0,0,0,0,0
776,403645,0,0,0,0,0,0,0,1,0,0,0,0,0
777,404166,0,0,0,0,0,0,0,1,0,0,0,0,0
778,404687,0,0,0,0,0,0,0,1,0,0,0,0,0
779,405208,0,0,0,0,0,0,0,1,0,0,0,0,0
780,405729,0,0,0,0,0,0,0,1,0,0,0,0,0
781,406250,0,0,0,0,0,0,0,1,0,0,0,0,0
782,406770,0,0,0,0,0,0,0,1,0,0,0,0,0
783,407291,0,0,0,0,0,0,0,1,0,0,0,0,0
784,407812,0,0,0,0,0,0,0,1,0,0,0,0,0
785,408333,0,0,0,0,0,0,0,1,0,0,0,0,0
786,408854,0,0,0,0,0,0,0,1,0,0,0,0,0
787,409375,0,0,0,0,0,0,0,1,0,0,0,0,0
788,409895,0,0,0,0,0,0,0,1,0,0,0,0,0
789,410416,0,0,0,0,0,0,0,1,0,0,0,0,0
790,410937,0,0,0,0,0,0,0,1,0,0,0,0,0
791,411458,0,0,0,0,0,0,0,1,0,0,0,0,0
792,411979,0,0,0,0,0,0,0,1,0,0,0,0,0
793,412500,0,0,0,0,0,0,0,1,0,0,0,0,0
794,413020,0,0,0,0,0,0,0,1,0,0,0,0,0
795,413541,0,0,0,0,0,0,0,1,0,0,0,0,0
796,414062,0,0,0,0,0,0,0,1,0,0,0,0,0
797,414583,0,0,0,0,0,0,0,1,0,0,0,0,0
798,415104,0,0,0,0,0,0,0,1,0,0,0,0,0
799,415625,0,0,0,0,0,0,0,1,0,0,0,0,0
800,416145,0,0,0,0,0,0,0,1,0,0,0,0,0
801,416666,0,0,0,0,0,0,0,1,0,0,0,0,0
802,417187,0,0,0,0,0,0,0,1,0,0,0,0,0
803,417708,0,0,0,0,0,0,0,1,0,0,0,0,0
804,418229,0,0,0,0,0,0,0,1,0,0,0,0,0
805,418750,0,0,0,0,0,0,0,1,0,0,0,0,0
806,419270,0,0,0,0,0,0,0,1,0,0,0,0,0
807,419791,0,0,0,0,0,0,0,1,0,0,0,0,0
808,420312,0,0,0,0,0,0,0,1,0,0,0,0,0
809,420833,0,0,0,0,0,0,0,1,0,0,0,0,0
810,421354,0,0,0,0,0,0,0,1,0,0,0,0,0
811,421875,0,0,0,0,0,0,0,1,0,0,0,0,0
812,422395,0,0,0,0,0,0,0,1,0,0,0,0,0
813,422916,0,0,0,0,0,0,0,1,0,0,0,0,0
814,423437,0,0,0,0,0,0,0,1,0,0,0,0,0
815,423958,0,0,0,0,0,0,0,1,0,0,0,0,0
816,424479,0,0,0,0,0,0,0,1,0,0,0,0,0
817,425000,0,0,0,0,0,0,0,1,0,0,0,0,0
818,425520,0,0,0,0,0,0,0,1,0,0,0,0,0
819,426041,0,0,0,0,0,0,0,1,0,0,0,0,0
820,426562,0,0,0,0,0,0,0,1,0,0,0,0,0
821,427083,0,0,0,0,0,0,0,1,0,0,0,0,0
822,427604,0,0,0,0,0,0,0,1,0,0,0,0,0
823,428125,0,0,0,0,0,0,0,1,0,0,0,0,0
824,428645,0,0,0,0,0,0,0,1,0,0,0,0,0
825,429166,0,0,0,0,0,0,0,1,0,0,0,0,0
826,429687,0,0,0,0,0,0,0,1,0,0,0,0,0
827,430208,0,0,0,0,0,0,0,1,0,0,0,0,0
828,430729,0,0,0,0,0,0,0,1,0,0,0,0,0
829,431250,0,0,0,0,0,0,0,1,0,0,0,0,0
830,431770,0,0,0,0,0,0,0,1,0,0,0,0,0
831,432291,0,0,0,0,0,0,0,1,0,0,0,0,0
832,432812,0,0,0,0,0,0,0,1,0,0,0,0,0
833,433333,0,0,0,0,0,0,0,1,0,0,0,0,0
834,433854,0,0,0,0,0,0,0,1,0,0,0,0,0
835,434375,0,0,0,0,0,0,0,1,0,0,0,0,0
836,434895,0,0,0,0,0,0,0,1,0,0,0,0,0
837,435416,0,0,0,0,0,0,0,1,0,0,0,0,0
838,435937,0,0,0,0,0,0,0,1,0,0,0,0,0
839,436458,0,0,0,0,0,0,0,1,0,0,0,0,0
840,436979,0,0,0,0,0,0,0,1,0,0,0,0,0
841,437500,0,0,0,0,0,0,0,1,0,0,0,0,0
842,438020,0,0,0,0,0,0,0,1,0,0,0,0,0
843,438541,0,0,0,0,0,0,0,1,0,0,0,0,0
844,439062,0,0,0,0,0,0,0,1,0,0,0,0,0
845,439583,0,0,0,0,0,0,0,1,0,0,0,0,0
846,440104,0,0,0,0,0,0,0,1,0,0,0,0,0
847,440625,0,0,0,0,0,0,0,1,0,0,0,0,0
848,441145,0,0,0,0,0,0,0,1,0,0,0,0,0
849,441666,0,0,0,0,0,0,0,1,0,0,0,0,0
850,442187,0,0,0,0,0,0,0,1,0,0,0,0,0
851,442708,0,0,0,0,0,0,0,1,0,0,0,0,0
852,443229,0,0,0,0,0,0,0,1,0,0,0,0,0
853,443750,0,0,0,0,0,0,0,1,0,0,0,0,0
854,444270,0,0,0,0,0,0,0,1,0,0,0,0,0
855,444791,0,0,0,0,0,0,0,1,0,0,0,0,0
856,445312,0,0,0,0,0,0,0,1,0,0,0,0,0
857,445833,0,0,0,0,0,0,0,1,0,0,0,0,0
858,446354,0,0,0,0,0,0,0,1,0,0,0,0,0
859,446875,0,0,0,0,0,0,0,1,0,0,0,0,0
860,447395,0,0,0,0,0,0,0,1,0,0,0,0,0
861,447916,0,0,0,0,0,0,0,1,0,0,0,0,0
862,448437,0,0,0,0,0,0,0,1,0,0,0,0,0
863,448958,0,0,0,0,0,0,0,1,0,0,0,0,0
864,449479,0,0,0,0,0,0,0,1,0,0,0,0,0
865,450000,0,0,0,0,0,0,0,1,0,0,0,0,0
866,450520,0,0,0,0,0,0,0,1,0,0,0,0,0
867,451041,0,0,0,0,0,0,0,1,0,0,0,0,0
868,451562,0,0,0,0,0,0,0,1,0,0,0,0,0
869,452083,0,0,0,0,0,0,0,1,0,0,0,0,0
870,452604,0,0,0,0,0,0,0,1,0,0,0,0,0
871,453125,0,0,0,0,0,0,0,1,0,0,0,0,0
872,453645,0,0,0,0,0,0,0,1,0,0,0,0,0
873,454166,0,0,0,0,0,0,0,1,0,0,0,0,0
874,454687,0,0,0,0,0,0,0,1,0,0,0,0,0
875,455208,0,0,0,0,0,0,0,1,0,0,0,0,0
876,455729,0,0,0,0,0,0,0,1,0,0,0,0,0
877,456250,0,0,0,0,0,0,0,1,0,0,0,0,0
878,456770,0,0,0,0,0,0,0,1,0,0,0,0,0
879,457291,0,0,0,0,0,0,0,1,0,0,0,0,0
880,457812,0,0,0,0,0,0,0,1,0,0,0,0,0
881,458333,0,0,0,0,0,0,0,1,0,0,0,0,0
882,458854,0,0,0,0,0,0,0,1,0,0,0,0,0
883,459375,0,0,0,0,0,0,0,1,0,0,0,0,0
884,459895,0,0,0,0,0,0,0,1,0,0,0,0,0
885,460416,0,0,0,0,0,0,0,1,0,0,0,0,0
886,460937,0,0,0,0,0,0,0,1,0,0,0,0,0
887,461458,0,0,0,0,0,0,0,1,0,0,0,0,0
888,461979,0,0,0,0,0,0,0,1,0,0,0,0,0
889,462500,0,0,0,0,0,0,0,1,0,0,0,0,0
890,463020,0,0,0,0,0,0,0,1,0,0,0,0,0
891,463541,0,0,0,0,0,0,0,1,0,0,0,0,0
892,464062,0,0,0,0,0,0,0,1,0,0,0,0,0
893,464583,0,0,0,0,0,0,0,1,0,0,0,0,0
894,465104,0,0,0,0,0,0,0,1,0,0,0,0,0
895,465625,0,0,0,0,0,0,0,1,0,0,0,0,0
896,466145,0,0,0,0,0,0,0,1,0,0,0,0,0
897,466666,0,0,0,0,0,0,0,1,0,0,0,0,0
898,467187,0,0,0,0,0,0,0,1,0,0,0,0,0
899,467708,0,0,0,0,0,0,0,1,0,0,0,0,0
900,468229,0,0,0,0,0,0,0,1,0,0,0,0,0
901,468750,0,0,0,0,0,0,0,1,0,0,0,0,0
902,469270,0,0,0,0,0,0,0,1,0,0,0,0,0
903,469791,0,0,0,0,0,0,0,1,0,0,0,0,0
904,470312,0,0,0,0,0,0,0,1,0,0,0,0,0
905,470833,0,0,0,0,0,0,0,1,0,0,0,0,0
906,471354,0,0,0,0,0,0,0,1,0,0,0,0,0
907,471875,0,0,0,0,0,0,0,1,0,0,0,0,0
908,472395,0,0,0,0,0,0,0,1,0,0,0,0,0
909,472916,0,0,0,0,0,0,0,1,0,0,0,0,0
910,473437,0,0,0,0,0,0,0,1,0,0,0,0,0
911,473958,0,0,0,0,0,0,0,1,0,0,0,0,0
912,474479,0,0,0,0,0,0,0,1,0,0,0,0,0
913,475000,0,0,0,0,0,0,0,1,0,0,0,0,0
914,475520,0,0,0,0,0,0,0,1,0,0,0,0,0
915,476041,0,0,0,0,0,0,0,1,0,0,0,0,0
916,476562,0,0,0,0,0,0,0,1,0,0,0,0,0
917,477083,0,0,0,0,0,0,0,1,0,0,0,0,0
918,477604,0,0,0,0,0,0,0,1,0,0,0,0,0
919,478125,0,0,0,0,0,0,0,1,0,0,0,0,0
920,478645,0,0,0,0,0,0,0,1,0,0,0,0,0
921,479166,0,0,0,0,0,0,0,1,0,0,0,0,0
922,479687,0,0,0,0,0,0,0,1,0,0,0,0,0
923,480208,0,0,0,0,0,0,0,1,0,0,0,0,0
924,480729,0,0,0,0,0,0,0,1,0,0,0,0,0
925,481250,0,0,0,0,0,0,0,1,0,0,0,0,0
926,481770,0,0,0,0,0,0,0,1,0,0,0,0,0
927,482291,0,0,0,0,0,0,0,1,0,0,0,0,0
928,482812,0,0,0,0,0,0,0,1,0,0,0,0,0
929,483333,0,0,0,0,0,0,0,1,0,0,0,0,0
930,483854,0,0,0,0,0,0,0,1,0,0,0,0,0
931,484375,0,0,0,0,0,0,0,1,0,0,0,0,0
932,484895,0,0,0,0,0,0,0,1,0,0,0,0,0
933,485416,0,0,0,0,0,0,0,1,0,0,0,0,0
934,485937,0,0,0,0,0,0,0,1,0,0,0,0,0
935,486458,0,0,0,0,0,0,0,1,0,0,0,0,0
936,486979,0,0,0,0,0,0,0,1,0,0,0,0,0
937,487500,0,0,0,0,0,0,0,1,0,0,0,0,0
938,488020,0,0,0,0,0,0,0,1,0,0,0,0,0
939,488541,0,0,0,0,0,0,0,1,0,0,0,0,0
940,489062,0,0,0,0,0,0,0,1,0,0,0,0,0
941,489583,0,0,0,0,0,0,0,1,0,0,0,0,0
942,490104,0,0,0,0,0,0,0,1,0,0,0,0,0
943,490625,0,0,0,0,0,0,0,1,0,0,0,0,0
944,491145,0,0,0,0,0,0,0,1,0,0,0,0,0
945,491666,0,0,0,0,0,0,0,1,0,0,0,0,0
946,492187,0,0,0,0,0,0,0,1,0,0,0,0,0
947,492708,0,0,0,0,0,0,0,1,0,0,0,0,0
948,493229,0,0,0,0,0,0,0,1,0,0,0,0,0
949,493750,0,0,0,0,0,0,0,1,0,0,0,0,0
950,494270,0,0,0,0,0,0,0,1,0,0,0,0,0
951,494791,0,0,0,0,0,0,0,1,0,0,0,0,0
952,495312,0,0,0,0,0,0,0,1,0,0,0,0,0
953,495833,0,0,0,0,0,0,0,1,0,0,0,0,0
954,496354,0,0,0,0,0,0,0,1,0,0,0,0,0
955,496875,0,0,0,0,0,0,0,1,0,0,0,0,0
956,497395,0,0,0,0,0,0,0,1,0,0,0,0,0
957,497916,0,0,0,0,0,0,0,1,0,0,0,0,0
958,498437,0,0,0,0,0,0,0,1,0,0,0,0,0
959,498958,0,0,0,0,0,0,0,1,0,0,0,0,0
960,499479,0,0,0,0,0,0,0,1,0,0,0,0,0
961,500000,0,0,0,0,0,0,0,1,0,0,0,0,0
962,500520,0,0,0,0,0,0,0,1,0,0,0,0,0
963,501041,0,0,0,0,0,0,0,1,0,0,0,0,0
964,501562,0,0,0,0,0,0,0,1,0,0,0,0,0
965,502083,0,0,0,0,0,0,0,1,0,0,0,0,0
966,502604,0,0,0,0,0,0,0,1,0,0,0,0,0
967,503125,0,0,0,0,0,0,0,1,0,0,0,0,0
968,503645,0,0,0,0,0,0,0,1,0,0,0,0,0
969,504166,0,0,0,0,0,0,0,1,0,0,0,0,0
970,504687,0,0,0,0,0,0,0,1,0,0,0,0,0
971,505208,0,0,0,0,0,0,0,1,0,0,0,0,0
972,505729,0,0,0,0,0,0,0,1,0,0,0,0,0
973,506250,0,0,0,0,0,0,0,1,0,0,0,0,0
974,506770,0,0,0,0,0,0,0,1,0,0,0,0,0
975,507291,0,0,0,0,0,0,0,1,0,0,0,0,0
976,507812,0,0,0,0,0,0,0,1,0,0,0,0,0
977,508333,0,0,0,0,0,0,0,1,0,0,0,0,0
978,508854,0,0,0,0,0,0,0,1,0,0,0,0,0
979,509375,0,0,0,0,0,0,0,1,0,0,0,0,0
980,509895,0,0,0,0,0,0,0,1,0,0,0,0,0
