1,0,0,-1108,1108,0,0,-23551,23551,0,0,0,0,1,0
2,520,250,-1211,962,0,5305,-25751,20446,0,0,0,0,1,0
3,1041,489,-1268,779,0,10407,-26962,16555,0,0,0,0,1,0
4,1562,711,-1276,566,0,15108,-27136,12028,0,0,0,0,1,0
5,2083,904,-1235,331,0,19229,-26268,7038,0,0,0,0,1,0
6,2604,1063,-1147,84,0,22611,-24390,1779,0,0,0,0,1,0
7,3125,1182,-1015,-167,0,25124,-21575,-3550,0,0,0,0,1,0
8,3645,1254,-843,-411,0,26672,-17931,-8741,0,0,0,0,1,0
9,4166,1279,-639,-639,0,27194,-13597,-13597,0,0,0,0,1,0
10,4687,1254,-411,-843,0,26672,-8741,-17931,0,0,0,0,1,0
11,5208,1182,-167,-1015,0,25124,-3550,-21575,0,0,0,0,1,0
12,5729,1063,84,-1147,0,22611,1779,-24390,0,0,0,0,1,0
13,6250,904,331,-1235,0,19229,7038,-26268,0,0,0,0,1,0
14,6770,711,566,-1276,0,15108,12028,-27136,0,0,0,0,1,0
15,7291,489,779,-1268,0,10407,16555,-26962,0,0,0,0,1,0
16,7812,250,962,-1211,0,5305,20446,-25751,0,0,0,0,1,0
17,8333,0,1108,-1108,0,0,23551,-23551,0,0,0,0,1,0
18,8854,-250,1211,-962,0,-5305,25751,-20446,0,0,0,0,1,0
19,9375,-489,1268,-779,0,-10407,26962,-16555,0,0,0,0,1,0
20,9895,-711,1276,-566,0,-15108,27136,-12028,0,0,0,0,1,0
21,10416,-904,1235,-331,0,-19229,26268,-7038,0,0,0,0,1,0
22,10937,-1063,1147,-84,0,-22611,24390,-1779,0,0,0,0,1,0
23,11458,-1182,1015,167,0,-25124,21575,3550,0,0,0,0,1,0
24,11979,-1254,843,411,0,-26672,17931,8741,0,0,0,0,1,0
25,12500,-1279,639,639,0,-27194,13597,13597,0,0,0,0,1,0
26,13020,-1254,411,843,0,-26672,8741,17931,0,0,0,0,1,0
27,13541,-1182,167,1015,0,-25124,3550,21575,0,0,0,0,1,0
28,14062,-1063,-84,1147,0,-22611,-1779,24390,0,0,0,0,1,0
29,14583,-904,-331,1235,0,-19229,-7038,26268,0,0,0,0,1,0
30,15104,-711,-566,1276,0,-15108,-12028,27136,0,0,0,0,1,0
31,15625,-489,-779,1268,0,-10407,-16555,26962,0,0,0,0,1,0
32,16145,-250,-962,1211,0,-5305,-20446,25751,0,0,0,0,1,0
33,16666,0,-1108,1108,0,0,-23551,23551,0,0,0,0,1,0
34,17187,250,-1211,962,0,5305,-25751,20446,0,0,0,0,1,0
35,17708,489,-1268,779,0,10407,-26962,16555,0,0,0,0,1,0
36,18229,711,-1276,566,0,15108,-27136,12028,0,0,0,0,1,0
37,18750,904,-1235,331,0,19229,-26268,7038,0,0,0,0,1,0
38,19270,1063,-1147,84,0,22611,-24390,1779,0,0,0,0,1,0
39,19791,1182,-1015,-167,0,25124,-21575,-3550,0,0,0,0,1,0
40,20312,1254,-843,-411,0,26672,-17931,-8741,0,0,0,0,1,0
41,20833,1279,-639,-639,0,27194,-13597,-13597,0,0,0,0,1,0
42,21354,1254,-411,-843,0,26672,-8741,-17931,0,0,0,0,1,0
43,21875,1182,-167,-1015,0,25124,-3550,-21575,0,0,0,0,1,0
44,22395,1063,84,-1147,0,22611,1779,-24390,0,0,0,0,1,0
45,22916,904,331,-1235,0,19229,7038,-26268,0,0,0,0,1,0
46,23437,711,566,-1276,0,15108,12028,-27136,0,0,0,0,1,0
47,23958,489,779,-1268,0,10407,16555,-26962,0,0,0,0,1,0
48,24479,250,962,-1211,0,5305,20446,-25751,0,0,0,0,1,0
49,25000,0,1108,-1108,0,0,23551,-23551,0,0,0,0,1,0
50,25520,-250,1211,-962,0,-5305,25751,-20446,0,0,0,0,1,0
51,26041,-489,1268,-779,0,-10407,26962,-16555,0,0,0,0,1,0
52,26562,-711,1276,-566,0,-15108,27136,-12028,0,0,0,0,1,0
53,27083,-904,1235,-331,0,-19229,26268,-7038,0,0,0,0,1,0
54,27604,-1063,1147,-84,0,-22611,24390,-1779,0,0,0,0,1,0
55,28125,-1182,1015,167,0,-25124,21575,3550,0,0,0,0,1,0
56,28645,-1254,843,411,0,-26672,17931,8741,0,0,0,0,1,0
57,29166,-1279,639,639,0,-27194,13597,13597,0,0,0,0,1,0
58,29687,-1254,411,843,0,-26672,8741,17931,0,0,0,0,1,0
59,30208,-1182,167,1015,0,-25124,3550,21575,0,0,0,0,1,0
60,30729,-1063,-84,1147,0,-22611,-1779,24390,0,0,0,0,1,0
61,31250,-904,-331,1235,0,-19229,-7038,26268,0,0,0,0,1,0
62,31770,-711,-566,1276,0,-15108,-12028,27136,0,0,0,0,1,0
63,32291,-489,-779,1268,0,-10407,-16555,26962,0,0,0,0,1,0
64,32812,-250,-962,1211,0,-5305,-20446,25751,0,0,0,0,1,0
65,33333,0,-1108,1108,0,0,-23551,23551,0,0,0,0,1,0
66,33854,250,-1211,962,0,5305,-25751,20446,0,0,0,0,1,0
67,34375,489,-1268,779,0,10407,-26962,16555,0,0,0,0,1,0
68,34895,711,-1276,566,0,15108,-27136,12028,0,0,0,0,1,0
69,35416,904,-1235,331,0,19229,-26268,7038,0,0,0,0,1,0
70,35937,1063,-1147,84,0,22611,-24390,1779,0,0,0,0,1,0
71,36458,1182,-1015,-167,0,25124,-21575,-3550,0,0,0,0,1,0
72,36979,1254,-843,-411,0,26672,-17931,-8741,0,0,0,0,1,0
73,37500,1279,-639,-639,0,27194,-13597,-13597,0,0,0,0,1,0
74,38020,1254,-411,-843,0,26672,-8741,-17931,0,0,0,0,1,0
75,38541,1182,-167,-1015,0,25124,-3550,-21575,0,0,0,0,1,0
76,39062,1063,84,-1147,0,22611,1779,-24390,0,0,0,0,1,0
77,39583,904,331,-1235,0,19229,7038,-26268,0,0,0,0,1,0
78,40104,711,566,-1276,0,15108,12028,-27136,0,0,0,0,1,0
79,40625,489,779,-1268,0,10407,16555,-26962,0,0,0,0,1,0
80,41145,250,962,-1211,0,5305,20446,-25751,0,0,0,0,1,0
81,41666,0,1108,-1108,0,0,23551,-23551,0,0,0,0,1,0
82,42187,-250,1211,-962,0,-5305,25751,-20446,0,0,0,0,1,0
83,42708,-489,1268,-779,0,-10407,26962,-16555,0,0,0,0,1,0
84,43229,-711,1276,-566,0,-15108,27136,-12028,0,0,0,0,1,0
85,43750,-904,1235,-331,0,-19229,26268,-7038,0,0,0,0,1,0
86,44270,-1063,1147,-84,0,-22611,24390,-1779,0,0,0,0,1,0
87,44791,-1182,1015,167,0,-25124,21575,3550,0,0,0,0,1,0
88,45312,-1254,843,411,0,-26672,17931,8741,0,0,0,0,1,0
89,45833,-1279,639,639,0,-27194,13597,13597,0,0,0,0,1,0
90,46354,-1254,411,843,0,-26672,8741,17931,0,0,0,0,1,0
91,46875,-1182,167,1015,0,-25124,3550,21575,0,0,0,0,1,0
92,47395,-1063,-84,1147,0,-22611,-1779,24390,0,0,0,0,1,0
93,47916,-904,-331,1235,0,-19229,-7038,26268,0,0,0,0,1,0
94,48437,-711,-566,1276,0,-15108,-12028,27136,0,0,0,0,1,0
95,48958,-489,-779,1268,0,-10407,-16555,26962,0,0,0,0,1,0
96,49479,-250,-962,1211,0,-5305,-20446,25751,0,0,0,0,1,0
97,50000,16337,-1108,-14147,1082,0,-27084,2355,0,0,0,0,1,0
98,50520,19231,-1211,-12112,5908,424,-29614,2045,0,0,0,0,1,0
99,51041,21840,-1268,-9805,10767,833,-31006,1655,0,0,0,0,1,0
100,51562,24055,-1276,-7312,15466,1209,-31207,1203,0,0,0,0,1,0
101,52083,25782,-1235,-4725,19821,1538,-30208,704,0,0,0,0,1,0
102,52604,26946,-1147,-2141,23658,1809,-28048,178,0,0,0,0,1,0
103,53125,27494,-1015,347,26826,2010,-24811,-355,0,0,0,0,1,0
104,53645,27397,-843,2644,29198,2134,-20620,-874,0,0,0,0,1,0
105,54166,26651,-639,4667,30679,2176,-15637,-1360,0,0,0,0,1,0
106,54687,25276,-411,6342,31207,2134,-10053,-1793,0,0,0,0,1,0
107,55208,23318,-167,7606,30757,2010,-4082,-2157,0,0,0,0,1,0
108,55729,20844,84,8415,29342,1809,2045,-2439,0,0,0,0,1,0
109,56250,17942,331,8740,27014,1538,8094,-2627,0,0,0,0,1,0
110,56770,14717,566,8573,23856,1209,13832,-2714,0,0,0,0,1,0
111,57291,11284,779,7923,19986,833,19038,-2696,0,0,0,0,1,0
112,57812,7770,962,6818,15549,424,23513,-2575,0,0,0,0,1,0
113,58333,4302,1108,5302,10712,0,27084,-2355,0,0,0,0,1,0
114,58854,1006,1211,3439,5656,-424,29614,-2045,0,0,0,0,1,0
115,59375,-1996,1268,1301,572,-833,31006,-1655,0,0,0,0,1,0
116,59895,-4597,1276,-1027,-4348,-1209,31207,-1203,0,0,0,0,1,0
117,60416,-6702,1235,-3451,-8918,-1538,30208,-704,0,0,0,0,1,0
118,60937,-8237,1147,-5877,-12968,-1809,28048,-178,0,0,0,0,1,0
119,61458,-9149,1015,-8209,-16343,-2010,24811,355,0,0,0,0,1,0
120,61979,-9409,843,-10354,-18919,-2134,20620,874,0,0,0,0,1,0
121,62500,-9013,639,-12227,-20600,-2176,15637,1360,0,0,0,0,1,0
122,63020,-7981,411,-13754,-21324,-2134,10053,1793,0,0,0,0,1,0
123,63541,-6359,167,-14874,-21066,-2010,4082,2157,0,0,0,0,1,0
124,64062,-4215,-84,-15541,-19840,-1809,-2045,2439,0,0,0,0,1,0
125,64583,-1636,-331,-15729,-17696,-1538,-8094,2627,0,0,0,0,1,0
126,65104,1272,-566,-15426,-14719,-1209,-13832,2714,0,0,0,0,1,0
127,65625,4394,-779,-14642,-11027,-833,-19038,2696,0,0,0,0,1,0
128,66145,7603,-962,-13406,-6764,-424,-23513,2575,0,0,0,0,1,0
129,66666,10773,-1108,-11763,-2098,0,-27084,2355,0,0,0,0,1,0
130,67187,13775,-1211,-9773,2790,424,-29614,2045,0,0,0,0,1,0
131,67708,16490,-1268,-7512,7710,833,-31006,1655,0,0,0,0,1,0
132,68229,18809,-1276,-5064,12469,1209,-31207,1203,0,0,0,0,1,0
133,68750,20638,-1235,-2521,16882,1538,-30208,704,0,0,0,0,1,0
134,69270,21902,-1147,21,20776,1809,-28048,178,0,0,0,0,1,0
135,69791,22548,-1015,2466,24000,2010,-24811,-355,0,0,0,0,1,0
136,70312,22548,-843,4723,26427,2134,-20620,-874,0,0,0,0,1,0
137,70833,21896,-639,6705,27962,2176,-15637,-1360,0,0,0,0,1,0
138,71354,20613,-411,8340,28542,2134,-10053,-1793,0,0,0,0,1,0
139,71875,18746,-167,9565,28144,2010,-4082,-2157,0,0,0,0,1,0
140,72395,16361,84,10336,26781,1809,2045,-2439,0,0,0,0,1,0
141,72916,13546,331,10624,24502,1538,8094,-2627,0,0,0,0,1,0
142,73437,10406,566,10421,21393,1209,13832,-2714,0,0,0,0,1,0
143,73958,7058,779,9735,17571,833,19038,-2696,0,0,0,0,1,0
144,74479,3625,962,8594,13181,424,23513,-2575,0,0,0,0,1,0
145,75000,238,1108,7044,8389,0,27084,-2355,0,0,0,0,1,0
146,75520,-2979,1211,5146,3379,-424,29614,-2045,0,0,0,0,1,0
147,76041,-5904,1268,2975,-1661,-833,31006,-1655,0,0,0,0,1,0
148,76562,-8429,1276,615,-6537,-1209,31207,-1203,0,0,0,0,1,0
149,77083,-10459,1235,-1841,-11065,-1538,30208,-704,0,0,0,0,1,0
150,77604,-11921,1147,-4299,-15073,-1809,28048,-178,0,0,0,0,1,0
151,78125,-12762,1015,-6661,-18408,-2010,24811,355,0,0,0,0,1,0
152,78645,-12951,843,-8835,-20943,-2134,20620,874,0,0,0,0,1,0
153,79166,-12486,639,-10738,-22585,-2176,15637,1360,0,0,0,0,1,0
154,79687,-11387,411,-12294,-23270,-2134,10053,1793,0,0,0,0,1,0
155,80208,-9699,167,-13443,-22974,-2010,4082,2157,0,0,0,0,1,0
156,80729,-7490,-84,-14138,-21711,-1809,-2045,2439,0,0,0,0,1,0
157,81250,-4847,-331,-14352,-19531,-1538,-8094,2627,0,0,0,0,1,0
158,81770,-1876,-566,-14076,-16518,-1209,-13832,2714,0,0,0,0,1,0
159,82291,1306,-779,-13319,-12791,-833,-19038,2696,0,0,0,0,1,0
160,82812,4576,-962,-12109,-8494,-424,-23513,2575,0,0,0,0,1,0
161,83333,7804,-1108,-10491,-3794,0,-27084,2355,0,0,0,0,1,0
162,83854,10864,-1211,-8526,1127,424,-29614,2045,0,0,0,0,1,0
163,84375,13636,-1268,-6289,6079,833,-31006,1655,0,0,0,0,1,0
164,84895,16010,-1276,-3865,10870,1209,-31207,1203,0,0,0,0,1,0
165,85416,17894,-1235,-1345,15313,1538,-30208,704,0,0,0,0,1,0
166,85937,19211,-1147,1174,19238,1809,-28048,178,0,0,0,0,1,0
167,86458,19910,-1015,3597,22492,2010,-24811,-355,0,0,0,0,1,0
168,86979,19960,-843,5832,24949,2134,-20620,-874,0,0,0,0,1,0
169,87500,19359,-639,7793,26512,2176,-15637,-1360,0,0,0,0,1,0
170,88020,18126,-411,9406,27121,2134,-10053,-1793,0,0,0,0,1,0
171,88541,16307,-167,10611,26750,2010,-4082,-2157,0,0,0,0,1,0
172,89062,13969,84,11361,25414,1809,2045,-2439,0,0,0,0,1,0
173,89583,11201,331,11629,23161,1538,8094,-2627,0,0,0,0,1,0
174,90104,8107,566,11406,20078,1209,13832,-2714,0,0,0,0,1,0
175,90625,4803,779,10701,16282,833,19038,-2696,0,0,0,0,1,0
176,91145,1414,962,9542,11917,424,23513,-2575,0,0,0,0,1,0
177,91666,-1931,1108,7973,7150,0,27084,-2355,0,0,0,0,1,0
178,92187,-5105,1211,6058,2164,-424,29614,-2045,0,0,0,0,1,0
179,92708,-7988,1268,3869,-2852,-833,31006,-1655,0,0,0,0,1,0
180,93229,-10473,1276,1491,-7705,-1209,31207,-1203,0,0,0,0,1,0
181,93750,-12464,1235,-982,-12210,-1538,30208,-704,0,0,0,0,1,0
182,94270,-13887,1147,-3456,-16196,-1809,28048,-178,0,0,0,0,1,0
183,94791,-14689,1015,-5835,-19509,-2010,24811,355,0,0,0,0,1,0
184,95312,-14841,843,-8026,-22023,-2134,20620,874,0,0,0,0,1,0
185,95833,-14339,639,-9944,-23643,-2176,15637,1360,0,0,0,0,1,0
186,96354,-13203,411,-11516,-24308,-2134,10053,1793,0,0,0,0,1,0
187,96875,-11480,167,-12679,-23992,-2010,4082,2157,0,0,0,0,1,0
188,97395,-9236,-84,-13389,-22709,-1809,-2045,2439,0,0,0,0,1,0
189,97916,-6560,-331,-13618,-20510,-1538,-8094,2627,0,0,0,0,1,0
190,98437,-3556,-566,-13356,-17478,-1209,-13832,2714,0,0,0,0,1,0
191,98958,-340,-779,-12613,-13732,-833,-19038,2696,0,0,0,0,1,0
192,99479,2961,-962,-11417,-9417,-424,-23513,2575,0,0,0,0,1,0
193,100000,6221,-1108,-9812,-4699,0,-27084,2355,0,0,0,0,1,0
194,100520,9312,-1211,-7861,240,424,-29614,2045,0,0,0,0,1,0
195,101041,12113,-1268,-5636,5209,833,-31006,1655,0,0,0,0,1,0
196,101562,14517,-1276,-3225,10016,1209,-31207,1203,0,0,0,0,1,0
197,102083,16430,-1235,-717,14477,1538,-30208,704,0,0,0,0,1,0
198,102604,17776,-1147,1789,18418,1809,-28048,178,0,0,0,0,1,0
199,103125,18502,-1015,4200,21688,2010,-24811,-355,0,0,0,0,1,0
200,103645,18580,-843,6423,24160,2134,-20620,-874,0,0,0,0,1,0
201,104166,18005,-639,8373,25739,2176,-15637,-1360,0,0,0,0,1,0
202,104687,16799,-411,9975,26362,2134,-10053,-1793,0,0,0,0,1,0
203,105208,15006,-167,11168,26007,2010,-4082,-2157,0,0,0,0,1,0
204,105729,12693,84,11908,24685,1809,2045,-2439,0,0,0,0,1,0
205,106250,9950,331,12166,22447,1538,8094,-2627,0,0,0,0,1,0
206,106770,6880,566,11932,19377,1209,13832,-2714,0,0,0,0,1,0
207,107291,3600,779,11216,15595,833,19038,-2696,0,0,0,0,1,0
208,107812,235,962,10047,11243,424,23513,-2575,0,0,0,0,1,0
209,108333,-3087,1108,8469,6490,0,27084,-2355,0,0,0,0,1,0
210,108854,-6239,1211,6544,1516,-424,29614,-2045,0,0,0,0,1,0
211,109375,-9101,1268,4345,-3487,-833,31006,-1655,0,0,0,0,1,0
212,109895,-11563,1276,1959,-8328,-1209,31207,-1203,0,0,0,0,1,0
213,110416,-13533,1235,-524,-12822,-1538,30208,-704,0,0,0,0,1,0
214,110937,-14935,1147,-3007,-16795,-1809,28048,-178,0,0,0,0,1,0
215,111458,-15717,1015,-5394,-20096,-2010,24811,355,0,0,0,0,1,0
216,111979,-15849,843,-7594,-22599,-2134,20620,874,0,0,0,0,1,0
217,112500,-15327,639,-9520,-24208,-2176,15637,1360,0,0,0,0,1,0
218,113020,-14173,411,-11100,-24862,-2134,10053,1793,0,0,0,0,1,0
219,113541,-12431,167,-12272,-24535,-2010,4082,2157,0,0,0,0,1,0
220,114062,-10168,-84,-12990,-23242,-1809,-2045,2439,0,0,0,0,1,0
221,114583,-7474,-331,-13227,-21032,-1538,-8094,2627,0,0,0,0,1,0
222,115104,-4452,-566,-12972,-17990,-1209,-13832,2714,0,0,0,0,1,0
223,115625,-1219,-779,-12237,-14234,-833,-19038,2696,0,0,0,0,1,0
224,116145,2100,-962,-11047,-9909,-424,-23513,2575,0,0,0,0,1,0
225,116666,5376,-1108,-9450,-5182,0,-27084,2355,0,0,0,0,1,0
226,117187,8483,-1211,-7505,-233,424,-29614,2045,0,0,0,0,1,0
227,117708,11301,-1268,-5288,4745,833,-31006,1655,0,0,0,0,1,0
228,118229,13721,-1276,-2883,9561,1209,-31207,1203,0,0,0,0,1,0
229,118750,15649,-1235,-383,14031,1538,-30208,704,0,0,0,0,1,0
230,119270,17010,-1147,2118,17981,1809,-28048,178,0,0,0,0,1,0
231,119791,17751,-1015,4522,21259,2010,-24811,-355,0,0,0,0,1,0
232,120312,17844,-843,6739,23739,2134,-20620,-874,0,0,0,0,1,0
233,120833,17283,-639,8682,25326,2176,-15637,-1360,0,0,0,0,1,0
234,121354,16091,-411,10278,25958,2134,-10053,-1793,0,0,0,0,1,0
235,121875,14311,-167,11466,25610,2010,-4082,-2157,0,0,0,0,1,0
236,122395,12013,84,12200,24296,1809,2045,-2439,0,0,0,0,1,0
237,122916,9282,331,12452,22065,1538,8094,-2627,0,0,0,0,1,0
238,123437,6225,566,12212,19003,1209,13832,-2714,0,0,0,0,1,0
239,123958,2958,779,11492,15228,833,19038,-2696,0,0,0,0,1,0
240,124479,-395,962,10317,10884,424,23513,-2575,0,0,0,0,1,0
241,125000,-3704,1108,8734,6137,0,27084,-2355,0,0,0,0,1,0
242,125520,-6844,1211,6803,1170,-424,29614,-2045,0,0,0,0,1,0
243,126041,-9694,1268,4599,-3826,-833,31006,-1655,0,0,0,0,1,0
244,126562,-12145,1276,2208,-8661,-1209,31207,-1203,0,0,0,0,1,0
245,127083,-14103,1235,-280,-13147,-1538,30208,-704,0,0,0,0,1,0
246,127604,-15494,1147,-2767,-17115,-1809,28048,-178,0,0,0,0,1,0
247,128124,-16265,1015,-5159,-20410,-2010,24811,355,0,0,0,0,1,0
248,128645,-16387,843,-7363,-22907,-2134,20620,874,0,0,0,0,1,0
249,129166,-15855,639,-9294,-24510,-2176,15637,1360,0,0,0,0,1,0
250,129687,-14690,411,-10879,-25157,-2134,10053,1793,0,0,0,0,1,0
251,130208,-12938,167,-12055,-24825,-2010,4082,2157,0,0,0,0,1,0
252,130729,-10666,-84,-12777,-23526,-1809,-2045,2439,0,0,0,0,1,0
253,131250,-7962,-331,-13018,-21310,-1538,-8094,2627,0,0,0,0,1,0
254,131770,-4930,-566,-12768,-18263,-1209,-13832,2714,0,0,0,0,1,0
255,132291,-1688,-779,-12036,-14502,-833,-19038,2696,0,0,0,0,1,0
256,132812,1640,-962,-10850,-10172,-424,-23513,2575,0,0,0,0,1,0
257,133333,4925,-1108,-9257,-5439,0,-27084,2355,0,0,0,0,1,0
258,133854,8041,-1211,-7316,-486,424,-29614,2045,0,0,0,0,1,0
259,134375,10868,-1268,-5103,4497,833,-31006,1655,0,0,0,0,1,0
260,134895,13296,-1276,-2701,9319,1209,-31207,1203,0,0,0,0,1,0
261,135416,15232,-1235,-204,13793,1538,-30208,704,0,0,0,0,1,0
262,135937,16601,-1147,2293,17747,1809,-28048,178,0,0,0,0,1,0
263,136458,17351,-1015,4694,21030,2010,-24811,-355,0,0,0,0,1,0
264,136979,17451,-843,6907,23515,2134,-20620,-874,0,0,0,0,1,0
265,137500,16898,-639,8847,25106,2176,-15637,-1360,0,0,0,0,1,0
266,138020,15713,-411,10440,25742,2134,-10053,-1793,0,0,0,0,1,0
267,138541,13941,-167,11625,25399,2010,-4082,-2157,0,0,0,0,1,0
268,139062,11649,84,12355,24088,1809,2045,-2439,0,0,0,0,1,0
269,139583,8926,331,12604,21862,1538,8094,-2627,0,0,0,0,1,0
270,140104,5876,566,12362,18804,1209,13832,-2714,0,0,0,0,1,0
271,140625,2615,779,11638,15032,833,19038,-2696,0,0,0,0,1,0
272,141145,-730,962,10461,10692,424,23513,-2575,0,0,0,0,1,0
273,141666,-4033,1108,8875,5949,0,27084,-2355,0,0,0,0,1,0
274,142187,-7167,1211,6941,986,-424,29614,-2045,0,0,0,0,1,0
275,142708,-10010,1268,4735,-4007,-833,31006,-1655,0,0,0,0,1,0
276,143229,-12455,1276,2341,-8838,-1209,31207,-1203,0,0,0,0,1,0
277,143750,-14408,1235,-149,-13321,-1538,30208,-704,0,0,0,0,1,0
278,144270,-15793,1147,-2639,-17285,-1809,28048,-178,0,0,0,0,1,0
279,144791,-16558,1015,-5034,-20577,-2010,24811,355,0,0,0,0,1,0
280,145312,-16674,843,-7240,-23071,-2134,20620,874,0,0,0,0,1,0
281,145833,-16136,639,-9174,-24670,-2176,15637,1360,0,0,0,0,1,0
282,146354,-14966,411,-10760,-25315,-2134,10053,1793,0,0,0,0,1,0
283,146875,-13208,167,-11939,-24980,-2010,4082,2157,0,0,0,0,1,0
284,147395,-10931,-84,-12663,-23678,-1809,-2045,2439,0,0,0,0,1,0
285,147916,-8222,-331,-12906,-21459,-1538,-8094,2627,0,0,0,0,1,0
286,148437,-5185,-566,-12658,-18409,-1209,-13832,2714,0,0,0,0,1,0
287,148958,-1938,-779,-11929,-14645,-833,-19038,2696,0,0,0,0,1,0
288,149479,1395,-962,-10745,-10312,-424,-23513,2575,0,0,0,0,1,0
289,150000,4685,-1108,-9154,-5577,0,-27084,2355,0,0,0,0,1,0
290,150520,7805,-1211,-7215,-621,424,-29614,2045,0,0,0,0,1,0
291,151041,10637,-1268,-5004,4365,833,-31006,1655,0,0,0,0,1,0
292,151562,13069,-1276,-2604,9189,1209,-31207,1203,0,0,0,0,1,0
293,152083,15010,-1235,-109,13666,1538,-30208,704,0,0,0,0,1,0
294,152604,16383,-1147,2386,17622,1809,-28048,178,0,0,0,0,1,0
295,153125,17137,-1015,4785,20908,2010,-24811,-355,0,0,0,0,1,0
296,153645,17242,-843,6997,23395,2134,-20620,-874,0,0,0,0,1,0
297,154166,16693,-639,8935,24989,2176,-15637,-1360,0,0,0,0,1,0
298,154687,15512,-411,10526,25627,2134,-10053,-1793,0,0,0,0,1,0
299,155208,13743,-167,11709,25286,2010,-4082,-2157,0,0,0,0,1,0
300,155729,11456,84,12438,23978,1809,2045,-2439,0,0,0,0,1,0
301,156250,8736,331,12686,21753,1538,8094,-2627,0,0,0,0,1,0
302,156770,5690,566,12442,18697,1209,13832,-2714,0,0,0,0,1,0
303,157291,2433,779,11717,14928,833,19038,-2696,0,0,0,0,1,0
304,157812,-910,962,10537,10589,424,23513,-2575,0,0,0,0,1,0
305,158333,-4209,1108,8950,5848,0,27084,-2355,0,0,0,0,1,0
306,158854,-7339,1211,7015,887,-424,29614,-2045,0,0,0,0,1,0
307,159375,-10179,1268,4807,-4104,-833,31006,-1655,0,0,0,0,1,0
308,159895,-12621,1276,2412,-8933,-1209,31207,-1203,0,0,0,0,1,0
309,160416,-14570,1235,-80,-13414,-1538,30208,-704,0,0,0,0,1,0
310,160937,-15952,1147,-2571,-17376,-1809,28048,-178,0,0,0,0,1,0
311,161458,-16714,1015,-4967,-20666,-2010,24811,355,0,0,0,0,1,0
312,161979,-16827,843,-7175,-23158,-2134,20620,874,0,0,0,0,1,0
313,162500,-16286,639,-9110,-24756,-2176,15637,1360,0,0,0,0,1,0
314,163020,-15113,411,-10697,-25399,-2134,10053,1793,0,0,0,0,1,0
315,163541,-13352,167,-11877,-25062,-2010,4082,2157,0,0,0,0,1,0
316,164062,-11072,-84,-12603,-23759,-1809,-2045,2439,0,0,0,0,1,0
317,164583,-8361,-331,-12847,-21538,-1538,-8094,2627,0,0,0,0,1,0
318,165104,-5321,-566,-12600,-18487,-1209,-13832,2714,0,0,0,0,1,0
319,165625,-2071,-779,-11871,-14721,-833,-19038,2696,0,0,0,0,1,0
320,166145,1264,-962,-10689,-10387,-424,-23513,2575,0,0,0,0,1,0
321,166666,4557,-1108,-9099,-5650,0,-27084,2355,0,0,0,0,1,0
322,167187,7680,-1211,-7161,-693,424,-29614,2045,0,0,0,0,1,0
323,167708,10513,-1268,-4951,4295,833,-31006,1655,0,0,0,0,1,0
324,168229,12948,-1276,-2552,9120,1209,-31207,1203,0,0,0,0,1,0
325,168750,14891,-1235,-58,13598,1538,-30208,704,0,0,0,0,1,0
326,169270,16267,-1147,2436,17556,1809,-28048,178,0,0,0,0,1,0
327,169791,17023,-1015,4834,20843,2010,-24811,-355,0,0,0,0,1,0
328,170312,17130,-843,7045,23331,2134,-20620,-874,0,0,0,0,1,0
329,170833,16583,-639,8982,24926,2176,-15637,-1360,0,0,0,0,1,0
330,171354,15404,-411,10572,25566,2134,-10053,-1793,0,0,0,0,1,0
331,171875,13638,-167,11754,25225,2010,-4082,-2157,0,0,0,0,1,0
332,172395,11352,84,12483,23919,1809,2045,-2439,0,0,0,0,1,0
333,172916,8635,331,12729,21695,1538,8094,-2627,0,0,0,0,1,0
334,173437,5590,566,12485,18641,1209,13832,-2714,0,0,0,0,1,0
335,173958,2335,779,11758,14872,833,19038,-2696,0,0,0,0,1,0
336,174479,-1005,962,10578,10535,424,23513,-2575,0,0,0,0,1,0
337,175000,-4303,1108,8990,5795,0,27084,-2355,0,0,0,0,1,0
338,175520,-7431,1211,7054,835,-424,29614,-2045,0,0,0,0,1,0
339,176041,-10269,1268,4846,-4155,-833,31006,-1655,0,0,0,0,1,0
340,176562,-12709,1276,2450,-8983,-1209,31207,-1203,0,0,0,0,1,0
341,177083,-14657,1235,-42,-13464,-1538,30208,-704,0,0,0,0,1,0
342,177604,-16037,1147,-2535,-17425,-1809,28048,-178,0,0,0,0,1,0
343,178125,-16797,1015,-4931,-20714,-2010,24811,355,0,0,0,0,1,0
344,178645,-16908,843,-7140,-23205,-2134,20620,874,0,0,0,0,1,0
345,179166,-16366,639,-9075,-24802,-2176,15637,1360,0,0,0,0,1,0
346,179687,-15191,411,-10664,-25444,-2134,10053,1793,0,0,0,0,1,0
347,180208,-13429,167,-11844,-25106,-2010,4082,2157,0,0,0,0,1,0
348,180729,-11148,-84,-12570,-23802,-1809,-2045,2439,0,0,0,0,1,0
349,181250,-8435,-331,-12815,-21581,-1538,-8094,2627,0,0,0,0,1,0
350,181770,-5394,-566,-12569,-18528,-1209,-13832,2714,0,0,0,0,1,0
351,182291,-2143,-779,-11841,-14762,-833,-19038,2696,0,0,0,0,1,0
352,182812,1194,-962,-10659,-10427,-424,-23513,2575,0,0,0,0,1,0
353,183333,4488,-1108,-9069,-5689,0,-27084,2355,0,0,0,0,1,0
354,183854,7613,-1211,-7132,-731,424,-29614,2045,0,0,0,0,1,0
355,184375,10448,-1268,-4922,4257,833,-31006,1655,0,0,0,0,1,0
356,184895,12884,-1276,-2525,9083,1209,-31207,1203,0,0,0,0,1,0
357,185416,14828,-1235,-31,13562,1538,-30208,704,0,0,0,0,1,0
358,185937,16205,-1147,2463,17521,1809,-28048,178,0,0,0,0,1,0
359,186458,16962,-1015,4860,20808,2010,-24811,-355,0,0,0,0,1,0
360,186979,17070,-843,7070,23297,2134,-20620,-874,0,0,0,0,1,0
361,187500,16525,-639,9007,24892,2176,-15637,-1360,0,0,0,0,1,0
362,188020,15347,-411,10597,25533,2134,-10053,-1793,0,0,0,0,1,0
363,188541,13582,-167,11778,25193,2010,-4082,-2157,0,0,0,0,1,0
364,189062,11297,84,12506,23887,1809,2045,-2439,0,0,0,0,1,0
365,189583,8581,331,12752,21664,1538,8094,-2627,0,0,0,0,1,0
366,190104,5537,566,12507,18610,1209,13832,-2714,0,0,0,0,1,0
367,190625,2283,779,11781,14843,833,19038,-2696,0,0,0,0,1,0
368,191145,-1056,962,10600,10506,424,23513,-2575,0,0,0,0,1,0
369,191666,-4353,1108,9011,5766,0,27084,-2355,0,0,0,0,1,0
370,192187,-7480,1211,7075,807,-424,29614,-2045,0,0,0,0,1,0
371,192708,-10317,1268,4867,-4183,-833,31006,-1655,0,0,0,0,1,0
372,193229,-12756,1276,2470,-9010,-1209,31207,-1203,0,0,0,0,1,0
373,193750,-14703,1235,-23,-13490,-1538,30208,-704,0,0,0,0,1,0
374,194270,-16082,1147,-2515,-17450,-1809,28048,-178,0,0,0,0,1,0
375,194791,-16842,1015,-4912,-20739,-2010,24811,355,0,0,0,0,1,0
376,195312,-16952,843,-7121,-23230,-2134,20620,874,0,0,0,0,1,0
377,195833,-16409,639,-9057,-24826,-2176,15637,1360,0,0,0,0,1,0
378,196354,-15233,411,-10646,-25468,-2134,10053,1793,0,0,0,0,1,0
379,196875,-13470,167,-11826,-25130,-2010,4082,2157,0,0,0,0,1,0
380,197395,-11188,-84,-12553,-23825,-1809,-2045,2439,0,0,0,0,1,0
381,197916,-8474,-331,-12798,-21603,-1538,-8094,2627,0,0,0,0,1,0
382,198437,-5433,-566,-12552,-18550,-1209,-13832,2714,0,0,0,0,1,0
383,198958,-2181,-779,-11825,-14784,-833,-19038,2696,0,0,0,0,1,0
384,199479,1157,-962,-10643,-10448,-424,-23513,2575,0,0,0,0,1,0
385,200000,4452,-1108,-9054,-5710,0,-27084,2355,0,0,0,0,1,0
386,200520,7577,-1211,-7117,-751,424,-29614,2045,0,0,0,0,1,0
387,201041,10412,-1268,-4907,4237,833,-31006,1655,0,0,0,0,1,0
388,201562,12849,-1276,-2510,9063,1209,-31207,1203,0,0,0,0,1,0
389,202083,14794,-1235,-17,13542,1538,-30208,704,0,0,0,0,1,0
390,202604,16172,-1147,2477,17502,1809,-28048,178,0,0,0,0,1,0
391,203125,16930,-1015,4874,20789,2010,-24811,-355,0,0,0,0,1,0
392,203645,17038,-843,7084,23279,2134,-20620,-874,0,0,0,0,1,0
393,204166,16493,-639,9021,24875,2176,-15637,-1360,0,0,0,0,1,0
394,204687,15316,-411,10610,25515,2134,-10053,-1793,0,0,0,0,1,0
395,205208,13552,-167,11791,25176,2010,-4082,-2157,0,0,0,0,1,0
396,205729,11268,84,12519,23870,1809,2045,-2439,0,0,0,0,1,0
397,206250,8552,331,12765,21648,1538,8094,-2627,0,0,0,0,1,0
398,206770,5509,566,12519,18594,1209,13832,-2714,0,0,0,0,1,0
399,207291,2256,779,11792,14827,833,19038,-2696,0,0,0,0,1,0
400,207812,-1083,962,10612,10490,424,23513,-2575,0,0,0,0,1,0
401,208333,-4379,1108,9023,5751,0,27084,-2355,0,0,0,0,1,0
402,208854,-7506,1211,7087,792,-424,29614,-2045,0,0,0,0,1,0
403,209375,-10343,1268,4878,-4197,-833,31006,-1655,0,0,0,0,1,0
404,209895,-12781,1276,2481,-9024,-1209,31207,-1203,0,0,0,0,1,0
405,210416,-14727,1235,-12,-13504,-1538,30208,-704,0,0,0,0,1,0
406,210937,-16106,1147,-2505,-17464,-1809,28048,-178,0,0,0,0,1,0
407,211458,-16865,1015,-4902,-20753,-2010,24811,355,0,0,0,0,1,0
408,211979,-16975,843,-7111,-23243,-2134,20620,874,0,0,0,0,1,0
409,212500,-16432,639,-9047,-24839,-2176,15637,1360,0,0,0,0,1,0
410,213020,-15256,411,-10636,-25481,-2134,10053,1793,0,0,0,0,1,0
411,213541,-13492,167,-11817,-25142,-2010,4082,2157,0,0,0,0,1,0
412,214062,-11210,-84,-12544,-23837,-1809,-2045,2439,0,0,0,0,1,0
413,214583,-8495,-331,-12789,-21615,-1538,-8094,2627,0,0,0,0,1,0
414,215104,-5453,-566,-12543,-18562,-1209,-13832,2714,0,0,0,0,1,0
415,215625,-2201,-779,-11816,-14795,-833,-19038,2696,0,0,0,0,1,0
416,216145,1137,-962,-10635,-10459,-424,-23513,2575,0,0,0,0,1,0
417,216666,4432,-1108,-9045,-5721,0,-27084,2355,0,0,0,0,1,0
418,217187,7558,-1211,-7109,-762,424,-29614,2045,0,0,0,0,1,0
419,217708,10394,-1268,-4899,4226,833,-31006,1655,0,0,0,0,1,0
420,218229,12831,-1276,-2502,9053,1209,-31207,1203,0,0,0,0,1,0
421,218750,14776,-1235,-9,13532,1538,-30208,704,0,0,0,0,1,0
422,219270,16154,-1147,2484,17492,1809,-28048,178,0,0,0,0,1,0
423,219791,16912,-1015,4882,20779,2010,-24811,-355,0,0,0,0,1,0
424,220312,17021,-843,7091,23269,2134,-20620,-874,0,0,0,0,1,0
425,220833,16477,-639,9028,24865,2176,-15637,-1360,0,0,0,0,1,0
426,221354,15300,-411,10617,25506,2134,-10053,-1793,0,0,0,0,1,0
427,221875,13536,-167,11798,25167,2010,-4082,-2157,0,0,0,0,1,0
428,222395,11252,84,12526,23861,1809,2045,-2439,0,0,0,0,1,0
429,222916,8537,331,12771,21639,1538,8094,-2627,0,0,0,0,1,0
430,223437,5494,566,12526,18586,1209,13832,-2714,0,0,0,0,1,0
431,223958,2241,779,11799,14818,833,19038,-2696,0,0,0,0,1,0
432,224479,-1098,962,10618,10482,424,23513,-2575,0,0,0,0,1,0
433,225000,-4394,1108,9029,5743,0,27084,-2355,0,0,0,0,1,0
434,225520,-7520,1211,7093,784,-424,29614,-2045,0,0,0,0,1,0
435,226041,-10357,1268,4884,-4205,-833,31006,-1655,0,0,0,0,1,0
436,226562,-12795,1276,2486,-9032,-1209,31207,-1203,0,0,0,0,1,0
437,227083,-14741,1235,-6,-13512,-1538,30208,-704,0,0,0,0,1,0
438,227604,-16119,1147,-2499,-17472,-1809,28048,-178,0,0,0,0,1,0
439,228125,-16878,1015,-4896,-20760,-2010,24811,355,0,0,0,0,1,0
440,228645,-16988,843,-7106,-23250,-2134,20620,874,0,0,0,0,1,0
441,229166,-16444,639,-9042,-24846,-2176,15637,1360,0,0,0,0,1,0
442,229687,-15268,411,-10631,-25487,-2134,10053,1793,0,0,0,0,1,0
443,230208,-13504,167,-11812,-25149,-2010,4082,2157,0,0,0,0,1,0
444,230729,-11221,-84,-12539,-23844,-1809,-2045,2439,0,0,0,0,1,0
445,231250,-8506,-331,-12784,-21622,-1538,-8094,2627,0,0,0,0,1,0
446,231770,-5464,-566,-12539,-18569,-1209,-13832,2714,0,0,0,0,1,0
447,232291,-2212,-779,-11811,-14802,-833,-19038,2696,0,0,0,0,1,0
448,232812,1126,-962,-10630,-10465,-424,-23513,2575,0,0,0,0,1,0
449,233333,4422,-1108,-9041,-5727,0,-27084,2355,0,0,0,0,1,0
450,233854,7548,-1211,-7104,-768,424,-29614,2045,0,0,0,0,1,0
451,234375,10384,-1268,-4895,4221,833,-31006,1655,0,0,0,0,1,0
452,234895,12821,-1276,-2498,9047,1209,-31207,1203,0,0,0,0,1,0
453,235416,14767,-1235,-5,13527,1538,-30208,704,0,0,0,0,1,0
454,235937,16145,-1147,2488,17486,1809,-28048,178,0,0,0,0,1,0
455,236458,16903,-1015,4886,20774,2010,-24811,-355,0,0,0,0,1,0
456,236979,17012,-843,7095,23264,2134,-20620,-874,0,0,0,0,1,0
457,237500,16468,-639,9032,24860,2176,-15637,-1360,0,0,0,0,1,0
458,238020,15291,-411,10621,25501,2134,-10053,-1793,0,0,0,0,1,0
459,238541,13527,-167,11802,25162,2010,-4082,-2157,0,0,0,0,1,0
460,239062,11244,84,12529,23857,1809,2045,-2439,0,0,0,0,1,0
461,239583,8529,331,12775,21634,1538,8094,-2627,0,0,0,0,1,0
462,240104,5486,566,12529,18581,1209,13832,-2714,0,0,0,0,1,0
463,240625,2233,779,11802,14814,833,19038,-2696,0,0,0,0,1,0
464,241145,-1106,962,10621,10477,424,23513,-2575,0,0,0,0,1,0
465,241666,-4401,1108,9032,5739,0,27084,-2355,0,0,0,0,1,0
466,242187,-7527,1211,7096,780,-424,29614,-2045,0,0,0,0,1,0
467,242708,-10364,1268,4887,-4209,-833,31006,-1655,0,0,0,0,1,0
468,243229,-12802,1276,2490,-9036,-1209,31207,-1203,0,0,0,0,1,0
469,243750,-14748,1235,-3,-13516,-1538,30208,-704,0,0,0,0,1,0
470,244270,-16126,1147,-2496,-17476,-1809,28048,-178,0,0,0,0,1,0
471,244791,-16885,1015,-4894,-20764,-2010,24811,355,0,0,0,0,1,0
472,245312,-16994,843,-7103,-23254,-2134,20620,874,0,0,0,0,1,0
473,245833,-16450,639,-9039,-24850,-2176,15637,1360,0,0,0,0,1,0
474,246354,-15274,411,-10628,-25491,-2134,10053,1793,0,0,0,0,1,0
475,246875,-13510,167,-11809,-25152,-2010,4082,2157,0,0,0,0,1,0
476,247395,-11227,-84,-12536,-23847,-1809,-2045,2439,0,0,0,0,1,0
477,247916,-8512,-331,-12782,-21625,-1538,-8094,2627,0,0,0,0,1,0
478,248437,-5470,-566,-12536,-18572,-1209,-13832,2714,0,0,0,0,1,0
479,248958,-2217,-779,-11809,-14805,-833,-19038,2696,0,0,0,0,1,0
480,249479,1121,-962,-10628,-10469,-424,-23513,2575,0,0,0,0,1,0
481,250000,4416,-1108,-9039,-5730,0,-27084,2355,0,0,0,0,1,0
482,250520,7542,-1211,-7102,-771,424,-29614,2045,0,0,0,0,1,0
483,251041,10378,-1268,-4893,4218,833,-31006,1655,0,0,0,0,1,0
484,251562,12816,-1276,-2496,9044,1209,-31207,1203,0,0,0,0,1,0
485,252083,14762,-1235,-3,13524,1538,-30208,704,0,0,0,0,1,0
486,252604,16140,-1147,2491,17483,1809,-28048,178,0,0,0,0,1,0
487,253125,16898,-1015,4888,20771,2010,-24811,-355,0,0,0,0,1,0
488,253645,17007,-843,7097,23261,2134,-20620,-874,0,0,0,0,1,0
489,254166,16463,-639,9034,24857,2176,-15637,-1360,0,0,0,0,1,0
490,254687,15287,-411,10623,25498,2134,-10053,-1793,0,0,0,0,1,0
491,255208,13523,-167,11804,25160,2010,-4082,-2157,0,0,0,0,1,0
492,255729,11239,84,12531,23854,1809,2045,-2439,0,0,0,0,1,0
493,256249,8524,331,12777,21632,1538,8094,-2627,0,0,0,0,1,0
494,256770,5482,566,12531,18579,1209,13832,-2714,0,0,0,0,1,0
495,257291,2229,779,11804,14811,833,19038,-2696,0,0,0,0,1,0
496,257812,-1110,962,10623,10475,424,23513,-2575,0,0,0,0,1,0
497,258333,-4405,1108,9034,5736,0,27084,-2355,0,0,0,0,1,0
498,258854,-7531,1211,7098,777,-424,29614,-2045,0,0,0,0,1,0
499,259375,-10368,1268,4888,-4211,-833,31006,-1655,0,0,0,0,1,0
500,259895,-12806,1276,2491,-9038,-1209,31207,-1203,0,0,0,0,1,0
501,260416,-14751,1235,-2,-13518,-1538,30208,-704,0,0,0,0,1,0
502,260937,-16130,1147,-2495,-17478,-1809,28048,-178,0,0,0,0,1,0
503,261458,-16888,1015,-4892,-20766,-2010,24811,355,0,0,0,0,1,0
504,261979,-16998,843,-7101,-23256,-2134,20620,874,0,0,0,0,1,0
505,262500,-16454,639,-9038,-24852,-2176,15637,1360,0,0,0,0,1,0
506,263020,-15277,411,-10627,-25493,-2134,10053,1793,0,0,0,0,1,0
507,263541,-13514,167,-11808,-25154,-2010,4082,2157,0,0,0,0,1,0
508,264062,-11230,-84,-12535,-23849,-1809,-2045,2439,0,0,0,0,1,0
509,264583,-8516,-331,-12780,-21627,-1538,-8094,2627,0,0,0,0,1,0
510,265104,-5473,-566,-12535,-18574,-1209,-13832,2714,0,0,0,0,1,0
511,265625,-2220,-779,-11808,-14807,-833,-19038,2696,0,0,0,0,1,0
512,266145,1118,-962,-10627,-10470,-424,-23513,2575,0,0,0,0,1,0
513,266666,4413,-1108,-9037,-5732,0,-27084,2355,0,0,0,0,1,0
514,267187,7539,-1211,-7101,-773,424,-29614,2045,0,0,0,0,1,0
515,267708,10376,-1268,-4892,4216,833,-31006,1655,0,0,0,0,1,0
516,268229,12813,-1276,-2494,9043,1209,-31207,1203,0,0,0,0,1,0
517,268750,14759,-1235,-1,13522,1538,-30208,704,0,0,0,0,1,0
518,269270,16137,-1147,2492,17482,1809,-28048,178,0,0,0,0,1,0
519,269791,16896,-1015,4889,20770,2010,-24811,-355,0,0,0,0,1,0
520,270312,17005,-843,7098,23260,2134,-20620,-874,0,0,0,0,1,0
521,270833,16461,-639,9035,24856,2176,-15637,-1360,0,0,0,0,1,0
522,271354,15284,-411,10624,25497,2134,-10053,-1793,0,0,0,0,1,0
523,271875,13520,-167,11805,25158,2010,-4082,-2157,0,0,0,0,1,0
524,272395,11237,84,12532,23853,1809,2045,-2439,0,0,0,0,1,0
525,272916,8522,331,12778,21630,1538,8094,-2627,0,0,0,0,1,0
526,273437,5479,566,12532,18577,1209,13832,-2714,0,0,0,0,1,0
527,273958,2227,779,11805,14810,833,19038,-2696,0,0,0,0,1,0
528,274479,-1112,962,10624,10474,424,23513,-2575,0,0,0,0,1,0
529,275000,-4407,1108,9035,5735,0,27084,-2355,0,0,0,0,1,0
530,275520,-7533,1211,7098,776,-424,29614,-2045,0,0,0,0,1,0
531,276041,-10370,1268,4889,-4213,-833,31006,-1655,0,0,0,0,1,0
532,276562,-12808,1276,2492,-9040,-1209,31207,-1203,0,0,0,0,1,0
533,277083,-14753,1235,-1,-13519,-1538,30208,-704,0,0,0,0,1,0
534,277604,-16132,1147,-2494,-17479,-1809,28048,-178,0,0,0,0,1,0
535,278125,-16890,1015,-4891,-20767,-2010,24811,355,0,0,0,0,1,0
536,278645,-17000,843,-7100,-23257,-2134,20620,874,0,0,0,0,1,0
537,279166,-16456,639,-9037,-24853,-2176,15637,1360,0,0,0,0,1,0
538,279687,-15279,411,-10626,-25494,-2134,10053,1793,0,0,0,0,1,0
539,280208,-13515,167,-11807,-25155,-2010,4082,2157,0,0,0,0,1,0
540,280729,-11232,-84,-12534,-23850,-1809,-2045,2439,0,0,0,0,1,0
541,281250,-8517,-331,-12780,-21628,-1538,-8094,2627,0,0,0,0,1,0
542,281770,-5475,-566,-12534,-18575,-1209,-13832,2714,0,0,0,0,1,0
543,282291,-2222,-779,-11807,-14808,-833,-19038,2696,0,0,0,0,1,0
544,282812,1116,-962,-10626,-10471,-424,-23513,2575,0,0,0,0,1,0
545,283333,4412,-1108,-9037,-5733,0,-27084,2355,0,0,0,0,1,0
546,283854,7538,-1211,-7100,-774,424,-29614,2045,0,0,0,0,1,0
547,284375,10374,-1268,-4891,4215,833,-31006,1655,0,0,0,0,1,0
548,284895,12812,-1276,-2494,9042,1209,-31207,1203,0,0,0,0,1,0
549,285416,14757,-1235,-1,13521,1538,-30208,704,0,0,0,0,1,0
550,285937,16136,-1147,2492,17481,1809,-28048,178,0,0,0,0,1,0
551,286458,16894,-1015,4890,20769,2010,-24811,-355,0,0,0,0,1,0
552,286979,17003,-843,7099,23259,2134,-20620,-874,0,0,0,0,1,0
553,287500,16459,-639,9035,24855,2176,-15637,-1360,0,0,0,0,1,0
554,288020,15283,-411,10625,25496,2134,-10053,-1793,0,0,0,0,1,0
555,288541,13519,-167,11805,25157,2010,-4082,-2157,0,0,0,0,1,0
556,289062,11236,84,12533,23852,1809,2045,-2439,0,0,0,0,1,0
557,289583,8521,331,12778,21630,1538,8094,-2627,0,0,0,0,1,0
558,290104,5478,566,12533,18577,1209,13832,-2714,0,0,0,0,1,0
559,290625,2225,779,11805,14809,833,19038,-2696,0,0,0,0,1,0
560,291145,-1113,962,10625,10473,424,23513,-2575,0,0,0,0,1,0
561,291666,-4409,1108,9035,5734,0,27084,-2355,0,0,0,0,1,0
562,292187,-7535,1211,7099,775,-424,29614,-2045,0,0,0,0,1,0
563,292708,-10371,1268,4890,-4213,-833,31006,-1655,0,0,0,0,1,0
564,293229,-12809,1276,2492,-9040,-1209,31207,-1203,0,0,0,0,1,0
565,293750,-14754,1235,-1,-13520,-1538,30208,-704,0,0,0,0,1,0
566,294270,-16133,1147,-2494,-17479,-1809,28048,-178,0,0,0,0,1,0
567,294791,-16891,1015,-4891,-20767,-2010,24811,355,0,0,0,0,1,0
568,295312,-17001,843,-7100,-23257,-2134,20620,874,0,0,0,0,1,0
569,295833,-16457,639,-9036,-24854,-2176,15637,1360,0,0,0,0,1,0
570,296354,-15280,411,-10626,-25495,-2134,10053,1793,0,0,0,0,1,0
571,296875,-13516,167,-11807,-25156,-2010,4082,2157,0,0,0,0,1,0
572,297395,-11233,-84,-12534,-23850,-1809,-2045,2439,0,0,0,0,1,0
573,297916,-8518,-331,-12779,-21628,-1538,-8094,2627,0,0,0,0,1,0
574,298437,-5476,-566,-12534,-18575,-1209,-13832,2714,0,0,0,0,1,0
575,298958,-2223,-779,-11806,-14808,-833,-19038,2696,0,0,0,0,1,0
576,299479,1115,-962,-10626,-10472,-424,-23513,2575,0,0,0,0,1,0
577,300000,4411,-1108,-9036,-5733,0,-27084,2355,0,0,0,0,1,0
578,300520,7537,-1211,-7100,-774,424,-29614,2045,0,0,0,0,1,0
579,301041,10373,-1268,-4891,4215,833,-31006,1655,0,0,0,0,1,0
580,301562,12811,-1276,-2493,9041,1209,-31207,1203,0,0,0,0,1,0
581,302083,14757,-1235,0,13521,1538,-30208,704,0,0,0,0,1,0
582,302604,16135,-1147,2493,17481,1809,-28048,178,0,0,0,0,1,0
583,303125,16893,-1015,4890,20769,2010,-24811,-355,0,0,0,0,1,0
584,303645,17003,-843,7099,23259,2134,-20620,-874,0,0,0,0,1,0
585,304166,16459,-639,9036,24855,2176,-15637,-1360,0,0,0,0,1,0
586,304687,15282,-411,10625,25496,2134,-10053,-1793,0,0,0,0,1,0
587,305208,13518,-167,11806,25157,2010,-4082,-2157,0,0,0,0,1,0
588,305729,11235,84,12533,23851,1809,2045,-2439,0,0,0,0,1,0
589,306250,8520,331,12778,21629,1538,8094,-2627,0,0,0,0,1,0
590,306770,5478,566,12533,18576,1209,13832,-2714,0,0,0,0,1,0
591,307291,2225,779,11806,14809,833,19038,-2696,0,0,0,0,1,0
592,307812,-1114,962,10625,10473,424,23513,-2575,0,0,0,0,1,0
593,308333,-4409,1108,9036,5734,0,27084,-2355,0,0,0,0,1,0
594,308854,-7535,1211,7099,775,-424,29614,-2045,0,0,0,0,1,0
595,309375,-10372,1268,4890,-4214,-833,31006,-1655,0,0,0,0,1,0
596,309895,-12809,1276,2493,-9040,-1209,31207,-1203,0,0,0,0,1,0
597,310416,-14755,1235,0,-13520,-1538,30208,-704,0,0,0,0,1,0
598,310937,-16133,1147,-2493,-17480,-1809,28048,-178,0,0,0,0,1,0
599,311458,-16892,1015,-4890,-20768,-2010,24811,355,0,0,0,0,1,0
600,311979,-17001,843,-7100,-23258,-2134,20620,874,0,0,0,0,1,0
601,312500,-16457,639,-9036,-24854,-2176,15637,1360,0,0,0,0,1,0
602,313020,-15281,411,-10625,-25495,-2134,10053,1793,0,0,0,0,1,0
603,313541,-13517,167,-11806,-25156,-2010,4082,2157,0,0,0,0,1,0
604,314062,-11234,-84,-12533,-23851,-1809,-2045,2439,0,0,0,0,1,0
605,314583,-8519,-331,-12779,-21629,-1538,-8094,2627,0,0,0,0,1,0
606,315104,-5476,-566,-12533,-18575,-1209,-13832,2714,0,0,0,0,1,0
607,315625,-2223,-779,-11806,-14808,-833,-19038,2696,0,0,0,0,1,0
608,316145,1115,-962,-10625,-10472,-424,-23513,2575,0,0,0,0,1,0
609,316666,4410,-1108,-9036,-5733,0,-27084,2355,0,0,0,0,1,0
610,317187,7536,-1211,-7100,-774,424,-29614,2045,0,0,0,0,1,0
611,317708,10373,-1268,-4890,4214,833,-31006,1655,0,0,0,0,1,0
612,318229,12811,-1276,-2493,9041,1209,-31207,1203,0,0,0,0,1,0
613,318750,14756,-1235,0,13521,1538,-30208,704,0,0,0,0,1,0
614,319270,16135,-1147,2493,17480,1809,-28048,178,0,0,0,0,1,0
615,319791,16893,-1015,4890,20768,2010,-24811,-355,0,0,0,0,1,0
616,320312,17002,-843,7099,23258,2134,-20620,-874,0,0,0,0,1,0
617,320833,16458,-639,9036,24855,2176,-15637,-1360,0,0,0,0,1,0
618,321354,15282,-411,10625,25496,2134,-10053,-1793,0,0,0,0,1,0
619,321875,13518,-167,11806,25157,2010,-4082,-2157,0,0,0,0,1,0
620,322395,11235,84,12533,23851,1809,2045,-2439,0,0,0,0,1,0
621,322916,8520,331,12779,21629,1538,8094,-2627,0,0,0,0,1,0
622,323437,5477,566,12533,18576,1209,13832,-2714,0,0,0,0,1,0
623,323958,2224,779,11806,14809,833,19038,-2696,0,0,0,0,1,0
624,324479,-1114,962,10625,10473,424,23513,-2575,0,0,0,0,1,0
625,325000,-4409,1108,9036,5734,0,27084,-2355,0,0,0,0,1,0
626,325520,-7536,1211,7099,775,-424,29614,-2045,0,0,0,0,1,0
627,326041,-10372,1268,4890,-4214,-833,31006,-1655,0,0,0,0,1,0
628,326562,-12810,1276,2493,-9041,-1209,31207,-1203,0,0,0,0,1,0
629,327083,-14755,1235,0,-13520,-1538,30208,-704,0,0,0,0,1,0
630,327604,-16134,1147,-2493,-17480,-1809,28048,-178,0,0,0,0,1,0
631,328125,-16892,1015,-4890,-20768,-2010,24811,355,0,0,0,0,1,0
632,328645,-17002,843,-7100,-23258,-2134,20620,874,0,0,0,0,1,0
633,329166,-16457,639,-9036,-24854,-2176,15637,1360,0,0,0,0,1,0
634,329687,-15281,411,-10625,-25495,-2134,10053,1793,0,0,0,0,1,0
635,330208,-13517,167,-11806,-25156,-2010,4082,2157,0,0,0,0,1,0
636,330729,-11234,-84,-12533,-23851,-1809,-2045,2439,0,0,0,0,1,0
637,331250,-8519,-331,-12779,-21629,-1538,-8094,2627,0,0,0,0,1,0
638,331770,-5477,-566,-12533,-18576,-1209,-13832,2714,0,0,0,0,1,0
639,332291,-2224,-779,-11806,-14808,-833,-19038,2696,0,0,0,0,1,0
640,332812,1115,-962,-10625,-10472,-424,-23513,2575,0,0,0,0,1,0
641,333333,4410,-1108,-9036,-5734,0,-27084,2355,0,0,0,0,1,0
642,333854,125,-606,481,0,5305,-25751,20446,0,0,0,0,1,0
643,334375,245,-634,389,0,10407,-26962,16555,0,0,0,0,1,0
644,334895,355,-638,283,0,15108,-27136,12028,0,0,0,0,1,0
645,335416,452,-618,166,0,19229,-26268,7038,0,0,0,0,1,0
646,335937,532,-574,42,0,22611,-24390,1779,0,0,0,0,1,0
647,336458,591,-507,-83,0,25124,-21575,-3550,0,0,0,0,1,0
648,336979,627,-422,-206,0,26672,-17931,-8741,0,0,0,0,1,0
649,337500,639,-320,-320,0,27194,-13597,-13597,0,0,0,0,1,0
650,338020,627,-206,-422,0,26672,-8741,-17931,0,0,0,0,1,0
651,338541,591,-83,-507,0,25124,-3550,-21575,0,0,0,0,1,0
652,339062,532,42,-574,0,22611,1779,-24390,0,0,0,0,1,0
653,339583,452,166,-618,0,19229,7038,-26268,0,0,0,0,1,0
654,340104,355,283,-638,0,15108,12028,-27136,0,0,0,0,1,0
655,340625,245,389,-634,0,10407,16555,-26962,0,0,0,0,1,0
656,341145,125,481,-606,0,5305,20446,-25751,0,0,0,0,1,0
657,341666,0,554,-554,0,0,23551,-23551,0,0,0,0,1,0
658,342187,-125,606,-481,0,-5305,25751,-20446,0,0,0,0,1,0
659,342708,-245,634,-389,0,-10407,26962,-16555,0,0,0,0,1,0
660,343229,-355,638,-283,0,-15108,27136,-12028,0,0,0,0,1,0
661,343750,-452,618,-166,0,-19229,26268,-7038,0,0,0,0,1,0
662,344270,-532,574,-42,0,-22611,24390,-1779,0,0,0,0,1,0
663,344791,-591,507,83,0,-25124,21575,3550,0,0,0,0,1,0
664,345312,-627,422,206,0,-26672,17931,8741,0,0,0,0,1,0
665,345833,-639,320,320,0,-27194,13597,13597,0,0,0,0,1,0
666,346354,-627,206,422,0,-26672,8741,17931,0,0,0,0,1,0
667,346875,-591,83,507,0,-25124,3550,21575,0,0,0,0,1,0
668,347395,-532,-42,574,0,-22611,-1779,24390,0,0,0,0,1,0
669,347916,-452,-166,618,0,-19229,-7038,26268,0,0,0,0,1,0
670,348437,-355,-283,638,0,-15108,-12028,27136,0,0,0,0,1,0
671,348958,-245,-389,634,0,-10407,-16555,26962,0,0,0,0,1,0
672,349479,-125,-481,606,0,-5305,-20446,25751,0,0,0,0,1,0
673,350000,0,-554,554,0,0,-23551,23551,0,0,0,0,1,0
674,350520,125,-606,481,0,5305,-25751,20446,0,0,0,0,1,0
675,351041,245,-634,389,0,10407,-26962,16555,0,0,0,0,1,0
676,351562,355,-638,283,0,15108,-27136,12028,0,0,0,0,1,0
677,352083,452,-618,166,0,19229,-26268,7038,0,0,0,0,1,0
678,352604,532,-574,42,0,22611,-24390,1779,0,0,0,0,1,0
679,353125,591,-507,-83,0,25124,-21575,-3550,0,0,0,0,1,0
680,353645,627,-422,-206,0,26672,-17931,-8741,0,0,0,0,1,0
681,354166,639,-320,-320,0,27194,-13597,-13597,0,0,0,0,1,0
682,354687,627,-206,-422,0,26672,-8741,-17931,0,0,0,0,1,0
683,355208,591,-83,-507,0,25124,-3550,-21575,0,0,0,0,1,0
684,355729,532,42,-574,0,22611,1779,-24390,0,0,0,0,1,0
685,356250,452,166,-618,0,19229,7038,-26268,0,0,0,0,1,0
686,356770,355,283,-638,0,15108,12028,-27136,0,0,0,0,1,0
687,357291,245,389,-634,0,10407,16555,-26962,0,0,0,0,1,0
688,357812,125,481,-606,0,5305,20446,-25751,0,0,0,0,1,0
689,358333,0,554,-554,0,0,23551,-23551,0,0,0,0,1,0
690,358854,-125,606,-481,0,-5305,25751,-20446,0,0,0,0,1,0
691,359375,-245,634,-389,0,-10407,26962,-16555,0,0,0,0,1,0
692,359895,-355,638,-283,0,-15108,27136,-12028,0,0,0,0,1,0
693,360416,-452,618,-166,0,-19229,26268,-7038,0,0,0,0,1,0
694,360937,-532,574,-42,0,-22611,24390,-1779,0,0,0,0,1,0
695,361458,-591,507,83,0,-25124,21575,3550,0,0,0,0,1,0
696,361979,-627,422,206,0,-26672,17931,8741,0,0,0,0,1,0
697,362500,-639,320,320,0,-27194,13597,13597,0,0,0,0,1,0
698,363020,-627,206,422,0,-26672,8741,17931,0,0,0,0,1,0
699,363541,-591,83,507,0,-25124,3550,21575,0,0,0,0,1,0
700,364062,-532,-42,574,0,-22611,-1779,24390,0,0,0,0,1,0
701,364583,-452,-166,618,0,-19229,-7038,26268,0,0,0,0,1,0
702,365104,-355,-283,638,0,-15108,-12028,27136,0,0,0,0,1,0
703,365625,-245,-389,634,0,-10407,-16555,26962,0,0,0,0,1,0
704,366145,-125,-481,606,0,-5305,-20446,25751,0,0,0,0,1,0
705,366666,0,-554,554,0,0,-23551,23551,0,0,0,0,1,0
706,367187,125,-606,481,0,5305,-25751,20446,0,0,0,0,1,0
707,367708,245,-634,389,0,10407,-26962,16555,0,0,0,0,1,0
708,368229,355,-638,283,0,15108,-27136,12028,0,0,0,0,1,0
709,368750,452,-618,166,0,19229,-26268,7038,0,0,0,0,1,0
710,369270,532,-574,42,0,22611,-24390,1779,0,0,0,0,1,0
711,369791,591,-507,-83,0,25124,-21575,-3550,0,0,0,0,1,0
712,370312,627,-422,-206,0,26672,-17931,-8741,0,0,0,0,1,0
713,370833,639,-320,-320,0,27194,-13597,-13597,0,0,0,0,1,0
714,371354,627,-206,-422,0,26672,-8741,-17931,0,0,0,0,1,0
715,371875,591,-83,-507,0,25124,-3550,-21575,0,0,0,0,1,0
716,372395,532,42,-574,0,22611,1779,-24390,0,0,0,0,1,0
717,372916,452,166,-618,0,19229,7038,-26268,0,0,0,0,1,0
718,373437,355,283,-638,0,15108,12028,-27136,0,0,0,0,1,0
719,373958,245,389,-634,0,10407,16555,-26962,0,0,0,0,1,0
720,374479,125,481,-606,0,5305,20446,-25751,0,0,0,0,1,0
721,375000,0,554,-554,0,0,23551,-23551,0,0,0,0,1,0
722,375520,-125,606,-481,0,-5305,25751,-20446,0,0,0,0,1,0
723,376041,-245,634,-389,0,-10407,26962,-16555,0,0,0,0,1,0
724,376562,-355,638,-283,0,-15108,27136,-12028,0,0,0,0,1,0
725,377083,-452,618,-166,0,-19229,26268,-7038,0,0,0,0,1,0
726,377604,-532,574,-42,0,-22611,24390,-1779,0,0,0,0,1,0
727,378125,-591,507,83,0,-25124,21575,3550,0,0,0,0,1,0
728,378645,-627,422,206,0,-26672,17931,8741,0,0,0,0,1,0
729,379166,-639,320,320,0,-27194,13597,13597,0,0,0,0,1,0
730,379687,-627,206,422,0,-26672,8741,17931,0,0,0,0,1,0
731,380208,-591,83,507,0,-25124,3550,21575,0,0,0,0,1,0
732,380729,-532,-42,574,0,-22611,-1779,24390,0,0,0,0,1,0
733,381250,-452,-166,618,0,-19229,-7038,26268,0,0,0,0,1,0
734,381770,-355,-283,638,0,-15108,-12028,27136,0,0,0,0,1,0
735,382291,-245,-389,634,0,-10407,-16555,26962,0,0,0,0,1,0
736,382812,-125,-481,606,0,-5305,-20446,25751,0,0,0,0,1,0
737,383333,0,-554,554,0,0,-23551,23551,0,0,0,0,1,0
738,383854,125,-606,481,0,5305,-25751,20446,0,0,0,0,1,0
739,384375,245,-634,389,0,10407,-26962,16555,0,0,0,0,1,0
740,384895,355,-638,283,0,15108,-27136,12028,0,0,0,0,1,0
741,385416,452,-618,166,0,19229,-26268,7038,0,0,0,0,1,0
742,385937,532,-574,42,0,22611,-24390,1779,0,0,0,0,1,0
743,386458,591,-507,-83,0,25124,-21575,-3550,0,0,0,0,1,0
744,386979,627,-422,-206,0,26672,-17931,-8741,0,0,0,0,1,0
745,387500,639,-320,-320,0,27194,-13597,-13597,0,0,0,0,1,0
746,388020,627,-206,-422,0,26672,-8741,-17931,0,0,0,0,1,0
747,388541,591,-83,-507,0,25124,-3550,-21575,0,0,0,0,1,0
748,389062,532,42,-574,0,22611,1779,-24390,0,0,0,0,1,0
749,389583,452,166,-618,0,19229,7038,-26268,0,0,0,0,1,0
750,390104,355,283,-638,0,15108,12028,-27136,0,0,0,0,1,0
751,390625,245,389,-634,0,10407,16555,-26962,0,0,0,0,1,0
752,391145,125,481,-606,0,5305,20446,-25751,0,0,0,0,1,0
753,391666,0,554,-554,0,0,23551,-23551,0,0,0,0,1,0
754,392187,-125,606,-481,0,-5305,25751,-20446,0,0,0,0,1,0
755,392708,-245,634,-389,0,-10407,26962,-16555,0,0,0,0,1,0
756,393229,-355,638,-283,0,-15108,27136,-12028,0,0,0,0,1,0
757,393750,-452,618,-166,0,-19229,26268,-7038,0,0,0,0,1,0
758,394270,-532,574,-42,0,-22611,24390,-1779,0,0,0,0,1,0
759,394791,-591,507,83,0,-25124,21575,3550,0,0,0,0,1,0
760,395312,-627,422,206,0,-26672,17931,8741,0,0,0,0,1,0
761,395833,-639,320,320,0,-27194,13597,13597,0,0,0,0,1,0
762,396354,-627,206,422,0,-26672,8741,17931,0,0,0,0,1,0
763,396875,-591,83,507,0,-25124,3550,21575,0,0,0,0,1,0
764,397395,-532,-42,574,0,-22611,-1779,24390,0,0,0,0,1,0
765,397916,-452,-166,618,0,-19229,-7038,26268,0,0,0,0,1,0
766,398437,-355,-283,638,0,-15108,-12028,27136,0,0,0,0,1,0
767,398958,-245,-389,634,0,-10407,-16555,26962,0,0,0,0,1,0
768,399479,-125,-481,606,0,-5305,-20446,25751,0,0,0,0,1,0
769,400000,0,-554,554,0,0,-23551,23551,0,0,0,0,1,0
770,400520,125,-606,481,0,5305,-25751,20446,0,0,0,0,1,0
771,401041,245,-634,389,0,10407,-26962,16555,0,0,0,0,1,0
772,401562,355,-638,283,0,15108,-27136,12028,0,0,0,0,1,0
773,402083,452,-618,166,0,19229,-26268,7038,0,0,0,0,1,0
774,402604,532,-574,42,0,22611,-24390,1779,0,0,0,0,1,0
775,403125,591,-507,-83,0,25124,-21575,-3550,0,0,0,0,1,0
776,403645,627,-422,-206,0,26672,-17931,-8741,0,0,0,0,1,0
777,404166,639,-320,-320,0,27194,-13597,-13597,0,0,0,0,1,0
778,404687,627,-206,-422,0,26672,-8741,-17931,0,0,0,0,1,0
779,405208,591,-83,-507,0,25124,-3550,-21575,0,0,0,0,1,0
780,405729,532,42,-574,0,22611,1779,-24390,0,0,0,0,1,0
781,406250,452,166,-618,0,19229,7038,-26268,0,0,0,0,1,0
782,406770,355,283,-638,0,15108,12028,-27136,0,0,0,0,1,0
783,407291,245,389,-634,0,10407,16555,-26962,0,0,0,0,1,0
784,407812,125,481,-606,0,5305,20446,-25751,0,0,0,0,1,0
785,408333,0,554,-554,0,0,23551,-23551,0,0,0,0,1,0
786,408854,-125,606,-481,0,-5305,25751,-20446,0,0,0,0,1,0
787,409375,-245,634,-389,0,-10407,26962,-16555,0,0,0,0,1,0
788,409895,-355,638,-283,0,-15108,27136,-12028,0,0,0,0,1,0
789,410416,-452,618,-166,0,-19229,26268,-7038,0,0,0,0,1,0
790,410937,-532,574,-42,0,-22611,24390,-1779,0,0,0,0,1,0
791,411458,-591,507,83,0,-25124,21575,3550,0,0,0,0,1,0
792,411979,-627,422,206,0,-26672,17931,8741,0,0,0,0,1,0
793,412500,-639,320,320,0,-27194,13597,13597,0,0,0,0,1,0
794,413020,-627,206,422,0,-26672,8741,17931,0,0,0,0,1,0
795,413541,-591,83,507,0,-25124,3550,21575,0,0,0,0,1,0
796,414062,-532,-42,574,0,-22611,-1779,24390,0,0,0,0,1,0
797,414583,-452,-166,618,0,-19229,-7038,26268,0,0,0,0,1,0
798,415104,-355,-283,638,0,-15108,-12028,27136,0,0,0,0,1,0
799,415625,-245,-389,634,0,-10407,-16555,26962,0,0,0,0,1,0
800,416145,-125,-481,606,0,-5305,-20446,25751,0,0,0,0,1,0
801,416666,0,-554,554,0,0,-23551,23551,0,0,0,0,1,0
802,417187,125,-606,481,0,5305,-25751,20446,0,0,0,0,1,0
803,417708,245,-634,389,0,10407,-26962,16555,0,0,0,0,1,0
804,418229,355,-638,283,0,15108,-27136,12028,0,0,0,0,1,0
805,418750,452,-618,166,0,19229,-26268,7038,0,0,0,0,1,0
806,419270,532,-574,42,0,22611,-24390,1779,0,0,0,0,1,0
807,419791,591,-507,-83,0,25124,-21575,-3550,0,0,0,0,1,0
808,420312,627,-422,-206,0,26672,-17931,-8741,0,0,0,0,1,0
809,420833,639,-320,-320,0,27194,-13597,-13597,0,0,0,0,1,0
810,421354,627,-206,-422,0,26672,-8741,-17931,0,0,0,0,1,0
811,421875,591,-83,-507,0,25124,-3550,-21575,0,0,0,0,1,0
812,422395,532,42,-574,0,22611,1779,-24390,0,0,0,0,1,0
813,422916,452,166,-618,0,19229,7038,-26268,0,0,0,0,1,0
814,423437,355,283,-638,0,15108,12028,-27136,0,0,0,0,1,0
815,423958,245,389,-634,0,10407,16555,-26962,0,0,0,0,1,0
816,424479,125,481,-606,0,5305,20446,-25751,0,0,0,0,1,0
817,425000,0,554,-554,0,0,23551,-23551,0,0,0,0,1,0
818,425520,-125,606,-481,0,-5305,25751,-20446,0,0,0,0,1,0
819,426041,-245,634,-389,0,-10407,26962,-16555,0,0,0,0,1,0
820,426562,-355,638,-283,0,-15108,27136,-12028,0,0,0,0,1,0
821,427083,-452,618,-166,0,-19229,26268,-7038,0,0,0,0,1,0
822,427604,-532,574,-42,0,-22611,24390,-1779,0,0,0,0,1,0
823,428125,-591,507,83,0,-25124,21575,3550,0,0,0,0,1,0
824,428645,-627,422,206,0,-26672,17931,8741,0,0,0,0,1,0
825,429166,-639,320,320,0,-27194,13597,13597,0,0,0,0,1,0
826,429687,-627,206,422,0,-26672,8741,17931,0,0,0,0,1,0
827,430208,-591,83,507,0,-25124,3550,21575,0,0,0,0,1,0
828,430729,-532,-42,574,0,-22611,-1779,24390,0,0,0,0,1,0
829,431250,-452,-166,618,0,-19229,-7038,26268,0,0,0,0,1,0
830,431770,-355,-283,638,0,-15108,-12028,27136,0,0,0,0,1,0
831,432291,-245,-389,634,0,-10407,-16555,26962,0,0,0,0,1,0
832,432812,-125,-481,606,0,-5305,-20446,25751,0,0,0,0,1,0
833,433333,0,-554,554,0,0,-23551,23551,0,0,0,0,1,0
834,433854,125,-606,481,0,5305,-25751,20446,0,0,0,0,1,0
835,434375,245,-634,389,0,10407,-26962,16555,0,0,0,0,1,0
836,434895,355,-638,283,0,15108,-27136,12028,0,0,0,0,1,0
837,435416,452,-618,166,0,19229,-26268,7038,0,0,0,0,1,0
838,435937,532,-574,42,0,22611,-24390,1779,0,0,0,0,1,0
839,436458,591,-507,-83,0,25124,-21575,-3550,0,0,0,0,1,0
840,436979,627,-422,-206,0,26672,-17931,-8741,0,0,0,0,1,0
841,437500,639,-320,-320,0,27194,-13597,-13597,0,0,0,0,1,0
842,438020,627,-206,-422,0,26672,-8741,-17931,0,0,0,0,1,0
843,438541,591,-83,-507,0,25124,-3550,-21575,0,0,0,0,1,0
844,439062,532,42,-574,0,22611,1779,-24390,0,0,0,0,1,0
845,439583,452,166,-618,0,19229,7038,-26268,0,0,0,0,1,0
846,440104,355,283,-638,0,15108,12028,-27136,0,0,0,0,1,0
847,440625,245,389,-634,0,10407,16555,-26962,0,0,0,0,1,0
848,441145,125,481,-606,0,5305,20446,-25751,0,0,0,0,1,0
849,441666,0,554,-554,0,0,23551,-23551,0,0,0,0,1,0
850,442187,-125,606,-481,0,-5305,25751,-20446,0,0,0,0,1,0
851,442708,-245,634,-389,0,-10407,26962,-16555,0,0,0,0,1,0
852,443229,-355,638,-283,0,-15108,27136,-12028,0,0,0,0,1,0
853,443750,-452,618,-166,0,-19229,26268,-7038,0,0,0,0,1,0
854,444270,-532,574,-42,0,-22611,24390,-1779,0,0,0,0,1,0
855,444791,-591,507,83,0,-25124,21575,3550,0,0,0,0,1,0
856,445312,-627,422,206,0,-26672,17931,8741,0,0,0,0,1,0
857,445833,-639,320,320,0,-27194,13597,13597,0,0,0,0,1,0
858,446354,-627,206,422,0,-26672,8741,17931,0,0,0,0,1,0
859,446875,-591,83,507,0,-25124,3550,21575,0,0,0,0,1,0
860,447395,-532,-42,574,0,-22611,-1779,24390,0,0,0,0,1,0
861,447916,-452,-166,618,0,-19229,-7038,26268,0,0,0,0,1,0
862,448437,-355,-283,638,0,-15108,-12028,27136,0,0,0,0,1,0
863,448958,-245,-389,634,0,-10407,-16555,26962,0,0,0,0,1,0
864,449479,-125,-481,606,0,-5305,-20446,25751,0,0,0,0,1,0
865,450000,0,-554,554,0,0,-23551,23551,0,0,0,0,1,0
866,450520,125,-606,481,0,5305,-25751,20446,0,0,0,0,1,0
867,451041,245,-634,389,0,10407,-26962,16555,0,0,0,0,1,0
868,451562,355,-638,283,0,15108,-27136,12028,0,0,0,0,1,0
869,452083,452,-618,166,0,19229,-26268,7038,0,0,0,0,1,0
870,452604,532,-574,42,0,22611,-24390,1779,0,0,0,0,1,0
871,453125,591,-507,-83,0,25124,-21575,-3550,0,0,0,0,1,0
872,453645,627,-422,-206,0,26672,-17931,-8741,0,0,0,0,1,0
873,454166,639,-320,-320,0,27194,-13597,-13597,0,0,0,0,1,0
874,454687,627,-206,-422,0,26672,-8741,-17931,0,0,0,0,1,0
875,455208,591,-83,-507,0,25124,-3550,-21575,0,0,0,0,1,0
876,455729,532,42,-574,0,22611,1779,-24390,0,0,0,0,1,0
877,456250,452,166,-618,0,19229,7038,-26268,0,0,0,0,1,0
878,456770,355,283,-638,0,15108,12028,-27136,0,0,0,0,1,0
879,457291,245,389,-634,0,10407,16555,-26962,0,0,0,0,1,0
880,457812,125,481,-606,0,5305,20446,-25751,0,0,0,0,1,0
881,458333,0,554,-554,0,0,23551,-23551,0,0,0,0,1,0
882,458854,-125,606,-481,0,-5305,25751,-20446,0,0,0,0,1,0
883,459375,-245,634,-389,0,-10407,26962,-16555,0,0,0,0,1,0
884,459895,-355,638,-283,0,-15108,27136,-12028,0,0,0,0,1,0
885,460416,-452,618,-166,0,-19229,26268,-7038,0,0,0,0,1,0
886,460937,-532,574,-42,0,-22611,24390,-1779,0,0,0,0,1,0
887,461458,-591,507,83,0,-25124,21575,3550,0,0,0,0,1,0
888,461979,-627,422,206,0,-26672,17931,8741,0,0,0,0,1,0
889,462500,-639,320,320,0,-27194,13597,13597,0,0,0,0,1,0
890,463020,-627,206,422,0,-26672,8741,17931,0,0,0,0,1,0
891,463541,-591,83,507,0,-25124,3550,21575,0,0,0,0,1,0
892,464062,-532,-42,574,0,-22611,-1779,24390,0,0,0,0,1,0
893,464583,-452,-166,618,0,-19229,-7038,26268,0,0,0,0,1,0
894,465104,-355,-283,638,0,-15108,-12028,27136,0,0,0,0,1,0
895,465625,-245,-389,634,0,-10407,-16555,26962,0,0,0,0,1,0
896,466145,-125,-481,606,0,-5305,-20446,25751,0,0,0,0,1,0
897,466666,0,-554,554,0,0,-23551,23551,0,0,0,0,1,0
898,467187,125,-606,481,0,5305,-25751,20446,0,0,0,0,1,0
899,467708,245,-634,389,0,10407,-26962,16555,0,0,0,0,1,0
900,468229,355,-638,283,0,15108,-27136,12028,0,0,0,0,1,0
901,468750,452,-618,166,0,19229,-26268,7038,0,0,0,0,1,0
902,469270,532,-574,42,0,22611,-24390,1779,0,0,0,0,1,0
903,469791,591,-507,-83,0,25124,-21575,-3550,0,0,0,0,1,0
904,470312,627,-422,-206,0,26672,-17931,-8741,0,0,0,0,1,0
905,470833,639,-320,-320,0,27194,-13597,-13597,0,0,0,0,1,0
906,471354,627,-206,-422,0,26672,-8741,-17931,0,0,0,0,1,0
907,471875,591,-83,-507,0,25124,-3550,-21575,0,0,0,0,1,0
908,472395,532,42,-574,0,22611,1779,-24390,0,0,0,0,1,0
909,472916,452,166,-618,0,19229,7038,-26268,0,0,0,0,1,0
910,473437,355,283,-638,0,15108,12028,-27136,0,0,0,0,1,0
911,473958,245,389,-634,0,10407,16555,-26962,0,0,0,0,1,0
912,474479,125,481,-606,0,5305,20446,-25751,0,0,0,0,1,0
913,475000,0,554,-554,0,0,23551,-23551,0,0,0,0,1,0
914,475520,-125,606,-481,0,-5305,25751,-20446,0,0,0,0,1,0
915,476041,-245,634,-389,0,-10407,26962,-16555,0,0,0,0,1,0
916,476562,-355,638,-283,0,-15108,27136,-12028,0,0,0,0,1,0
917,477083,-452,618,-166,0,-19229,26268,-7038,0,0,0,0,1,0
918,477604,-532,574,-42,0,-22611,24390,-1779,0,0,0,0,1,0
919,478125,-591,507,83,0,-25124,21575,3550,0,0,0,0,1,0
920,478645,-627,422,206,0,-26672,17931,8741,0,0,0,0,1,0
921,479166,-639,320,320,0,-27194,13597,13597,0,0,0,0,1,0
922,479687,-627,206,422,0,-26672,8741,17931,0,0,0,0,1,0
923,480208,-591,83,507,0,-25124,3550,21575,0,0,0,0,1,0
924,480729,-532,-42,574,0,-22611,-1779,24390,0,0,0,0,1,0
925,481250,-452,-166,618,0,-19229,-7038,26268,0,0,0,0,1,0
926,481770,-355,-283,638,0,-15108,-12028,27136,0,0,0,0,1,0
927,482291,-245,-389,634,0,-10407,-16555,26962,0,0,0,0,1,0
928,482812,-125,-481,606,0,-5305,-20446,25751,0,0,0,0,1,0
929,483333,0,-554,554,0,0,-23551,23551,0,0,0,0,1,0
930,483854,125,-606,481,0,5305,-25751,20446,0,0,0,0,1,0
931,484375,245,-634,389,0,10407,-26962,16555,0,0,0,0,1,0
932,484895,355,-638,283,0,15108,-27136,12028,0,0,0,0,1,0
933,485416,452,-618,166,0,19229,-26268,7038,0,0,0,0,1,0
934,485937,532,-574,42,0,22611,-24390,1779,0,0,0,0,1,0
935,486458,591,-507,-83,0,25124,-21575,-3550,0,0,0,0,1,0
936,486979,627,-422,-206,0,26672,-17931,-8741,0,0,0,0,1,0
937,487500,639,-320,-320,0,27194,-13597,-13597,0,0,0,0,1,0
938,488020,627,-206,-422,0,26672,-8741,-17931,0,0,0,0,1,0
939,488541,591,-83,-507,0,25124,-3550,-21575,0,0,0,0,1,0
940,489062,532,42,-574,0,22611,1779,-24390,0,0,0,0,1,0
941,489583,452,166,-618,0,19229,7038,-26268,0,0,0,0,1,0
942,490104,355,283,-638,0,15108,12028,-27136,0,0,0,0,1,0
943,490625,245,389,-634,0,10407,16555,-26962,0,0,0,0,1,0
944,491145,125,481,-606,0,5305,20446,-25751,0,0,0,0,1,0
945,491666,0,554,-554,0,0,23551,-23551,0,0,0,0,1,0
946,492187,-125,606,-481,0,-5305,25751,-20446,0,0,0,0,1,0
947,492708,-245,634,-389,0,-10407,26962,-16555,0,0,0,0,1,0
948,493229,-355,638,-283,0,-15108,27136,-12028,0,0,0,0,1,0
949,493750,-452,618,-166,0,-19229,26268,-7038,0,0,0,0,1,0
950,494270,-532,574,-42,0,-22611,24390,-1779,0,0,0,0,1,0
951,494791,-591,507,83,0,-25124,21575,3550,0,0,0,0,1,0
952,495312,-627,422,206,0,-26672,17931,8741,0,0,0,0,1,0
953,495833,-639,320,320,0,-27194,13597,13597,0,0,0,0,1,0
954,496354,-627,206,422,0,-26672,8741,17931,0,0,0,0,1,0
955,496875,-591,83,507,0,-25124,3550,21575,0,0,0,0,1,0
956,497395,-532,-42,574,0,-22611,-1779,24390,0,0,0,0,1,0
957,497916,-452,-166,618,0,-19229,-7038,26268,0,0,0,0,1,0
958,498437,-355,-283,638,0,-15108,-12028,27136,0,0,0,0,1,0
959,498958,-245,-389,634,0,-10407,-16555,26962,0,0,0,0,1,0
960,499479,-125,-481,606,0,-5305,-20446,25751,0,0,0,0,1,0
961,500000,0,-554,554,0,0,-23551,23551,0,0,0,0,1,0
962,500520,125,-606,481,0,5305,-25751,20446,0,0,0,0,1,0
963,501041,245,-634,389,0,10407,-26962,16555,0,0,0,0,1,0
964,501562,355,-638,283,0,15108,-27136,12028,0,0,0,0,1,0
965,502083,452,-618,166,0,19229,-26268,7038,0,0,0,0,1,0
966,502604,532,-574,42,0,22611,-24390,1779,0,0,0,0,1,0
967,503125,591,-507,-83,0,25124,-21575,-3550,0,0,0,0,1,0
968,503645,627,-422,-206,0,26672,-17931,-8741,0,0,0,0,1,0
969,504166,639,-320,-320,0,27194,-13597,-13597,0,0,0,0,1,0
970,504687,627,-206,-422,0,26672,-8741,-17931,0,0,0,0,1,0
971,505208,591,-83,-507,0,25124,-3550,-21575,0,0,0,0,1,0
972,505729,532,42,-574,0,22611,1779,-24390,0,0,0,0,1,0
973,506250,452,166,-618,0,19229,7038,-26268,0,0,0,0,1,0
974,506770,355,283,-638,0,15108,12028,-27136,0,0,0,0,1,0
975,507291,245,389,-634,0,10407,16555,-26962,0,0,0,0,1,0
976,507812,125,481,-606,0,5305,20446,-25751,0,0,0,0,1,0
977,508333,0,554,-554,0,0,23551,-23551,0,0,0,0,1,0
978,508854,-125,606,-481,0,-5305,25751,-20446,0,0,0,0,1,0
979,509375,-245,634,-389,0,-10407,26962,-16555,0,0,0,0,1,0
980,509895,-355,638,-283,0,-15108,27136,-12028,0,0,0,0,1,0
981,510416,-452,618,-166,0,-19229,26268,-7038,0,0,0,0,1,0
982,510937,-532,574,-42,0,-22611,24390,-1779,0,0,0,0,1,0
983,511458,-591,507,83,0,-25124,21575,3550,0,0,0,0,1,0
984,511979,-627,422,206,0,-26672,17931,8741,0,0,0,0,1,0
985,512499,-639,320,320,0,-27194,13597,13597,0,0,0,0,1,0
986,513020,-627,206,422,0,-26672,8741,17931,0,0,0,0,1,0
987,513541,-591,83,507,0,-25124,3550,21575,0,0,0,0,1,0
988,514062,-532,-42,574,0,-22611,-1779,24390,0,0,0,0,1,0
989,514583,-452,-166,618,0,-19229,-7038,26268,0,0,0,0,1,0
990,515104,-355,-283,638,0,-15108,-12028,27136,0,0,0,0,1,0
991,515625,-245,-389,634,0,-10407,-16555,26962,0,0,0,0,1,0
992,516145,-125,-481,606,0,-5305,-20446,25751,0,0,0,0,1,0
993,516666,0,-554,554,0,0,-23551,23551,0,0,0,0,1,0
994,517187,125,-606,481,0,5305,-25751,20446,0,0,0,0,1,0
995,517708,245,-634,389,0,10407,-26962,16555,0,0,0,0,1,0
996,518229,355,-638,283,0,15108,-27136,12028,0,0,0,0,1,0
997,518750,452,-618,166,0,19229,-26268,7038,0,0,0,0,1,0
998,519270,532,-574,42,0,22611,-24390,1779,0,0,0,0,1,0
999,519791,591,-507,-83,0,25124,-21575,-3550,0,0,0,0,1,0
