1,0,0,-401,401,0,0,-25024,25024,0,0,0,0,1,0
2,520,90,-438,348,0,5637,-27362,21724,0,0,0,0,1,0
3,1041,177,-459,282,0,11058,-28648,17590,0,0,0,0,1,0
4,1562,257,-462,205,0,16053,-28833,12780,0,0,0,0,1,0
5,2083,327,-447,120,0,20432,-27910,7479,0,0,0,0,1,0
6,2604,385,-415,30,0,24025,-25915,1890,0,0,0,0,1,0
7,3125,427,-367,-60,0,26696,-22924,-3772,0,0,0,0,1,0
8,3645,454,-305,-149,0,28340,-19052,-9288,0,0,0,0,1,0
9,4166,463,-231,-231,0,28895,-14448,-14448,0,0,0,0,1,0
10,4687,454,-149,-305,0,28340,-9288,-19052,0,0,0,0,1,0
11,5208,427,-60,-367,0,26696,-3772,-22924,0,0,0,0,1,0
12,5729,385,30,-415,0,24025,1890,-25915,0,0,0,0,1,0
13,6250,327,120,-447,0,20432,7479,-27910,0,0,0,0,1,0
14,6770,257,205,-462,0,16053,12780,-28833,0,0,0,0,1,0
15,7291,177,282,-459,0,11058,17590,-28648,0,0,0,0,1,0
16,7812,90,348,-438,0,5637,21724,-27362,0,0,0,0,1,0
17,8333,0,401,-401,0,0,25024,-25024,0,0,0,0,1,0
18,8854,-90,438,-348,0,-5637,27362,-21724,0,0,0,0,1,0
19,9375,-177,459,-282,0,-11058,28648,-17590,0,0,0,0,1,0
20,9895,-257,462,-205,0,-16053,28833,-12780,0,0,0,0,1,0
21,10416,-327,447,-120,0,-20432,27910,-7479,0,0,0,0,1,0
22,10937,-385,415,-30,0,-24025,25915,-1890,0,0,0,0,1,0
23,11458,-427,367,60,0,-26696,22924,3772,0,0,0,0,1,0
24,11979,-454,305,149,0,-28340,19052,9288,0,0,0,0,1,0
25,12500,-463,231,231,0,-28895,14448,14448,0,0,0,0,1,0
26,13020,-454,149,305,0,-28340,9288,19052,0,0,0,0,1,0
27,13541,-427,60,367,0,-26696,3772,22924,0,0,0,0,1,0
28,14062,-385,-30,415,0,-24025,-1890,25915,0,0,0,0,1,0
29,14583,-327,-120,447,0,-20432,-7479,27910,0,0,0,0,1,0
30,15104,-257,-205,462,0,-16053,-12780,28833,0,0,0,0,1,0
31,15625,-177,-282,459,0,-11058,-17590,28648,0,0,0,0,1,0
32,16145,-90,-348,438,0,-5637,-21724,27362,0,0,0,0,1,0
33,16666,0,-401,401,0,0,-25024,25024,0,0,0,0,1,0
34,17187,90,-438,348,0,5637,-27362,21724,0,0,0,0,1,0
35,17708,177,-459,282,0,11058,-28648,17590,0,0,0,0,1,0
36,18229,257,-462,205,0,16053,-28833,12780,0,0,0,0,1,0
37,18750,327,-447,120,0,20432,-27910,7479,0,0,0,0,1,0
38,19270,385,-415,30,0,24025,-25915,1890,0,0,0,0,1,0
39,19791,427,-367,-60,0,26696,-22924,-3772,0,0,0,0,1,0
40,20312,454,-305,-149,0,28340,-19052,-9288,0,0,0,0,1,0
41,20833,463,-231,-231,0,28895,-14448,-14448,0,0,0,0,1,0
42,21354,454,-149,-305,0,28340,-9288,-19052,0,0,0,0,1,0
43,21875,427,-60,-367,0,26696,-3772,-22924,0,0,0,0,1,0
44,22395,385,30,-415,0,24025,1890,-25915,0,0,0,0,1,0
45,22916,327,120,-447,0,20432,7479,-27910,0,0,0,0,1,0
46,23437,257,205,-462,0,16053,12780,-28833,0,0,0,0,1,0
47,23958,177,282,-459,0,11058,17590,-28648,0,0,0,0,1,0
48,24479,90,348,-438,0,5637,21724,-27362,0,0,0,0,1,0
49,25000,0,401,-401,0,0,25024,-25024,0,0,0,0,1,0
50,25520,-90,438,-348,0,-5637,27362,-21724,0,0,0,0,1,0
51,26041,-177,459,-282,0,-11058,28648,-17590,0,0,0,0,1,0
52,26562,-257,462,-205,0,-16053,28833,-12780,0,0,0,0,1,0
53,27083,-327,447,-120,0,-20432,27910,-7479,0,0,0,0,1,0
54,27604,-385,415,-30,0,-24025,25915,-1890,0,0,0,0,1,0
55,28125,-427,367,60,0,-26696,22924,3772,0,0,0,0,1,0
56,28645,-454,305,149,0,-28340,19052,9288,0,0,0,0,1,0
57,29166,-463,231,231,0,-28895,14448,14448,0,0,0,0,1,0
58,29687,-454,149,305,0,-28340,9288,19052,0,0,0,0,1,0
59,30208,-427,60,367,0,-26696,3772,22924,0,0,0,0,1,0
60,30729,-385,-30,415,0,-24025,-1890,25915,0,0,0,0,1,0
61,31250,-327,-120,447,0,-20432,-7479,27910,0,0,0,0,1,0
62,31770,-257,-205,462,0,-16053,-12780,28833,0,0,0,0,1,0
63,32291,-177,-282,459,0,-11058,-17590,28648,0,0,0,0,1,0
64,32812,-90,-348,438,0,-5637,-21724,27362,0,0,0,0,1,0
65,33333,0,-401,401,0,0,-25024,25024,0,0,0,0,1,0
66,33854,90,-438,348,0,5637,-27362,21724,0,0,0,0,1,0
67,34375,177,-459,282,0,11058,-28648,17590,0,0,0,0,1,0
68,34895,257,-462,205,0,16053,-28833,12780,0,0,0,0,1,0
69,35416,327,-447,120,0,20432,-27910,7479,0,0,0,0,1,0
70,35937,385,-415,30,0,24025,-25915,1890,0,0,0,0,1,0
71,36458,427,-367,-60,0,26696,-22924,-3772,0,0,0,0,1,0
72,36979,454,-305,-149,0,28340,-19052,-9288,0,0,0,0,1,0
73,37500,463,-231,-231,0,28895,-14448,-14448,0,0,0,0,1,0
74,38020,454,-149,-305,0,28340,-9288,-19052,0,0,0,0,1,0
75,38541,427,-60,-367,0,26696,-3772,-22924,0,0,0,0,1,0
76,39062,385,30,-415,0,24025,1890,-25915,0,0,0,0,1,0
77,39583,327,120,-447,0,20432,7479,-27910,0,0,0,0,1,0
78,40104,257,205,-462,0,16053,12780,-28833,0,0,0,0,1,0
79,40625,177,282,-459,0,11058,17590,-28648,0,0,0,0,1,0
80,41145,90,348,-438,0,5637,21724,-27362,0,0,0,0,1,0
81,41666,0,401,-401,0,0,25024,-25024,0,0,0,0,1,0
82,42187,-90,438,-348,0,-5637,27362,-21724,0,0,0,0,1,0
83,42708,-177,459,-282,0,-11058,28648,-17590,0,0,0,0,1,0
84,43229,-257,462,-205,0,-16053,28833,-12780,0,0,0,0,1,0
85,43750,-327,447,-120,0,-20432,27910,-7479,0,0,0,0,1,0
86,44270,-385,415,-30,0,-24025,25915,-1890,0,0,0,0,1,0
87,44791,-427,367,60,0,-26696,22924,3772,0,0,0,0,1,0
88,45312,-454,305,149,0,-28340,19052,9288,0,0,0,0,1,0
89,45833,-463,231,231,0,-28895,14448,14448,0,0,0,0,1,0
90,46354,-454,149,305,0,-28340,9288,19052,0,0,0,0,1,0
91,46875,-427,60,367,0,-26696,3772,22924,0,0,0,0,1,0
92,47395,-385,-30,415,0,-24025,-1890,25915,0,0,0,0,1,0
93,47916,-327,-120,447,0,-20432,-7479,27910,0,0,0,0,1,0
94,48437,-257,-205,462,0,-16053,-12780,28833,0,0,0,0,1,0
95,48958,-177,-282,459,0,-11058,-17590,28648,0,0,0,0,1,0
96,49479,-90,-348,438,0,-5637,-21724,27362,0,0,0,0,1,0
97,50000,0,-5243,401,-4842,0,-2502,27026,0,0,0,0,1,0
98,50520,90,-6404,348,-5966,6088,-2736,23462,0,0,0,0,1,0
99,51041,177,-6763,282,-6305,11942,-2865,18997,0,0,0,0,1,0
100,51562,257,-6317,205,-5855,17337,-2883,13802,0,0,0,0,1,0
101,52083,327,-5093,120,-4646,22066,-2791,8077,0,0,0,0,1,0
102,52604,385,-3148,30,-2734,25947,-2592,2041,0,0,0,0,1,0
103,53125,427,-569,-60,-202,28831,-2292,-4073,0,0,0,0,1,0
104,53645,454,2537,-149,2842,30607,-1905,-10031,0,0,0,0,1,0
105,54166,463,6040,-231,6271,31207,-1445,-15603,0,0,0,0,1,0
106,54687,454,9795,-305,9944,30607,-929,-20576,0,0,0,0,1,0
107,55208,427,13650,-367,13710,28831,-377,-24758,0,0,0,0,1,0
108,55729,385,17446,-415,17416,25947,189,-27988,0,0,0,0,1,0
109,56250,327,21029,-447,20910,22066,748,-30143,0,0,0,0,1,0
110,56770,257,24253,-462,24048,17337,1278,-31140,0,0,0,0,1,0
111,57291,177,26983,-459,26702,11942,1759,-30940,0,0,0,0,1,0
112,57812,90,29108,-438,28760,6088,2172,-29551,0,0,0,0,1,0
113,58333,0,30537,-401,30136,0,2502,-27026,0,0,0,0,1,0
114,58854,-90,31207,-348,30769,-6088,2736,-23462,0,0,0,0,1,0
115,59375,-177,31083,-282,30625,-11942,2865,-18997,0,0,0,0,1,0
116,59895,-257,30164,-205,29703,-17337,2883,-13802,0,0,0,0,1,0
117,60416,-327,28477,-120,28030,-22066,2791,-8077,0,0,0,0,1,0
118,60937,-385,26078,-30,25663,-25947,2592,-2041,0,0,0,0,1,0
119,61458,-427,23052,60,22685,-28831,2292,4073,0,0,0,0,1,0
120,61979,-454,19509,149,19204,-30607,1905,10031,0,0,0,0,1,0
121,62500,-463,15578,231,15346,-31207,1445,15603,0,0,0,0,1,0
122,63020,-454,11402,305,11253,-30607,929,20576,0,0,0,0,1,0
123,63541,-427,7135,367,7075,-28831,377,24758,0,0,0,0,1,0
124,64062,-385,2934,415,2965,-25947,-189,27988,0,0,0,0,1,0
125,64583,-327,-1045,447,-925,-22066,-748,30143,0,0,0,0,1,0
126,65104,-257,-4657,462,-4452,-17337,-1278,31140,0,0,0,0,1,0
127,65625,-177,-7768,459,-7487,-11942,-1759,30940,0,0,0,0,1,0
128,66145,-90,-10267,438,-9919,-6088,-2172,29551,0,0,0,0,1,0
129,66666,0,-12062,401,-11661,0,-2502,27026,0,0,0,0,1,0
130,67187,90,-13091,348,-12653,6088,-2736,23462,0,0,0,0,1,0
131,67708,177,-13320,282,-12861,11942,-2865,18997,0,0,0,0,1,0
132,68229,257,-12746,205,-12284,17337,-2883,13802,0,0,0,0,1,0
133,68750,327,-11397,120,-10950,22066,-2791,8077,0,0,0,0,1,0
134,69270,385,-9330,30,-8915,25947,-2592,2041,0,0,0,0,1,0
135,69791,427,-6630,-60,-6263,28831,-2292,-4073,0,0,0,0,1,0
136,70312,454,-3407,-149,-3102,30607,-1905,-10031,0,0,0,0,1,0
137,70833,463,212,-231,443,31207,-1445,-15603,0,0,0,0,1,0
138,71354,454,4081,-305,4229,30607,-929,-20576,0,0,0,0,1,0
139,71875,427,8046,-367,8107,28831,-377,-24758,0,0,0,0,1,0
140,72395,385,11952,-415,11922,25947,189,-27988,0,0,0,0,1,0
141,72916,327,15642,-447,15522,22066,748,-30143,0,0,0,0,1,0
142,73437,257,18970,-462,18765,17337,1278,-31140,0,0,0,0,1,0
143,73958,177,21803,-459,21521,11942,1759,-30940,0,0,0,0,1,0
144,74479,90,24029,-438,23681,6088,2172,-29551,0,0,0,0,1,0
145,75000,0,25556,-401,25156,0,2502,-27026,0,0,0,0,1,0
146,75520,-90,26323,-348,25885,-6088,2736,-23462,0,0,0,0,1,0
147,76041,-177,26294,-282,25836,-11942,2865,-18997,0,0,0,0,1,0
148,76562,-257,25468,-205,25007,-17337,2883,-13802,0,0,0,0,1,0
149,77083,-327,23872,-120,23425,-22066,2791,-8077,0,0,0,0,1,0
150,77604,-385,21562,-30,21148,-25947,2592,-2041,0,0,0,0,1,0
151,78125,-427,18625,60,18258,-28831,2292,4073,0,0,0,0,1,0
152,78645,-454,15168,149,14863,-30607,1905,10031,0,0,0,0,1,0
153,79166,-463,11321,231,11090,-31207,1445,15603,0,0,0,0,1,0
154,79687,-454,7228,305,7079,-30607,929,20576,0,0,0,0,1,0
155,80208,-427,3042,367,2982,-28831,377,24758,0,0,0,0,1,0
156,80729,-385,-1079,415,-1049,-25947,-189,27988,0,0,0,0,1,0
157,81250,-327,-4980,447,-4860,-22066,-748,30143,0,0,0,0,1,0
158,81770,-257,-8515,462,-8311,-17337,-1278,31140,0,0,0,0,1,0
159,82291,-177,-11552,459,-11270,-11942,-1759,30940,0,0,0,0,1,0
160,82812,-90,-13977,438,-13629,-6088,-2172,29551,0,0,0,0,1,0
161,83333,0,-15700,401,-15299,0,-2502,27026,0,0,0,0,1,0
162,83854,90,-16658,348,-16220,6088,-2736,23462,0,0,0,0,1,0
163,84375,177,-16818,282,-16359,11942,-2865,18997,0,0,0,0,1,0
164,84895,257,-16176,205,-15714,17337,-2883,13802,0,0,0,0,1,0
165,85416,327,-14760,120,-14313,22066,-2791,8077,0,0,0,0,1,0
166,85937,385,-12628,30,-12213,25947,-2592,2041,0,0,0,0,1,0
167,86458,427,-9864,-60,-9497,28831,-2292,-4073,0,0,0,0,1,0
168,86979,454,-6577,-149,-6272,30607,-1905,-10031,0,0,0,0,1,0
169,87500,463,-2897,-231,-2666,31207,-1445,-15603,0,0,0,0,1,0
170,88020,454,1032,-305,1181,30607,-929,-20576,0,0,0,0,1,0
171,88541,427,5057,-367,5117,28831,-377,-24758,0,0,0,0,1,0
172,89062,385,9020,-415,8990,25947,189,-27988,0,0,0,0,1,0
173,89583,327,12767,-447,12648,22066,748,-30143,0,0,0,0,1,0
174,90104,257,16151,-462,15947,17337,1278,-31140,0,0,0,0,1,0
175,90625,177,19039,-459,18758,11942,1759,-30940,0,0,0,0,1,0
176,91145,90,21319,-438,20971,6088,2172,-29551,0,0,0,0,1,0
177,91666,0,22899,-401,22498,0,2502,-27026,0,0,0,0,1,0
178,92187,-90,23717,-348,23279,-6088,2736,-23462,0,0,0,0,1,0
179,92708,-177,23740,-282,23281,-11942,2865,-18997,0,0,0,0,1,0
180,93229,-257,22963,-205,22502,-17337,2883,-13802,0,0,0,0,1,0
181,93750,-327,21415,-120,20969,-22066,2791,-8077,0,0,0,0,1,0
182,94270,-385,19154,-30,18739,-25947,2592,-2041,0,0,0,0,1,0
183,94791,-427,16263,60,15896,-28831,2292,4073,0,0,0,0,1,0
184,95312,-454,12852,149,12547,-30607,1905,10031,0,0,0,0,1,0
185,95833,-463,9050,231,8819,-31207,1445,15603,0,0,0,0,1,0
186,96354,-454,5001,305,4852,-30607,929,20576,0,0,0,0,1,0
187,96875,-427,859,367,798,-28831,377,24758,0,0,0,0,1,0
188,97395,-385,-3220,415,-3190,-25947,-189,27988,0,0,0,0,1,0
189,97916,-327,-7080,447,-6960,-22066,-748,30143,0,0,0,0,1,0
190,98437,-257,-10574,462,-10369,-17337,-1278,31140,0,0,0,0,1,0
191,98958,-177,-13571,459,-13289,-11942,-1759,30940,0,0,0,0,1,0
192,99479,-90,-15956,438,-15608,-6088,-2172,29551,0,0,0,0,1,0
193,100000,0,-17641,401,-17240,0,-2502,27026,0,0,0,0,1,0
194,100520,90,-18561,348,-18123,6088,-2736,23462,0,0,0,0,1,0
195,101041,177,-18684,282,-18225,11942,-2865,18997,0,0,0,0,1,0
196,101562,257,-18006,205,-17544,17337,-2883,13802,0,0,0,0,1,0
197,102083,327,-16554,120,-16108,22066,-2791,8077,0,0,0,0,1,0
198,102604,385,-14387,30,-13972,25947,-2592,2041,0,0,0,0,1,0
199,103125,427,-11589,-60,-11222,28831,-2292,-4073,0,0,0,0,1,0
200,103645,454,-8269,-149,-7964,30607,-1905,-10031,0,0,0,0,1,0
201,104166,463,-4556,-231,-4325,31207,-1445,-15603,0,0,0,0,1,0
202,104687,454,-594,-305,-446,30607,-929,-20576,0,0,0,0,1,0
203,105208,427,3462,-367,3523,28831,-377,-24758,0,0,0,0,1,0
204,105729,385,7457,-415,7426,25947,189,-27988,0,0,0,0,1,0
205,106250,327,11234,-447,11114,22066,748,-30143,0,0,0,0,1,0
206,106770,257,14648,-462,14443,17337,1278,-31140,0,0,0,0,1,0
207,107291,177,17565,-459,17283,11942,1759,-30940,0,0,0,0,1,0
208,107812,90,19873,-438,19525,6088,2172,-29551,0,0,0,0,1,0
209,108333,0,21481,-401,21081,0,2502,-27026,0,0,0,0,1,0
210,108854,-90,22327,-348,21889,-6088,2736,-23462,0,0,0,0,1,0
211,109375,-177,22377,-282,21918,-11942,2865,-18997,0,0,0,0,1,0
212,109895,-257,21627,-205,21165,-17337,2883,-13802,0,0,0,0,1,0
213,110416,-327,20105,-120,19658,-22066,2791,-8077,0,0,0,0,1,0
214,110937,-385,17869,-30,17454,-25947,2592,-2041,0,0,0,0,1,0
215,111458,-427,15003,60,14636,-28831,2292,4073,0,0,0,0,1,0
216,111979,-454,11616,149,11311,-30607,1905,10031,0,0,0,0,1,0
217,112500,-463,7838,231,7607,-31207,1445,15603,0,0,0,0,1,0
218,113020,-454,3813,305,3664,-30607,929,20576,0,0,0,0,1,0
219,113541,-427,-306,367,-367,-28831,377,24758,0,0,0,0,1,0
220,114062,-385,-4362,415,-4332,-25947,-189,27988,0,0,0,0,1,0
221,114583,-327,-8200,447,-8080,-22066,-748,30143,0,0,0,0,1,0
222,115104,-257,-11672,462,-11468,-17337,-1278,31140,0,0,0,0,1,0
223,115625,-177,-14648,459,-14366,-11942,-1759,30940,0,0,0,0,1,0
224,116145,-90,-17012,438,-16664,-6088,-2172,29551,0,0,0,0,1,0
225,116666,0,-18676,401,-18276,0,-2502,27026,0,0,0,0,1,0
226,117187,90,-19576,348,-19138,6088,-2736,23462,0,0,0,0,1,0
227,117708,177,-19679,282,-19221,11942,-2865,18997,0,0,0,0,1,0
228,118229,257,-18982,205,-18520,17337,-2883,13802,0,0,0,0,1,0
229,118750,327,-17512,120,-17065,22066,-2791,8077,0,0,0,0,1,0
230,119270,385,-15326,30,-14911,25947,-2592,2041,0,0,0,0,1,0
231,119791,427,-12509,-60,-12143,28831,-2292,-4073,0,0,0,0,1,0
232,120312,454,-9172,-149,-8867,30607,-1905,-10031,0,0,0,0,1,0
233,120833,463,-5441,-231,-5210,31207,-1445,-15603,0,0,0,0,1,0
234,121354,454,-1462,-305,-1313,30607,-929,-20576,0,0,0,0,1,0
235,121875,427,2611,-367,2672,28831,-377,-24758,0,0,0,0,1,0
236,122395,385,6622,-415,6592,25947,189,-27988,0,0,0,0,1,0
237,122916,327,10416,-447,10296,22066,748,-30143,0,0,0,0,1,0
238,123437,257,13845,-462,13641,17337,1278,-31140,0,0,0,0,1,0
239,123958,177,16778,-459,16497,11942,1759,-30940,0,0,0,0,1,0
240,124479,90,19102,-438,18754,6088,2172,-29551,0,0,0,0,1,0
241,125000,0,20725,-401,20324,0,2502,-27026,0,0,0,0,1,0
242,125520,-90,21586,-348,21148,-6088,2736,-23462,0,0,0,0,1,0
243,126041,-177,21649,-282,21191,-11942,2865,-18997,0,0,0,0,1,0
244,126562,-257,20914,-205,20452,-17337,2883,-13802,0,0,0,0,1,0
245,127083,-327,19406,-120,18959,-22066,2791,-8077,0,0,0,0,1,0
246,127604,-385,17183,-30,16768,-25947,2592,-2041,0,0,0,0,1,0
247,128124,-427,14331,60,13964,-28831,2292,4073,0,0,0,0,1,0
248,128645,-454,10957,149,10652,-30607,1905,10031,0,0,0,0,1,0
249,129166,-463,7192,231,6961,-31207,1445,15603,0,0,0,0,1,0
250,129687,-454,3179,305,3031,-30607,929,20576,0,0,0,0,1,0
251,130208,-427,-928,367,-988,-28831,377,24758,0,0,0,0,1,0
252,130729,-385,-4971,415,-4941,-25947,-189,27988,0,0,0,0,1,0
253,131250,-327,-8797,447,-8677,-22066,-748,30143,0,0,0,0,1,0
254,131770,-257,-12258,462,-12053,-17337,-1278,31140,0,0,0,0,1,0
255,132291,-177,-15222,459,-14940,-11942,-1759,30940,0,0,0,0,1,0
256,132812,-90,-17575,438,-17228,-6088,-2172,29551,0,0,0,0,1,0
257,133333,0,-19229,401,-18828,0,-2502,27026,0,0,0,0,1,0
258,133854,90,-20118,348,-19680,6088,-2736,23462,0,0,0,0,1,0
259,134375,177,-20211,282,-19752,11942,-2865,18997,0,0,0,0,1,0
260,134895,257,-19503,205,-19041,17337,-2883,13802,0,0,0,0,1,0
261,135416,327,-18022,120,-17575,22066,-2791,8077,0,0,0,0,1,0
262,135937,385,-15827,30,-15412,25947,-2592,2041,0,0,0,0,1,0
263,136458,427,-13000,-60,-12633,28831,-2292,-4073,0,0,0,0,1,0
264,136979,454,-9653,-149,-9348,30607,-1905,-10031,0,0,0,0,1,0
265,137500,463,-5913,-231,-5682,31207,-1445,-15603,0,0,0,0,1,0
266,138020,454,-1925,-305,-1776,30607,-929,-20576,0,0,0,0,1,0
267,138541,427,2157,-367,2218,28831,-377,-24758,0,0,0,0,1,0
268,139062,385,6177,-415,6147,25947,189,-27988,0,0,0,0,1,0
269,139583,327,9979,-447,9860,22066,748,-30143,0,0,0,0,1,0
270,140104,257,13417,-462,13213,17337,1278,-31140,0,0,0,0,1,0
271,140625,177,16359,-459,16077,11942,1759,-30940,0,0,0,0,1,0
272,141145,90,18690,-438,18342,6088,2172,-29551,0,0,0,0,1,0
273,141666,0,20322,-401,19921,0,2502,-27026,0,0,0,0,1,0
274,142187,-90,21190,-348,20752,-6088,2736,-23462,0,0,0,0,1,0
275,142708,-177,21262,-282,20803,-11942,2865,-18997,0,0,0,0,1,0
276,143229,-257,20533,-205,20072,-17337,2883,-13802,0,0,0,0,1,0
277,143750,-327,19033,-120,18586,-22066,2791,-8077,0,0,0,0,1,0
278,144270,-385,16817,-30,16403,-25947,2592,-2041,0,0,0,0,1,0
279,144791,-427,13972,60,13605,-28831,2292,4073,0,0,0,0,1,0
280,145312,-454,10606,149,10301,-30607,1905,10031,0,0,0,0,1,0
281,145833,-463,6847,231,6616,-31207,1445,15603,0,0,0,0,1,0
282,146354,-454,2841,305,2692,-30607,929,20576,0,0,0,0,1,0
283,146875,-427,-1259,367,-1320,-28831,377,24758,0,0,0,0,1,0
284,147395,-385,-5297,415,-5266,-25947,-189,27988,0,0,0,0,1,0
285,147916,-327,-9116,447,-8996,-22066,-748,30143,0,0,0,0,1,0
286,148437,-257,-12571,462,-12366,-17337,-1278,31140,0,0,0,0,1,0
287,148958,-177,-15529,459,-15247,-11942,-1759,30940,0,0,0,0,1,0
288,149479,-90,-17876,438,-17528,-6088,-2172,29551,0,0,0,0,1,0
289,150000,0,-401,401,0,0,-25024,25024,0,0,0,0,1,0
290,150520,90,-438,348,0,5637,-27362,21724,0,0,0,0,1,0
291,151041,177,-459,282,0,11058,-28648,17590,0,0,0,0,1,0
292,151562,257,-462,205,0,16053,-28833,12780,0,0,0,0,1,0
293,152083,327,-447,120,0,20432,-27910,7479,0,0,0,0,1,0
294,152604,385,-415,30,0,24025,-25915,1890,0,0,0,0,1,0
295,153125,427,-367,-60,0,26696,-22924,-3772,0,0,0,0,1,0
296,153645,454,-305,-149,0,28340,-19052,-9288,0,0,0,0,1,0
297,154166,463,-231,-231,0,28895,-14448,-14448,0,0,0,0,1,0
298,154687,454,-149,-305,0,28340,-9288,-19052,0,0,0,0,1,0
299,155208,427,-60,-367,0,26696,-3772,-22924,0,0,0,0,1,0
300,155729,385,30,-415,0,24025,1890,-25915,0,0,0,0,1,0
301,156250,327,120,-447,0,20432,7479,-27910,0,0,0,0,1,0
302,156770,257,205,-462,0,16053,12780,-28833,0,0,0,0,1,0
303,157291,177,282,-459,0,11058,17590,-28648,0,0,0,0,1,0
304,157812,90,348,-438,0,5637,21724,-27362,0,0,0,0,1,0
305,158333,0,401,-401,0,0,25024,-25024,0,0,0,0,1,0
306,158854,-90,438,-348,0,-5637,27362,-21724,0,0,0,0,1,0
307,159375,-177,459,-282,0,-11058,28648,-17590,0,0,0,0,1,0
308,159895,-257,462,-205,0,-16053,28833,-12780,0,0,0,0,1,0
309,160416,-327,447,-120,0,-20432,27910,-7479,0,0,0,0,1,0
310,160937,-385,415,-30,0,-24025,25915,-1890,0,0,0,0,1,0
311,161458,-427,367,60,0,-26696,22924,3772,0,0,0,0,1,0
312,161979,-454,305,149,0,-28340,19052,9288,0,0,0,0,1,0
313,162500,-463,231,231,0,-28895,14448,14448,0,0,0,0,1,0
314,163020,-454,149,305,0,-28340,9288,19052,0,0,0,0,1,0
315,163541,-427,60,367,0,-26696,3772,22924,0,0,0,0,1,0
316,164062,-385,-30,415,0,-24025,-1890,25915,0,0,0,0,1,0
317,164583,-327,-120,447,0,-20432,-7479,27910,0,0,0,0,1,0
318,165104,-257,-205,462,0,-16053,-12780,28833,0,0,0,0,1,0
319,165625,-177,-282,459,0,-11058,-17590,28648,0,0,0,0,1,0
320,166145,-90,-348,438,0,-5637,-21724,27362,0,0,0,0,1,0
321,166666,0,-401,401,0,0,-25024,25024,0,0,0,0,1,0
322,167187,90,-438,348,0,5637,-27362,21724,0,0,0,0,1,0
323,167708,177,-459,282,0,11058,-28648,17590,0,0,0,0,1,0
324,168229,257,-462,205,0,16053,-28833,12780,0,0,0,0,1,0
325,168750,327,-447,120,0,20432,-27910,7479,0,0,0,0,1,0
326,169270,385,-415,30,0,24025,-25915,1890,0,0,0,0,1,0
327,169791,427,-367,-60,0,26696,-22924,-3772,0,0,0,0,1,0
328,170312,454,-305,-149,0,28340,-19052,-9288,0,0,0,0,1,0
329,170833,463,-231,-231,0,28895,-14448,-14448,0,0,0,0,1,0
330,171354,454,-149,-305,0,28340,-9288,-19052,0,0,0,0,1,0
331,171875,427,-60,-367,0,26696,-3772,-22924,0,0,0,0,1,0
332,172395,385,30,-415,0,24025,1890,-25915,0,0,0,0,1,0
333,172916,327,120,-447,0,20432,7479,-27910,0,0,0,0,1,0
334,173437,257,205,-462,0,16053,12780,-28833,0,0,0,0,1,0
335,173958,177,282,-459,0,11058,17590,-28648,0,0,0,0,1,0
336,174479,90,348,-438,0,5637,21724,-27362,0,0,0,0,1,0
337,175000,0,401,-401,0,0,25024,-25024,0,0,0,0,1,0
338,175520,-90,438,-348,0,-5637,27362,-21724,0,0,0,0,1,0
339,176041,-177,459,-282,0,-11058,28648,-17590,0,0,0,0,1,0
340,176562,-257,462,-205,0,-16053,28833,-12780,0,0,0,0,1,0
341,177083,-327,447,-120,0,-20432,27910,-7479,0,0,0,0,1,0
342,177604,-385,415,-30,0,-24025,25915,-1890,0,0,0,0,1,0
343,178125,-427,367,60,0,-26696,22924,3772,0,0,0,0,1,0
344,178645,-454,305,149,0,-28340,19052,9288,0,0,0,0,1,0
345,179166,-463,231,231,0,-28895,14448,14448,0,0,0,0,1,0
346,179687,-454,149,305,0,-28340,9288,19052,0,0,0,0,1,0
347,180208,-427,60,367,0,-26696,3772,22924,0,0,0,0,1,0
348,180729,-385,-30,415,0,-24025,-1890,25915,0,0,0,0,1,0
349,181250,-327,-120,447,0,-20432,-7479,27910,0,0,0,0,1,0
350,181770,-257,-205,462,0,-16053,-12780,28833,0,0,0,0,1,0
351,182291,-177,-282,459,0,-11058,-17590,28648,0,0,0,0,1,0
352,182812,-90,-348,438,0,-5637,-21724,27362,0,0,0,0,1,0
353,183333,0,-401,401,0,0,-25024,25024,0,0,0,0,1,0
354,183854,90,-438,348,0,5637,-27362,21724,0,0,0,0,1,0
355,184375,177,-459,282,0,11058,-28648,17590,0,0,0,0,1,0
356,184895,257,-462,205,0,16053,-28833,12780,0,0,0,0,1,0
357,185416,327,-447,120,0,20432,-27910,7479,0,0,0,0,1,0
358,185937,385,-415,30,0,24025,-25915,1890,0,0,0,0,1,0
359,186458,427,-367,-60,0,26696,-22924,-3772,0,0,0,0,1,0
360,186979,454,-305,-149,0,28340,-19052,-9288,0,0,0,0,1,0
361,187500,463,-231,-231,0,28895,-14448,-14448,0,0,0,0,1,0
362,188020,454,-149,-305,0,28340,-9288,-19052,0,0,0,0,1,0
363,188541,427,-60,-367,0,26696,-3772,-22924,0,0,0,0,1,0
364,189062,385,30,-415,0,24025,1890,-25915,0,0,0,0,1,0
365,189583,327,120,-447,0,20432,7479,-27910,0,0,0,0,1,0
366,190104,257,205,-462,0,16053,12780,-28833,0,0,0,0,1,0
367,190625,177,282,-459,0,11058,17590,-28648,0,0,0,0,1,0
368,191145,90,348,-438,0,5637,21724,-27362,0,0,0,0,1,0
369,191666,0,401,-401,0,0,25024,-25024,0,0,0,0,1,0
370,192187,-90,438,-348,0,-5637,27362,-21724,0,0,0,0,1,0
371,192708,-177,459,-282,0,-11058,28648,-17590,0,0,0,0,1,0
372,193229,-257,462,-205,0,-16053,28833,-12780,0,0,0,0,1,0
373,193750,-327,447,-120,0,-20432,27910,-7479,0,0,0,0,1,0
374,194270,-385,415,-30,0,-24025,25915,-1890,0,0,0,0,1,0
375,194791,-427,367,60,0,-26696,22924,3772,0,0,0,0,1,0
376,195312,-454,305,149,0,-28340,19052,9288,0,0,0,0,1,0
377,195833,-463,231,231,0,-28895,14448,14448,0,0,0,0,1,0
378,196354,-454,149,305,0,-28340,9288,19052,0,0,0,0,1,0
379,196875,-427,60,367,0,-26696,3772,22924,0,0,0,0,1,0
380,197395,-385,-30,415,0,-24025,-1890,25915,0,0,0,0,1,0
381,197916,-327,-120,447,0,-20432,-7479,27910,0,0,0,0,1,0
382,198437,-257,-205,462,0,-16053,-12780,28833,0,0,0,0,1,0
383,198958,-177,-282,459,0,-11058,-17590,28648,0,0,0,0,1,0
384,199479,-90,-348,438,0,-5637,-21724,27362,0,0,0,0,1,0
385,200000,0,-401,401,0,0,-25024,25024,0,0,0,0,1,0
386,200520,90,-438,348,0,5637,-27362,21724,0,0,0,0,1,0
387,201041,177,-459,282,0,11058,-28648,17590,0,0,0,0,1,0
388,201562,257,-462,205,0,16053,-28833,12780,0,0,0,0,1,0
389,202083,327,-447,120,0,20432,-27910,7479,0,0,0,0,1,0
390,202604,385,-415,30,0,24025,-25915,1890,0,0,0,0,1,0
391,203125,427,-367,-60,0,26696,-22924,-3772,0,0,0,0,1,0
392,203645,454,-305,-149,0,28340,-19052,-9288,0,0,0,0,1,0
393,204166,463,-231,-231,0,28895,-14448,-14448,0,0,0,0,1,0
394,204687,454,-149,-305,0,28340,-9288,-19052,0,0,0,0,1,0
395,205208,427,-60,-367,0,26696,-3772,-22924,0,0,0,0,1,0
396,205729,385,30,-415,0,24025,1890,-25915,0,0,0,0,1,0
397,206250,327,120,-447,0,20432,7479,-27910,0,0,0,0,1,0
398,206770,257,205,-462,0,16053,12780,-28833,0,0,0,0,1,0
399,207291,177,282,-459,0,11058,17590,-28648,0,0,0,0,1,0
400,207812,90,348,-438,0,5637,21724,-27362,0,0,0,0,1,0
401,208333,0,401,-401,0,0,25024,-25024,0,0,0,0,1,0
402,208854,-90,438,-348,0,-5637,27362,-21724,0,0,0,0,1,0
403,209375,-177,459,-282,0,-11058,28648,-17590,0,0,0,0,1,0
404,209895,-257,462,-205,0,-16053,28833,-12780,0,0,0,0,1,0
405,210416,-327,447,-120,0,-20432,27910,-7479,0,0,0,0,1,0
406,210937,-385,415,-30,0,-24025,25915,-1890,0,0,0,0,1,0
407,211458,-427,367,60,0,-26696,22924,3772,0,0,0,0,1,0
408,211979,-454,305,149,0,-28340,19052,9288,0,0,0,0,1,0
409,212500,-463,231,231,0,-28895,14448,14448,0,0,0,0,1,0
410,213020,-454,149,305,0,-28340,9288,19052,0,0,0,0,1,0
411,213541,-427,60,367,0,-26696,3772,22924,0,0,0,0,1,0
412,214062,-385,-30,415,0,-24025,-1890,25915,0,0,0,0,1,0
413,214583,-327,-120,447,0,-20432,-7479,27910,0,0,0,0,1,0
414,215104,-257,-205,462,0,-16053,-12780,28833,0,0,0,0,1,0
415,215625,-177,-282,459,0,-11058,-17590,28648,0,0,0,0,1,0
416,216145,-90,-348,438,0,-5637,-21724,27362,0,0,0,0,1,0
417,216666,0,-401,401,0,0,-25024,25024,0,0,0,0,1,0
418,217187,90,-438,348,0,5637,-27362,21724,0,0,0,0,1,0
419,217708,177,-459,282,0,11058,-28648,17590,0,0,0,0,1,0
420,218229,257,-462,205,0,16053,-28833,12780,0,0,0,0,1,0
421,218750,327,-447,120,0,20432,-27910,7479,0,0,0,0,1,0
422,219270,385,-415,30,0,24025,-25915,1890,0,0,0,0,1,0
423,219791,427,-367,-60,0,26696,-22924,-3772,0,0,0,0,1,0
424,220312,454,-305,-149,0,28340,-19052,-9288,0,0,0,0,1,0
425,220833,463,-231,-231,0,28895,-14448,-14448,0,0,0,0,1,0
426,221354,454,-149,-305,0,28340,-9288,-19052,0,0,0,0,1,0
427,221875,427,-60,-367,0,26696,-3772,-22924,0,0,0,0,1,0
428,222395,385,30,-415,0,24025,1890,-25915,0,0,0,0,1,0
429,222916,327,120,-447,0,20432,7479,-27910,0,0,0,0,1,0
430,223437,257,205,-462,0,16053,12780,-28833,0,0,0,0,1,0
431,223958,177,282,-459,0,11058,17590,-28648,0,0,0,0,1,0
432,224479,90,348,-438,0,5637,21724,-27362,0,0,0,0,1,0
433,225000,0,401,-401,0,0,25024,-25024,0,0,0,0,1,0
434,225520,-90,438,-348,0,-5637,27362,-21724,0,0,0,0,1,0
435,226041,-177,459,-282,0,-11058,28648,-17590,0,0,0,0,1,0
436,226562,-257,462,-205,0,-16053,28833,-12780,0,0,0,0,1,0
437,227083,-327,447,-120,0,-20432,27910,-7479,0,0,0,0,1,0
438,227604,-385,415,-30,0,-24025,25915,-1890,0,0,0,0,1,0
439,228125,-427,367,60,0,-26696,22924,3772,0,0,0,0,1,0
440,228645,-454,305,149,0,-28340,19052,9288,0,0,0,0,1,0
441,229166,-463,231,231,0,-28895,14448,14448,0,0,0,0,1,0
442,229687,-454,149,305,0,-28340,9288,19052,0,0,0,0,1,0
443,230208,-427,60,367,0,-26696,3772,22924,0,0,0,0,1,0
444,230729,-385,-30,415,0,-24025,-1890,25915,0,0,0,0,1,0
445,231250,-327,-120,447,0,-20432,-7479,27910,0,0,0,0,1,0
446,231770,-257,-205,462,0,-16053,-12780,28833,0,0,0,0,1,0
447,232291,-177,-282,459,0,-11058,-17590,28648,0,0,0,0,1,0
448,232812,-90,-348,438,0,-5637,-21724,27362,0,0,0,0,1,0
449,233333,0,-401,401,0,0,-25024,25024,0,0,0,0,1,0
450,233854,90,-438,348,0,5637,-27362,21724,0,0,0,0,1,0
451,234375,177,-459,282,0,11058,-28648,17590,0,0,0,0,1,0
452,234895,257,-462,205,0,16053,-28833,12780,0,0,0,0,1,0
453,235416,327,-447,120,0,20432,-27910,7479,0,0,0,0,1,0
454,235937,385,-415,30,0,24025,-25915,1890,0,0,0,0,1,0
455,236458,427,-367,-60,0,26696,-22924,-3772,0,0,0,0,1,0
456,236979,454,-305,-149,0,28340,-19052,-9288,0,0,0,0,1,0
457,237500,463,-231,-231,0,28895,-14448,-14448,0,0,0,0,1,0
458,238020,454,-149,-305,0,28340,-9288,-19052,0,0,0,0,1,0
459,238541,427,-60,-367,0,26696,-3772,-22924,0,0,0,0,1,0
460,239062,385,30,-415,0,24025,1890,-25915,0,0,0,0,1,0
461,239583,327,120,-447,0,20432,7479,-27910,0,0,0,0,1,0
462,240104,257,205,-462,0,16053,12780,-28833,0,0,0,0,1,0
463,240625,177,282,-459,0,11058,17590,-28648,0,0,0,0,1,0
464,241145,90,348,-438,0,5637,21724,-27362,0,0,0,0,1,0
465,241666,0,401,-401,0,0,25024,-25024,0,0,0,0,1,0
466,242187,-90,438,-348,0,-5637,27362,-21724,0,0,0,0,1,0
467,242708,-177,459,-282,0,-11058,28648,-17590,0,0,0,0,1,0
468,243229,-257,462,-205,0,-16053,28833,-12780,0,0,0,0,1,0
469,243750,-327,447,-120,0,-20432,27910,-7479,0,0,0,0,1,0
470,244270,-385,415,-30,0,-24025,25915,-1890,0,0,0,0,1,0
471,244791,-427,367,60,0,-26696,22924,3772,0,0,0,0,1,0
472,245312,-454,305,149,0,-28340,19052,9288,0,0,0,0,1,0
473,245833,-463,231,231,0,-28895,14448,14448,0,0,0,0,1,0
474,246354,-454,149,305,0,-28340,9288,19052,0,0,0,0,1,0
475,246875,-427,60,367,0,-26696,3772,22924,0,0,0,0,1,0
476,247395,-385,-30,415,0,-24025,-1890,25915,0,0,0,0,1,0
477,247916,-327,-120,447,0,-20432,-7479,27910,0,0,0,0,1,0
478,248437,-257,-205,462,0,-16053,-12780,28833,0,0,0,0,1,0
479,248958,-177,-282,459,0,-11058,-17590,28648,0,0,0,0,1,0
480,249479,-90,-348,438,0,-5637,-21724,27362,0,0,0,0,1,0
481,250000,0,-401,401,0,0,-25024,25024,0,0,0,0,1,0
482,250520,90,-438,348,0,5637,-27362,21724,0,0,0,0,1,0
483,251041,177,-459,282,0,11058,-28648,17590,0,0,0,0,1,0
484,251562,257,-462,205,0,16053,-28833,12780,0,0,0,0,1,0
485,252083,327,-447,120,0,20432,-27910,7479,0,0,0,0,1,0
486,252604,385,-415,30,0,24025,-25915,1890,0,0,0,0,1,0
487,253125,427,-367,-60,0,26696,-22924,-3772,0,0,0,0,1,0
488,253645,454,-305,-149,0,28340,-19052,-9288,0,0,0,0,1,0
489,254166,463,-231,-231,0,28895,-14448,-14448,0,0,0,0,1,0
490,254687,454,-149,-305,0,28340,-9288,-19052,0,0,0,0,1,0
491,255208,427,-60,-367,0,26696,-3772,-22924,0,0,0,0,1,0
492,255729,385,30,-415,0,24025,1890,-25915,0,0,0,0,1,0
493,256249,327,120,-447,0,20432,7479,-27910,0,0,0,0,1,0
494,256770,257,205,-462,0,16053,12780,-28833,0,0,0,0,1,0
495,257291,177,282,-459,0,11058,17590,-28648,0,0,0,0,1,0
496,257812,90,348,-438,0,5637,21724,-27362,0,0,0,0,1,0
497,258333,0,401,-401,0,0,25024,-25024,0,0,0,0,1,0
498,258854,-90,438,-348,0,-5637,27362,-21724,0,0,0,0,1,0
499,259375,-177,459,-282,0,-11058,28648,-17590,0,0,0,0,1,0
500,259895,-257,462,-205,0,-16053,28833,-12780,0,0,0,0,1,0
501,260416,-327,447,-120,0,-20432,27910,-7479,0,0,0,0,1,0
502,260937,-385,415,-30,0,-24025,25915,-1890,0,0,0,0,1,0
503,261458,-427,367,60,0,-26696,22924,3772,0,0,0,0,1,0
504,261979,-454,305,149,0,-28340,19052,9288,0,0,0,0,1,0
505,262500,-463,231,231,0,-28895,14448,14448,0,0,0,0,1,0
506,263020,-454,149,305,0,-28340,9288,19052,0,0,0,0,1,0
507,263541,-427,60,367,0,-26696,3772,22924,0,0,0,0,1,0
508,264062,-385,-30,415,0,-24025,-1890,25915,0,0,0,0,1,0
509,264583,-327,-120,447,0,-20432,-7479,27910,0,0,0,0,1,0
510,265104,-257,-205,462,0,-16053,-12780,28833,0,0,0,0,1,0
511,265625,-177,-282,459,0,-11058,-17590,28648,0,0,0,0,1,0
512,266145,-90,-348,438,0,-5637,-21724,27362,0,0,0,0,1,0
513,266666,0,-401,401,0,0,-25024,25024,0,0,0,0,1,0
514,267187,90,-438,348,0,5637,-27362,21724,0,0,0,0,1,0
515,267708,177,-459,282,0,11058,-28648,17590,0,0,0,0,1,0
516,268229,257,-462,205,0,16053,-28833,12780,0,0,0,0,1,0
517,268750,327,-447,120,0,20432,-27910,7479,0,0,0,0,1,0
518,269270,385,-415,30,0,24025,-25915,1890,0,0,0,0,1,0
519,269791,427,-367,-60,0,26696,-22924,-3772,0,0,0,0,1,0
520,270312,454,-305,-149,0,28340,-19052,-9288,0,0,0,0,1,0
521,270833,463,-231,-231,0,28895,-14448,-14448,0,0,0,0,1,0
522,271354,454,-149,-305,0,28340,-9288,-19052,0,0,0,0,1,0
523,271875,427,-60,-367,0,26696,-3772,-22924,0,0,0,0,1,0
524,272395,385,30,-415,0,24025,1890,-25915,0,0,0,0,1,0
525,272916,327,120,-447,0,20432,7479,-27910,0,0,0,0,1,0
526,273437,257,205,-462,0,16053,12780,-28833,0,0,0,0,1,0
527,273958,177,282,-459,0,11058,17590,-28648,0,0,0,0,1,0
528,274479,90,348,-438,0,5637,21724,-27362,0,0,0,0,1,0
529,275000,0,401,-401,0,0,25024,-25024,0,0,0,0,1,0
530,275520,-90,438,-348,0,-5637,27362,-21724,0,0,0,0,1,0
531,276041,-177,459,-282,0,-11058,28648,-17590,0,0,0,0,1,0
532,276562,-257,462,-205,0,-16053,28833,-12780,0,0,0,0,1,0
533,277083,-327,447,-120,0,-20432,27910,-7479,0,0,0,0,1,0
534,277604,-385,415,-30,0,-24025,25915,-1890,0,0,0,0,1,0
535,278125,-427,367,60,0,-26696,22924,3772,0,0,0,0,1,0
536,278645,-454,305,149,0,-28340,19052,9288,0,0,0,0,1,0
537,279166,-463,231,231,0,-28895,14448,14448,0,0,0,0,1,0
538,279687,-454,149,305,0,-28340,9288,19052,0,0,0,0,1,0
539,280208,-427,60,367,0,-26696,3772,22924,0,0,0,0,1,0
540,280729,-385,-30,415,0,-24025,-1890,25915,0,0,0,0,1,0
541,281250,-327,-120,447,0,-20432,-7479,27910,0,0,0,0,1,0
542,281770,-257,-205,462,0,-16053,-12780,28833,0,0,0,0,1,0
543,282291,-177,-282,459,0,-11058,-17590,28648,0,0,0,0,1,0
544,282812,-90,-348,438,0,-5637,-21724,27362,0,0,0,0,1,0
545,283333,0,-401,401,0,0,-25024,25024,0,0,0,0,1,0
546,283854,90,-438,348,0,5637,-27362,21724,0,0,0,0,1,0
547,284375,177,-459,282,0,11058,-28648,17590,0,0,0,0,1,0
548,284895,257,-462,205,0,16053,-28833,12780,0,0,0,0,1,0
549,285416,327,-447,120,0,20432,-27910,7479,0,0,0,0,1,0
550,285937,385,-415,30,0,24025,-25915,1890,0,0,0,0,1,0
551,286458,427,-367,-60,0,26696,-22924,-3772,0,0,0,0,1,0
552,286979,454,-305,-149,0,28340,-19052,-9288,0,0,0,0,1,0
553,287500,463,-231,-231,0,28895,-14448,-14448,0,0,0,0,1,0
554,288020,454,-149,-305,0,28340,-9288,-19052,0,0,0,0,1,0
555,288541,427,-60,-367,0,26696,-3772,-22924,0,0,0,0,1,0
556,289062,385,30,-415,0,24025,1890,-25915,0,0,0,0,1,0
557,289583,327,120,-447,0,20432,7479,-27910,0,0,0,0,1,0
558,290104,257,205,-462,0,16053,12780,-28833,0,0,0,0,1,0
559,290625,177,282,-459,0,11058,17590,-28648,0,0,0,0,1,0
560,291145,90,348,-438,0,5637,21724,-27362,0,0,0,0,1,0
561,291666,0,401,-401,0,0,25024,-25024,0,0,0,0,1,0
562,292187,-90,438,-348,0,-5637,27362,-21724,0,0,0,0,1,0
563,292708,-177,459,-282,0,-11058,28648,-17590,0,0,0,0,1,0
564,293229,-257,462,-205,0,-16053,28833,-12780,0,0,0,0,1,0
565,293750,-327,447,-120,0,-20432,27910,-7479,0,0,0,0,1,0
566,294270,-385,415,-30,0,-24025,25915,-1890,0,0,0,0,1,0
567,294791,-427,367,60,0,-26696,22924,3772,0,0,0,0,1,0
568,295312,-454,305,149,0,-28340,19052,9288,0,0,0,0,1,0
569,295833,-463,231,231,0,-28895,14448,14448,0,0,0,0,1,0
570,296354,-454,149,305,0,-28340,9288,19052,0,0,0,0,1,0
571,296875,-427,60,367,0,-26696,3772,22924,0,0,0,0,1,0
572,297395,-385,-30,415,0,-24025,-1890,25915,0,0,0,0,1,0
573,297916,-327,-120,447,0,-20432,-7479,27910,0,0,0,0,1,0
574,298437,-257,-205,462,0,-16053,-12780,28833,0,0,0,0,1,0
575,298958,-177,-282,459,0,-11058,-17590,28648,0,0,0,0,1,0
576,299479,-90,-348,438,0,-5637,-21724,27362,0,0,0,0,1,0
577,300000,0,-401,401,0,0,-25024,25024,0,0,0,0,1,0
578,300520,90,-438,348,0,5637,-27362,21724,0,0,0,0,1,0
579,301041,177,-459,282,0,11058,-28648,17590,0,0,0,0,1,0
580,301562,257,-462,205,0,16053,-28833,12780,0,0,0,0,1,0
581,302083,327,-447,120,0,20432,-27910,7479,0,0,0,0,1,0
582,302604,385,-415,30,0,24025,-25915,1890,0,0,0,0,1,0
583,303125,427,-367,-60,0,26696,-22924,-3772,0,0,0,0,1,0
584,303645,454,-305,-149,0,28340,-19052,-9288,0,0,0,0,1,0
585,304166,463,-231,-231,0,28895,-14448,-14448,0,0,0,0,1,0
586,304687,454,-149,-305,0,28340,-9288,-19052,0,0,0,0,1,0
587,305208,427,-60,-367,0,26696,-3772,-22924,0,0,0,0,1,0
588,305729,385,30,-415,0,24025,1890,-25915,0,0,0,0,1,0
589,306250,327,120,-447,0,20432,7479,-27910,0,0,0,0,1,0
590,306770,257,205,-462,0,16053,12780,-28833,0,0,0,0,1,0
591,307291,177,282,-459,0,11058,17590,-28648,0,0,0,0,1,0
592,307812,90,348,-438,0,5637,21724,-27362,0,0,0,0,1,0
593,308333,0,401,-401,0,0,25024,-25024,0,0,0,0,1,0
594,308854,-90,438,-348,0,-5637,27362,-21724,0,0,0,0,1,0
595,309375,-177,459,-282,0,-11058,28648,-17590,0,0,0,0,1,0
596,309895,-257,462,-205,0,-16053,28833,-12780,0,0,0,0,1,0
597,310416,-327,447,-120,0,-20432,27910,-7479,0,0,0,0,1,0
598,310937,-385,415,-30,0,-24025,25915,-1890,0,0,0,0,1,0
599,311458,-427,367,60,0,-26696,22924,3772,0,0,0,0,1,0
600,311979,-454,305,149,0,-28340,19052,9288,0,0,0,0,1,0
601,312500,-463,231,231,0,-28895,14448,14448,0,0,0,0,1,0
602,313020,-454,149,305,0,-28340,9288,19052,0,0,0,0,1,0
603,313541,-427,60,367,0,-26696,3772,22924,0,0,0,0,1,0
604,314062,-385,-30,415,0,-24025,-1890,25915,0,0,0,0,1,0
605,314583,-327,-120,447,0,-20432,-7479,27910,0,0,0,0,1,0
606,315104,-257,-205,462,0,-16053,-12780,28833,0,0,0,0,1,0
607,315625,-177,-282,459,0,-11058,-17590,28648,0,0,0,0,1,0
608,316145,-90,-348,438,0,-5637,-21724,27362,0,0,0,0,1,0
609,316666,0,-401,401,0,0,-25024,25024,0,0,0,0,1,0
610,317187,90,-438,348,0,5637,-27362,21724,0,0,0,0,1,0
611,317708,177,-459,282,0,11058,-28648,17590,0,0,0,0,1,0
612,318229,257,-462,205,0,16053,-28833,12780,0,0,0,0,1,0
613,318750,327,-447,120,0,20432,-27910,7479,0,0,0,0,1,0
614,319270,385,-415,30,0,24025,-25915,1890,0,0,0,0,1,0
615,319791,427,-367,-60,0,26696,-22924,-3772,0,0,0,0,1,0
616,320312,454,-305,-149,0,28340,-19052,-9288,0,0,0,0,1,0
617,320833,463,-231,-231,0,28895,-14448,-14448,0,0,0,0,1,0
618,321354,454,-149,-305,0,28340,-9288,-19052,0,0,0,0,1,0
619,321875,427,-60,-367,0,26696,-3772,-22924,0,0,0,0,1,0
620,322395,385,30,-415,0,24025,1890,-25915,0,0,0,0,1,0
621,322916,327,120,-447,0,20432,7479,-27910,0,0,0,0,1,0
622,323437,257,205,-462,0,16053,12780,-28833,0,0,0,0,1,0
623,323958,177,282,-459,0,11058,17590,-28648,0,0,0,0,1,0
624,324479,90,348,-438,0,5637,21724,-27362,0,0,0,0,1,0
625,325000,0,401,-401,0,0,25024,-25024,0,0,0,0,1,0
626,325520,-90,438,-348,0,-5637,27362,-21724,0,0,0,0,1,0
627,326041,-177,459,-282,0,-11058,28648,-17590,0,0,0,0,1,0
628,326562,-257,462,-205,0,-16053,28833,-12780,0,0,0,0,1,0
629,327083,-327,447,-120,0,-20432,27910,-7479,0,0,0,0,1,0
630,327604,-385,415,-30,0,-24025,25915,-1890,0,0,0,0,1,0
631,328125,-427,367,60,0,-26696,22924,3772,0,0,0,0,1,0
632,328645,-454,305,149,0,-28340,19052,9288,0,0,0,0,1,0
633,329166,-463,231,231,0,-28895,14448,14448,0,0,0,0,1,0
634,329687,-454,149,305,0,-28340,9288,19052,0,0,0,0,1,0
635,330208,-427,60,367,0,-26696,3772,22924,0,0,0,0,1,0
636,330729,-385,-30,415,0,-24025,-1890,25915,0,0,0,0,1,0
637,331250,-327,-120,447,0,-20432,-7479,27910,0,0,0,0,1,0
638,331770,-257,-205,462,0,-16053,-12780,28833,0,0,0,0,1,0
639,332291,-177,-282,459,0,-11058,-17590,28648,0,0,0,0,1,0
640,332812,-90,-348,438,0,-5637,-21724,27362,0,0,0,0,1,0
641,333333,0,-401,401,0,0,-25024,25024,0,0,0,0,1,0
642,333854,90,-438,348,0,5637,-27362,21724,0,0,0,0,1,0
643,334375,177,-459,282,0,11058,-28648,17590,0,0,0,0,1,0
644,334895,257,-462,205,0,16053,-28833,12780,0,0,0,0,1,0
645,335416,327,-447,120,0,20432,-27910,7479,0,0,0,0,1,0
646,335937,385,-415,30,0,24025,-25915,1890,0,0,0,0,1,0
647,336458,427,-367,-60,0,26696,-22924,-3772,0,0,0,0,1,0
648,336979,454,-305,-149,0,28340,-19052,-9288,0,0,0,0,1,0
649,337500,463,-231,-231,0,28895,-14448,-14448,0,0,0,0,1,0
650,338020,454,-149,-305,0,28340,-9288,-19052,0,0,0,0,1,0
651,338541,427,-60,-367,0,26696,-3772,-22924,0,0,0,0,1,0
652,339062,385,30,-415,0,24025,1890,-25915,0,0,0,0,1,0
653,339583,327,120,-447,0,20432,7479,-27910,0,0,0,0,1,0
654,340104,257,205,-462,0,16053,12780,-28833,0,0,0,0,1,0
655,340625,177,282,-459,0,11058,17590,-28648,0,0,0,0,1,0
656,341145,90,348,-438,0,5637,21724,-27362,0,0,0,0,1,0
657,341666,0,401,-401,0,0,25024,-25024,0,0,0,0,1,0
658,342187,-90,438,-348,0,-5637,27362,-21724,0,0,0,0,1,0
659,342708,-177,459,-282,0,-11058,28648,-17590,0,0,0,0,1,0
660,343229,-257,462,-205,0,-16053,28833,-12780,0,0,0,0,1,0
661,343750,-327,447,-120,0,-20432,27910,-7479,0,0,0,0,1,0
662,344270,-385,415,-30,0,-24025,25915,-1890,0,0,0,0,1,0
663,344791,-427,367,60,0,-26696,22924,3772,0,0,0,0,1,0
664,345312,-454,305,149,0,-28340,19052,9288,0,0,0,0,1,0
665,345833,-463,231,231,0,-28895,14448,14448,0,0,0,0,1,0
666,346354,-454,149,305,0,-28340,9288,19052,0,0,0,0,1,0
667,346875,-427,60,367,0,-26696,3772,22924,0,0,0,0,1,0
668,347395,-385,-30,415,0,-24025,-1890,25915,0,0,0,0,1,0
669,347916,-327,-120,447,0,-20432,-7479,27910,0,0,0,0,1,0
670,348437,-257,-205,462,0,-16053,-12780,28833,0,0,0,0,1,0
671,348958,-177,-282,459,0,-11058,-17590,28648,0,0,0,0,1,0
672,349479,-90,-348,438,0,-5637,-21724,27362,0,0,0,0,1,0
673,350000,0,-401,401,0,0,-25024,25024,0,0,0,0,1,0
674,350520,90,-438,348,0,5637,-27362,21724,0,0,0,0,1,0
675,351041,177,-459,282,0,11058,-28648,17590,0,0,0,0,1,0
676,351562,257,-462,205,0,16053,-28833,12780,0,0,0,0,1,0
677,352083,327,-447,120,0,20432,-27910,7479,0,0,0,0,1,0
678,352604,385,-415,30,0,24025,-25915,1890,0,0,0,0,1,0
679,353125,427,-367,-60,0,26696,-22924,-3772,0,0,0,0,1,0
680,353645,454,-305,-149,0,28340,-19052,-9288,0,0,0,0,1,0
681,354166,463,-231,-231,0,28895,-14448,-14448,0,0,0,0,1,0
682,354687,454,-149,-305,0,28340,-9288,-19052,0,0,0,0,1,0
683,355208,427,-60,-367,0,26696,-3772,-22924,0,0,0,0,1,0
684,355729,385,30,-415,0,24025,1890,-25915,0,0,0,0,1,0
685,356250,327,120,-447,0,20432,7479,-27910,0,0,0,0,1,0
686,356770,257,205,-462,0,16053,12780,-28833,0,0,0,0,1,0
687,357291,177,282,-459,0,11058,17590,-28648,0,0,0,0,1,0
688,357812,90,348,-438,0,5637,21724,-27362,0,0,0,0,1,0
689,358333,0,401,-401,0,0,25024,-25024,0,0,0,0,1,0
690,358854,-90,438,-348,0,-5637,27362,-21724,0,0,0,0,1,0
691,359375,-177,459,-282,0,-11058,28648,-17590,0,0,0,0,1,0
692,359895,-257,462,-205,0,-16053,28833,-12780,0,0,0,0,1,0
693,360416,-327,447,-120,0,-20432,27910,-7479,0,0,0,0,1,0
694,360937,-385,415,-30,0,-24025,25915,-1890,0,0,0,0,1,0
695,361458,-427,367,60,0,-26696,22924,3772,0,0,0,0,1,0
696,361979,-454,305,149,0,-28340,19052,9288,0,0,0,0,1,0
697,362500,-463,231,231,0,-28895,14448,14448,0,0,0,0,1,0
698,363020,-454,149,305,0,-28340,9288,19052,0,0,0,0,1,0
699,363541,-427,60,367,0,-26696,3772,22924,0,0,0,0,1,0
700,364062,-385,-30,415,0,-24025,-1890,25915,0,0,0,0,1,0
701,364583,-327,-120,447,0,-20432,-7479,27910,0,0,0,0,1,0
702,365104,-257,-205,462,0,-16053,-12780,28833,0,0,0,0,1,0
703,365625,-177,-282,459,0,-11058,-17590,28648,0,0,0,0,1,0
704,366145,-90,-348,438,0,-5637,-21724,27362,0,0,0,0,1,0
705,366666,0,-401,401,0,0,-25024,25024,0,0,0,0,1,0
706,367187,90,-438,348,0,5637,-27362,21724,0,0,0,0,1,0
707,367708,177,-459,282,0,11058,-28648,17590,0,0,0,0,1,0
708,368229,257,-462,205,0,16053,-28833,12780,0,0,0,0,1,0
709,368750,327,-447,120,0,20432,-27910,7479,0,0,0,0,1,0
710,369270,385,-415,30,0,24025,-25915,1890,0,0,0,0,1,0
711,369791,427,-367,-60,0,26696,-22924,-3772,0,0,0,0,1,0
712,370312,454,-305,-149,0,28340,-19052,-9288,0,0,0,0,1,0
713,370833,463,-231,-231,0,28895,-14448,-14448,0,0,0,0,1,0
714,371354,454,-149,-305,0,28340,-9288,-19052,0,0,0,0,1,0
715,371875,427,-60,-367,0,26696,-3772,-22924,0,0,0,0,1,0
716,372395,385,30,-415,0,24025,1890,-25915,0,0,0,0,1,0
717,372916,327,120,-447,0,20432,7479,-27910,0,0,0,0,1,0
718,373437,257,205,-462,0,16053,12780,-28833,0,0,0,0,1,0
719,373958,177,282,-459,0,11058,17590,-28648,0,0,0,0,1,0
720,374479,90,348,-438,0,5637,21724,-27362,0,0,0,0,1,0
721,375000,0,401,-401,0,0,25024,-25024,0,0,0,0,1,0
722,375520,-90,438,-348,0,-5637,27362,-21724,0,0,0,0,1,0
723,376041,-177,459,-282,0,-11058,28648,-17590,0,0,0,0,1,0
724,376562,-257,462,-205,0,-16053,28833,-12780,0,0,0,0,1,0
725,377083,-327,447,-120,0,-20432,27910,-7479,0,0,0,0,1,0
726,377604,-385,415,-30,0,-24025,25915,-1890,0,0,0,0,1,0
727,378125,-427,367,60,0,-26696,22924,3772,0,0,0,0,1,0
728,378645,-454,305,149,0,-28340,19052,9288,0,0,0,0,1,0
729,379166,-463,231,231,0,-28895,14448,14448,0,0,0,0,1,0
730,379687,-454,149,305,0,-28340,9288,19052,0,0,0,0,1,0
731,380208,-427,60,367,0,-26696,3772,22924,0,0,0,0,1,0
732,380729,-385,-30,415,0,-24025,-1890,25915,0,0,0,0,1,0
733,381250,-327,-120,447,0,-20432,-7479,27910,0,0,0,0,1,0
734,381770,-257,-205,462,0,-16053,-12780,28833,0,0,0,0,1,0
735,382291,-177,-282,459,0,-11058,-17590,28648,0,0,0,0,1,0
736,382812,-90,-348,438,0,-5637,-21724,27362,0,0,0,0,1,0
737,383333,0,-401,401,0,0,-25024,25024,0,0,0,0,1,0
738,383854,90,-438,348,0,5637,-27362,21724,0,0,0,0,1,0
739,384375,177,-459,282,0,11058,-28648,17590,0,0,0,0,1,0
740,384895,257,-462,205,0,16053,-28833,12780,0,0,0,0,1,0
741,385416,327,-447,120,0,20432,-27910,7479,0,0,0,0,1,0
742,385937,385,-415,30,0,24025,-25915,1890,0,0,0,0,1,0
743,386458,427,-367,-60,0,26696,-22924,-3772,0,0,0,0,1,0
744,386979,454,-305,-149,0,28340,-19052,-9288,0,0,0,0,1,0
745,387500,463,-231,-231,0,28895,-14448,-14448,0,0,0,0,1,0
746,388020,454,-149,-305,0,28340,-9288,-19052,0,0,0,0,1,0
747,388541,427,-60,-367,0,26696,-3772,-22924,0,0,0,0,1,0
748,389062,385,30,-415,0,24025,1890,-25915,0,0,0,0,1,0
749,389583,327,120,-447,0,20432,7479,-27910,0,0,0,0,1,0
750,390104,257,205,-462,0,16053,12780,-28833,0,0,0,0,1,0
751,390625,177,282,-459,0,11058,17590,-28648,0,0,0,0,1,0
752,391145,90,348,-438,0,5637,21724,-27362,0,0,0,0,1,0
753,391666,0,401,-401,0,0,25024,-25024,0,0,0,0,1,0
754,392187,-90,438,-348,0,-5637,27362,-21724,0,0,0,0,1,0
755,392708,-177,459,-282,0,-11058,28648,-17590,0,0,0,0,1,0
756,393229,-257,462,-205,0,-16053,28833,-12780,0,0,0,0,1,0
757,393750,-327,447,-120,0,-20432,27910,-7479,0,0,0,0,1,0
758,394270,-385,415,-30,0,-24025,25915,-1890,0,0,0,0,1,0
759,394791,-427,367,60,0,-26696,22924,3772,0,0,0,0,1,0
760,395312,-454,305,149,0,-28340,19052,9288,0,0,0,0,1,0
761,395833,-463,231,231,0,-28895,14448,14448,0,0,0,0,1,0
762,396354,-454,149,305,0,-28340,9288,19052,0,0,0,0,1,0
763,396875,-427,60,367,0,-26696,3772,22924,0,0,0,0,1,0
764,397395,-385,-30,415,0,-24025,-1890,25915,0,0,0,0,1,0
765,397916,-327,-120,447,0,-20432,-7479,27910,0,0,0,0,1,0
766,398437,-257,-205,462,0,-16053,-12780,28833,0,0,0,0,1,0
767,398958,-177,-282,459,0,-11058,-17590,28648,0,0,0,0,1,0
768,399479,-90,-348,438,0,-5637,-21724,27362,0,0,0,0,1,0
769,400000,0,-401,401,0,0,-25024,25024,0,0,0,0,1,0
770,400520,90,-438,348,0,5637,-27362,21724,0,0,0,0,1,0
771,401041,177,-459,282,0,11058,-28648,17590,0,0,0,0,1,0
772,401562,257,-462,205,0,16053,-28833,12780,0,0,0,0,1,0
773,402083,327,-447,120,0,20432,-27910,7479,0,0,0,0,1,0
774,402604,385,-415,30,0,24025,-25915,1890,0,0,0,0,1,0
775,403125,427,-367,-60,0,26696,-22924,-3772,0,0,0,0,1,0
776,403645,454,-305,-149,0,28340,-19052,-9288,0,0,0,0,1,0
777,404166,463,-231,-231,0,28895,-14448,-14448,0,0,0,0,1,0
778,404687,454,-149,-305,0,28340,-9288,-19052,0,0,0,0,1,0
779,405208,427,-60,-367,0,26696,-3772,-22924,0,0,0,0,1,0
780,405729,385,30,-415,0,24025,1890,-25915,0,0,0,0,1,0
781,406250,327,120,-447,0,20432,7479,-27910,0,0,0,0,1,0
782,406770,257,205,-462,0,16053,12780,-28833,0,0,0,0,1,0
783,407291,177,282,-459,0,11058,17590,-28648,0,0,0,0,1,0
784,407812,90,348,-438,0,5637,21724,-27362,0,0,0,0,1,0
785,408333,0,401,-401,0,0,25024,-25024,0,0,0,0,1,0
786,408854,-90,438,-348,0,-5637,27362,-21724,0,0,0,0,1,0
787,409375,-177,459,-282,0,-11058,28648,-17590,0,0,0,0,1,0
788,409895,-257,462,-205,0,-16053,28833,-12780,0,0,0,0,1,0
789,410416,-327,447,-120,0,-20432,27910,-7479,0,0,0,0,1,0
790,410937,-385,415,-30,0,-24025,25915,-1890,0,0,0,0,1,0
791,411458,-427,367,60,0,-26696,22924,3772,0,0,0,0,1,0
792,411979,-454,305,149,0,-28340,19052,9288,0,0,0,0,1,0
793,412500,-463,231,231,0,-28895,14448,14448,0,0,0,0,1,0
794,413020,-454,149,305,0,-28340,9288,19052,0,0,0,0,1,0
795,413541,-427,60,367,0,-26696,3772,22924,0,0,0,0,1,0
796,414062,-385,-30,415,0,-24025,-1890,25915,0,0,0,0,1,0
