1,0,0,-932,932,0,0,-25024,25024,0,0,0,0,1,0
2,520,210,-1019,809,0,5637,-27362,21724,0,0,0,0,1,0
3,1041,412,-1067,655,0,11058,-28648,17590,0,0,0,0,1,0
4,1562,598,-1074,476,0,16053,-28833,12780,0,0,0,0,1,0
5,2083,761,-1040,279,0,20432,-27910,7479,0,0,0,0,1,0
6,2604,895,-965,70,0,24025,-25915,1890,0,0,0,0,1,0
7,3125,995,-854,-141,0,26696,-22924,-3772,0,0,0,0,1,0
8,3645,1056,-710,-346,0,28340,-19052,-9288,0,0,0,0,1,0
9,4166,1076,-538,-538,0,28895,-14448,-14448,0,0,0,0,1,0
10,4687,1056,-346,-710,0,28340,-9288,-19052,0,0,0,0,1,0
11,5208,995,-141,-854,0,26696,-3772,-22924,0,0,0,0,1,0
12,5729,895,70,-965,0,24025,1890,-25915,0,0,0,0,1,0
13,6250,761,279,-1040,0,20432,7479,-27910,0,0,0,0,1,0
14,6770,598,476,-1074,0,16053,12780,-28833,0,0,0,0,1,0
15,7291,412,655,-1067,0,11058,17590,-28648,0,0,0,0,1,0
16,7812,210,809,-1019,0,5637,21724,-27362,0,0,0,0,1,0
17,8333,0,932,-932,0,0,25024,-25024,0,0,0,0,1,0
18,8854,-210,1019,-809,0,-5637,27362,-21724,0,0,0,0,1,0
19,9375,-412,1067,-655,0,-11058,28648,-17590,0,0,0,0,1,0
20,9895,-598,1074,-476,0,-16053,28833,-12780,0,0,0,0,1,0
21,10416,-761,1040,-279,0,-20432,27910,-7479,0,0,0,0,1,0
22,10937,-895,965,-70,0,-24025,25915,-1890,0,0,0,0,1,0
23,11458,-995,854,141,0,-26696,22924,3772,0,0,0,0,1,0
24,11979,-1056,710,346,0,-28340,19052,9288,0,0,0,0,1,0
25,12500,-1076,538,538,0,-28895,14448,14448,0,0,0,0,1,0
26,13020,-1056,346,710,0,-28340,9288,19052,0,0,0,0,1,0
27,13541,-995,141,854,0,-26696,3772,22924,0,0,0,0,1,0
28,14062,-895,-70,965,0,-24025,-1890,25915,0,0,0,0,1,0
29,14583,-761,-279,1040,0,-20432,-7479,27910,0,0,0,0,1,0
30,15104,-598,-476,1074,0,-16053,-12780,28833,0,0,0,0,1,0
31,15625,-412,-655,1067,0,-11058,-17590,28648,0,0,0,0,1,0
32,16145,-210,-809,1019,0,-5637,-21724,27362,0,0,0,0,1,0
33,16666,0,-932,932,0,0,-25024,25024,0,0,0,0,1,0
34,17187,210,-1019,809,0,5637,-27362,21724,0,0,0,0,1,0
35,17708,412,-1067,655,0,11058,-28648,17590,0,0,0,0,1,0
36,18229,598,-1074,476,0,16053,-28833,12780,0,0,0,0,1,0
37,18750,761,-1040,279,0,20432,-27910,7479,0,0,0,0,1,0
38,19270,895,-965,70,0,24025,-25915,1890,0,0,0,0,1,0
39,19791,995,-854,-141,0,26696,-22924,-3772,0,0,0,0,1,0
40,20312,1056,-710,-346,0,28340,-19052,-9288,0,0,0,0,1,0
41,20833,1076,-538,-538,0,28895,-14448,-14448,0,0,0,0,1,0
42,21354,1056,-346,-710,0,28340,-9288,-19052,0,0,0,0,1,0
43,21875,995,-141,-854,0,26696,-3772,-22924,0,0,0,0,1,0
44,22395,895,70,-965,0,24025,1890,-25915,0,0,0,0,1,0
45,22916,761,279,-1040,0,20432,7479,-27910,0,0,0,0,1,0
46,23437,598,476,-1074,0,16053,12780,-28833,0,0,0,0,1,0
47,23958,412,655,-1067,0,11058,17590,-28648,0,0,0,0,1,0
48,24479,210,809,-1019,0,5637,21724,-27362,0,0,0,0,1,0
49,25000,0,932,-932,0,0,25024,-25024,0,0,0,0,1,0
50,25520,-210,1019,-809,0,-5637,27362,-21724,0,0,0,0,1,0
51,26041,-412,1067,-655,0,-11058,28648,-17590,0,0,0,0,1,0
52,26562,-598,1074,-476,0,-16053,28833,-12780,0,0,0,0,1,0
53,27083,-761,1040,-279,0,-20432,27910,-7479,0,0,0,0,1,0
54,27604,-895,965,-70,0,-24025,25915,-1890,0,0,0,0,1,0
55,28125,-995,854,141,0,-26696,22924,3772,0,0,0,0,1,0
56,28645,-1056,710,346,0,-28340,19052,9288,0,0,0,0,1,0
57,29166,-1076,538,538,0,-28895,14448,14448,0,0,0,0,1,0
58,29687,-1056,346,710,0,-28340,9288,19052,0,0,0,0,1,0
59,30208,-995,141,854,0,-26696,3772,22924,0,0,0,0,1,0
60,30729,-895,-70,965,0,-24025,-1890,25915,0,0,0,0,1,0
61,31250,-761,-279,1040,0,-20432,-7479,27910,0,0,0,0,1,0
62,31770,-598,-476,1074,0,-16053,-12780,28833,0,0,0,0,1,0
63,32291,-412,-655,1067,0,-11058,-17590,28648,0,0,0,0,1,0
64,32812,-210,-809,1019,0,-5637,-21724,27362,0,0,0,0,1,0
65,33333,0,-932,932,0,0,-25024,25024,0,0,0,0,1,0
66,33854,210,-1019,809,0,5637,-27362,21724,0,0,0,0,1,0
67,34375,412,-1067,655,0,11058,-28648,17590,0,0,0,0,1,0
68,34895,598,-1074,476,0,16053,-28833,12780,0,0,0,0,1,0
69,35416,761,-1040,279,0,20432,-27910,7479,0,0,0,0,1,0
70,35937,895,-965,70,0,24025,-25915,1890,0,0,0,0,1,0
71,36458,995,-854,-141,0,26696,-22924,-3772,0,0,0,0,1,0
72,36979,1056,-710,-346,0,28340,-19052,-9288,0,0,0,0,1,0
73,37500,1076,-538,-538,0,28895,-14448,-14448,0,0,0,0,1,0
74,38020,1056,-346,-710,0,28340,-9288,-19052,0,0,0,0,1,0
75,38541,995,-141,-854,0,26696,-3772,-22924,0,0,0,0,1,0
76,39062,895,70,-965,0,24025,1890,-25915,0,0,0,0,1,0
77,39583,761,279,-1040,0,20432,7479,-27910,0,0,0,0,1,0
78,40104,598,476,-1074,0,16053,12780,-28833,0,0,0,0,1,0
79,40625,412,655,-1067,0,11058,17590,-28648,0,0,0,0,1,0
80,41145,210,809,-1019,0,5637,21724,-27362,0,0,0,0,1,0
81,41666,0,932,-932,0,0,25024,-25024,0,0,0,0,1,0
82,42187,-210,1019,-809,0,-5637,27362,-21724,0,0,0,0,1,0
83,42708,-412,1067,-655,0,-11058,28648,-17590,0,0,0,0,1,0
84,43229,-598,1074,-476,0,-16053,28833,-12780,0,0,0,0,1,0
85,43750,-761,1040,-279,0,-20432,27910,-7479,0,0,0,0,1,0
86,44270,-895,965,-70,0,-24025,25915,-1890,0,0,0,0,1,0
87,44791,-995,854,141,0,-26696,22924,3772,0,0,0,0,1,0
88,45312,-1056,710,346,0,-28340,19052,9288,0,0,0,0,1,0
89,45833,-1076,538,538,0,-28895,14448,14448,0,0,0,0,1,0
90,46354,-1056,346,710,0,-28340,9288,19052,0,0,0,0,1,0
91,46875,-995,141,854,0,-26696,3772,22924,0,0,0,0,1,0
92,47395,-895,-70,965,0,-24025,-1890,25915,0,0,0,0,1,0
93,47916,-761,-279,1040,0,-20432,-7479,27910,0,0,0,0,1,0
94,48437,-598,-476,1074,0,-16053,-12780,28833,0,0,0,0,1,0
95,48958,-412,-655,1067,0,-11058,-17590,28648,0,0,0,0,1,0
96,49479,-210,-809,1019,0,-5637,-21724,27362,0,0,0,0,1,0
97,50000,0,-5243,932,-4310,0,-2502,27026,0,0,1,0,1,0
98,50520,210,-6404,809,-5385,6088,-2736,23462,0,0,1,0,1,0
99,51041,412,-6763,655,-5696,11942,-2865,18997,0,0,1,0,1,0
100,51562,598,-6317,476,-5243,17337,-2883,13802,0,0,1,0,1,0
101,52083,761,-5093,279,-4053,22066,-2791,8077,0,0,1,0,1,0
102,52604,895,-3148,70,-2183,25947,-2592,2041,0,0,1,0,1,0
103,53125,995,-569,-141,285,28831,-2292,-4073,0,0,1,0,1,0
104,53645,1056,2537,-346,3247,30607,-1905,-10031,0,0,1,0,1,0
105,54166,1076,6040,-538,6578,31207,-1445,-15603,0,0,1,0,1,0
106,54687,1056,9795,-710,10141,30607,-929,-20576,0,0,1,0,1,0
107,55208,995,13650,-854,13791,28831,-377,-24758,0,0,1,0,1,0
108,55729,895,17446,-965,17376,25947,189,-27988,0,0,1,0,1,0
109,56250,761,21029,-1040,20751,22066,748,-30143,0,0,1,0,1,0
110,56770,598,24253,-1074,23777,17337,1278,-31140,0,0,1,0,1,0
111,57291,412,26983,-1067,26328,11942,1759,-30940,0,0,1,0,1,0
112,57812,210,29108,-1019,28299,6088,2172,-29551,0,0,1,0,1,0
113,58333,0,30537,-932,29605,0,2502,-27026,0,0,1,0,1,0
114,58854,-210,31207,-809,30187,-6088,2736,-23462,0,0,1,0,1,0
115,59375,-412,31083,-655,30016,-11942,2865,-18997,0,0,1,0,1,0
116,59895,-598,30164,-476,29090,-17337,2883,-13802,0,0,1,0,1,0
117,60416,-761,28477,-279,27437,-22066,2791,-8077,0,0,1,0,1,0
118,60937,-895,26078,-70,25112,-25947,2592,-2041,0,0,1,0,1,0
119,61458,-995,23052,141,22198,-28831,2292,4073,0,0,1,0,1,0
120,61979,-1056,19509,346,18799,-30607,1905,10031,0,0,1,0,1,0
121,62500,-1076,15578,538,15039,-31207,1445,15603,0,0,1,0,1,0
122,63020,-1056,11402,710,11056,-30607,929,20576,0,0,1,0,1,0
123,63541,-995,7135,854,6994,-28831,377,24758,0,0,1,0,1,0
124,64062,-895,2934,965,3005,-25947,-189,27988,0,0,1,0,1,0
125,64583,-761,-1045,1040,-766,-22066,-748,30143,0,0,1,0,1,0
126,65104,-598,-4657,1074,-4181,-17337,-1278,31140,0,0,1,0,1,0
127,65625,-412,-7768,1067,-7113,-11942,-1759,30940,0,0,1,0,1,0
128,66145,-210,-10267,1019,-9457,-6088,-2172,29551,0,0,1,0,1,0
129,66666,0,-12062,932,-11130,0,-2502,27026,0,0,1,0,1,0
130,67187,210,-13091,809,-12072,6088,-2736,23462,0,0,1,0,1,0
131,67708,412,-13320,655,-12253,11942,-2865,18997,0,0,1,0,1,0
132,68229,598,-12746,476,-11672,17337,-2883,13802,0,0,1,0,1,0
133,68750,761,-11397,279,-10357,22066,-2791,8077,0,0,1,0,1,0
134,69270,895,-9330,70,-8365,25947,-2592,2041,0,0,1,0,1,0
135,69791,995,-6630,-141,-5776,28831,-2292,-4073,0,0,1,0,1,0
136,70312,1056,-3407,-346,-2697,30607,-1905,-10031,0,0,1,0,1,0
137,70833,1076,212,-538,750,31207,-1445,-15603,0,0,1,0,1,0
138,71354,1056,4081,-710,4427,30607,-929,-20576,0,0,1,0,1,0
139,71875,995,8046,-854,8187,28831,-377,-24758,0,0,1,0,1,0
140,72395,895,11952,-965,11881,25947,189,-27988,0,0,1,0,1,0
141,72916,761,15642,-1040,15363,22066,748,-30143,0,0,1,0,1,0
142,73437,598,18970,-1074,18493,17337,1278,-31140,0,0,1,0,1,0
143,73958,412,21803,-1067,21148,11942,1759,-30940,0,0,1,0,1,0
144,74479,210,24029,-1019,23219,6088,2172,-29551,0,0,1,0,1,0
145,75000,0,25556,-932,24624,0,2502,-27026,0,0,1,0,1,0
146,75520,-210,26323,-809,25303,-6088,2736,-23462,0,0,1,0,1,0
147,76041,-412,26294,-655,25227,-11942,2865,-18997,0,0,1,0,1,0
148,76562,-598,25468,-476,24394,-17337,2883,-13802,0,0,1,0,1,0
149,77083,-761,23872,-279,22832,-22066,2791,-8077,0,0,1,0,1,0
150,77604,-895,21562,-70,20597,-25947,2592,-2041,0,0,1,0,1,0
151,78125,-995,18625,141,17771,-28831,2292,4073,0,0,1,0,1,0
152,78645,-1056,15168,346,14458,-30607,1905,10031,0,0,1,0,1,0
153,79166,-1076,11321,538,10783,-31207,1445,15603,0,0,1,0,1,0
154,79687,-1056,7228,710,6882,-30607,929,20576,0,0,1,0,1,0
155,80208,-995,3042,854,2902,-28831,377,24758,0,0,1,0,1,0
156,80729,-895,-1079,965,-1008,-25947,-189,27988,0,0,1,0,1,0
157,81250,-761,-4980,1040,-4702,-22066,-748,30143,0,0,1,0,1,0
158,81770,-598,-8515,1074,-8039,-17337,-1278,31140,0,0,1,0,1,0
159,82291,-412,-11552,1067,-10897,-11942,-1759,30940,0,0,1,0,1,0
160,82812,-210,-13977,1019,-13168,-6088,-2172,29551,0,0,1,0,1,0
161,83333,0,-15700,932,-14768,0,-2502,27026,0,0,1,0,1,0
162,83854,210,-16658,809,-15639,6088,-2736,23462,0,0,1,0,1,0
163,84375,412,-16818,655,-15751,11942,-2865,18997,0,0,1,0,1,0
164,84895,598,-16176,476,-15102,17337,-2883,13802,0,0,1,0,1,0
165,85416,761,-14760,279,-13720,22066,-2791,8077,0,0,1,0,1,0
166,85937,895,-12628,70,-11662,25947,-2592,2041,0,0,1,0,1,0
167,86458,995,-9864,-141,-9010,28831,-2292,-4073,0,0,1,0,1,0
168,86979,1056,-6577,-346,-5868,30607,-1905,-10031,0,0,1,0,1,0
169,87500,1076,-2897,-538,-2359,31207,-1445,-15603,0,0,1,0,1,0
170,88020,1056,1032,-710,1378,30607,-929,-20576,0,0,1,0,1,0
171,88541,995,5057,-854,5198,28831,-377,-24758,0,0,1,0,1,0
172,89062,895,9020,-965,8950,25947,189,-27988,0,0,1,0,1,0
173,89583,761,12767,-1040,12489,22066,748,-30143,0,0,1,0,1,0
174,90104,598,16151,-1074,15675,17337,1278,-31140,0,0,1,0,1,0
175,90625,412,19039,-1067,18384,11942,1759,-30940,0,0,1,0,1,0
176,91145,210,21319,-1019,20509,6088,2172,-29551,0,0,1,0,1,0
177,91666,0,22899,-932,21967,0,2502,-27026,0,0,1,0,1,0
178,92187,-210,23717,-809,22698,-6088,2736,-23462,0,0,1,0,1,0
179,92708,-412,23740,-655,22672,-11942,2865,-18997,0,0,1,0,1,0
180,93229,-598,22963,-476,21889,-17337,2883,-13802,0,0,1,0,1,0
181,93750,-761,21415,-279,20376,-22066,2791,-8077,0,0,1,0,1,0
182,94270,-895,19154,-70,18188,-25947,2592,-2041,0,0,1,0,1,0
183,94791,-995,16263,141,15409,-28831,2292,4073,0,0,1,0,1,0
184,95312,-1056,12852,346,12142,-30607,1905,10031,0,0,1,0,1,0
185,95833,-1076,9050,538,8512,-31207,1445,15603,0,0,1,0,1,0
186,96354,-1056,5001,710,4655,-30607,929,20576,0,0,1,0,1,0
187,96875,-995,859,854,718,-28831,377,24758,0,0,1,0,1,0
188,97395,-895,-3220,965,-3149,-25947,-189,27988,0,0,1,0,1,0
189,97916,-761,-7080,1040,-6801,-22066,-748,30143,0,0,1,0,1,0
190,98437,-598,-10574,1074,-10098,-17337,-1278,31140,0,0,1,0,1,0
191,98958,-412,-13571,1067,-12915,-11942,-1759,30940,0,0,1,0,1,0
192,99479,-210,-15956,1019,-15147,-6088,-2172,29551,0,0,1,0,1,0
193,100000,0,-17641,932,-16709,0,-2502,27026,0,0,1,0,1,0
194,100520,210,-18561,809,-17542,6088,-2736,23462,0,0,1,0,1,0
195,101041,412,-18684,655,-17617,11942,-2865,18997,0,0,1,0,1,0
196,101562,598,-18006,476,-16932,17337,-2883,13802,0,0,1,0,1,0
197,102083,761,-16554,279,-15515,22066,-2791,8077,0,0,1,0,1,0
198,102604,895,-14387,70,-13422,25947,-2592,2041,0,0,1,0,1,0
199,103125,995,-11589,-141,-10735,28831,-2292,-4073,0,0,1,0,1,0
200,103645,1056,-8269,-346,-7559,30607,-1905,-10031,0,0,1,0,1,0
201,104166,1076,-4556,-538,-4018,31207,-1445,-15603,0,0,1,0,1,0
202,104687,1056,-594,-710,-248,30607,-929,-20576,0,0,1,0,1,0
203,105208,995,3462,-854,3603,28831,-377,-24758,0,0,1,0,1,0
204,105729,895,7457,-965,7386,25947,189,-27988,0,0,1,0,1,0
205,106250,761,11234,-1040,10955,22066,748,-30143,0,0,1,0,1,0
206,106770,598,14648,-1074,14171,17337,1278,-31140,0,0,1,0,1,0
207,107291,412,17565,-1067,16910,11942,1759,-30940,0,0,1,0,1,0
208,107812,210,19873,-1019,19064,6088,2172,-29551,0,0,1,0,1,0
209,108333,0,21481,-932,20549,0,2502,-27026,0,0,1,0,1,0
210,108854,-210,22327,-809,21308,-6088,2736,-23462,0,0,1,0,1,0
211,109375,-412,22377,-655,21309,-11942,2865,-18997,0,0,1,0,1,0
212,109895,-598,21627,-476,20552,-17337,2883,-13802,0,0,1,0,1,0
213,110416,-761,20105,-279,19065,-22066,2791,-8077,0,0,1,0,1,0
214,110937,-895,17869,-70,16903,-25947,2592,-2041,0,0,1,0,1,0
215,111458,-995,15003,141,14149,-28831,2292,4073,0,0,1,0,1,0
216,111979,-1056,11616,346,10907,-30607,1905,10031,0,0,1,0,1,0
217,112500,-1076,7838,538,7300,-31207,1445,15603,0,0,1,0,1,0
218,113020,-1056,3813,710,3467,-30607,929,20576,0,0,1,0,1,0
219,113541,-995,-306,854,-447,-28831,377,24758,0,0,1,0,1,0
220,114062,-895,-4362,965,-4292,-25947,-189,27988,0,0,1,0,1,0
221,114583,-761,-8200,1040,-7921,-22066,-748,30143,0,0,1,0,1,0
222,115104,-598,-11672,1074,-11196,-17337,-1278,31140,0,0,1,0,1,0
223,115625,-412,-14648,1067,-13992,-11942,-1759,30940,0,0,1,0,1,0
224,116145,-210,-17012,1019,-16203,-6088,-2172,29551,0,0,1,0,1,0
225,116666,0,-18676,932,-17744,0,-2502,27026,0,0,1,0,1,0
226,117187,210,-19576,809,-18557,6088,-2736,23462,0,0,1,0,1,0
227,117708,412,-19679,655,-18612,11942,-2865,18997,0,0,1,0,1,0
228,118229,598,-18982,476,-17908,17337,-2883,13802,0,0,1,0,1,0
229,118750,761,-17512,279,-16472,22066,-2791,8077,0,0,1,0,1,0
230,119270,895,-15326,70,-14360,25947,-2592,2041,0,0,1,0,1,0
231,119791,995,-12509,-141,-11655,28831,-2292,-4073,0,0,1,0,1,0
232,120312,1056,-9172,-346,-8462,30607,-1905,-10031,0,0,1,0,1,0
233,120833,1076,-5441,-538,-4903,31207,-1445,-15603,0,0,1,0,1,0
234,121354,1056,-1462,-710,-1116,30607,-929,-20576,0,0,1,0,1,0
235,121875,995,2611,-854,2752,28831,-377,-24758,0,0,1,0,1,0
236,122395,895,6622,-965,6552,25947,189,-27988,0,0,1,0,1,0
237,122916,761,10416,-1040,10137,22066,748,-30143,0,0,1,0,1,0
238,123437,598,13845,-1074,13369,17337,1278,-31140,0,0,1,0,1,0
239,123958,412,16778,-1067,16123,11942,1759,-30940,0,0,1,0,1,0
240,124479,210,19102,-1019,18292,6088,2172,-29551,0,0,1,0,1,0
241,125000,0,20725,-932,19793,0,2502,-27026,0,0,1,0,1,0
242,125520,-210,21586,-809,20566,-6088,2736,-23462,0,0,1,0,1,0
243,126041,-412,21649,-655,20582,-11942,2865,-18997,0,0,1,0,1,0
244,126562,-598,20914,-476,19839,-17337,2883,-13802,0,0,1,0,1,0
245,127083,-761,19406,-279,18366,-22066,2791,-8077,0,0,1,0,1,0
246,127604,-895,17183,-70,16218,-25947,2592,-2041,0,0,1,0,1,0
247,128124,-995,14331,141,13477,-28831,2292,4073,0,0,1,0,1,0
248,128645,-1056,10957,346,10248,-30607,1905,10031,0,0,1,0,1,0
249,129166,-1076,7192,538,6654,-31207,1445,15603,0,0,1,0,1,0
250,129687,-1056,3179,710,2833,-30607,929,20576,0,0,1,0,1,0
251,130208,-995,-928,854,-1068,-28831,377,24758,0,0,1,0,1,0
252,130729,-895,-4971,965,-4901,-25947,-189,27988,0,0,1,0,1,0
253,131250,-761,-8797,1040,-8518,-22066,-748,30143,0,0,1,0,1,0
254,131770,-598,-12258,1074,-11782,-17337,-1278,31140,0,0,1,0,1,0
255,132291,-412,-15222,1067,-14567,-11942,-1759,30940,0,0,1,0,1,0
256,132812,-210,-17575,1019,-16766,-6088,-2172,29551,0,0,1,0,1,0
257,133333,0,-19229,932,-18296,0,-2502,27026,0,0,1,0,1,0
258,133854,210,-20118,809,-19099,6088,-2736,23462,0,0,1,0,1,0
259,134375,412,-20211,655,-19143,11942,-2865,18997,0,0,1,0,1,0
260,134895,598,-19503,476,-18429,17337,-2883,13802,0,0,1,0,1,0
261,135416,761,-18022,279,-16983,22066,-2791,8077,0,0,1,0,1,0
262,135937,895,-15827,70,-14861,25947,-2592,2041,0,0,1,0,1,0
263,136458,995,-13000,-141,-12146,28831,-2292,-4073,0,0,1,0,1,0
264,136979,1056,-9653,-346,-8943,30607,-1905,-10031,0,0,1,0,1,0
265,137500,1076,-5913,-538,-5375,31207,-1445,-15603,0,0,1,0,1,0
266,138020,1056,-1925,-710,-1579,30607,-929,-20576,0,0,1,0,1,0
267,138541,995,2157,-854,2298,28831,-377,-24758,0,0,1,0,1,0
268,139062,895,6177,-965,6107,25947,189,-27988,0,0,1,0,1,0
269,139583,761,9979,-1040,9701,22066,748,-30143,0,0,1,0,1,0
270,140104,598,13417,-1074,12941,17337,1278,-31140,0,0,1,0,1,0
271,140625,412,16359,-1067,15704,11942,1759,-30940,0,0,1,0,1,0
272,141145,210,18690,-1019,17881,6088,2172,-29551,0,0,1,0,1,0
273,141666,0,20322,-932,19389,0,2502,-27026,0,0,1,0,1,0
274,142187,-210,21190,-809,20171,-6088,2736,-23462,0,0,1,0,1,0
275,142708,-412,21262,-655,20194,-11942,2865,-18997,0,0,1,0,1,0
276,143229,-598,20533,-476,19459,-17337,2883,-13802,0,0,1,0,1,0
277,143750,-761,19033,-279,17993,-22066,2791,-8077,0,0,1,0,1,0
278,144270,-895,16817,-70,15852,-25947,2592,-2041,0,0,1,0,1,0
279,144791,-995,13972,141,13118,-28831,2292,4073,0,0,1,0,1,0
280,145312,-1056,10606,346,9896,-30607,1905,10031,0,0,1,0,1,0
281,145833,-1076,6847,538,6309,-31207,1445,15603,0,0,1,0,1,0
282,146354,-1056,2841,710,2495,-30607,929,20576,0,0,1,0,1,0
283,146875,-995,-1259,854,-1400,-28831,377,24758,0,0,1,0,1,0
284,147395,-895,-5297,965,-5226,-25947,-189,27988,0,0,1,0,1,0
285,147916,-761,-9116,1040,-8837,-22066,-748,30143,0,0,1,0,1,0
286,148437,-598,-12571,1074,-12095,-17337,-1278,31140,0,0,1,0,1,0
287,148958,-412,-15529,1067,-14873,-11942,-1759,30940,0,0,1,0,1,0
288,149479,-210,-17876,1019,-17067,-6088,-2172,29551,0,0,1,0,1,0
289,150000,0,-19523,932,-18591,0,-2502,27026,0,0,1,0,1,0
290,150520,210,-20407,809,-19388,6088,-2736,23462,0,0,1,0,1,0
291,151041,412,-20494,655,-19427,11942,-2865,18997,0,0,1,0,1,0
292,151562,598,-19781,476,-18706,17337,-2883,13802,0,0,1,0,1,0
293,152083,761,-18295,279,-17255,22066,-2791,8077,0,0,1,0,1,0
294,152604,895,-16094,70,-15128,25947,-2592,2041,0,0,1,0,1,0
295,153125,995,-13262,-141,-12408,28831,-2292,-4073,0,0,1,0,1,0
296,153645,1056,-9910,-346,-9200,30607,-1905,-10031,0,0,1,0,1,0
297,154166,1076,-6165,-538,-5627,31207,-1445,-15603,0,0,1,0,1,0
298,154687,1056,-2172,-710,-1826,30607,-929,-20576,0,0,1,0,1,0
299,155208,995,1915,-854,2056,28831,-377,-24758,0,0,1,0,1,0
300,155729,895,5940,-965,5869,25947,189,-27988,0,0,1,0,1,0
301,156250,761,9747,-1040,9468,22066,748,-30143,0,0,1,0,1,0
302,156770,598,13189,-1074,12713,17337,1278,-31140,0,0,1,0,1,0
303,157291,412,16135,-1067,15480,11942,1759,-30940,0,0,1,0,1,0
304,157812,210,18471,-1019,17661,6088,2172,-29551,0,0,1,0,1,0
305,158333,0,20106,-932,19174,0,2502,-27026,0,0,1,0,1,0
306,158854,-210,20979,-809,19960,-6088,2736,-23462,0,0,1,0,1,0
307,159375,-412,21055,-655,19987,-11942,2865,-18997,0,0,1,0,1,0
308,159895,-598,20330,-476,19256,-17337,2883,-13802,0,0,1,0,1,0
309,160416,-761,18834,-279,17794,-22066,2791,-8077,0,0,1,0,1,0
310,160937,-895,16622,-70,15657,-25947,2592,-2041,0,0,1,0,1,0
311,161458,-995,13781,141,12927,-28831,2292,4073,0,0,1,0,1,0
312,161979,-1056,10418,346,9708,-30607,1905,10031,0,0,1,0,1,0
313,162500,-1076,6663,538,6125,-31207,1445,15603,0,0,1,0,1,0
314,163020,-1056,2661,710,2315,-30607,929,20576,0,0,1,0,1,0
315,163541,-995,-1436,854,-1577,-28831,377,24758,0,0,1,0,1,0
316,164062,-895,-5470,965,-5400,-25947,-189,27988,0,0,1,0,1,0
317,164583,-761,-9286,1040,-9007,-22066,-748,30143,0,0,1,0,1,0
318,165104,-598,-12737,1074,-12261,-17337,-1278,31140,0,0,1,0,1,0
319,165625,-412,-15692,1067,-15037,-11942,-1759,30940,0,0,1,0,1,0
320,166145,-210,-18036,1019,-17227,-6088,-2172,29551,0,0,1,0,1,0
321,166666,0,-19680,932,-18748,0,-2502,27026,0,0,1,0,1,0
322,167187,210,-20561,809,-19542,6088,-2736,23462,0,0,1,0,1,0
323,167708,412,-20645,655,-19578,11942,-2865,18997,0,0,1,0,1,0
324,168229,598,-19929,476,-18855,17337,-2883,13802,0,0,1,0,1,0
325,168750,761,-18440,279,-17400,22066,-2791,8077,0,0,1,0,1,0
326,169270,895,-16236,70,-15271,25947,-2592,2041,0,0,1,0,1,0
327,169791,995,-13402,-141,-12548,28831,-2292,-4073,0,0,1,0,1,0
328,170312,1056,-10047,-346,-9337,30607,-1905,-10031,0,0,1,0,1,0
329,170833,1076,-6299,-538,-5761,31207,-1445,-15603,0,0,1,0,1,0
330,171354,1056,-2304,-710,-1958,30607,-929,-20576,0,0,1,0,1,0
331,171875,995,1786,-854,1927,28831,-377,-24758,0,0,1,0,1,0
332,172395,895,5813,-965,5743,25947,189,-27988,0,0,1,0,1,0
333,172916,761,9622,-1040,9344,22066,748,-30143,0,0,1,0,1,0
334,173437,598,13067,-1074,12591,17337,1278,-31140,0,0,1,0,1,0
335,173958,412,16016,-1067,15360,11942,1759,-30940,0,0,1,0,1,0
336,174479,210,18354,-1019,17544,6088,2172,-29551,0,0,1,0,1,0
337,175000,0,19992,-932,19059,0,2502,-27026,0,0,1,0,1,0
338,175520,-210,20866,-809,19847,-6088,2736,-23462,0,0,1,0,1,0
339,176041,-412,20944,-655,19877,-11942,2865,-18997,0,0,1,0,1,0
340,176562,-598,20222,-476,19148,-17337,2883,-13802,0,0,1,0,1,0
341,177083,-761,18728,-279,17688,-22066,2791,-8077,0,0,1,0,1,0
342,177604,-895,16518,-70,15553,-25947,2592,-2041,0,0,1,0,1,0
343,178125,-995,13679,141,12825,-28831,2292,4073,0,0,1,0,1,0
344,178645,-1056,10318,346,9608,-30607,1905,10031,0,0,1,0,1,0
345,179166,-1076,6565,538,6027,-31207,1445,15603,0,0,1,0,1,0
346,179687,-1056,2564,710,2218,-30607,929,20576,0,0,1,0,1,0
347,180208,-995,-1531,854,-1671,-28831,377,24758,0,0,1,0,1,0
348,180729,-895,-5562,965,-5492,-25947,-189,27988,0,0,1,0,1,0
349,181250,-761,-9377,1040,-9098,-22066,-748,30143,0,0,1,0,1,0
350,181770,-598,-12826,1074,-12350,-17337,-1278,31140,0,0,1,0,1,0
351,182291,-412,-15779,1067,-15124,-11942,-1759,30940,0,0,1,0,1,0
352,182812,-210,-18122,1019,-17313,-6088,-2172,29551,0,0,1,0,1,0
353,183333,0,-19764,932,-18832,0,-2502,27026,0,0,1,0,1,0
354,183854,210,-20643,809,-19624,6088,-2736,23462,0,0,1,0,1,0
355,184375,412,-20726,655,-19658,11942,-2865,18997,0,0,1,0,1,0
356,184895,598,-20008,476,-18934,17337,-2883,13802,0,0,1,0,1,0
357,185416,761,-18518,279,-17478,22066,-2791,8077,0,0,1,0,1,0
358,185937,895,-16312,70,-15347,25947,-2592,2041,0,0,1,0,1,0
359,186458,995,-13477,-141,-12623,28831,-2292,-4073,0,0,1,0,1,0
360,186979,1056,-10120,-346,-9410,30607,-1905,-10031,0,0,1,0,1,0
361,187500,1076,-6371,-538,-5833,31207,-1445,-15603,0,0,1,0,1,0
362,188020,1056,-2374,-710,-2028,30607,-929,-20576,0,0,1,0,1,0
363,188541,995,1717,-854,1858,28831,-377,-24758,0,0,1,0,1,0
364,189062,895,5746,-965,5675,25947,189,-27988,0,0,1,0,1,0
365,189583,761,9556,-1040,9278,22066,748,-30143,0,0,1,0,1,0
366,190104,598,13002,-1074,12526,17337,1278,-31140,0,0,1,0,1,0
367,190625,412,15952,-1067,15297,11942,1759,-30940,0,0,1,0,1,0
368,191145,210,18291,-1019,17482,6088,2172,-29551,0,0,1,0,1,0
369,191666,0,19930,-932,18998,0,2502,-27026,0,0,1,0,1,0
370,192187,-210,20806,-809,19787,-6088,2736,-23462,0,0,1,0,1,0
371,192708,-412,20885,-655,19818,-11942,2865,-18997,0,0,1,0,1,0
372,193229,-598,20164,-476,19090,-17337,2883,-13802,0,0,1,0,1,0
373,193750,-761,18671,-279,17631,-22066,2791,-8077,0,0,1,0,1,0
374,194270,-895,16463,-70,15497,-25947,2592,-2041,0,0,1,0,1,0
375,194791,-995,13624,141,12770,-28831,2292,4073,0,0,1,0,1,0
376,195312,-1056,10265,346,9555,-30607,1905,10031,0,0,1,0,1,0
377,195833,-1076,6513,538,5975,-31207,1445,15603,0,0,1,0,1,0
378,196354,-1056,2513,710,2167,-30607,929,20576,0,0,1,0,1,0
379,196875,-995,-1581,854,-1721,-28831,377,24758,0,0,1,0,1,0
380,197395,-895,-5612,965,-5541,-25947,-189,27988,0,0,1,0,1,0
381,197916,-761,-9425,1040,-9146,-22066,-748,30143,0,0,1,0,1,0
382,198437,-598,-12874,1074,-12398,-17337,-1278,31140,0,0,1,0,1,0
383,198958,-412,-15826,1067,-15170,-11942,-1759,30940,0,0,1,0,1,0
384,199479,-210,-18168,1019,-17358,-6088,-2172,29551,0,0,1,0,1,0
385,200000,0,-19809,932,-18877,0,-2502,27026,0,0,1,0,1,0
386,200520,210,-20687,809,-19668,6088,-2736,23462,0,0,1,0,1,0
387,201041,412,-20769,655,-19701,11942,-2865,18997,0,0,1,0,1,0
388,201562,598,-20050,476,-18976,17337,-2883,13802,0,0,1,0,1,0
389,202083,761,-18559,279,-17519,22066,-2791,8077,0,0,1,0,1,0
390,202604,895,-16353,70,-15387,25947,-2592,2041,0,0,1,0,1,0
391,203125,995,-13516,-141,-12662,28831,-2292,-4073,0,0,1,0,1,0
392,203645,1056,-10159,-346,-9449,30607,-1905,-10031,0,0,1,0,1,0
393,204166,1076,-6409,-538,-5871,31207,-1445,-15603,0,0,1,0,1,0
394,204687,1056,-2412,-710,-2066,30607,-929,-20576,0,0,1,0,1,0
395,205208,995,1680,-854,1821,28831,-377,-24758,0,0,1,0,1,0
396,205729,895,5710,-965,5639,25947,189,-27988,0,0,1,0,1,0
397,206250,761,9521,-1040,9242,22066,748,-30143,0,0,1,0,1,0
398,206770,598,12968,-1074,12492,17337,1278,-31140,0,0,1,0,1,0
399,207291,412,15918,-1067,15263,11942,1759,-30940,0,0,1,0,1,0
400,207812,210,18258,-1019,17449,6088,2172,-29551,0,0,1,0,1,0
401,208333,0,19898,-932,18965,0,2502,-27026,0,0,1,0,1,0
402,208854,-210,20774,-809,19755,-6088,2736,-23462,0,0,1,0,1,0
403,209375,-412,20854,-655,19787,-11942,2865,-18997,0,0,1,0,1,0
404,209895,-598,20133,-476,19059,-17337,2883,-13802,0,0,1,0,1,0
405,210416,-761,18641,-279,17601,-22066,2791,-8077,0,0,1,0,1,0
406,210937,-895,16433,-70,15468,-25947,2592,-2041,0,0,1,0,1,0
407,211458,-995,13595,141,12741,-28831,2292,4073,0,0,1,0,1,0
408,211979,-1056,10236,346,9526,-30607,1905,10031,0,0,1,0,1,0
409,212500,-1076,6485,538,5947,-31207,1445,15603,0,0,1,0,1,0
410,213020,-1056,2486,710,2140,-30607,929,20576,0,0,1,0,1,0
411,213541,-995,-1608,854,-1748,-28831,377,24758,0,0,1,0,1,0
412,214062,-895,-5638,965,-5568,-25947,-189,27988,0,0,1,0,1,0
413,214583,-761,-9451,1040,-9172,-22066,-748,30143,0,0,1,0,1,0
414,215104,-598,-12899,1074,-12423,-17337,-1278,31140,0,0,1,0,1,0
415,215625,-412,-15851,1067,-15195,-11942,-1759,30940,0,0,1,0,1,0
416,216145,-210,-18192,1019,-17383,-6088,-2172,29551,0,0,1,0,1,0
417,216666,0,-19833,932,-18901,0,-2502,27026,0,0,1,0,1,0
418,217187,210,-20711,809,-19691,6088,-2736,23462,0,0,1,0,1,0
419,217708,412,-20792,655,-19724,11942,-2865,18997,0,0,1,0,1,0
420,218229,598,-20073,476,-18998,17337,-2883,13802,0,0,1,0,1,0
421,218750,761,-18581,279,-17541,22066,-2791,8077,0,0,1,0,1,0
422,219270,895,-16374,70,-15409,25947,-2592,2041,0,0,1,0,1,0
423,219791,995,-13538,-141,-12684,28831,-2292,-4073,0,0,1,0,1,0
424,220312,1056,-10180,-346,-9470,30607,-1905,-10031,0,0,1,0,1,0
425,220833,1076,-6430,-538,-5891,31207,-1445,-15603,0,0,1,0,1,0
426,221354,1056,-2432,-710,-2086,30607,-929,-20576,0,0,1,0,1,0
427,221875,995,1661,-854,1801,28831,-377,-24758,0,0,1,0,1,0
428,222395,895,5690,-965,5620,25947,189,-27988,0,0,1,0,1,0
429,222916,761,9502,-1040,9223,22066,748,-30143,0,0,1,0,1,0
430,223437,598,12949,-1074,12473,17337,1278,-31140,0,0,1,0,1,0
431,223958,412,15900,-1067,15244,11942,1759,-30940,0,0,1,0,1,0
432,224479,210,18240,-1019,17431,6088,2172,-29551,0,0,1,0,1,0
433,225000,0,19880,-932,18948,0,2502,-27026,0,0,1,0,1,0
434,225520,-210,20757,-809,19738,-6088,2736,-23462,0,0,1,0,1,0
435,226041,-412,20837,-655,19770,-11942,2865,-18997,0,0,1,0,1,0
436,226562,-598,20117,-476,19043,-17337,2883,-13802,0,0,1,0,1,0
437,227083,-761,18625,-279,17585,-22066,2791,-8077,0,0,1,0,1,0
438,227604,-895,16417,-70,15452,-25947,2592,-2041,0,0,1,0,1,0
439,228125,-995,13580,141,12726,-28831,2292,4073,0,0,1,0,1,0
440,228645,-1056,10221,346,9511,-30607,1905,10031,0,0,1,0,1,0
441,229166,-1076,6470,538,5932,-31207,1445,15603,0,0,1,0,1,0
442,229687,-1056,2471,710,2125,-30607,929,20576,0,0,1,0,1,0
443,230208,-995,-1622,854,-1763,-28831,377,24758,0,0,1,0,1,0
444,230729,-895,-5652,965,-5582,-25947,-189,27988,0,0,1,0,1,0
445,231250,-761,-9465,1040,-9186,-22066,-748,30143,0,0,1,0,1,0
446,231770,-598,-12913,1074,-12437,-17337,-1278,31140,0,0,1,0,1,0
447,232291,-412,-15864,1067,-15209,-11942,-1759,30940,0,0,1,0,1,0
448,232812,-210,-18205,1019,-17396,-6088,-2172,29551,0,0,1,0,1,0
449,233333,0,-19846,932,-18913,0,-2502,27026,0,0,1,0,1,0
450,233854,210,-20723,809,-19704,6088,-2736,23462,0,0,1,0,1,0
451,234375,412,-20804,655,-19737,11942,-2865,18997,0,0,1,0,1,0
452,234895,598,-20085,476,-19010,17337,-2883,13802,0,0,1,0,1,0
453,235416,761,-18593,279,-17553,22066,-2791,8077,0,0,1,0,1,0
454,235937,895,-16386,70,-15421,25947,-2592,2041,0,0,1,0,1,0
455,236458,995,-13549,-141,-12695,28831,-2292,-4073,0,0,1,0,1,0
456,236979,1056,-10191,-346,-9481,30607,-1905,-10031,0,0,1,0,1,0
457,237500,1076,-6441,-538,-5902,31207,-1445,-15603,0,0,1,0,1,0
458,238020,1056,-2442,-710,-2096,30607,-929,-20576,0,0,1,0,1,0
459,238541,995,1650,-854,1791,28831,-377,-24758,0,0,1,0,1,0
460,239062,895,5680,-965,5610,25947,189,-27988,0,0,1,0,1,0
461,239583,761,9492,-1040,9213,22066,748,-30143,0,0,1,0,1,0
462,240104,598,12939,-1074,12463,17337,1278,-31140,0,0,1,0,1,0
463,240625,412,15890,-1067,15235,11942,1759,-30940,0,0,1,0,1,0
464,241145,210,18231,-1019,17421,6088,2172,-29551,0,0,1,0,1,0
465,241666,0,19871,-932,18939,0,2502,-27026,0,0,1,0,1,0
466,242187,-210,20748,-809,19729,-6088,2736,-23462,0,0,1,0,1,0
467,242708,-412,20828,-655,19761,-11942,2865,-18997,0,0,1,0,1,0
468,243229,-598,20108,-476,19034,-17337,2883,-13802,0,0,1,0,1,0
469,243750,-761,18616,-279,17576,-22066,2791,-8077,0,0,1,0,1,0
470,244270,-895,16409,-70,15443,-25947,2592,-2041,0,0,1,0,1,0
471,244791,-995,13571,141,12717,-28831,2292,4073,0,0,1,0,1,0
472,245312,-1056,10213,346,9503,-30607,1905,10031,0,0,1,0,1,0
473,245833,-1076,6462,538,5924,-31207,1445,15603,0,0,1,0,1,0
474,246354,-1056,2463,710,2117,-30607,929,20576,0,0,1,0,1,0
475,246875,-995,-1630,854,-1770,-28831,377,24758,0,0,1,0,1,0
476,247395,-895,-5660,965,-5589,-25947,-189,27988,0,0,1,0,1,0
477,247916,-761,-9472,1040,-9193,-22066,-748,30143,0,0,1,0,1,0
478,248437,-598,-12920,1074,-12444,-17337,-1278,31140,0,0,1,0,1,0
479,248958,-412,-15871,1067,-15216,-11942,-1759,30940,0,0,1,0,1,0
480,249479,-210,-18212,1019,-17402,-6088,-2172,29551,0,0,1,0,1,0
481,250000,0,-19852,932,-18920,0,-2502,27026,0,0,1,0,1,0
482,250520,210,-20730,809,-19711,6088,-2736,23462,0,0,1,0,1,0
483,251041,412,-20810,655,-19743,11942,-2865,18997,0,0,1,0,1,0
484,251562,598,-20091,476,-19017,17337,-2883,13802,0,0,1,0,1,0
485,252083,761,-18599,279,-17559,22066,-2791,8077,0,0,1,0,1,0
486,252604,895,-16392,70,-15427,25947,-2592,2041,0,0,1,0,1,0
487,253125,995,-13555,-141,-12701,28831,-2292,-4073,0,0,1,0,1,0
488,253645,1056,-10197,-346,-9487,30607,-1905,-10031,0,0,1,0,1,0
489,254166,1076,-6446,-538,-5908,31207,-1445,-15603,0,0,1,0,1,0
490,254687,1056,-2448,-710,-2102,30607,-929,-20576,0,0,1,0,1,0
491,255208,995,1645,-854,1785,28831,-377,-24758,0,0,1,0,1,0
492,255729,895,5675,-965,5604,25947,189,-27988,0,0,1,0,1,0
493,256249,761,9486,-1040,9208,22066,748,-30143,0,0,1,0,1,0
494,256770,598,12934,-1074,12458,17337,1278,-31140,0,0,1,0,1,0
495,257291,412,15885,-1067,15230,11942,1759,-30940,0,0,1,0,1,0
496,257812,210,18225,-1019,17416,6088,2172,-29551,0,0,1,0,1,0
497,258333,0,19866,-932,18934,0,2502,-27026,0,0,1,0,1,0
498,258854,-210,20743,-809,19724,-6088,2736,-23462,0,0,1,0,1,0
499,259375,-412,20823,-655,19756,-11942,2865,-18997,0,0,1,0,1,0
500,259895,-598,20104,-476,19029,-17337,2883,-13802,0,0,1,0,1,0
501,260416,-761,18611,-279,17572,-22066,2791,-8077,0,0,1,0,1,0
502,260937,-895,16404,-70,15439,-25947,2592,-2041,0,0,1,0,1,0
503,261458,-995,13567,141,12713,-28831,2292,4073,0,0,1,0,1,0
504,261979,-1056,10208,346,9499,-30607,1905,10031,0,0,1,0,1,0
505,262500,-1076,6458,538,5920,-31207,1445,15603,0,0,1,0,1,0
506,263020,-1056,2459,710,2113,-30607,929,20576,0,0,1,0,1,0
507,263541,-995,-1634,854,-1774,-28831,377,24758,0,0,1,0,1,0
508,264062,-895,-5664,965,-5593,-25947,-189,27988,0,0,1,0,1,0
509,264583,-761,-9476,1040,-9197,-22066,-748,30143,0,0,1,0,1,0
510,265104,-598,-12924,1074,-12448,-17337,-1278,31140,0,0,1,0,1,0
511,265625,-412,-15875,1067,-15219,-11942,-1759,30940,0,0,1,0,1,0
512,266145,-210,-18215,1019,-17406,-6088,-2172,29551,0,0,1,0,1,0
513,266666,0,-19856,932,-18924,0,-2502,27026,0,0,1,0,1,0
514,267187,210,-20733,809,-19714,6088,-2736,23462,0,0,1,0,1,0
515,267708,412,-20814,655,-19747,11942,-2865,18997,0,0,1,0,1,0
516,268229,598,-20094,476,-19020,17337,-2883,13802,0,0,1,0,1,0
517,268750,761,-18602,279,-17563,22066,-2791,8077,0,0,1,0,1,0
518,269270,895,-16395,70,-15430,25947,-2592,2041,0,0,1,0,1,0
519,269791,995,-13558,-141,-12704,28831,-2292,-4073,0,0,1,0,1,0
520,270312,1056,-10200,-346,-9490,30607,-1905,-10031,0,0,1,0,1,0
521,270833,1076,-6449,-538,-5911,31207,-1445,-15603,0,0,1,0,1,0
522,271354,1056,-2451,-710,-2105,30607,-929,-20576,0,0,1,0,1,0
523,271875,995,1642,-854,1782,28831,-377,-24758,0,0,1,0,1,0
524,272395,895,5672,-965,5601,25947,189,-27988,0,0,1,0,1,0
525,272916,761,9484,-1040,9205,22066,748,-30143,0,0,1,0,1,0
526,273437,598,12931,-1074,12455,17337,1278,-31140,0,0,1,0,1,0
527,273958,412,15882,-1067,15227,11942,1759,-30940,0,0,1,0,1,0
528,274479,210,18223,-1019,17413,6088,2172,-29551,0,0,1,0,1,0
529,275000,0,19863,-932,18931,0,2502,-27026,0,0,1,0,1,0
530,275520,-210,20740,-809,19721,-6088,2736,-23462,0,0,1,0,1,0
531,276041,-412,20821,-655,19754,-11942,2865,-18997,0,0,1,0,1,0
532,276562,-598,20101,-476,19027,-17337,2883,-13802,0,0,1,0,1,0
533,277083,-761,18609,-279,17569,-22066,2791,-8077,0,0,1,0,1,0
534,277604,-895,16402,-70,15437,-25947,2592,-2041,0,0,1,0,1,0
535,278125,-995,13565,141,12711,-28831,2292,4073,0,0,1,0,1,0
536,278645,-1056,10206,346,9496,-30607,1905,10031,0,0,1,0,1,0
537,279166,-1076,6456,538,5917,-31207,1445,15603,0,0,1,0,1,0
538,279687,-1056,2457,710,2111,-30607,929,20576,0,0,1,0,1,0
539,280208,-995,-1636,854,-1776,-28831,377,24758,0,0,1,0,1,0
540,280729,-895,-5666,965,-5595,-25947,-189,27988,0,0,1,0,1,0
541,281250,-761,-9478,1040,-9199,-22066,-748,30143,0,0,1,0,1,0
542,281770,-598,-12926,1074,-12450,-17337,-1278,31140,0,0,1,0,1,0
543,282291,-412,-15877,1067,-15221,-11942,-1759,30940,0,0,1,0,1,0
544,282812,-210,-18217,1019,-17408,-6088,-2172,29551,0,0,1,0,1,0
545,283333,0,-19858,932,-18926,0,-2502,27026,0,0,1,0,1,0
546,283854,210,-20735,809,-19716,6088,-2736,23462,0,0,1,0,1,0
547,284375,412,-20816,655,-19749,11942,-2865,18997,0,0,1,0,1,0
548,284895,598,-20096,476,-19022,17337,-2883,13802,0,0,1,0,1,0
549,285416,761,-18604,279,-17564,22066,-2791,8077,0,0,1,0,1,0
550,285937,895,-16397,70,-15432,25947,-2592,2041,0,0,1,0,1,0
551,286458,995,-13560,-141,-12706,28831,-2292,-4073,0,0,1,0,1,0
552,286979,1056,-10202,-346,-9492,30607,-1905,-10031,0,0,1,0,1,0
553,287500,1076,-6451,-538,-5913,31207,-1445,-15603,0,0,1,0,1,0
554,288020,1056,-2453,-710,-2107,30607,-929,-20576,0,0,1,0,1,0
555,288541,995,1640,-854,1781,28831,-377,-24758,0,0,1,0,1,0
556,289062,895,5670,-965,5600,25947,189,-27988,0,0,1,0,1,0
557,289583,761,9482,-1040,9203,22066,748,-30143,0,0,1,0,1,0
558,290104,598,12930,-1074,12454,17337,1278,-31140,0,0,1,0,1,0
559,290625,412,15881,-1067,15225,11942,1759,-30940,0,0,1,0,1,0
560,291145,210,18221,-1019,17412,6088,2172,-29551,0,0,1,0,1,0
561,291666,0,19862,-932,18930,0,2502,-27026,0,0,1,0,1,0
562,292187,-210,20739,-809,19720,-6088,2736,-23462,0,0,1,0,1,0
563,292708,-412,20819,-655,19752,-11942,2865,-18997,0,0,1,0,1,0
564,293229,-598,20100,-476,19026,-17337,2883,-13802,0,0,1,0,1,0
565,293750,-761,18608,-279,17568,-22066,2791,-8077,0,0,1,0,1,0
566,294270,0,0,0,0,0,0,0,1,0,0,0,0,0
567,294791,0,0,0,0,0,0,0,1,0,0,0,0,0
568,295312,0,0,0,0,0,0,0,1,0,0,0,0,0
569,295833,0,0,0,0,0,0,0,1,0,0,0,0,0
570,296354,0,0,0,0,0,0,0,1,0,0,0,0,0
571,296875,0,0,0,0,0,0,0,1,0,0,0,0,0
572,297395,0,0,0,0,0,0,0,1,0,0,0,0,0
573,297916,0,0,0,0,0,0,0,1,0,0,0,0,0
574,298437,0,0,0,0,0,0,0,1,0,0,0,0,0
575,298958,0,0,0,0,0,0,0,1,0,0,0,0,0
576,299479,0,0,0,0,0,0,0,1,0,0,0,0,0
577,300000,0,0,0,0,0,0,0,1,0,0,0,0,0
578,300520,0,0,0,0,0,0,0,1,0,0,0,0,0
579,301041,0,0,0,0,0,0,0,1,0,0,0,0,0
580,301562,0,0,0,0,0,0,0,1,0,0,0,0,0
581,302083,0,0,0,0,0,0,0,1,0,0,0,0,0
582,302604,0,0,0,0,0,0,0,1,0,0,0,0,0
583,303125,0,0,0,0,0,0,0,1,0,0,0,0,0
584,303645,0,0,0,0,0,0,0,1,0,0,0,0,0
585,304166,0,0,0,0,0,0,0,1,0,0,0,0,0
586,304687,0,0,0,0,0,0,0,1,0,0,0,0,0
587,305208,0,0,0,0,0,0,0,1,0,0,0,0,0
588,305729,0,0,0,0,0,0,0,1,0,0,0,0,0
589,306250,0,0,0,0,0,0,0,1,0,0,0,0,0
590,306770,0,0,0,0,0,0,0,1,0,0,0,0,0
591,307291,0,0,0,0,0,0,0,1,0,0,0,0,0
592,307812,0,0,0,0,0,0,0,1,0,0,0,0,0
593,308333,0,0,0,0,0,0,0,1,0,0,0,0,0
594,308854,0,0,0,0,0,0,0,1,0,0,0,0,0
595,309375,0,0,0,0,0,0,0,1,0,0,0,0,0
596,309895,0,0,0,0,0,0,0,1,0,0,0,0,0
597,310416,0,0,0,0,0,0,0,1,0,0,0,0,0
598,310937,0,0,0,0,0,0,0,1,0,0,0,0,0
599,311458,0,0,0,0,0,0,0,1,0,0,0,0,0
600,311979,0,0,0,0,0,0,0,1,0,0,0,0,0
601,312500,0,0,0,0,0,0,0,1,0,0,0,0,0
602,313020,0,0,0,0,0,0,0,1,0,0,0,0,0
603,313541,0,0,0,0,0,0,0,1,0,0,0,0,0
604,314062,0,0,0,0,0,0,0,1,0,0,0,0,0
605,314583,0,0,0,0,0,0,0,1,0,0,0,0,0
606,315104,0,0,0,0,0,0,0,1,0,0,0,0,0
607,315625,0,0,0,0,0,0,0,1,0,0,0,0,0
608,316145,0,0,0,0,0,0,0,1,0,0,0,0,0
609,316666,0,0,0,0,0,0,0,1,0,0,0,0,0
610,317187,0,0,0,0,0,0,0,1,0,0,0,0,0
611,317708,0,0,0,0,0,0,0,1,0,0,0,0,0
612,318229,0,0,0,0,0,0,0,1,0,0,0,0,0
613,318750,0,0,0,0,0,0,0,1,0,0,0,0,0
614,319270,0,0,0,0,0,0,0,1,0,0,0,0,0
615,319791,0,0,0,0,0,0,0,1,0,0,0,0,0
616,320312,0,0,0,0,0,0,0,1,0,0,0,0,0
617,320833,0,0,0,0,0,0,0,1,0,0,0,0,0
618,321354,0,0,0,0,0,0,0,1,0,0,0,0,0
619,321875,0,0,0,0,0,0,0,1,0,0,0,0,0
620,322395,0,0,0,0,0,0,0,1,0,0,0,0,0
621,322916,0,0,0,0,0,0,0,1,0,0,0,0,0
622,323437,0,0,0,0,0,0,0,1,0,0,0,0,0
623,323958,0,0,0,0,0,0,0,1,0,0,0,0,0
624,324479,0,0,0,0,0,0,0,1,0,0,0,0,0
625,325000,0,0,0,0,0,0,0,1,0,0,0,0,0
626,325520,0,0,0,0,0,0,0,1,0,0,0,0,0
627,326041,0,0,0,0,0,0,0,1,0,0,0,0,0
628,326562,0,0,0,0,0,0,0,1,0,0,0,0,0
629,327083,0,0,0,0,0,0,0,1,0,0,0,0,0
630,327604,0,0,0,0,0,0,0,1,0,0,0,0,0
631,328125,0,0,0,0,0,0,0,1,0,0,0,0,0
632,328645,0,0,0,0,0,0,0,1,0,0,0,0,0
633,329166,0,0,0,0,0,0,0,1,0,0,0,0,0
634,329687,0,0,0,0,0,0,0,1,0,0,0,0,0
635,330208,0,0,0,0,0,0,0,1,0,0,0,0,0
636,330729,0,0,0,0,0,0,0,1,0,0,0,0,0
637,331250,0,0,0,0,0,0,0,1,0,0,0,0,0
638,331770,0,0,0,0,0,0,0,1,0,0,0,0,0
639,332291,0,0,0,0,0,0,0,1,0,0,0,0,0
640,332812,0,0,0,0,0,0,0,1,0,0,0,0,0
641,333333,0,0,0,0,0,0,0,1,0,0,0,0,0
642,333854,0,0,0,0,0,0,0,1,0,0,0,0,0
643,334375,0,0,0,0,0,0,0,1,0,0,0,0,0
644,334895,0,0,0,0,0,0,0,1,0,0,0,0,0
645,335416,0,0,0,0,0,0,0,1,0,0,0,0,0
646,335937,0,0,0,0,0,0,0,1,0,0,0,0,0
647,336458,0,0,0,0,0,0,0,1,0,0,0,0,0
648,336979,0,0,0,0,0,0,0,1,0,0,0,0,0
649,337500,0,0,0,0,0,0,0,1,0,0,0,0,0
650,338020,0,0,0,0,0,0,0,1,0,0,0,0,0
651,338541,0,0,0,0,0,0,0,1,0,0,0,0,0
652,339062,0,0,0,0,0,0,0,1,0,0,0,0,0
653,339583,0,0,0,0,0,0,0,1,0,0,0,0,0
654,340104,0,0,0,0,0,0,0,1,0,0,0,0,0
655,340625,0,0,0,0,0,0,0,1,0,0,0,0,0
656,341145,0,0,0,0,0,0,0,1,0,0,0,0,0
657,341666,0,0,0,0,0,0,0,1,0,0,0,0,0
658,342187,0,0,0,0,0,0,0,1,0,0,0,0,0
659,342708,0,0,0,0,0,0,0,1,0,0,0,0,0
660,343229,0,0,0,0,0,0,0,1,0,0,0,0,0
661,343750,0,0,0,0,0,0,0,1,0,0,0,0,0
662,344270,0,0,0,0,0,0,0,1,0,0,0,0,0
663,344791,0,0,0,0,0,0,0,1,0,0,0,0,0
664,345312,0,0,0,0,0,0,0,1,0,0,0,0,0
665,345833,0,0,0,0,0,0,0,1,0,0,0,0,0
666,346354,0,0,0,0,0,0,0,1,0,0,0,0,0
667,346875,0,0,0,0,0,0,0,1,0,0,0,0,0
668,347395,0,0,0,0,0,0,0,1,0,0,0,0,0
669,347916,0,0,0,0,0,0,0,1,0,0,0,0,0
670,348437,0,0,0,0,0,0,0,1,0,0,0,0,0
671,348958,0,0,0,0,0,0,0,1,0,0,0,0,0
672,349479,0,0,0,0,0,0,0,1,0,0,0,0,0
673,350000,0,0,0,0,0,0,0,1,0,0,0,0,0
674,350520,0,0,0,0,0,0,0,1,0,0,0,0,0
675,351041,0,0,0,0,0,0,0,1,0,0,0,0,0
676,351562,0,0,0,0,0,0,0,1,0,0,0,0,0
677,352083,0,0,0,0,0,0,0,1,0,0,0,0,0
678,352604,0,0,0,0,0,0,0,1,0,0,0,0,0
679,353125,0,0,0,0,0,0,0,1,0,0,0,0,0
680,353645,0,0,0,0,0,0,0,1,0,0,0,0,0
681,354166,0,0,0,0,0,0,0,1,0,0,0,0,0
682,354687,0,0,0,0,0,0,0,1,0,0,0,0,0
683,355208,0,0,0,0,0,0,0,1,0,0,0,0,0
684,355729,0,0,0,0,0,0,0,1,0,0,0,0,0
685,356250,0,0,0,0,0,0,0,1,0,0,0,0,0
686,356770,0,0,0,0,0,0,0,1,0,0,0,0,0
687,357291,0,0,0,0,0,0,0,1,0,0,0,0,0
688,357812,0,0,0,0,0,0,0,1,0,0,0,0,0
689,358333,0,0,0,0,0,0,0,1,0,0,0,0,0
690,358854,0,0,0,0,0,0,0,1,0,0,0,0,0
691,359375,0,0,0,0,0,0,0,1,0,0,0,0,0
692,359895,0,0,0,0,0,0,0,1,0,0,0,0,0
693,360416,0,0,0,0,0,0,0,1,0,0,0,0,0
694,360937,0,0,0,0,0,0,0,1,0,0,0,0,0
695,361458,0,0,0,0,0,0,0,1,0,0,0,0,0
696,361979,0,0,0,0,0,0,0,1,0,0,0,0,0
697,362500,0,0,0,0,0,0,0,1,0,0,0,0,0
698,363020,0,0,0,0,0,0,0,1,0,0,0,0,0
699,363541,0,0,0,0,0,0,0,1,0,0,0,0,0
700,364062,0,0,0,0,0,0,0,1,0,0,0,0,0
701,364583,0,0,0,0,0,0,0,1,0,0,0,0,0
702,365104,0,0,0,0,0,0,0,1,0,0,0,0,0
703,365625,0,0,0,0,0,0,0,1,0,0,0,0,0
704,366145,0,0,0,0,0,0,0,1,0,0,0,0,0
705,366666,0,0,0,0,0,0,0,1,0,0,0,0,0
706,367187,0,0,0,0,0,0,0,1,0,0,0,0,0
707,367708,0,0,0,0,0,0,0,1,0,0,0,0,0
708,368229,0,0,0,0,0,0,0,1,0,0,0,0,0
709,368750,0,0,0,0,0,0,0,1,0,0,0,0,0
710,369270,0,0,0,0,0,0,0,1,0,0,0,0,0
711,369791,0,0,0,0,0,0,0,1,0,0,0,0,0
712,370312,0,0,0,0,0,0,0,1,0,0,0,0,0
713,370833,0,0,0,0,0,0,0,1,0,0,0,0,0
714,371354,0,0,0,0,0,0,0,1,0,0,0,0,0
715,371875,0,0,0,0,0,0,0,1,0,0,0,0,0
716,372395,0,0,0,0,0,0,0,1,0,0,0,0,0
717,372916,0,0,0,0,0,0,0,1,0,0,0,0,0
718,373437,0,0,0,0,0,0,0,1,0,0,0,0,0
719,373958,0,0,0,0,0,0,0,1,0,0,0,0,0
720,374479,0,0,0,0,0,0,0,1,0,0,0,0,0
721,375000,0,0,0,0,0,0,0,1,0,0,0,0,0
722,375520,0,0,0,0,0,0,0,1,0,0,0,0,0
723,376041,0,0,0,0,0,0,0,1,0,0,0,0,0
724,376562,0,0,0,0,0,0,0,1,0,0,0,0,0
725,377083,0,0,0,0,0,0,0,1,0,0,0,0,0
726,377604,0,0,0,0,0,0,0,1,0,0,0,0,0
727,378125,0,0,0,0,0,0,0,1,0,0,0,0,0
728,378645,0,0,0,0,0,0,0,1,0,0,0,0,0
729,379166,0,0,0,0,0,0,0,1,0,0,0,0,0
730,379687,0,0,0,0,0,0,0,1,0,0,0,0,0
731,380208,0,0,0,0,0,0,0,1,0,0,0,0,0
732,380729,0,0,0,0,0,0,0,1,0,0,0,0,0
733,381250,0,0,0,0,0,0,0,1,0,0,0,0,0
734,381770,0,0,0,0,0,0,0,1,0,0,0,0,0
735,382291,0,0,0,0,0,0,0,1,0,0,0,0,0
736,382812,0,0,0,0,0,0,0,1,0,0,0,0,0
737,383333,0,0,0,0,0,0,0,1,0,0,0,0,0
738,383854,0,0,0,0,0,0,0,1,0,0,0,0,0
739,384375,0,0,0,0,0,0,0,1,0,0,0,0,0
740,384895,0,0,0,0,0,0,0,1,0,0,0,0,0
741,385416,0,0,0,0,0,0,0,1,0,0,0,0,0
742,385937,0,0,0,0,0,0,0,1,0,0,0,0,0
743,386458,0,0,0,0,0,0,0,1,0,0,0,0,0
744,386979,0,0,0,0,0,0,0,1,0,0,0,0,0
745,387500,0,0,0,0,0,0,0,1,0,0,0,0,0
746,388020,0,0,0,0,0,0,0,1,0,0,0,0,0
747,388541,0,0,0,0,0,0,0,1,0,0,0,0,0
748,389062,0,0,0,0,0,0,0,1,0,0,0,0,0
749,389583,0,0,0,0,0,0,0,1,0,0,0,0,0
750,390104,0,0,0,0,0,0,0,1,0,0,0,0,0
751,390625,0,0,0,0,0,0,0,1,0,0,0,0,0
752,391145,0,0,0,0,0,0,0,1,0,0,0,0,0
753,391666,0,0,0,0,0,0,0,1,0,0,0,0,0
754,392187,0,0,0,0,0,0,0,1,0,0,0,0,0
755,392708,0,0,0,0,0,0,0,1,0,0,0,0,0
756,393229,0,0,0,0,0,0,0,1,0,0,0,0,0
757,393750,0,0,0,0,0,0,0,1,0,0,0,0,0
758,394270,0,0,0,0,0,0,0,1,0,0,0,0,0
759,394791,0,0,0,0,0,0,0,1,0,0,0,0,0
760,395312,0,0,0,0,0,0,0,1,0,0,0,0,0
761,395833,0,0,0,0,0,0,0,1,0,0,0,0,0
762,396354,0,0,0,0,0,0,0,1,0,0,0,0,0
763,396875,0,0,0,0,0,0,0,1,0,0,0,0,0
764,397395,0,0,0,0,0,0,0,1,0,0,0,0,0
765,397916,0,0,0,0,0,0,0,1,0,0,0,0,0
766,398437,0,0,0,0,0,0,0,1,0,0,0,0,0
767,398958,0,0,0,0,0,0,0,1,0,0,0,0,0
768,399479,0,0,0,0,0,0,0,1,0,0,0,0,0
769,400000,0,0,0,0,0,0,0,1,0,0,0,0,0
770,400520,0,0,0,0,0,0,0,1,0,0,0,0,0
771,401041,0,0,0,0,0,0,0,1,0,0,0,0,0
772,401562,0,0,0,0,0,0,0,1,0,0,0,0,0
773,402083,0,0,0,0,0,0,0,1,0,0,0,0,0
774,402604,0,0,0,0,0,0,0,1,0,0,0,0,0
775,403125,0,0,0,0,0,0,0,1,0,0,0,0,0
776,403645,0,0,0,0,0,0,0,1,0,0,0,0,0
777,404166,0,0,0,0,0,0,0,1,0,0,0,0,0
778,404687,0,0,0,0,0,0,0,1,0,0,0,0,0
779,405208,0,0,0,0,0,0,0,1,0,0,0,0,0
780,405729,0,0,0,0,0,0,0,1,0,0,0,0,0
781,406250,0,0,0,0,0,0,0,1,0,0,0,0,0
782,406770,0,0,0,0,0,0,0,1,0,0,0,0,0
783,407291,0,0,0,0,0,0,0,1,0,0,0,0,0
784,407812,0,0,0,0,0,0,0,1,0,0,0,0,0
785,408333,0,0,0,0,0,0,0,1,0,0,0,0,0
786,408854,0,0,0,0,0,0,0,1,0,0,0,0,0
787,409375,0,0,0,0,0,0,0,1,0,0,0,0,0
788,409895,0,0,0,0,0,0,0,1,0,0,0,0,0
789,410416,0,0,0,0,0,0,0,1,0,0,0,0,0
790,410937,0,0,0,0,0,0,0,1,0,0,0,0,0
791,411458,0,0,0,0,0,0,0,1,0,0,0,0,0
792,411979,0,0,0,0,0,0,0,1,0,0,0,0,0
793,412500,0,0,0,0,0,0,0,1,0,0,0,0,0
794,413020,0,0,0,0,0,0,0,1,0,0,0,0,0
795,413541,0,0,0,0,0,0,0,1,0,0,0,0,0
796,414062,0,0,0,0,0,0,0,1,0,0,0,0,0
797,414583,0,0,0,0,0,0,0,1,0,0,0,0,0
798,415104,0,0,0,0,0,0,0,1,0,0,0,0,0
799,415625,0,0,0,0,0,0,0,1,0,0,0,0,0
800,416145,0,0,0,0,0,0,0,1,0,0,0,0,0
801,416666,0,0,0,0,0,0,0,1,0,0,0,0,0
802,417187,0,0,0,0,0,0,0,1,0,0,0,0,0
803,417708,0,0,0,0,0,0,0,1,0,0,0,0,0
804,418229,0,0,0,0,0,0,0,1,0,0,0,0,0
805,418750,0,0,0,0,0,0,0,1,0,0,0,0,0
806,419270,0,0,0,0,0,0,0,1,0,0,0,0,0
807,419791,0,0,0,0,0,0,0,1,0,0,0,0,0
808,420312,0,0,0,0,0,0,0,1,0,0,0,0,0
809,420833,0,0,0,0,0,0,0,1,0,0,0,0,0
810,421354,0,0,0,0,0,0,0,1,0,0,0,0,0
811,421875,0,0,0,0,0,0,0,1,0,0,0,0,0
812,422395,0,0,0,0,0,0,0,1,0,0,0,0,0
813,422916,0,0,0,0,0,0,0,1,0,0,0,0,0
814,423437,0,0,0,0,0,0,0,1,0,0,0,0,0
815,423958,0,0,0,0,0,0,0,1,0,0,0,0,0
816,424479,0,0,0,0,0,0,0,1,0,0,0,0,0
817,425000,0,0,0,0,0,0,0,1,0,0,0,0,0
818,425520,0,0,0,0,0,0,0,1,0,0,0,0,0
819,426041,0,0,0,0,0,0,0,1,0,0,0,0,0
820,426562,0,0,0,0,0,0,0,1,0,0,0,0,0
821,427083,0,0,0,0,0,0,0,1,0,0,0,0,0
822,427604,0,0,0,0,0,0,0,1,0,0,0,0,0
823,428125,0,0,0,0,0,0,0,1,0,0,0,0,0
824,428645,0,0,0,0,0,0,0,1,0,0,0,0,0
825,429166,0,0,0,0,0,0,0,1,0,0,0,0,0
826,429687,0,0,0,0,0,0,0,1,0,0,0,0,0
827,430208,0,0,0,0,0,0,0,1,0,0,0,0,0
828,430729,0,0,0,0,0,0,0,1,0,0,0,0,0
829,431250,0,0,0,0,0,0,0,1,0,0,0,0,0
830,431770,0,0,0,0,0,0,0,1,0,0,0,0,0
831,432291,0,0,0,0,0,0,0,1,0,0,0,0,0
832,432812,0,0,0,0,0,0,0,1,0,0,0,0,0
833,433333,0,0,0,0,0,0,0,1,0,0,0,0,0
834,433854,0,0,0,0,0,0,0,1,0,0,0,0,0
835,434375,0,0,0,0,0,0,0,1,0,0,0,0,0
836,434895,0,0,0,0,0,0,0,1,0,0,0,0,0
837,435416,0,0,0,0,0,0,0,1,0,0,0,0,0
838,435937,0,0,0,0,0,0,0,1,0,0,0,0,0
839,436458,0,0,0,0,0,0,0,1,0,0,0,0,0
840,436979,0,0,0,0,0,0,0,1,0,0,0,0,0
841,437500,0,0,0,0,0,0,0,1,0,0,0,0,0
842,438020,0,0,0,0,0,0,0,1,0,0,0,0,0
843,438541,0,0,0,0,0,0,0,1,0,0,0,0,0
844,439062,0,0,0,0,0,0,0,1,0,0,0,0,0
845,439583,0,0,0,0,0,0,0,1,0,0,0,0,0
846,440104,0,0,0,0,0,0,0,1,0,0,0,0,0
847,440625,0,0,0,0,0,0,0,1,0,0,0,0,0
848,441145,0,0,0,0,0,0,0,1,0,0,0,0,0
849,441666,0,0,0,0,0,0,0,1,0,0,0,0,0
850,442187,0,0,0,0,0,0,0,1,0,0,0,0,0
851,442708,0,0,0,0,0,0,0,1,0,0,0,0,0
852,443229,0,0,0,0,0,0,0,1,0,0,0,0,0
853,443750,0,0,0,0,0,0,0,1,0,0,0,0,0
854,444270,0,0,0,0,0,0,0,1,0,0,0,0,0
855,444791,0,0,0,0,0,0,0,1,0,0,0,0,0
856,445312,0,0,0,0,0,0,0,1,0,0,0,0,0
857,445833,0,0,0,0,0,0,0,1,0,0,0,0,0
858,446354,0,0,0,0,0,0,0,1,0,0,0,0,0
859,446875,0,0,0,0,0,0,0,1,0,0,0,0,0
860,447395,0,0,0,0,0,0,0,1,0,0,0,0,0
861,447916,0,0,0,0,0,0,0,1,0,0,0,0,0
862,448437,0,0,0,0,0,0,0,1,0,0,0,0,0
863,448958,0,0,0,0,0,0,0,1,0,0,0,0,0
864,449479,0,0,0,0,0,0,0,1,0,0,0,0,0
865,450000,0,0,0,0,0,0,0,1,0,0,0,0,0
866,450520,0,0,0,0,0,0,0,1,0,0,0,0,0
867,451041,0,0,0,0,0,0,0,1,0,0,0,0,0
868,451562,0,0,0,0,0,0,0,1,0,0,0,0,0
869,452083,0,0,0,0,0,0,0,1,0,0,0,0,0
870,452604,0,0,0,0,0,0,0,1,0,0,0,0,0
871,453125,0,0,0,0,0,0,0,1,0,0,0,0,0
872,453645,0,0,0,0,0,0,0,1,0,0,0,0,0
873,454166,0,0,0,0,0,0,0,1,0,0,0,0,0
874,454687,0,0,0,0,0,0,0,1,0,0,0,0,0
875,455208,0,0,0,0,0,0,0,1,0,0,0,0,0
876,455729,0,0,0,0,0,0,0,1,0,0,0,0,0
877,456250,0,0,0,0,0,0,0,1,0,0,0,0,0
878,456770,0,0,0,0,0,0,0,1,0,0,0,0,0
879,457291,0,0,0,0,0,0,0,1,0,0,0,0,0
880,457812,0,0,0,0,0,0,0,1,0,0,0,0,0
881,458333,0,0,0,0,0,0,0,1,0,0,0,0,0
882,458854,0,0,0,0,0,0,0,1,0,0,0,0,0
883,459375,0,0,0,0,0,0,0,1,0,0,0,0,0
884,459895,0,0,0,0,0,0,0,1,0,0,0,0,0
885,460416,0,0,0,0,0,0,0,1,0,0,0,0,0
886,460937,0,0,0,0,0,0,0,1,0,0,0,0,0
887,461458,0,0,0,0,0,0,0,1,0,0,0,0,0
888,461979,0,0,0,0,0,0,0,1,0,0,0,0,0
889,462500,0,0,0,0,0,0,0,1,0,0,0,0,0
890,463020,0,0,0,0,0,0,0,1,0,0,0,0,0
891,463541,0,0,0,0,0,0,0,1,0,0,0,0,0
892,464062,0,0,0,0,0,0,0,1,0,0,0,0,0
893,464583,0,0,0,0,0,0,0,1,0,0,0,0,0
894,465104,0,0,0,0,0,0,0,1,0,0,0,0,0
895,465625,0,0,0,0,0,0,0,1,0,0,0,0,0
896,466145,0,0,0,0,0,0,0,1,0,0,0,0,0
897,466666,0,0,0,0,0,0,0,1,0,0,0,0,0
898,467187,0,0,0,0,0,0,0,1,0,0,0,0,0
899,467708,0,0,0,0,0,0,0,1,0,0,0,0,0
900,468229,0,0,0,0,0,0,0,1,0,0,0,0,0
901,468750,0,0,0,0,0,0,0,1,0,0,0,0,0
902,469270,0,0,0,0,0,0,0,1,0,0,0,0,0
903,469791,0,0,0,0,0,0,0,1,0,0,0,0,0
