1,0,0,-418,418,0,0,-25024,25024,0,0,0,0,1,0
2,520,94,-457,363,0,5637,-27362,21724,0,0,0,0,1,0
3,1041,185,-479,294,0,11058,-28648,17590,0,0,0,0,1,0
4,1562,268,-482,213,0,16053,-28833,12780,0,0,0,0,1,0
5,2083,341,-466,125,0,20432,-27910,7479,0,0,0,0,1,0
6,2604,401,-433,32,0,24025,-25915,1890,0,0,0,0,1,0
7,3125,446,-383,-63,0,26696,-22924,-3772,0,0,0,0,1,0
8,3645,473,-318,-155,0,28340,-19052,-9288,0,0,0,0,1,0
9,4166,483,-241,-241,0,28895,-14448,-14448,0,0,0,0,1,0
10,4687,473,-155,-318,0,28340,-9288,-19052,0,0,0,0,1,0
11,5208,446,-63,-383,0,26696,-3772,-22924,0,0,0,0,1,0
12,5729,401,32,-433,0,24025,1890,-25915,0,0,0,0,1,0
13,6250,341,125,-466,0,20432,7479,-27910,0,0,0,0,1,0
14,6770,268,213,-482,0,16053,12780,-28833,0,0,0,0,1,0
15,7291,185,294,-479,0,11058,17590,-28648,0,0,0,0,1,0
16,7812,94,363,-457,0,5637,21724,-27362,0,0,0,0,1,0
17,8333,0,418,-418,0,0,25024,-25024,0,0,0,0,1,0
18,8854,-94,457,-363,0,-5637,27362,-21724,0,0,0,0,1,0
19,9375,-185,479,-294,0,-11058,28648,-17590,0,0,0,0,1,0
20,9895,-268,482,-213,0,-16053,28833,-12780,0,0,0,0,1,0
21,10416,-341,466,-125,0,-20432,27910,-7479,0,0,0,0,1,0
22,10937,-401,433,-32,0,-24025,25915,-1890,0,0,0,0,1,0
23,11458,-446,383,63,0,-26696,22924,3772,0,0,0,0,1,0
24,11979,-473,318,155,0,-28340,19052,9288,0,0,0,0,1,0
25,12500,-483,241,241,0,-28895,14448,14448,0,0,0,0,1,0
26,13020,-473,155,318,0,-28340,9288,19052,0,0,0,0,1,0
27,13541,-446,63,383,0,-26696,3772,22924,0,0,0,0,1,0
28,14062,-401,-32,433,0,-24025,-1890,25915,0,0,0,0,1,0
29,14583,-341,-125,466,0,-20432,-7479,27910,0,0,0,0,1,0
30,15104,-268,-213,482,0,-16053,-12780,28833,0,0,0,0,1,0
31,15625,-185,-294,479,0,-11058,-17590,28648,0,0,0,0,1,0
32,16145,-94,-363,457,0,-5637,-21724,27362,0,0,0,0,1,0
33,16666,0,-418,418,0,0,-25024,25024,0,0,0,0,1,0
34,17187,94,-457,363,0,5637,-27362,21724,0,0,0,0,1,0
35,17708,185,-479,294,0,11058,-28648,17590,0,0,0,0,1,0
36,18229,268,-482,213,0,16053,-28833,12780,0,0,0,0,1,0
37,18750,341,-466,125,0,20432,-27910,7479,0,0,0,0,1,0
38,19270,401,-433,32,0,24025,-25915,1890,0,0,0,0,1,0
39,19791,446,-383,-63,0,26696,-22924,-3772,0,0,0,0,1,0
40,20312,473,-318,-155,0,28340,-19052,-9288,0,0,0,0,1,0
41,20833,483,-241,-241,0,28895,-14448,-14448,0,0,0,0,1,0
42,21354,473,-155,-318,0,28340,-9288,-19052,0,0,0,0,1,0
43,21875,446,-63,-383,0,26696,-3772,-22924,0,0,0,0,1,0
44,22395,401,32,-433,0,24025,1890,-25915,0,0,0,0,1,0
45,22916,341,125,-466,0,20432,7479,-27910,0,0,0,0,1,0
46,23437,268,213,-482,0,16053,12780,-28833,0,0,0,0,1,0
47,23958,185,294,-479,0,11058,17590,-28648,0,0,0,0,1,0
48,24479,94,363,-457,0,5637,21724,-27362,0,0,0,0,1,0
49,25000,0,418,-418,0,0,25024,-25024,0,0,0,0,1,0
50,25520,-94,457,-363,0,-5637,27362,-21724,0,0,0,0,1,0
51,26041,-185,479,-294,0,-11058,28648,-17590,0,0,0,0,1,0
52,26562,-268,482,-213,0,-16053,28833,-12780,0,0,0,0,1,0
53,27083,-341,466,-125,0,-20432,27910,-7479,0,0,0,0,1,0
54,27604,-401,433,-32,0,-24025,25915,-1890,0,0,0,0,1,0
55,28125,-446,383,63,0,-26696,22924,3772,0,0,0,0,1,0
56,28645,-473,318,155,0,-28340,19052,9288,0,0,0,0,1,0
57,29166,-483,241,241,0,-28895,14448,14448,0,0,0,0,1,0
58,29687,-473,155,318,0,-28340,9288,19052,0,0,0,0,1,0
59,30208,-446,63,383,0,-26696,3772,22924,0,0,0,0,1,0
60,30729,-401,-32,433,0,-24025,-1890,25915,0,0,0,0,1,0
61,31250,-341,-125,466,0,-20432,-7479,27910,0,0,0,0,1,0
62,31770,-268,-213,482,0,-16053,-12780,28833,0,0,0,0,1,0
63,32291,-185,-294,479,0,-11058,-17590,28648,0,0,0,0,1,0
64,32812,-94,-363,457,0,-5637,-21724,27362,0,0,0,0,1,0
65,33333,0,-418,418,0,0,-25024,25024,0,0,0,0,1,0
66,33854,94,-457,363,0,5637,-27362,21724,0,0,0,0,1,0
67,34375,185,-479,294,0,11058,-28648,17590,0,0,0,0,1,0
68,34895,268,-482,213,0,16053,-28833,12780,0,0,0,0,1,0
69,35416,341,-466,125,0,20432,-27910,7479,0,0,0,0,1,0
70,35937,401,-433,32,0,24025,-25915,1890,0,0,0,0,1,0
71,36458,446,-383,-63,0,26696,-22924,-3772,0,0,0,0,1,0
72,36979,473,-318,-155,0,28340,-19052,-9288,0,0,0,0,1,0
73,37500,483,-241,-241,0,28895,-14448,-14448,0,0,0,0,1,0
74,38020,473,-155,-318,0,28340,-9288,-19052,0,0,0,0,1,0
75,38541,446,-63,-383,0,26696,-3772,-22924,0,0,0,0,1,0
76,39062,401,32,-433,0,24025,1890,-25915,0,0,0,0,1,0
77,39583,341,125,-466,0,20432,7479,-27910,0,0,0,0,1,0
78,40104,268,213,-482,0,16053,12780,-28833,0,0,0,0,1,0
79,40625,185,294,-479,0,11058,17590,-28648,0,0,0,0,1,0
80,41145,94,363,-457,0,5637,21724,-27362,0,0,0,0,1,0
81,41666,0,418,-418,0,0,25024,-25024,0,0,0,0,1,0
82,42187,-94,457,-363,0,-5637,27362,-21724,0,0,0,0,1,0
83,42708,-185,479,-294,0,-11058,28648,-17590,0,0,0,0,1,0
84,43229,-268,482,-213,0,-16053,28833,-12780,0,0,0,0,1,0
85,43750,-341,466,-125,0,-20432,27910,-7479,0,0,0,0,1,0
86,44270,-401,433,-32,0,-24025,25915,-1890,0,0,0,0,1,0
87,44791,-446,383,63,0,-26696,22924,3772,0,0,0,0,1,0
88,45312,-473,318,155,0,-28340,19052,9288,0,0,0,0,1,0
89,45833,-483,241,241,0,-28895,14448,14448,0,0,0,0,1,0
90,46354,-473,155,318,0,-28340,9288,19052,0,0,0,0,1,0
91,46875,-446,63,383,0,-26696,3772,22924,0,0,0,0,1,0
92,47395,-401,-32,433,0,-24025,-1890,25915,0,0,0,0,1,0
93,47916,-341,-125,466,0,-20432,-7479,27910,0,0,0,0,1,0
94,48437,-268,-213,482,0,-16053,-12780,28833,0,0,0,0,1,0
95,48958,-185,-294,479,0,-11058,-17590,28648,0,0,0,0,1,0
96,49479,-94,-363,457,0,-5637,-21724,27362,0,0,0,0,1,0
97,50000,0,-418,31207,30789,0,-27026,2502,0,0,1,0,1,0
98,50520,94,-457,27781,27418,6088,-29551,2172,0,0,1,0,1,0
99,51041,185,-479,23863,23570,11942,-30940,1759,0,0,1,0,1,0
100,51562,268,-482,19594,19380,17337,-31140,1278,0,0,1,0,1,0
101,52083,341,-466,15125,15000,22066,-30143,748,0,0,1,0,1,0
102,52604,401,-433,10619,10587,25947,-27988,189,0,0,1,0,1,0
103,53125,446,-383,6236,6299,28831,-24758,-377,0,0,1,0,1,0
104,53645,473,-318,2137,2292,30607,-20576,-929,0,0,1,0,1,0
105,54166,483,-241,-1533,-1291,31207,-15603,-1445,0,0,1,0,1,0
106,54687,473,-155,-4641,-4323,30607,-10031,-1905,0,0,1,0,1,0
107,55208,446,-63,-7079,-6696,28831,-4073,-2292,0,0,1,0,1,0
108,55729,401,32,-8762,-8329,25947,2041,-2592,0,0,1,0,1,0
109,56250,341,125,-9635,-9169,22066,8077,-2791,0,0,1,0,1,0
110,56770,268,213,-9673,-9192,17337,13802,-2883,0,0,1,0,1,0
111,57291,185,294,-8885,-8406,11942,18997,-2865,0,0,1,0,1,0
112,57812,94,363,-7309,-6852,6088,23462,-2736,0,0,1,0,1,0
113,58333,0,418,-5014,-4596,0,27026,-2502,0,0,1,0,1,0
114,58854,-94,457,-2097,-1734,-6088,29551,-2172,0,0,1,0,1,0
115,59375,-185,479,1321,1615,-11942,30940,-1759,0,0,1,0,1,0
116,59895,-268,482,5101,5314,-17337,31140,-1278,0,0,1,0,1,0
117,60416,-341,466,9089,9214,-22066,30143,-748,0,0,1,0,1,0
118,60937,-401,433,13125,13157,-25947,27988,-189,0,0,1,0,1,0
119,61458,-446,383,17046,16983,-28831,24758,377,0,0,1,0,1,0
120,61979,-473,318,20692,20537,-30607,20576,929,0,0,1,0,1,0
121,62500,-483,241,23918,23677,-31207,15603,1445,0,0,1,0,1,0
122,63020,-473,155,26592,26273,-30607,10031,1905,0,0,1,0,1,0
123,63541,-446,63,28603,28220,-28831,4073,2292,0,0,1,0,1,0
124,64062,-401,-32,29867,29434,-25947,-2041,2592,0,0,1,0,1,0
125,64583,-341,-125,30330,29863,-22066,-8077,2791,0,0,1,0,1,0
126,65104,-268,-213,29966,29484,-17337,-13802,2883,0,0,1,0,1,0
127,65625,-185,-294,28783,28304,-11942,-18997,2865,0,0,1,0,1,0
128,66145,-94,-363,26819,26362,-6088,-23462,2736,0,0,1,0,1,0
129,66666,0,-418,24145,23727,0,-27026,2502,0,0,1,0,1,0
130,67187,94,-457,20857,20494,6088,-29551,2172,0,0,1,0,1,0
131,67708,185,-479,17074,16780,11942,-30940,1759,0,0,1,0,1,0
132,68229,268,-482,12936,12723,17337,-31140,1278,0,0,1,0,1,0
133,68750,341,-466,8597,8472,22066,-30143,748,0,0,1,0,1,0
134,69270,401,-433,4217,4186,25947,-27988,189,0,0,1,0,1,0
135,69791,446,-383,-40,23,28831,-24758,-377,0,0,1,0,1,0
136,70312,473,-318,-4018,-3863,30607,-20576,-929,0,0,1,0,1,0
137,70833,483,-241,-7568,-7327,31207,-15603,-1445,0,0,1,0,1,0
138,71354,473,-155,-10559,-10241,30607,-10031,-1905,0,0,1,0,1,0
139,71875,446,-63,-12882,-12499,28831,-4073,-2292,0,0,1,0,1,0
140,72395,401,32,-14452,-14019,25947,2041,-2592,0,0,1,0,1,0
141,72916,341,125,-15214,-14748,22066,8077,-2791,0,0,1,0,1,0
142,73437,268,213,-15144,-14663,17337,13802,-2883,0,0,1,0,1,0
143,73958,185,294,-14249,-13771,11942,18997,-2865,0,0,1,0,1,0
144,74479,94,363,-12569,-12112,6088,23462,-2736,0,0,1,0,1,0
145,75000,0,418,-10172,-9754,0,27026,-2502,0,0,1,0,1,0
146,75520,-94,457,-7155,-6792,-6088,29551,-2172,0,0,1,0,1,0
147,76041,-185,479,-3638,-3344,-11942,30940,-1759,0,0,1,0,1,0
148,76562,-268,482,238,451,-17337,31140,-1278,0,0,1,0,1,0
149,77083,-341,466,4321,4446,-22066,30143,-748,0,0,1,0,1,0
150,77604,-401,433,8450,8481,-25947,27988,-189,0,0,1,0,1,0
151,78125,-446,383,12461,12398,-28831,24758,377,0,0,1,0,1,0
152,78645,-473,318,16197,16042,-30607,20576,929,0,0,1,0,1,0
153,79166,-483,241,19510,19269,-31207,15603,1445,0,0,1,0,1,0
154,79687,-473,155,22269,21951,-30607,10031,1905,0,0,1,0,1,0
155,80208,-446,63,24364,23981,-28831,4073,2292,0,0,1,0,1,0
156,80729,-401,-32,25711,25278,-25947,-2041,2592,0,0,1,0,1,0
157,81250,-341,-125,26255,25788,-22066,-8077,2791,0,0,1,0,1,0
158,81770,-268,-213,25970,25488,-17337,-13802,2883,0,0,1,0,1,0
159,82291,-185,-294,24864,24386,-11942,-18997,2865,0,0,1,0,1,0
160,82812,-94,-363,22977,22520,-6088,-23462,2736,0,0,1,0,1,0
161,83333,0,-418,20378,19960,0,-27026,2502,0,0,1,0,1,0
162,83854,94,-457,17163,16800,6088,-29551,2172,0,0,1,0,1,0
163,84375,185,-479,13452,13158,11942,-30940,1759,0,0,1,0,1,0
164,84895,268,-482,9384,9171,17337,-31140,1278,0,0,1,0,1,0
165,85416,341,-466,5114,4989,22066,-30143,748,0,0,1,0,1,0
166,85937,401,-433,802,771,25947,-27988,189,0,0,1,0,1,0
167,86458,446,-383,-3389,-3326,28831,-24758,-377,0,0,1,0,1,0
168,86979,473,-318,-7301,-7146,30607,-20576,-929,0,0,1,0,1,0
169,87500,483,-241,-10787,-10546,31207,-15603,-1445,0,0,1,0,1,0
170,88020,473,-155,-13716,-13398,30607,-10031,-1905,0,0,1,0,1,0
171,88541,446,-63,-15978,-15595,28831,-4073,-2292,0,0,1,0,1,0
172,89062,401,32,-17487,-17055,25947,2041,-2592,0,0,1,0,1,0
173,89583,341,125,-18191,-17724,22066,8077,-2791,0,0,1,0,1,0
174,90104,268,213,-18063,-17581,17337,13802,-2883,0,0,1,0,1,0
175,90625,185,294,-17111,-16633,11942,18997,-2865,0,0,1,0,1,0
176,91145,94,363,-15375,-14918,6088,23462,-2736,0,0,1,0,1,0
177,91666,0,418,-12923,-12505,0,27026,-2502,0,0,1,0,1,0
178,92187,-94,457,-9853,-9490,-6088,29551,-2172,0,0,1,0,1,0
179,92708,-185,479,-6284,-5990,-11942,30940,-1759,0,0,1,0,1,0
180,93229,-268,482,-2356,-2143,-17337,31140,-1278,0,0,1,0,1,0
181,93750,-341,466,1777,1902,-22066,30143,-748,0,0,1,0,1,0
182,94270,-401,433,5955,5987,-25947,27988,-189,0,0,1,0,1,0
183,94791,-446,383,10015,9952,-28831,24758,377,0,0,1,0,1,0
184,95312,-473,318,13799,13644,-30607,20576,929,0,0,1,0,1,0
185,95833,-483,241,17159,16917,-31207,15603,1445,0,0,1,0,1,0
186,96354,-473,155,19963,19645,-30607,10031,1905,0,0,1,0,1,0
187,96875,-446,63,22103,21720,-28831,4073,2292,0,0,1,0,1,0
188,97395,-401,-32,23494,23061,-25947,-2041,2592,0,0,1,0,1,0
189,97916,-341,-125,24081,23614,-22066,-8077,2791,0,0,1,0,1,0
190,98437,-268,-213,23838,23356,-17337,-13802,2883,0,0,1,0,1,0
191,98958,-185,-294,22774,22296,-11942,-18997,2865,0,0,1,0,1,0
192,99479,-94,-363,20928,20471,-6088,-23462,2736,0,0,1,0,1,0
193,100000,0,-418,18368,17950,0,-27026,2502,0,0,1,0,1,0
194,100520,94,-457,15192,14829,6088,-29551,2172,0,0,1,0,1,0
195,101041,185,-479,11519,11225,11942,-30940,1759,0,0,1,0,1,0
196,101562,268,-482,7490,7276,17337,-31140,1278,0,0,1,0,1,0
197,102083,341,-466,3256,3132,22066,-30143,748,0,0,1,0,1,0
198,102604,401,-433,-1019,-1051,25947,-27988,189,0,0,1,0,1,0
199,103125,446,-383,-5175,-5112,28831,-24758,-377,0,0,1,0,1,0
200,103645,473,-318,-9053,-8898,30607,-20576,-929,0,0,1,0,1,0
201,104166,483,-241,-12505,-12264,31207,-15603,-1445,0,0,1,0,1,0
202,104687,473,-155,-15400,-15082,30607,-10031,-1905,0,0,1,0,1,0
203,105208,446,-63,-17629,-17246,28831,-4073,-2292,0,0,1,0,1,0
204,105729,401,32,-19107,-18674,25947,2041,-2592,0,0,1,0,1,0
205,106250,341,125,-19779,-19312,22066,8077,-2791,0,0,1,0,1,0
206,106770,268,213,-19620,-19138,17337,13802,-2883,0,0,1,0,1,0
207,107291,185,294,-18638,-18159,11942,18997,-2865,0,0,1,0,1,0
208,107812,94,363,-16872,-16415,6088,23462,-2736,0,0,1,0,1,0
209,108333,0,418,-14391,-13973,0,27026,-2502,0,0,1,0,1,0
210,108854,-94,457,-11292,-10929,-6088,29551,-2172,0,0,1,0,1,0
211,109375,-185,479,-7695,-7402,-11942,30940,-1759,0,0,1,0,1,0
212,109895,-268,482,-3740,-3527,-17337,31140,-1278,0,0,1,0,1,0
213,110416,-341,466,420,545,-22066,30143,-748,0,0,1,0,1,0
214,110937,-401,433,4625,4656,-25947,27988,-189,0,0,1,0,1,0
215,111458,-446,383,8710,8647,-28831,24758,377,0,0,1,0,1,0
216,111979,-473,318,12519,12364,-30607,20576,929,0,0,1,0,1,0
217,112500,-483,241,15904,15663,-31207,15603,1445,0,0,1,0,1,0
218,113020,-473,155,18733,18415,-30607,10031,1905,0,0,1,0,1,0
219,113541,-446,63,20897,20514,-28831,4073,2292,0,0,1,0,1,0
220,114062,-401,-32,22311,21878,-25947,-2041,2592,0,0,1,0,1,0
221,114583,-341,-125,22921,22455,-22066,-8077,2791,0,0,1,0,1,0
222,115104,-268,-213,22701,22219,-17337,-13802,2883,0,0,1,0,1,0
223,115625,-185,-294,21659,21180,-11942,-18997,2865,0,0,1,0,1,0
224,116145,-94,-363,19834,19377,-6088,-23462,2736,0,0,1,0,1,0
225,116666,0,-418,17296,16878,0,-27026,2502,0,0,1,0,1,0
226,117187,94,-457,14140,13778,6088,-29551,2172,0,0,1,0,1,0
227,117708,185,-479,10488,10194,11942,-30940,1759,0,0,1,0,1,0
228,118229,268,-482,6479,6265,17337,-31140,1278,0,0,1,0,1,0
229,118750,341,-466,2265,2140,22066,-30143,748,0,0,1,0,1,0
230,119270,401,-433,-1991,-2023,25947,-27988,189,0,0,1,0,1,0
231,119791,446,-383,-6128,-6065,28831,-24758,-377,0,0,1,0,1,0
232,120312,473,-318,-9988,-9832,30607,-20576,-929,0,0,1,0,1,0
233,120833,483,-241,-13421,-13180,31207,-15603,-1445,0,0,1,0,1,0
234,121354,473,-155,-16299,-15981,30607,-10031,-1905,0,0,1,0,1,0
235,121875,446,-63,-18510,-18127,28831,-4073,-2292,0,0,1,0,1,0
236,122395,401,32,-19971,-19538,25947,2041,-2592,0,0,1,0,1,0
237,122916,341,125,-20626,-20159,22066,8077,-2791,0,0,1,0,1,0
238,123437,268,213,-20450,-19969,17337,13802,-2883,0,0,1,0,1,0
239,123958,185,294,-19452,-18974,11942,18997,-2865,0,0,1,0,1,0
240,124479,94,363,-17671,-17213,6088,23462,-2736,0,0,1,0,1,0
241,125000,0,418,-15174,-14756,0,27026,-2502,0,0,1,0,1,0
242,125520,-94,457,-12060,-11697,-6088,29551,-2172,0,0,1,0,1,0
243,126041,-185,479,-8448,-8154,-11942,30940,-1759,0,0,1,0,1,0
244,126562,-268,482,-4479,-4265,-17337,31140,-1278,0,0,1,0,1,0
245,127083,-341,466,-304,-179,-22066,30143,-748,0,0,1,0,1,0
246,127604,-401,433,3915,3946,-25947,27988,-189,0,0,1,0,1,0
247,128124,-446,383,8014,7951,-28831,24758,377,0,0,1,0,1,0
248,128645,-473,318,11837,11682,-30607,20576,929,0,0,1,0,1,0
249,129166,-483,241,15235,14993,-31207,15603,1445,0,0,1,0,1,0
250,129687,-473,155,18077,17759,-30607,10031,1905,0,0,1,0,1,0
251,130208,-446,63,20253,19871,-28831,4073,2292,0,0,1,0,1,0
252,130729,-401,-32,21680,21247,-25947,-2041,2592,0,0,1,0,1,0
253,131250,-341,-125,22302,21836,-22066,-8077,2791,0,0,1,0,1,0
254,131770,-268,-213,22094,21612,-17337,-13802,2883,0,0,1,0,1,0
255,132291,-185,-294,21064,20586,-11942,-18997,2865,0,0,1,0,1,0
256,132812,-94,-363,19251,18794,-6088,-23462,2736,0,0,1,0,1,0
257,133333,0,-418,16724,16306,0,-27026,2502,0,0,1,0,1,0
258,133854,94,-457,13580,13217,6088,-29551,2172,0,0,1,0,1,0
259,134375,185,-479,9938,9645,11942,-30940,1759,0,0,1,0,1,0
260,134895,268,-482,5940,5726,17337,-31140,1278,0,0,1,0,1,0
261,135416,341,-466,1736,1612,22066,-30143,748,0,0,1,0,1,0
262,135937,401,-433,-2510,-2542,25947,-27988,189,0,0,1,0,1,0
263,136458,446,-383,-6637,-6574,28831,-24758,-377,0,0,1,0,1,0
264,136979,473,-318,-10486,-10331,30607,-20576,-929,0,0,1,0,1,0
265,137500,483,-241,-13910,-13669,31207,-15603,-1445,0,0,1,0,1,0
266,138020,473,-155,-16778,-16460,30607,-10031,-1905,0,0,1,0,1,0
267,138541,446,-63,-18980,-18597,28831,-4073,-2292,0,0,1,0,1,0
268,139062,401,32,-20432,-19999,25947,2041,-2592,0,0,1,0,1,0
269,139583,341,125,-21078,-20611,22066,8077,-2791,0,0,1,0,1,0
270,140104,268,213,-20894,-20412,17337,13802,-2883,0,0,1,0,1,0
271,140625,185,294,-19887,-19408,11942,18997,-2865,0,0,1,0,1,0
272,141145,94,363,-18097,-17640,6088,23462,-2736,0,0,1,0,1,0
273,141666,0,418,-15592,-15174,0,27026,-2502,0,0,1,0,1,0
274,142187,-94,457,-12470,-12107,-6088,29551,-2172,0,0,1,0,1,0
275,142708,-185,479,-8850,-8556,-11942,30940,-1759,0,0,1,0,1,0
276,143229,-268,482,-4872,-4659,-17337,31140,-1278,0,0,1,0,1,0
277,143750,-341,466,-690,-565,-22066,30143,-748,0,0,1,0,1,0
278,144270,-401,433,3536,3568,-25947,27988,-189,0,0,1,0,1,0
279,144791,-446,383,7643,7580,-28831,24758,377,0,0,1,0,1,0
280,145312,-473,318,11473,11318,-30607,20576,929,0,0,1,0,1,0
281,145833,-483,241,14878,14636,-31207,15603,1445,0,0,1,0,1,0
282,146354,-473,155,17727,17409,-30607,10031,1905,0,0,1,0,1,0
283,146875,-446,63,19910,19527,-28831,4073,2292,0,0,1,0,1,0
284,147395,-401,-32,21344,20911,-25947,-2041,2592,0,0,1,0,1,0
285,147916,-341,-125,21972,21506,-22066,-8077,2791,0,0,1,0,1,0
286,148437,-268,-213,21770,21289,-17337,-13802,2883,0,0,1,0,1,0
287,148958,-185,-294,20747,20268,-11942,-18997,2865,0,0,1,0,1,0
288,149479,-94,-363,18940,18483,-6088,-23462,2736,0,0,1,0,1,0
289,150000,0,-418,16419,16001,0,-27026,2502,0,0,1,0,1,0
290,150520,94,-457,13280,12918,6088,-29551,2172,0,0,1,0,1,0
291,151041,185,-479,9645,9351,11942,-30940,1759,0,0,1,0,1,0
292,151562,268,-482,5652,5438,17337,-31140,1278,0,0,1,0,1,0
293,152083,341,-466,1454,1329,22066,-30143,748,0,0,1,0,1,0
294,152604,401,-433,-2787,-2818,25947,-27988,189,0,0,1,0,1,0
295,153125,446,-383,-6908,-6845,28831,-24758,-377,0,0,1,0,1,0
296,153645,473,-318,-10752,-10597,30607,-20576,-929,0,0,1,0,1,0
297,154166,483,-241,-14171,-13930,31207,-15603,-1445,0,0,1,0,1,0
298,154687,473,-155,-17034,-16716,30607,-10031,-1905,0,0,1,0,1,0
299,155208,446,-63,-19231,-18848,28831,-4073,-2292,0,0,1,0,1,0
300,155729,401,32,-20678,-20245,25947,2041,-2592,0,0,1,0,1,0
301,156250,341,125,-21319,-20852,22066,8077,-2791,0,0,1,0,1,0
302,156770,268,213,-21130,-20648,17337,13802,-2883,0,0,1,0,1,0
303,157291,185,294,-20119,-19640,11942,18997,-2865,0,0,1,0,1,0
304,157812,94,363,-18324,-17867,6088,23462,-2736,0,0,1,0,1,0
305,158333,0,418,-15815,-15397,0,27026,-2502,0,0,1,0,1,0
306,158854,-94,457,-12688,-12325,-6088,29551,-2172,0,0,1,0,1,0
307,159375,-185,479,-9064,-8770,-11942,30940,-1759,0,0,1,0,1,0
308,159895,-268,482,-5083,-4869,-17337,31140,-1278,0,0,1,0,1,0
309,160416,-341,466,-896,-771,-22066,30143,-748,0,0,1,0,1,0
310,160937,-401,433,3334,3366,-25947,27988,-189,0,0,1,0,1,0
311,161458,-446,383,7445,7382,-28831,24758,377,0,0,1,0,1,0
312,161979,-473,318,11278,11123,-30607,20576,929,0,0,1,0,1,0
313,162500,-483,241,14687,14446,-31207,15603,1445,0,0,1,0,1,0
314,163020,-473,155,17540,17222,-30607,10031,1905,0,0,1,0,1,0
315,163541,-446,63,19727,19344,-28831,4073,2292,0,0,1,0,1,0
316,164062,-401,-32,21164,20731,-25947,-2041,2592,0,0,1,0,1,0
317,164583,-341,-125,21796,21330,-22066,-8077,2791,0,0,1,0,1,0
318,165104,-268,-213,21598,21116,-17337,-13802,2883,0,0,1,0,1,0
319,165625,-185,-294,20577,20099,-11942,-18997,2865,0,0,1,0,1,0
320,166145,-94,-363,18774,18317,-6088,-23462,2736,0,0,1,0,1,0
321,166666,0,-418,16256,15838,0,-27026,2502,0,0,1,0,1,0
322,167187,94,-457,13121,12758,6088,-29551,2172,0,0,1,0,1,0
323,167708,185,-479,9488,9195,11942,-30940,1759,0,0,1,0,1,0
324,168229,268,-482,5498,5285,17337,-31140,1278,0,0,1,0,1,0
325,168750,341,-466,1304,1179,22066,-30143,748,0,0,1,0,1,0
326,169270,401,-433,-2934,-2966,25947,-27988,189,0,0,1,0,1,0
327,169791,446,-383,-7053,-6990,28831,-24758,-377,0,0,1,0,1,0
328,170312,473,-318,-10894,-10739,30607,-20576,-929,0,0,1,0,1,0
329,170833,483,-241,-14310,-14069,31207,-15603,-1445,0,0,1,0,1,0
330,171354,473,-155,-17170,-16852,30607,-10031,-1905,0,0,1,0,1,0
331,171875,446,-63,-19365,-18982,28831,-4073,-2292,0,0,1,0,1,0
332,172395,401,32,-20809,-20376,25947,2041,-2592,0,0,1,0,1,0
333,172916,341,125,-21447,-20981,22066,8077,-2791,0,0,1,0,1,0
334,173437,268,213,-21256,-20774,17337,13802,-2883,0,0,1,0,1,0
335,173958,185,294,-20242,-19764,11942,18997,-2865,0,0,1,0,1,0
336,174479,94,363,-18445,-17988,6088,23462,-2736,0,0,1,0,1,0
337,175000,0,418,-15934,-15516,0,27026,-2502,0,0,1,0,1,0
338,175520,-94,457,-12805,-12442,-6088,29551,-2172,0,0,1,0,1,0
339,176041,-185,479,-9179,-8885,-11942,30940,-1759,0,0,1,0,1,0
340,176562,-268,482,-5195,-4981,-17337,31140,-1278,0,0,1,0,1,0
341,177083,-341,466,-1006,-881,-22066,30143,-748,0,0,1,0,1,0
342,177604,-401,433,3226,3258,-25947,27988,-189,0,0,1,0,1,0
343,178125,-446,383,7339,7276,-28831,24758,377,0,0,1,0,1,0
344,178645,-473,318,11175,11020,-30607,20576,929,0,0,1,0,1,0
345,179166,-483,241,14586,14344,-31207,15603,1445,0,0,1,0,1,0
346,179687,-473,155,17440,17122,-30607,10031,1905,0,0,1,0,1,0
347,180208,-446,63,19629,19246,-28831,4073,2292,0,0,1,0,1,0
348,180729,-401,-32,21068,20635,-25947,-2041,2592,0,0,1,0,1,0
349,181250,-341,-125,21702,21236,-22066,-8077,2791,0,0,1,0,1,0
350,181770,-268,-213,21506,21024,-17337,-13802,2883,0,0,1,0,1,0
351,182291,-185,-294,20487,20009,-11942,-18997,2865,0,0,1,0,1,0
352,182812,-94,-363,18685,18228,-6088,-23462,2736,0,0,1,0,1,0
353,183333,0,-418,16169,15751,0,-27026,2502,0,0,1,0,1,0
354,183854,94,-457,13036,12673,6088,-29551,2172,0,0,1,0,1,0
355,184375,185,-479,9405,9111,11942,-30940,1759,0,0,1,0,1,0
356,184895,268,-482,5416,5203,17337,-31140,1278,0,0,1,0,1,0
357,185416,341,-466,1224,1099,22066,-30143,748,0,0,1,0,1,0
358,185937,401,-433,-3013,-3044,25947,-27988,189,0,0,1,0,1,0
359,186458,446,-383,-7130,-7067,28831,-24758,-377,0,0,1,0,1,0
360,186979,473,-318,-10970,-10815,30607,-20576,-929,0,0,1,0,1,0
361,187500,483,-241,-14384,-14143,31207,-15603,-1445,0,0,1,0,1,0
362,188020,473,-155,-17243,-16925,30607,-10031,-1905,0,0,1,0,1,0
363,188541,446,-63,-19436,-19053,28831,-4073,-2292,0,0,1,0,1,0
364,189062,401,32,-20879,-20446,25947,2041,-2592,0,0,1,0,1,0
365,189583,341,125,-21516,-21050,22066,8077,-2791,0,0,1,0,1,0
366,190104,268,213,-21323,-20842,17337,13802,-2883,0,0,1,0,1,0
367,190625,185,294,-20308,-19830,11942,18997,-2865,0,0,1,0,1,0
368,191145,94,363,-18510,-18053,6088,23462,-2736,0,0,1,0,1,0
369,191666,0,418,-15997,-15579,0,27026,-2502,0,0,1,0,1,0
370,192187,-94,457,-12867,-12504,-6088,29551,-2172,0,0,1,0,1,0
371,192708,-185,479,-9240,-8946,-11942,30940,-1759,0,0,1,0,1,0
372,193229,-268,482,-5254,-5041,-17337,31140,-1278,0,0,1,0,1,0
373,193750,-341,466,-1065,-940,-22066,30143,-748,0,0,1,0,1,0
374,194270,-401,433,3169,3200,-25947,27988,-189,0,0,1,0,1,0
375,194791,-446,383,7283,7220,-28831,24758,377,0,0,1,0,1,0
376,195312,-473,318,11119,10964,-30607,20576,929,0,0,1,0,1,0
377,195833,-483,241,14531,14290,-31207,15603,1445,0,0,1,0,1,0
378,196354,-473,155,17387,17069,-30607,10031,1905,0,0,1,0,1,0
379,196875,-446,63,19577,19194,-28831,4073,2292,0,0,1,0,1,0
380,197395,-401,-32,21017,20584,-25947,-2041,2592,0,0,1,0,1,0
381,197916,-341,-125,21652,21186,-22066,-8077,2791,0,0,1,0,1,0
382,198437,-268,-213,21456,20975,-17337,-13802,2883,0,0,1,0,1,0
383,198958,-185,-294,20439,19960,-11942,-18997,2865,0,0,1,0,1,0
384,199479,-94,-363,18638,18181,-6088,-23462,2736,0,0,1,0,1,0
385,200000,0,-418,16123,15705,0,-27026,2502,0,0,1,0,1,0
386,200520,94,-457,12990,12627,6088,-29551,2172,0,0,1,0,1,0
387,201041,185,-479,9360,9067,11942,-30940,1759,0,0,1,0,1,0
388,201562,268,-482,5373,5159,17337,-31140,1278,0,0,1,0,1,0
389,202083,341,-466,1181,1056,22066,-30143,748,0,0,1,0,1,0
390,202604,401,-433,-3055,-3086,25947,-27988,189,0,0,1,0,1,0
391,203125,446,-383,-7171,-7108,28831,-24758,-377,0,0,1,0,1,0
392,203645,473,-318,-11010,-10855,30607,-20576,-929,0,0,1,0,1,0
393,204166,483,-241,-14424,-14183,31207,-15603,-1445,0,0,1,0,1,0
394,204687,473,-155,-17282,-16964,30607,-10031,-1905,0,0,1,0,1,0
395,205208,446,-63,-19474,-19091,28831,-4073,-2292,0,0,1,0,1,0
396,205729,401,32,-20916,-20483,25947,2041,-2592,0,0,1,0,1,0
397,206250,341,125,-21553,-21086,22066,8077,-2791,0,0,1,0,1,0
398,206770,268,213,-21359,-20878,17337,13802,-2883,0,0,1,0,1,0
399,207291,185,294,-20343,-19865,11942,18997,-2865,0,0,1,0,1,0
400,207812,94,363,-18544,-18087,6088,23462,-2736,0,0,1,0,1,0
401,208333,0,418,-16031,-15613,0,27026,-2502,0,0,1,0,1,0
402,208854,-94,457,-12900,-12537,-6088,29551,-2172,0,0,1,0,1,0
403,209375,-185,479,-9272,-8978,-11942,30940,-1759,0,0,1,0,1,0
404,209895,-268,482,-5286,-5073,-17337,31140,-1278,0,0,1,0,1,0
405,210416,-341,466,-1096,-971,-22066,30143,-748,0,0,1,0,1,0
406,210937,-401,433,3138,3170,-25947,27988,-189,0,0,1,0,1,0
407,211458,-446,383,7253,7190,-28831,24758,377,0,0,1,0,1,0
408,211979,-473,318,11090,10935,-30607,20576,929,0,0,1,0,1,0
409,212500,-483,241,14502,14261,-31207,15603,1445,0,0,1,0,1,0
410,213020,-473,155,17359,17041,-30607,10031,1905,0,0,1,0,1,0
411,213541,-446,63,19549,19166,-28831,4073,2292,0,0,1,0,1,0
412,214062,-401,-32,20990,20557,-25947,-2041,2592,0,0,1,0,1,0
413,214583,-341,-125,21625,21159,-22066,-8077,2791,0,0,1,0,1,0
414,215104,-268,-213,21430,20949,-17337,-13802,2883,0,0,1,0,1,0
415,215625,-185,-294,20413,19935,-11942,-18997,2865,0,0,1,0,1,0
416,216145,-94,-363,18613,18156,-6088,-23462,2736,0,0,1,0,1,0
417,216666,0,-418,16098,15680,0,-27026,2502,0,0,1,0,1,0
418,217187,94,-457,12966,12603,6088,-29551,2172,0,0,1,0,1,0
419,217708,185,-479,9337,9043,11942,-30940,1759,0,0,1,0,1,0
420,218229,268,-482,5349,5136,17337,-31140,1278,0,0,1,0,1,0
421,218750,341,-466,1158,1033,22066,-30143,748,0,0,1,0,1,0
422,219270,401,-433,-3077,-3109,25947,-27988,189,0,0,1,0,1,0
423,219791,446,-383,-7193,-7130,28831,-24758,-377,0,0,1,0,1,0
424,220312,473,-318,-11032,-10876,30607,-20576,-929,0,0,1,0,1,0
425,220833,483,-241,-14445,-14204,31207,-15603,-1445,0,0,1,0,1,0
426,221354,473,-155,-17303,-16984,30607,-10031,-1905,0,0,1,0,1,0
427,221875,446,-63,-19494,-19111,28831,-4073,-2292,0,0,1,0,1,0
428,222395,401,32,-20936,-20503,25947,2041,-2592,0,0,1,0,1,0
429,222916,341,125,-21572,-21106,22066,8077,-2791,0,0,1,0,1,0
430,223437,268,213,-21378,-20897,17337,13802,-2883,0,0,1,0,1,0
431,223958,185,294,-20362,-19884,11942,18997,-2865,0,0,1,0,1,0
432,224479,94,363,-18563,-18106,6088,23462,-2736,0,0,1,0,1,0
433,225000,0,418,-16049,-15631,0,27026,-2502,0,0,1,0,1,0
434,225520,-94,457,-12918,-12555,-6088,29551,-2172,0,0,1,0,1,0
435,226041,-185,479,-9290,-8996,-11942,30940,-1759,0,0,1,0,1,0
436,226562,-268,482,-5303,-5090,-17337,31140,-1278,0,0,1,0,1,0
437,227083,-341,466,-1113,-988,-22066,30143,-748,0,0,1,0,1,0
438,227604,-401,433,3122,3153,-25947,27988,-189,0,0,1,0,1,0
439,228125,-446,383,7237,7174,-28831,24758,377,0,0,1,0,1,0
440,228645,-473,318,11074,10919,-30607,20576,929,0,0,1,0,1,0
441,229166,-483,241,14487,14246,-31207,15603,1445,0,0,1,0,1,0
442,229687,-473,155,17344,17025,-30607,10031,1905,0,0,1,0,1,0
443,230208,-446,63,19535,19152,-28831,4073,2292,0,0,1,0,1,0
444,230729,-401,-32,20975,20542,-25947,-2041,2592,0,0,1,0,1,0
445,231250,-341,-125,21611,21145,-22066,-8077,2791,0,0,1,0,1,0
446,231770,-268,-213,21416,20935,-17337,-13802,2883,0,0,1,0,1,0
447,232291,-185,-294,20399,19921,-11942,-18997,2865,0,0,1,0,1,0
448,232812,-94,-363,18599,18142,-6088,-23462,2736,0,0,1,0,1,0
449,233333,0,-418,16085,15667,0,-27026,2502,0,0,1,0,1,0
450,233854,94,-457,12953,12590,6088,-29551,2172,0,0,1,0,1,0
451,234375,185,-479,9324,9030,11942,-30940,1759,0,0,1,0,1,0
452,234895,268,-482,5337,5124,17337,-31140,1278,0,0,1,0,1,0
453,235416,341,-466,1146,1021,22066,-30143,748,0,0,1,0,1,0
454,235937,401,-433,-3089,-3121,25947,-27988,189,0,0,1,0,1,0
455,236458,446,-383,-7205,-7142,28831,-24758,-377,0,0,1,0,1,0
456,236979,473,-318,-11043,-10888,30607,-20576,-929,0,0,1,0,1,0
457,237500,483,-241,-14456,-14215,31207,-15603,-1445,0,0,1,0,1,0
458,238020,473,-155,-17314,-16995,30607,-10031,-1905,0,0,1,0,1,0
459,238541,446,-63,-19505,-19122,28831,-4073,-2292,0,0,1,0,1,0
460,239062,401,32,-20947,-20514,25947,2041,-2592,0,0,1,0,1,0
461,239583,341,125,-21583,-21116,22066,8077,-2791,0,0,1,0,1,0
462,240104,268,213,-21389,-20907,17337,13802,-2883,0,0,1,0,1,0
463,240625,185,294,-20372,-19894,11942,18997,-2865,0,0,1,0,1,0
464,241145,94,363,-18573,-18116,6088,23462,-2736,0,0,1,0,1,0
465,241666,0,418,-16059,-15641,0,27026,-2502,0,0,1,0,1,0
466,242187,-94,457,-12927,-12565,-6088,29551,-2172,0,0,1,0,1,0
467,242708,-185,479,-9299,-9005,-11942,30940,-1759,0,0,1,0,1,0
468,243229,-268,482,-5312,-5099,-17337,31140,-1278,0,0,1,0,1,0
469,243750,-341,466,-1122,-997,-22066,30143,-748,0,0,1,0,1,0
470,244270,-401,433,3113,3144,-25947,27988,-189,0,0,1,0,1,0
471,244791,-446,383,7228,7165,-28831,24758,377,0,0,1,0,1,0
472,245312,-473,318,11066,10911,-30607,20576,929,0,0,1,0,1,0
473,245833,-483,241,14479,14237,-31207,15603,1445,0,0,1,0,1,0
474,246354,-473,155,17336,17017,-30607,10031,1905,0,0,1,0,1,0
475,246875,-446,63,19527,19144,-28831,4073,2292,0,0,1,0,1,0
476,247395,-401,-32,20968,20535,-25947,-2041,2592,0,0,1,0,1,0
477,247916,-341,-125,21603,21137,-22066,-8077,2791,0,0,1,0,1,0
478,248437,-268,-213,21409,20927,-17337,-13802,2883,0,0,1,0,1,0
479,248958,-185,-294,20392,19914,-11942,-18997,2865,0,0,1,0,1,0
480,249479,-94,-363,18592,18135,-6088,-23462,2736,0,0,1,0,1,0
481,250000,0,-418,16078,15660,0,-27026,2502,0,0,1,0,1,0
482,250520,94,-457,12946,12583,6088,-29551,2172,0,0,1,0,1,0
483,251041,185,-479,9317,9023,11942,-30940,1759,0,0,1,0,1,0
484,251562,268,-482,5330,5117,17337,-31140,1278,0,0,1,0,1,0
485,252083,341,-466,1139,1014,22066,-30143,748,0,0,1,0,1,0
486,252604,401,-433,-3096,-3127,25947,-27988,189,0,0,1,0,1,0
487,253125,446,-383,-7211,-7148,28831,-24758,-377,0,0,1,0,1,0
488,253645,473,-318,-11049,-10894,30607,-20576,-929,0,0,1,0,1,0
489,254166,483,-241,-14462,-14221,31207,-15603,-1445,0,0,1,0,1,0
490,254687,473,-155,-17320,-17001,30607,-10031,-1905,0,0,1,0,1,0
491,255208,446,-63,-19511,-19128,28831,-4073,-2292,0,0,1,0,1,0
492,255729,401,32,-20952,-20519,25947,2041,-2592,0,0,1,0,1,0
493,256249,341,125,-21588,-21122,22066,8077,-2791,0,0,1,0,1,0
494,256770,268,213,-21394,-20912,17337,13802,-2883,0,0,1,0,1,0
495,257291,185,294,-20378,-19899,11942,18997,-2865,0,0,1,0,1,0
496,257812,94,363,-18578,-18121,6088,23462,-2736,0,0,1,0,1,0
497,258333,0,418,-16064,-15646,0,27026,-2502,0,0,1,0,1,0
498,258854,-94,457,-12932,-12570,-6088,29551,-2172,0,0,1,0,1,0
499,259375,-185,479,-9304,-9010,-11942,30940,-1759,0,0,1,0,1,0
500,259895,-268,482,-5317,-5104,-17337,31140,-1278,0,0,1,0,1,0
501,260416,-341,466,-1126,-1001,-22066,30143,-748,0,0,1,0,1,0
502,260937,-401,433,3108,3140,-25947,27988,-189,0,0,1,0,1,0
503,261458,-446,383,7223,7160,-28831,24758,377,0,0,1,0,1,0
504,261979,-473,318,11061,10906,-30607,20576,929,0,0,1,0,1,0
505,262500,-483,241,14474,14233,-31207,15603,1445,0,0,1,0,1,0
506,263020,-473,155,17331,17013,-30607,10031,1905,0,0,1,0,1,0
507,263541,-446,63,19522,19139,-28831,4073,2292,0,0,1,0,1,0
508,264062,-401,-32,20963,20531,-25947,-2041,2592,0,0,1,0,1,0
509,264583,-341,-125,21599,21133,-22066,-8077,2791,0,0,1,0,1,0
510,265104,-268,-213,21405,20923,-17337,-13802,2883,0,0,1,0,1,0
511,265625,-185,-294,20388,19910,-11942,-18997,2865,0,0,1,0,1,0
512,266145,-94,-363,18588,18131,-6088,-23462,2736,0,0,1,0,1,0
513,266666,0,-418,16074,15656,0,-27026,2502,0,0,1,0,1,0
514,267187,94,-457,12942,12580,6088,-29551,2172,0,0,1,0,1,0
515,267708,185,-479,9314,9020,11942,-30940,1759,0,0,1,0,1,0
516,268229,268,-482,5327,5113,17337,-31140,1278,0,0,1,0,1,0
517,268750,341,-466,1136,1011,22066,-30143,748,0,0,1,0,1,0
518,269270,401,-433,-3099,-3131,25947,-27988,189,0,0,1,0,1,0
519,269791,446,-383,-7214,-7151,28831,-24758,-377,0,0,1,0,1,0
520,270312,473,-318,-11052,-10897,30607,-20576,-929,0,0,1,0,1,0
521,270833,483,-241,-14466,-14224,31207,-15603,-1445,0,0,1,0,1,0
522,271354,473,-155,-17323,-17005,30607,-10031,-1905,0,0,1,0,1,0
523,271875,446,-63,-19514,-19131,28831,-4073,-2292,0,0,1,0,1,0
524,272395,401,32,-20955,-20522,25947,2041,-2592,0,0,1,0,1,0
525,272916,341,125,-21591,-21125,22066,8077,-2791,0,0,1,0,1,0
526,273437,268,213,-21397,-20915,17337,13802,-2883,0,0,1,0,1,0
527,273958,185,294,-20380,-19902,11942,18997,-2865,0,0,1,0,1,0
528,274479,94,363,-18581,-18124,6088,23462,-2736,0,0,1,0,1,0
529,275000,0,418,-16067,-15649,0,27026,-2502,0,0,1,0,1,0
530,275520,-94,457,-12935,-12572,-6088,29551,-2172,0,0,1,0,1,0
531,276041,-185,479,-9306,-9013,-11942,30940,-1759,0,0,1,0,1,0
532,276562,-268,482,-5320,-5106,-17337,31140,-1278,0,0,1,0,1,0
533,277083,-341,466,-1129,-1004,-22066,30143,-748,0,0,1,0,1,0
534,277604,-401,433,3106,3137,-25947,27988,-189,0,0,1,0,1,0
535,278125,-446,383,7221,7158,-28831,24758,377,0,0,1,0,1,0
536,278645,-473,318,11059,10904,-30607,20576,929,0,0,1,0,1,0
537,279166,-483,241,14472,14231,-31207,15603,1445,0,0,1,0,1,0
538,279687,-473,155,17329,17011,-30607,10031,1905,0,0,1,0,1,0
539,280208,-446,63,19520,19137,-28831,4073,2292,0,0,1,0,1,0
540,280729,-401,-32,20961,20528,-25947,-2041,2592,0,0,1,0,1,0
541,281250,-341,-125,21597,21131,-22066,-8077,2791,0,0,1,0,1,0
542,281770,-268,-213,21403,20921,-17337,-13802,2883,0,0,1,0,1,0
543,282291,-185,-294,20386,19908,-11942,-18997,2865,0,0,1,0,1,0
544,282812,-94,-363,18586,18129,-6088,-23462,2736,0,0,1,0,1,0
545,283333,0,-418,16072,15654,0,-27026,2502,0,0,1,0,1,0
546,283854,94,-457,12940,12578,6088,-29551,2172,0,0,1,0,1,0
547,284375,185,-479,9312,9018,11942,-30940,1759,0,0,1,0,1,0
548,284895,268,-482,5325,5112,17337,-31140,1278,0,0,1,0,1,0
549,285416,341,-466,1134,1009,22066,-30143,748,0,0,1,0,1,0
550,285937,401,-433,-3101,-3132,25947,-27988,189,0,0,1,0,1,0
551,286458,446,-383,-7216,-7153,28831,-24758,-377,0,0,1,0,1,0
552,286979,473,-318,-11054,-10899,30607,-20576,-929,0,0,1,0,1,0
553,287500,483,-241,-14467,-14226,31207,-15603,-1445,0,0,1,0,1,0
554,288020,473,-155,-17324,-17006,30607,-10031,-1905,0,0,1,0,1,0
555,288541,446,-63,-19516,-19133,28831,-4073,-2292,0,0,1,0,1,0
556,289062,401,32,-20957,-20524,25947,2041,-2592,0,0,1,0,1,0
557,289583,341,125,-21593,-21126,22066,8077,-2791,0,0,1,0,1,0
558,290104,268,213,-21399,-20917,17337,13802,-2883,0,0,1,0,1,0
559,290625,185,294,-20382,-19903,11942,18997,-2865,0,0,1,0,1,0
560,291145,94,363,-18582,-18125,6088,23462,-2736,0,0,1,0,1,0
561,291666,0,418,-16068,-15650,0,27026,-2502,0,0,1,0,1,0
562,292187,-94,457,-12937,-12574,-6088,29551,-2172,0,0,1,0,1,0
563,292708,-185,479,-9308,-9014,-11942,30940,-1759,0,0,1,0,1,0
564,293229,-268,482,-5321,-5108,-17337,31140,-1278,0,0,1,0,1,0
565,293750,-341,466,-1130,-1005,-22066,30143,-748,0,0,1,0,1,0
566,294270,-401,433,3104,3136,-25947,27988,-189,0,0,1,0,1,0
567,294791,-446,383,7220,7157,-28831,24758,377,0,0,1,0,1,0
568,295312,-473,318,11058,10903,-30607,20576,929,0,0,1,0,1,0
569,295833,-483,241,14471,14229,-31207,15603,1445,0,0,1,0,1,0
570,296354,-473,155,17328,17010,-30607,10031,1905,0,0,1,0,1,0
571,296875,-446,63,19519,19136,-28831,4073,2292,0,0,1,0,1,0
572,297395,-401,-32,20960,20527,-25947,-2041,2592,0,0,1,0,1,0
573,297916,-341,-125,21596,21130,-22066,-8077,2791,0,0,1,0,1,0
574,298437,-268,-213,21402,20920,-17337,-13802,2883,0,0,1,0,1,0
575,298958,-185,-294,20385,19906,-11942,-18997,2865,0,0,1,0,1,0
576,299479,-94,-363,18585,18128,-6088,-23462,2736,0,0,1,0,1,0
577,300000,0,-418,16071,15653,0,-27026,2502,0,0,1,0,1,0
578,300520,94,-457,12939,12577,6088,-29551,2172,0,0,1,0,1,0
579,301041,185,-479,9311,9017,11942,-30940,1759,0,0,1,0,1,0
580,301562,268,-482,5324,5111,17337,-31140,1278,0,0,1,0,1,0
581,302083,341,-466,1133,1008,22066,-30143,748,0,0,1,0,1,0
582,302604,401,-433,-3102,-3133,25947,-27988,189,0,0,1,0,1,0
583,303125,446,-383,-7217,-7154,28831,-24758,-377,0,0,1,0,1,0
584,303645,473,-318,-11055,-10900,30607,-20576,-929,0,0,1,0,1,0
585,304166,483,-241,-14468,-14227,31207,-15603,-1445,0,0,1,0,1,0
586,304687,473,-155,-17325,-17007,30607,-10031,-1905,0,0,1,0,1,0
587,305208,446,-63,-19517,-19134,28831,-4073,-2292,0,0,1,0,1,0
588,305729,401,32,-20958,-20525,25947,2041,-2592,0,0,1,0,1,0
589,306250,341,125,-21593,-21127,22066,8077,-2791,0,0,1,0,1,0
590,306770,268,213,-21399,-20918,17337,13802,-2883,0,0,1,0,1,0
591,307291,185,294,-20383,-19904,11942,18997,-2865,0,0,1,0,1,0
592,307812,94,363,-18583,-18126,6088,23462,-2736,0,0,1,0,1,0
593,308333,0,418,-16069,-15651,0,27026,-2502,0,0,1,0,1,0
594,308854,-94,457,-12937,-12574,-6088,29551,-2172,0,0,1,0,1,0
595,309375,0,0,0,0,0,0,0,1,0,0,0,0,0
596,309895,0,0,0,0,0,0,0,1,0,0,0,0,0
597,310416,0,0,0,0,0,0,0,1,0,0,0,0,0
598,310937,0,0,0,0,0,0,0,1,0,0,0,0,0
599,311458,0,0,0,0,0,0,0,1,0,0,0,0,0
600,311979,0,0,0,0,0,0,0,1,0,0,0,0,0
601,312500,0,0,0,0,0,0,0,1,0,0,0,0,0
602,313020,0,0,0,0,0,0,0,1,0,0,0,0,0
603,313541,0,0,0,0,0,0,0,1,0,0,0,0,0
604,314062,0,0,0,0,0,0,0,1,0,0,0,0,0
605,314583,0,0,0,0,0,0,0,1,0,0,0,0,0
606,315104,0,0,0,0,0,0,0,1,0,0,0,0,0
607,315625,0,0,0,0,0,0,0,1,0,0,0,0,0
608,316145,0,0,0,0,0,0,0,1,0,0,0,0,0
609,316666,0,0,0,0,0,0,0,1,0,0,0,0,0
610,317187,0,0,0,0,0,0,0,1,0,0,0,0,0
611,317708,0,0,0,0,0,0,0,1,0,0,0,0,0
612,318229,0,0,0,0,0,0,0,1,0,0,0,0,0
613,318750,0,0,0,0,0,0,0,1,0,0,0,0,0
614,319270,0,0,0,0,0,0,0,1,0,0,0,0,0
615,319791,0,0,0,0,0,0,0,1,0,0,0,0,0
616,320312,0,0,0,0,0,0,0,1,0,0,0,0,0
617,320833,0,0,0,0,0,0,0,1,0,0,0,0,0
618,321354,0,0,0,0,0,0,0,1,0,0,0,0,0
619,321875,0,0,0,0,0,0,0,1,0,0,0,0,0
620,322395,0,0,0,0,0,0,0,1,0,0,0,0,0
621,322916,0,0,0,0,0,0,0,1,0,0,0,0,0
622,323437,0,0,0,0,0,0,0,1,0,0,0,0,0
623,323958,0,0,0,0,0,0,0,1,0,0,0,0,0
624,324479,0,0,0,0,0,0,0,1,0,0,0,0,0
625,325000,0,0,0,0,0,0,0,1,0,0,0,0,0
626,325520,0,0,0,0,0,0,0,1,0,0,0,0,0
627,326041,0,0,0,0,0,0,0,1,0,0,0,0,0
628,326562,0,0,0,0,0,0,0,1,0,0,0,0,0
629,327083,0,0,0,0,0,0,0,1,0,0,0,0,0
630,327604,0,0,0,0,0,0,0,1,0,0,0,0,0
631,328125,0,0,0,0,0,0,0,1,0,0,0,0,0
632,328645,0,0,0,0,0,0,0,1,0,0,0,0,0
633,329166,0,0,0,0,0,0,0,1,0,0,0,0,0
634,329687,0,0,0,0,0,0,0,1,0,0,0,0,0
635,330208,0,0,0,0,0,0,0,1,0,0,0,0,0
636,330729,0,0,0,0,0,0,0,1,0,0,0,0,0
637,331250,0,0,0,0,0,0,0,1,0,0,0,0,0
638,331770,0,0,0,0,0,0,0,1,0,0,0,0,0
639,332291,0,0,0,0,0,0,0,1,0,0,0,0,0
640,332812,0,0,0,0,0,0,0,1,0,0,0,0,0
641,333333,0,0,0,0,0,0,0,1,0,0,0,0,0
642,333854,0,0,0,0,0,0,0,1,0,0,0,0,0
643,334375,0,0,0,0,0,0,0,1,0,0,0,0,0
644,334895,0,0,0,0,0,0,0,1,0,0,0,0,0
645,335416,0,0,0,0,0,0,0,1,0,0,0,0,0
646,335937,0,0,0,0,0,0,0,1,0,0,0,0,0
647,336458,0,0,0,0,0,0,0,1,0,0,0,0,0
648,336979,0,0,0,0,0,0,0,1,0,0,0,0,0
649,337500,0,0,0,0,0,0,0,1,0,0,0,0,0
650,338020,0,0,0,0,0,0,0,1,0,0,0,0,0
651,338541,0,0,0,0,0,0,0,1,0,0,0,0,0
652,339062,0,0,0,0,0,0,0,1,0,0,0,0,0
653,339583,0,0,0,0,0,0,0,1,0,0,0,0,0
654,340104,0,0,0,0,0,0,0,1,0,0,0,0,0
655,340625,0,0,0,0,0,0,0,1,0,0,0,0,0
656,341145,0,0,0,0,0,0,0,1,0,0,0,0,0
657,341666,0,0,0,0,0,0,0,1,0,0,0,0,0
658,342187,0,0,0,0,0,0,0,1,0,0,0,0,0
659,342708,0,0,0,0,0,0,0,1,0,0,0,0,0
660,343229,0,0,0,0,0,0,0,1,0,0,0,0,0
661,343750,0,0,0,0,0,0,0,1,0,0,0,0,0
662,344270,0,0,0,0,0,0,0,1,0,0,0,0,0
663,344791,0,0,0,0,0,0,0,1,0,0,0,0,0
664,345312,0,0,0,0,0,0,0,1,0,0,0,0,0
665,345833,0,0,0,0,0,0,0,1,0,0,0,0,0
666,346354,0,0,0,0,0,0,0,1,0,0,0,0,0
667,346875,0,0,0,0,0,0,0,1,0,0,0,0,0
668,347395,0,0,0,0,0,0,0,1,0,0,0,0,0
669,347916,0,0,0,0,0,0,0,1,0,0,0,0,0
670,348437,0,0,0,0,0,0,0,1,0,0,0,0,0
671,348958,0,0,0,0,0,0,0,1,0,0,0,0,0
672,349479,0,0,0,0,0,0,0,1,0,0,0,0,0
673,350000,0,0,0,0,0,0,0,1,0,0,0,0,0
674,350520,0,0,0,0,0,0,0,1,0,0,0,0,0
675,351041,0,0,0,0,0,0,0,1,0,0,0,0,0
676,351562,0,0,0,0,0,0,0,1,0,0,0,0,0
677,352083,0,0,0,0,0,0,0,1,0,0,0,0,0
678,352604,0,0,0,0,0,0,0,1,0,0,0,0,0
679,353125,0,0,0,0,0,0,0,1,0,0,0,0,0
680,353645,0,0,0,0,0,0,0,1,0,0,0,0,0
681,354166,0,0,0,0,0,0,0,1,0,0,0,0,0
682,354687,0,0,0,0,0,0,0,1,0,0,0,0,0
683,355208,0,0,0,0,0,0,0,1,0,0,0,0,0
684,355729,0,0,0,0,0,0,0,1,0,0,0,0,0
685,356250,0,0,0,0,0,0,0,1,0,0,0,0,0
686,356770,0,0,0,0,0,0,0,1,0,0,0,0,0
687,357291,0,0,0,0,0,0,0,1,0,0,0,0,0
688,357812,0,0,0,0,0,0,0,1,0,0,0,0,0
689,358333,0,0,0,0,0,0,0,1,0,0,0,0,0
690,358854,0,0,0,0,0,0,0,1,0,0,0,0,0
691,359375,0,0,0,0,0,0,0,1,0,0,0,0,0
692,359895,0,0,0,0,0,0,0,1,0,0,0,0,0
693,360416,0,0,0,0,0,0,0,1,0,0,0,0,0
694,360937,0,0,0,0,0,0,0,1,0,0,0,0,0
695,361458,0,0,0,0,0,0,0,1,0,0,0,0,0
696,361979,0,0,0,0,0,0,0,1,0,0,0,0,0
697,362500,0,0,0,0,0,0,0,1,0,0,0,0,0
698,363020,0,0,0,0,0,0,0,1,0,0,0,0,0
699,363541,0,0,0,0,0,0,0,1,0,0,0,0,0
700,364062,0,0,0,0,0,0,0,1,0,0,0,0,0
701,364583,0,0,0,0,0,0,0,1,0,0,0,0,0
702,365104,0,0,0,0,0,0,0,1,0,0,0,0,0
703,365625,0,0,0,0,0,0,0,1,0,0,0,0,0
704,366145,0,0,0,0,0,0,0,1,0,0,0,0,0
705,366666,0,0,0,0,0,0,0,1,0,0,0,0,0
706,367187,0,0,0,0,0,0,0,1,0,0,0,0,0
707,367708,0,0,0,0,0,0,0,1,0,0,0,0,0
708,368229,0,0,0,0,0,0,0,1,0,0,0,0,0
709,368750,0,0,0,0,0,0,0,1,0,0,0,0,0
710,369270,0,0,0,0,0,0,0,1,0,0,0,0,0
711,369791,0,0,0,0,0,0,0,1,0,0,0,0,0
712,370312,0,0,0,0,0,0,0,1,0,0,0,0,0
713,370833,0,0,0,0,0,0,0,1,0,0,0,0,0
714,371354,0,0,0,0,0,0,0,1,0,0,0,0,0
715,371875,0,0,0,0,0,0,0,1,0,0,0,0,0
716,372395,0,0,0,0,0,0,0,1,0,0,0,0,0
717,372916,0,0,0,0,0,0,0,1,0,0,0,0,0
718,373437,0,0,0,0,0,0,0,1,0,0,0,0,0
719,373958,0,0,0,0,0,0,0,1,0,0,0,0,0
720,374479,0,0,0,0,0,0,0,1,0,0,0,0,0
721,375000,0,0,0,0,0,0,0,1,0,0,0,0,0
722,375520,0,0,0,0,0,0,0,1,0,0,0,0,0
723,376041,0,0,0,0,0,0,0,1,0,0,0,0,0
724,376562,0,0,0,0,0,0,0,1,0,0,0,0,0
725,377083,0,0,0,0,0,0,0,1,0,0,0,0,0
726,377604,0,0,0,0,0,0,0,1,0,0,0,0,0
727,378125,0,0,0,0,0,0,0,1,0,0,0,0,0
728,378645,0,0,0,0,0,0,0,1,0,0,0,0,0
729,379166,0,0,0,0,0,0,0,1,0,0,0,0,0
730,379687,0,0,0,0,0,0,0,1,0,0,0,0,0
731,380208,0,0,0,0,0,0,0,1,0,0,0,0,0
732,380729,0,0,0,0,0,0,0,1,0,0,0,0,0
733,381250,0,0,0,0,0,0,0,1,0,0,0,0,0
734,381770,0,0,0,0,0,0,0,1,0,0,0,0,0
735,382291,0,0,0,0,0,0,0,1,0,0,0,0,0
736,382812,0,0,0,0,0,0,0,1,0,0,0,0,0
737,383333,0,0,0,0,0,0,0,1,0,0,0,0,0
738,383854,0,0,0,0,0,0,0,1,0,0,0,0,0
739,384375,0,0,0,0,0,0,0,1,0,0,0,0,0
740,384895,0,0,0,0,0,0,0,1,0,0,0,0,0
741,385416,0,0,0,0,0,0,0,1,0,0,0,0,0
742,385937,0,0,0,0,0,0,0,1,0,0,0,0,0
743,386458,0,0,0,0,0,0,0,1,0,0,0,0,0
744,386979,0,0,0,0,0,0,0,1,0,0,0,0,0
745,387500,0,0,0,0,0,0,0,1,0,0,0,0,0
746,388020,0,0,0,0,0,0,0,1,0,0,0,0,0
747,388541,0,0,0,0,0,0,0,1,0,0,0,0,0
748,389062,0,0,0,0,0,0,0,1,0,0,0,0,0
749,389583,0,0,0,0,0,0,0,1,0,0,0,0,0
750,390104,0,0,0,0,0,0,0,1,0,0,0,0,0
751,390625,0,0,0,0,0,0,0,1,0,0,0,0,0
752,391145,0,0,0,0,0,0,0,1,0,0,0,0,0
753,391666,0,0,0,0,0,0,0,1,0,0,0,0,0
754,392187,0,0,0,0,0,0,0,1,0,0,0,0,0
755,392708,0,0,0,0,0,0,0,1,0,0,0,0,0
756,393229,0,0,0,0,0,0,0,1,0,0,0,0,0
757,393750,0,0,0,0,0,0,0,1,0,0,0,0,0
758,394270,0,0,0,0,0,0,0,1,0,0,0,0,0
759,394791,0,0,0,0,0,0,0,1,0,0,0,0,0
760,395312,0,0,0,0,0,0,0,1,0,0,0,0,0
761,395833,0,0,0,0,0,0,0,1,0,0,0,0,0
762,396354,0,0,0,0,0,0,0,1,0,0,0,0,0
763,396875,0,0,0,0,0,0,0,1,0,0,0,0,0
764,397395,0,0,0,0,0,0,0,1,0,0,0,0,0
765,397916,0,0,0,0,0,0,0,1,0,0,0,0,0
766,398437,0,0,0,0,0,0,0,1,0,0,0,0,0
767,398958,0,0,0,0,0,0,0,1,0,0,0,0,0
768,399479,0,0,0,0,0,0,0,1,0,0,0,0,0
769,400000,0,0,0,0,0,0,0,1,0,0,0,0,0
770,400520,0,0,0,0,0,0,0,1,0,0,0,0,0
771,401041,0,0,0,0,0,0,0,1,0,0,0,0,0
772,401562,0,0,0,0,0,0,0,1,0,0,0,0,0
773,402083,0,0,0,0,0,0,0,1,0,0,0,0,0
774,402604,0,0,0,0,0,0,0,1,0,0,0,0,0
775,403125,0,0,0,0,0,0,0,1,0,0,0,0,0
776,403645,0,0,0,0,0,0,0,1,0,0,0,0,0
777,404166,0,0,0,0,0,0,0,1,0,0,0,0,0
778,404687,0,0,0,0,0,0,0,1,0,0,0,0,0
779,405208,0,0,0,0,0,0,0,1,0,0,0,0,0
780,405729,0,0,0,0,0,0,0,1,0,0,0,0,0
781,406250,0,0,0,0,0,0,0,1,0,0,0,0,0
782,406770,0,0,0,0,0,0,0,1,0,0,0,0,0
783,407291,0,0,0,0,0,0,0,1,0,0,0,0,0
784,407812,0,0,0,0,0,0,0,1,0,0,0,0,0
785,408333,0,0,0,0,0,0,0,1,0,0,0,0,0
786,408854,0,0,0,0,0,0,0,1,0,0,0,0,0
787,409375,0,0,0,0,0,0,0,1,0,0,0,0,0
788,409895,0,0,0,0,0,0,0,1,0,0,0,0,0
789,410416,0,0,0,0,0,0,0,1,0,0,0,0,0
790,410937,0,0,0,0,0,0,0,1,0,0,0,0,0
791,411458,0,0,0,0,0,0,0,1,0,0,0,0,0
792,411979,0,0,0,0,0,0,0,1,0,0,0,0,0
793,412500,0,0,0,0,0,0,0,1,0,0,0,0,0
794,413020,0,0,0,0,0,0,0,1,0,0,0,0,0
795,413541,0,0,0,0,0,0,0,1,0,0,0,0,0
796,414062,0,0,0,0,0,0,0,1,0,0,0,0,0
797,414583,0,0,0,0,0,0,0,1,0,0,0,0,0
798,415104,0,0,0,0,0,0,0,1,0,0,0,0,0
799,415625,0,0,0,0,0,0,0,1,0,0,0,0,0
800,416145,0,0,0,0,0,0,0,1,0,0,0,0,0
801,416666,0,0,0,0,0,0,0,1,0,0,0,0,0
802,417187,0,0,0,0,0,0,0,1,0,0,0,0,0
803,417708,0,0,0,0,0,0,0,1,0,0,0,0,0
804,418229,0,0,0,0,0,0,0,1,0,0,0,0,0
805,418750,0,0,0,0,0,0,0,1,0,0,0,0,0
806,419270,0,0,0,0,0,0,0,1,0,0,0,0,0
807,419791,0,0,0,0,0,0,0,1,0,0,0,0,0
808,420312,0,0,0,0,0,0,0,1,0,0,0,0,0
809,420833,0,0,0,0,0,0,0,1,0,0,0,0,0
810,421354,0,0,0,0,0,0,0,1,0,0,0,0,0
811,421875,0,0,0,0,0,0,0,1,0,0,0,0,0
812,422395,0,0,0,0,0,0,0,1,0,0,0,0,0
813,422916,0,0,0,0,0,0,0,1,0,0,0,0,0
814,423437,0,0,0,0,0,0,0,1,0,0,0,0,0
815,423958,0,0,0,0,0,0,0,1,0,0,0,0,0
816,424479,0,0,0,0,0,0,0,1,0,0,0,0,0
817,425000,0,0,0,0,0,0,0,1,0,0,0,0,0
818,425520,0,0,0,0,0,0,0,1,0,0,0,0,0
819,426041,0,0,0,0,0,0,0,1,0,0,0,0,0
820,426562,0,0,0,0,0,0,0,1,0,0,0,0,0
821,427083,0,0,0,0,0,0,0,1,0,0,0,0,0
822,427604,0,0,0,0,0,0,0,1,0,0,0,0,0
823,428125,0,0,0,0,0,0,0,1,0,0,0,0,0
824,428645,0,0,0,0,0,0,0,1,0,0,0,0,0
825,429166,0,0,0,0,0,0,0,1,0,0,0,0,0
826,429687,0,0,0,0,0,0,0,1,0,0,0,0,0
827,430208,0,0,0,0,0,0,0,1,0,0,0,0,0
828,430729,0,0,0,0,0,0,0,1,0,0,0,0,0
829,431250,0,0,0,0,0,0,0,1,0,0,0,0,0
830,431770,0,0,0,0,0,0,0,1,0,0,0,0,0
831,432291,0,0,0,0,0,0,0,1,0,0,0,0,0
832,432812,0,0,0,0,0,0,0,1,0,0,0,0,0
833,433333,0,0,0,0,0,0,0,1,0,0,0,0,0
834,433854,0,0,0,0,0,0,0,1,0,0,0,0,0
835,434375,0,0,0,0,0,0,0,1,0,0,0,0,0
836,434895,0,0,0,0,0,0,0,1,0,0,0,0,0
837,435416,0,0,0,0,0,0,0,1,0,0,0,0,0
838,435937,0,0,0,0,0,0,0,1,0,0,0,0,0
839,436458,0,0,0,0,0,0,0,1,0,0,0,0,0
