1,0,0,-881,881,0,0,-23551,23551,0,0,0,0,1,0
2,520,199,-964,765,0,5305,-25751,20446,0,0,0,0,1,0
3,1041,389,-1009,619,0,10407,-26962,16555,0,0,0,0,1,0
4,1562,565,-1015,450,0,15108,-27136,12028,0,0,0,0,1,0
5,2083,719,-983,263,0,19229,-26268,7038,0,0,0,0,1,0
6,2604,846,-913,67,0,22611,-24390,1779,0,0,0,0,1,0
7,3125,940,-807,-133,0,25124,-21575,-3550,0,0,0,0,1,0
8,3645,998,-671,-327,0,26672,-17931,-8741,0,0,0,0,1,0
9,4166,1018,-509,-509,0,27194,-13597,-13597,0,0,0,0,1,0
10,4687,998,-327,-671,0,26672,-8741,-17931,0,0,0,0,1,0
11,5208,940,-133,-807,0,25124,-3550,-21575,0,0,0,0,1,0
12,5729,846,67,-913,0,22611,1779,-24390,0,0,0,0,1,0
13,6250,719,263,-983,0,19229,7038,-26268,0,0,0,0,1,0
14,6770,565,450,-1015,0,15108,12028,-27136,0,0,0,0,1,0
15,7291,389,619,-1009,0,10407,16555,-26962,0,0,0,0,1,0
16,7812,199,765,-964,0,5305,20446,-25751,0,0,0,0,1,0
17,8333,0,881,-881,0,0,23551,-23551,0,0,0,0,1,0
18,8854,-199,964,-765,0,-5305,25751,-20446,0,0,0,0,1,0
19,9375,-389,1009,-619,0,-10407,26962,-16555,0,0,0,0,1,0
20,9895,-565,1015,-450,0,-15108,27136,-12028,0,0,0,0,1,0
21,10416,-719,983,-263,0,-19229,26268,-7038,0,0,0,0,1,0
22,10937,-846,913,-67,0,-22611,24390,-1779,0,0,0,0,1,0
23,11458,-940,807,133,0,-25124,21575,3550,0,0,0,0,1,0
24,11979,-998,671,327,0,-26672,17931,8741,0,0,0,0,1,0
25,12500,-1018,509,509,0,-27194,13597,13597,0,0,0,0,1,0
26,13020,-998,327,671,0,-26672,8741,17931,0,0,0,0,1,0
27,13541,-940,133,807,0,-25124,3550,21575,0,0,0,0,1,0
28,14062,-846,-67,913,0,-22611,-1779,24390,0,0,0,0,1,0
29,14583,-719,-263,983,0,-19229,-7038,26268,0,0,0,0,1,0
30,15104,-565,-450,1015,0,-15108,-12028,27136,0,0,0,0,1,0
31,15625,-389,-619,1009,0,-10407,-16555,26962,0,0,0,0,1,0
32,16145,-199,-765,964,0,-5305,-20446,25751,0,0,0,0,1,0
33,16666,0,-881,881,0,0,-23551,23551,0,0,0,0,1,0
34,17187,199,-964,765,0,5305,-25751,20446,0,0,0,0,1,0
35,17708,389,-1009,619,0,10407,-26962,16555,0,0,0,0,1,0
36,18229,565,-1015,450,0,15108,-27136,12028,0,0,0,0,1,0
37,18750,719,-983,263,0,19229,-26268,7038,0,0,0,0,1,0
38,19270,846,-913,67,0,22611,-24390,1779,0,0,0,0,1,0
39,19791,940,-807,-133,0,25124,-21575,-3550,0,0,0,0,1,0
40,20312,998,-671,-327,0,26672,-17931,-8741,0,0,0,0,1,0
41,20833,1018,-509,-509,0,27194,-13597,-13597,0,0,0,0,1,0
42,21354,998,-327,-671,0,26672,-8741,-17931,0,0,0,0,1,0
43,21875,940,-133,-807,0,25124,-3550,-21575,0,0,0,0,1,0
44,22395,846,67,-913,0,22611,1779,-24390,0,0,0,0,1,0
45,22916,719,263,-983,0,19229,7038,-26268,0,0,0,0,1,0
46,23437,565,450,-1015,0,15108,12028,-27136,0,0,0,0,1,0
47,23958,389,619,-1009,0,10407,16555,-26962,0,0,0,0,1,0
48,24479,199,765,-964,0,5305,20446,-25751,0,0,0,0,1,0
49,25000,0,881,-881,0,0,23551,-23551,0,0,0,0,1,0
50,25520,-199,964,-765,0,-5305,25751,-20446,0,0,0,0,1,0
51,26041,-389,1009,-619,0,-10407,26962,-16555,0,0,0,0,1,0
52,26562,-565,1015,-450,0,-15108,27136,-12028,0,0,0,0,1,0
53,27083,-719,983,-263,0,-19229,26268,-7038,0,0,0,0,1,0
54,27604,-846,913,-67,0,-22611,24390,-1779,0,0,0,0,1,0
55,28125,-940,807,133,0,-25124,21575,3550,0,0,0,0,1,0
56,28645,-998,671,327,0,-26672,17931,8741,0,0,0,0,1,0
57,29166,-1018,509,509,0,-27194,13597,13597,0,0,0,0,1,0
58,29687,-998,327,671,0,-26672,8741,17931,0,0,0,0,1,0
59,30208,-940,133,807,0,-25124,3550,21575,0,0,0,0,1,0
60,30729,-846,-67,913,0,-22611,-1779,24390,0,0,0,0,1,0
61,31250,-719,-263,983,0,-19229,-7038,26268,0,0,0,0,1,0
62,31770,-565,-450,1015,0,-15108,-12028,27136,0,0,0,0,1,0
63,32291,-389,-619,1009,0,-10407,-16555,26962,0,0,0,0,1,0
64,32812,-199,-765,964,0,-5305,-20446,25751,0,0,0,0,1,0
65,33333,0,-881,881,0,0,-23551,23551,0,0,0,0,1,0
66,33854,199,-964,765,0,5305,-25751,20446,0,0,0,0,1,0
67,34375,389,-1009,619,0,10407,-26962,16555,0,0,0,0,1,0
68,34895,565,-1015,450,0,15108,-27136,12028,0,0,0,0,1,0
69,35416,719,-983,263,0,19229,-26268,7038,0,0,0,0,1,0
70,35937,846,-913,67,0,22611,-24390,1779,0,0,0,0,1,0
71,36458,940,-807,-133,0,25124,-21575,-3550,0,0,0,0,1,0
72,36979,998,-671,-327,0,26672,-17931,-8741,0,0,0,0,1,0
73,37500,1018,-509,-509,0,27194,-13597,-13597,0,0,0,0,1,0
74,38020,998,-327,-671,0,26672,-8741,-17931,0,0,0,0,1,0
75,38541,940,-133,-807,0,25124,-3550,-21575,0,0,0,0,1,0
76,39062,846,67,-913,0,22611,1779,-24390,0,0,0,0,1,0
77,39583,719,263,-983,0,19229,7038,-26268,0,0,0,0,1,0
78,40104,565,450,-1015,0,15108,12028,-27136,0,0,0,0,1,0
79,40625,389,619,-1009,0,10407,16555,-26962,0,0,0,0,1,0
80,41145,199,765,-964,0,5305,20446,-25751,0,0,0,0,1,0
81,41666,0,881,-881,0,0,23551,-23551,0,0,0,0,1,0
82,42187,-199,964,-765,0,-5305,25751,-20446,0,0,0,0,1,0
83,42708,-389,1009,-619,0,-10407,26962,-16555,0,0,0,0,1,0
84,43229,-565,1015,-450,0,-15108,27136,-12028,0,0,0,0,1,0
85,43750,-719,983,-263,0,-19229,26268,-7038,0,0,0,0,1,0
86,44270,-846,913,-67,0,-22611,24390,-1779,0,0,0,0,1,0
87,44791,-940,807,133,0,-25124,21575,3550,0,0,0,0,1,0
88,45312,-998,671,327,0,-26672,17931,8741,0,0,0,0,1,0
89,45833,-1018,509,509,0,-27194,13597,13597,0,0,0,0,1,0
90,46354,-998,327,671,0,-26672,8741,17931,0,0,0,0,1,0
91,46875,-940,133,807,0,-25124,3550,21575,0,0,0,0,1,0
92,47395,-846,-67,913,0,-22611,-1779,24390,0,0,0,0,1,0
93,47916,-719,-263,983,0,-19229,-7038,26268,0,0,0,0,1,0
94,48437,-565,-450,1015,0,-15108,-12028,27136,0,0,0,0,1,0
95,48958,-389,-619,1009,0,-10407,-16555,26962,0,0,0,0,1,0
96,49479,-199,-765,964,0,-5305,-20446,25751,0,0,0,0,1,0
97,50000,16471,-14264,881,3088,0,-2355,27084,0,0,0,0,1,0
98,50520,19389,-12211,765,7943,424,-2575,23513,0,0,0,0,1,0
99,51041,22019,-9885,619,12753,833,-2696,19038,0,0,0,0,1,0
100,51562,24252,-7372,450,17330,1209,-2714,13832,0,0,0,0,1,0
101,52083,25993,-4764,263,21493,1538,-2627,8094,0,0,0,0,1,0
102,52604,27167,-2158,67,25076,1809,-2439,2045,0,0,0,0,1,0
103,53125,27720,350,-133,27937,2010,-2157,-4082,0,0,0,0,1,0
104,53645,27622,2666,-327,29961,2134,-1793,-10053,0,0,0,0,1,0
105,54166,26870,4706,-509,31067,2176,-1360,-15637,0,0,0,0,1,0
106,54687,25484,6394,-671,31207,2134,-874,-20620,0,0,0,0,1,0
107,55208,23510,7668,-807,30371,2010,-355,-24811,0,0,0,0,1,0
108,55729,21015,8484,-913,28587,1809,178,-28048,0,0,0,0,1,0
109,56250,18090,8812,-983,25919,1538,704,-30208,0,0,0,0,1,0
110,56770,14838,8644,-1015,22466,1209,1203,-31207,0,0,0,0,1,0
111,57291,11377,7988,-1009,18356,833,1655,-31006,0,0,0,0,1,0
112,57812,7834,6874,-964,13744,424,2045,-29614,0,0,0,0,1,0
113,58333,4337,5346,-881,8802,0,2355,-27084,0,0,0,0,1,0
114,58854,1014,3467,-765,3716,-424,2575,-23513,0,0,0,0,1,0
115,59375,-2013,1311,-619,-1321,-833,2696,-19038,0,0,0,0,1,0
116,59895,-4635,-1035,-450,-6120,-1209,2714,-13832,0,0,0,0,1,0
117,60416,-6757,-3480,-263,-10500,-1538,2627,-8094,0,0,0,0,1,0
118,60937,-8305,-5926,-67,-14297,-1809,2439,-2045,0,0,0,0,1,0
119,61458,-9224,-8276,133,-17368,-2010,2157,4082,0,0,0,0,1,0
120,61979,-9486,-10439,327,-19598,-2134,1793,10053,0,0,0,0,1,0
121,62500,-9087,-12327,509,-20905,-2176,1360,15637,0,0,0,0,1,0
122,63020,-8046,-13867,671,-21242,-2134,874,20620,0,0,0,0,1,0
123,63541,-6411,-14996,807,-20600,-2010,355,24811,0,0,0,0,1,0
124,64062,-4250,-15669,913,-19006,-1809,-178,28048,0,0,0,0,1,0
125,64583,-1650,-15858,983,-16525,-1538,-704,30208,0,0,0,0,1,0
126,65104,1283,-15552,1015,-13254,-1209,-1203,31207,0,0,0,0,1,0
127,65625,4430,-14762,1009,-9324,-833,-1655,31006,0,0,0,0,1,0
128,66145,7666,-13516,964,-4887,-424,-2045,29614,0,0,0,0,1,0
129,66666,10861,-11860,881,-117,0,-2355,27084,0,0,0,0,1,0
130,67187,13888,-9854,765,4799,424,-2575,23513,0,0,0,0,1,0
131,67708,16626,-7574,619,9671,833,-2696,19038,0,0,0,0,1,0
132,68229,18964,-5106,450,14308,1209,-2714,13832,0,0,0,0,1,0
133,68750,20807,-2542,263,18529,1538,-2627,8094,0,0,0,0,1,0
134,69270,22082,21,67,22170,1809,-2439,2045,0,0,0,0,1,0
135,69791,22734,2487,-133,25087,2010,-2157,-4082,0,0,0,0,1,0
136,70312,22733,4762,-327,27167,2134,-1793,-10053,0,0,0,0,1,0
137,70833,22076,6761,-509,28327,2176,-1360,-15637,0,0,0,0,1,0
138,71354,20783,8408,-671,28520,2134,-874,-20620,0,0,0,0,1,0
139,71875,18900,9644,-807,27737,2010,-355,-24811,0,0,0,0,1,0
140,72395,16495,10421,-913,26004,1809,178,-28048,0,0,0,0,1,0
141,72916,13658,10712,-983,23386,1538,704,-30208,0,0,0,0,1,0
142,73437,10492,10506,-1015,19983,1209,1203,-31207,0,0,0,0,1,0
143,73958,7116,9814,-1009,15921,833,1655,-31006,0,0,0,0,1,0
144,74479,3655,8665,-964,11356,424,2045,-29614,0,0,0,0,1,0
145,75000,240,7102,-881,6460,0,2355,-27084,0,0,0,0,1,0
146,75520,-3003,5189,-765,1420,-424,2575,-23513,0,0,0,0,1,0
147,76041,-5952,3000,-619,-3572,-833,2696,-19038,0,0,0,0,1,0
148,76562,-8498,620,-450,-8328,-1209,2714,-13832,0,0,0,0,1,0
149,77083,-10545,-1856,-263,-12665,-1538,2627,-8094,0,0,0,0,1,0
150,77604,-12019,-4334,-67,-16420,-1809,2439,-2045,0,0,0,0,1,0
151,78125,-12867,-6715,133,-19449,-2010,2157,4082,0,0,0,0,1,0
152,78645,-13058,-8908,327,-21639,-2134,1793,10053,0,0,0,0,1,0
153,79166,-12589,-10826,509,-22906,-2176,1360,15637,0,0,0,0,1,0
154,79687,-11480,-12395,671,-23205,-2134,874,20620,0,0,0,0,1,0
155,80208,-9778,-13553,807,-22524,-2010,355,24811,0,0,0,0,1,0
156,80729,-7551,-14254,913,-20893,-1809,-178,28048,0,0,0,0,1,0
157,81250,-4887,-14470,983,-18375,-1538,-704,30208,0,0,0,0,1,0
158,81770,-283,-225,508,0,-15108,-12028,27136,0,0,0,0,1,0
159,82291,-195,-310,504,0,-10407,-16555,26962,0,0,0,0,1,0
160,82812,-99,-383,482,0,-5305,-20446,25751,0,0,0,0,1,0
161,83333,0,-441,441,0,0,-23551,23551,0,0,0,0,1,0
162,83854,99,-482,383,0,5305,-25751,20446,0,0,0,0,1,0
163,84375,195,-504,310,0,10407,-26962,16555,0,0,0,0,1,0
164,84895,283,-508,225,0,15108,-27136,12028,0,0,0,0,1,0
165,85416,360,-491,132,0,19229,-26268,7038,0,0,0,0,1,0
166,85937,423,-456,33,0,22611,-24390,1779,0,0,0,0,1,0
167,86458,470,-404,-66,0,25124,-21575,-3550,0,0,0,0,1,0
168,86979,499,-335,-164,0,26672,-17931,-8741,0,0,0,0,1,0
169,87500,509,-254,-254,0,27194,-13597,-13597,0,0,0,0,1,0
170,88020,499,-164,-335,0,26672,-8741,-17931,0,0,0,0,1,0
171,88541,470,-66,-404,0,25124,-3550,-21575,0,0,0,0,1,0
172,89062,423,33,-456,0,22611,1779,-24390,0,0,0,0,1,0
173,89583,360,132,-491,0,19229,7038,-26268,0,0,0,0,1,0
174,90104,283,225,-508,0,15108,12028,-27136,0,0,0,0,1,0
175,90625,195,310,-504,0,10407,16555,-26962,0,0,0,0,1,0
176,91145,99,383,-482,0,5305,20446,-25751,0,0,0,0,1,0
177,91666,0,441,-441,0,0,23551,-23551,0,0,0,0,1,0
178,92187,-99,482,-383,0,-5305,25751,-20446,0,0,0,0,1,0
179,92708,-195,504,-310,0,-10407,26962,-16555,0,0,0,0,1,0
180,93229,-283,508,-225,0,-15108,27136,-12028,0,0,0,0,1,0
181,93750,-360,491,-132,0,-19229,26268,-7038,0,0,0,0,1,0
182,94270,-423,456,-33,0,-22611,24390,-1779,0,0,0,0,1,0
183,94791,-470,404,66,0,-25124,21575,3550,0,0,0,0,1,0
184,95312,-499,335,164,0,-26672,17931,8741,0,0,0,0,1,0
185,95833,-509,254,254,0,-27194,13597,13597,0,0,0,0,1,0
186,96354,-499,164,335,0,-26672,8741,17931,0,0,0,0,1,0
187,96875,-470,66,404,0,-25124,3550,21575,0,0,0,0,1,0
188,97395,-423,-33,456,0,-22611,-1779,24390,0,0,0,0,1,0
189,97916,-360,-132,491,0,-19229,-7038,26268,0,0,0,0,1,0
190,98437,-283,-225,508,0,-15108,-12028,27136,0,0,0,0,1,0
191,98958,-195,-310,504,0,-10407,-16555,26962,0,0,0,0,1,0
192,99479,-99,-383,482,0,-5305,-20446,25751,0,0,0,0,1,0
193,100000,0,-441,441,0,0,-23551,23551,0,0,0,0,1,0
194,100520,99,-482,383,0,5305,-25751,20446,0,0,0,0,1,0
195,101041,195,-504,310,0,10407,-26962,16555,0,0,0,0,1,0
196,101562,283,-508,225,0,15108,-27136,12028,0,0,0,0,1,0
197,102083,360,-491,132,0,19229,-26268,7038,0,0,0,0,1,0
198,102604,423,-456,33,0,22611,-24390,1779,0,0,0,0,1,0
199,103125,470,-404,-66,0,25124,-21575,-3550,0,0,0,0,1,0
200,103645,499,-335,-164,0,26672,-17931,-8741,0,0,0,0,1,0
201,104166,509,-254,-254,0,27194,-13597,-13597,0,0,0,0,1,0
202,104687,499,-164,-335,0,26672,-8741,-17931,0,0,0,0,1,0
203,105208,470,-66,-404,0,25124,-3550,-21575,0,0,0,0,1,0
204,105729,423,33,-456,0,22611,1779,-24390,0,0,0,0,1,0
205,106250,360,132,-491,0,19229,7038,-26268,0,0,0,0,1,0
206,106770,283,225,-508,0,15108,12028,-27136,0,0,0,0,1,0
207,107291,195,310,-504,0,10407,16555,-26962,0,0,0,0,1,0
208,107812,99,383,-482,0,5305,20446,-25751,0,0,0,0,1,0
209,108333,0,441,-441,0,0,23551,-23551,0,0,0,0,1,0
210,108854,-99,482,-383,0,-5305,25751,-20446,0,0,0,0,1,0
211,109375,-195,504,-310,0,-10407,26962,-16555,0,0,0,0,1,0
212,109895,-283,508,-225,0,-15108,27136,-12028,0,0,0,0,1,0
213,110416,-360,491,-132,0,-19229,26268,-7038,0,0,0,0,1,0
214,110937,-423,456,-33,0,-22611,24390,-1779,0,0,0,0,1,0
215,111458,-470,404,66,0,-25124,21575,3550,0,0,0,0,1,0
216,111979,-499,335,164,0,-26672,17931,8741,0,0,0,0,1,0
217,112500,-509,254,254,0,-27194,13597,13597,0,0,0,0,1,0
218,113020,-499,164,335,0,-26672,8741,17931,0,0,0,0,1,0
219,113541,-470,66,404,0,-25124,3550,21575,0,0,0,0,1,0
220,114062,-423,-33,456,0,-22611,-1779,24390,0,0,0,0,1,0
221,114583,-360,-132,491,0,-19229,-7038,26268,0,0,0,0,1,0
222,115104,-283,-225,508,0,-15108,-12028,27136,0,0,0,0,1,0
223,115625,-195,-310,504,0,-10407,-16555,26962,0,0,0,0,1,0
224,116145,-99,-383,482,0,-5305,-20446,25751,0,0,0,0,1,0
225,116666,0,-441,441,0,0,-23551,23551,0,0,0,0,1,0
226,117187,99,-482,383,0,5305,-25751,20446,0,0,0,0,1,0
227,117708,195,-504,310,0,10407,-26962,16555,0,0,0,0,1,0
228,118229,283,-508,225,0,15108,-27136,12028,0,0,0,0,1,0
229,118750,360,-491,132,0,19229,-26268,7038,0,0,0,0,1,0
230,119270,423,-456,33,0,22611,-24390,1779,0,0,0,0,1,0
231,119791,470,-404,-66,0,25124,-21575,-3550,0,0,0,0,1,0
232,120312,499,-335,-164,0,26672,-17931,-8741,0,0,0,0,1,0
233,120833,509,-254,-254,0,27194,-13597,-13597,0,0,0,0,1,0
234,121354,499,-164,-335,0,26672,-8741,-17931,0,0,0,0,1,0
235,121875,470,-66,-404,0,25124,-3550,-21575,0,0,0,0,1,0
236,122395,423,33,-456,0,22611,1779,-24390,0,0,0,0,1,0
237,122916,360,132,-491,0,19229,7038,-26268,0,0,0,0,1,0
238,123437,283,225,-508,0,15108,12028,-27136,0,0,0,0,1,0
239,123958,195,310,-504,0,10407,16555,-26962,0,0,0,0,1,0
240,124479,99,383,-482,0,5305,20446,-25751,0,0,0,0,1,0
241,125000,0,441,-441,0,0,23551,-23551,0,0,0,0,1,0
242,125520,-99,482,-383,0,-5305,25751,-20446,0,0,0,0,1,0
243,126041,-195,504,-310,0,-10407,26962,-16555,0,0,0,0,1,0
244,126562,-283,508,-225,0,-15108,27136,-12028,0,0,0,0,1,0
245,127083,-360,491,-132,0,-19229,26268,-7038,0,0,0,0,1,0
246,127604,-423,456,-33,0,-22611,24390,-1779,0,0,0,0,1,0
247,128124,-470,404,66,0,-25124,21575,3550,0,0,0,0,1,0
248,128645,-499,335,164,0,-26672,17931,8741,0,0,0,0,1,0
249,129166,-509,254,254,0,-27194,13597,13597,0,0,0,0,1,0
250,129687,-499,164,335,0,-26672,8741,17931,0,0,0,0,1,0
251,130208,-470,66,404,0,-25124,3550,21575,0,0,0,0,1,0
252,130729,-423,-33,456,0,-22611,-1779,24390,0,0,0,0,1,0
253,131250,-360,-132,491,0,-19229,-7038,26268,0,0,0,0,1,0
254,131770,-283,-225,508,0,-15108,-12028,27136,0,0,0,0,1,0
255,132291,-195,-310,504,0,-10407,-16555,26962,0,0,0,0,1,0
256,132812,-99,-383,482,0,-5305,-20446,25751,0,0,0,0,1,0
257,133333,0,-441,441,0,0,-23551,23551,0,0,0,0,1,0
258,133854,99,-482,383,0,5305,-25751,20446,0,0,0,0,1,0
259,134375,195,-504,310,0,10407,-26962,16555,0,0,0,0,1,0
260,134895,283,-508,225,0,15108,-27136,12028,0,0,0,0,1,0
261,135416,360,-491,132,0,19229,-26268,7038,0,0,0,0,1,0
262,135937,423,-456,33,0,22611,-24390,1779,0,0,0,0,1,0
263,136458,470,-404,-66,0,25124,-21575,-3550,0,0,0,0,1,0
264,136979,499,-335,-164,0,26672,-17931,-8741,0,0,0,0,1,0
265,137500,509,-254,-254,0,27194,-13597,-13597,0,0,0,0,1,0
266,138020,499,-164,-335,0,26672,-8741,-17931,0,0,0,0,1,0
267,138541,470,-66,-404,0,25124,-3550,-21575,0,0,0,0,1,0
268,139062,423,33,-456,0,22611,1779,-24390,0,0,0,0,1,0
269,139583,360,132,-491,0,19229,7038,-26268,0,0,0,0,1,0
270,140104,283,225,-508,0,15108,12028,-27136,0,0,0,0,1,0
271,140625,195,310,-504,0,10407,16555,-26962,0,0,0,0,1,0
272,141145,99,383,-482,0,5305,20446,-25751,0,0,0,0,1,0
273,141666,0,441,-441,0,0,23551,-23551,0,0,0,0,1,0
274,142187,-99,482,-383,0,-5305,25751,-20446,0,0,0,0,1,0
275,142708,-195,504,-310,0,-10407,26962,-16555,0,0,0,0,1,0
276,143229,-283,508,-225,0,-15108,27136,-12028,0,0,0,0,1,0
277,143750,-360,491,-132,0,-19229,26268,-7038,0,0,0,0,1,0
278,144270,-423,456,-33,0,-22611,24390,-1779,0,0,0,0,1,0
279,144791,-470,404,66,0,-25124,21575,3550,0,0,0,0,1,0
280,145312,-499,335,164,0,-26672,17931,8741,0,0,0,0,1,0
281,145833,-509,254,254,0,-27194,13597,13597,0,0,0,0,1,0
282,146354,-499,164,335,0,-26672,8741,17931,0,0,0,0,1,0
283,146875,-470,66,404,0,-25124,3550,21575,0,0,0,0,1,0
284,147395,-423,-33,456,0,-22611,-1779,24390,0,0,0,0,1,0
285,147916,-360,-132,491,0,-19229,-7038,26268,0,0,0,0,1,0
286,148437,-283,-225,508,0,-15108,-12028,27136,0,0,0,0,1,0
287,148958,-195,-310,504,0,-10407,-16555,26962,0,0,0,0,1,0
288,149479,-99,-383,482,0,-5305,-20446,25751,0,0,0,0,1,0
289,150000,0,-441,441,0,0,-23551,23551,0,0,0,0,1,0
290,150520,99,-482,383,0,5305,-25751,20446,0,0,0,0,1,0
291,151041,195,-504,310,0,10407,-26962,16555,0,0,0,0,1,0
292,151562,283,-508,225,0,15108,-27136,12028,0,0,0,0,1,0
293,152083,360,-491,132,0,19229,-26268,7038,0,0,0,0,1,0
294,152604,423,-456,33,0,22611,-24390,1779,0,0,0,0,1,0
295,153125,470,-404,-66,0,25124,-21575,-3550,0,0,0,0,1,0
296,153645,499,-335,-164,0,26672,-17931,-8741,0,0,0,0,1,0
297,154166,509,-254,-254,0,27194,-13597,-13597,0,0,0,0,1,0
298,154687,499,-164,-335,0,26672,-8741,-17931,0,0,0,0,1,0
299,155208,470,-66,-404,0,25124,-3550,-21575,0,0,0,0,1,0
300,155729,423,33,-456,0,22611,1779,-24390,0,0,0,0,1,0
301,156250,360,132,-491,0,19229,7038,-26268,0,0,0,0,1,0
302,156770,283,225,-508,0,15108,12028,-27136,0,0,0,0,1,0
303,157291,195,310,-504,0,10407,16555,-26962,0,0,0,0,1,0
304,157812,99,383,-482,0,5305,20446,-25751,0,0,0,0,1,0
305,158333,0,441,-441,0,0,23551,-23551,0,0,0,0,1,0
306,158854,-99,482,-383,0,-5305,25751,-20446,0,0,0,0,1,0
307,159375,-195,504,-310,0,-10407,26962,-16555,0,0,0,0,1,0
308,159895,-283,508,-225,0,-15108,27136,-12028,0,0,0,0,1,0
309,160416,-360,491,-132,0,-19229,26268,-7038,0,0,0,0,1,0
310,160937,-423,456,-33,0,-22611,24390,-1779,0,0,0,0,1,0
311,161458,-470,404,66,0,-25124,21575,3550,0,0,0,0,1,0
312,161979,-499,335,164,0,-26672,17931,8741,0,0,0,0,1,0
313,162500,-509,254,254,0,-27194,13597,13597,0,0,0,0,1,0
314,163020,-499,164,335,0,-26672,8741,17931,0,0,0,0,1,0
315,163541,-470,66,404,0,-25124,3550,21575,0,0,0,0,1,0
316,164062,-423,-33,456,0,-22611,-1779,24390,0,0,0,0,1,0
317,164583,-360,-132,491,0,-19229,-7038,26268,0,0,0,0,1,0
318,165104,-283,-225,508,0,-15108,-12028,27136,0,0,0,0,1,0
319,165625,-195,-310,504,0,-10407,-16555,26962,0,0,0,0,1,0
320,166145,-99,-383,482,0,-5305,-20446,25751,0,0,0,0,1,0
321,166666,0,-441,441,0,0,-23551,23551,0,0,0,0,1,0
322,167187,99,-482,383,0,5305,-25751,20446,0,0,0,0,1,0
323,167708,195,-504,310,0,10407,-26962,16555,0,0,0,0,1,0
324,168229,283,-508,225,0,15108,-27136,12028,0,0,0,0,1,0
325,168750,360,-491,132,0,19229,-26268,7038,0,0,0,0,1,0
326,169270,423,-456,33,0,22611,-24390,1779,0,0,0,0,1,0
327,169791,470,-404,-66,0,25124,-21575,-3550,0,0,0,0,1,0
328,170312,499,-335,-164,0,26672,-17931,-8741,0,0,0,0,1,0
329,170833,509,-254,-254,0,27194,-13597,-13597,0,0,0,0,1,0
330,171354,499,-164,-335,0,26672,-8741,-17931,0,0,0,0,1,0
331,171875,470,-66,-404,0,25124,-3550,-21575,0,0,0,0,1,0
332,172395,423,33,-456,0,22611,1779,-24390,0,0,0,0,1,0
333,172916,360,132,-491,0,19229,7038,-26268,0,0,0,0,1,0
334,173437,283,225,-508,0,15108,12028,-27136,0,0,0,0,1,0
335,173958,195,310,-504,0,10407,16555,-26962,0,0,0,0,1,0
336,174479,99,383,-482,0,5305,20446,-25751,0,0,0,0,1,0
337,175000,0,441,-441,0,0,23551,-23551,0,0,0,0,1,0
338,175520,-99,482,-383,0,-5305,25751,-20446,0,0,0,0,1,0
339,176041,-195,504,-310,0,-10407,26962,-16555,0,0,0,0,1,0
340,176562,-283,508,-225,0,-15108,27136,-12028,0,0,0,0,1,0
341,177083,-360,491,-132,0,-19229,26268,-7038,0,0,0,0,1,0
342,177604,-423,456,-33,0,-22611,24390,-1779,0,0,0,0,1,0
343,178125,-470,404,66,0,-25124,21575,3550,0,0,0,0,1,0
344,178645,-499,335,164,0,-26672,17931,8741,0,0,0,0,1,0
345,179166,-509,254,254,0,-27194,13597,13597,0,0,0,0,1,0
346,179687,-499,164,335,0,-26672,8741,17931,0,0,0,0,1,0
347,180208,-470,66,404,0,-25124,3550,21575,0,0,0,0,1,0
348,180729,-423,-33,456,0,-22611,-1779,24390,0,0,0,0,1,0
349,181250,-360,-132,491,0,-19229,-7038,26268,0,0,0,0,1,0
350,181770,-283,-225,508,0,-15108,-12028,27136,0,0,0,0,1,0
351,182291,-195,-310,504,0,-10407,-16555,26962,0,0,0,0,1,0
352,182812,-99,-383,482,0,-5305,-20446,25751,0,0,0,0,1,0
353,183333,0,-441,441,0,0,-23551,23551,0,0,0,0,1,0
354,183854,99,-482,383,0,5305,-25751,20446,0,0,0,0,1,0
355,184375,195,-504,310,0,10407,-26962,16555,0,0,0,0,1,0
356,184895,283,-508,225,0,15108,-27136,12028,0,0,0,0,1,0
357,185416,360,-491,132,0,19229,-26268,7038,0,0,0,0,1,0
358,185937,423,-456,33,0,22611,-24390,1779,0,0,0,0,1,0
359,186458,470,-404,-66,0,25124,-21575,-3550,0,0,0,0,1,0
360,186979,499,-335,-164,0,26672,-17931,-8741,0,0,0,0,1,0
361,187500,509,-254,-254,0,27194,-13597,-13597,0,0,0,0,1,0
362,188020,499,-164,-335,0,26672,-8741,-17931,0,0,0,0,1,0
363,188541,470,-66,-404,0,25124,-3550,-21575,0,0,0,0,1,0
364,189062,423,33,-456,0,22611,1779,-24390,0,0,0,0,1,0
365,189583,360,132,-491,0,19229,7038,-26268,0,0,0,0,1,0
366,190104,283,225,-508,0,15108,12028,-27136,0,0,0,0,1,0
367,190625,195,310,-504,0,10407,16555,-26962,0,0,0,0,1,0
368,191145,99,383,-482,0,5305,20446,-25751,0,0,0,0,1,0
369,191666,0,441,-441,0,0,23551,-23551,0,0,0,0,1,0
370,192187,-99,482,-383,0,-5305,25751,-20446,0,0,0,0,1,0
371,192708,-195,504,-310,0,-10407,26962,-16555,0,0,0,0,1,0
372,193229,-283,508,-225,0,-15108,27136,-12028,0,0,0,0,1,0
373,193750,-360,491,-132,0,-19229,26268,-7038,0,0,0,0,1,0
374,194270,-423,456,-33,0,-22611,24390,-1779,0,0,0,0,1,0
375,194791,-470,404,66,0,-25124,21575,3550,0,0,0,0,1,0
376,195312,-499,335,164,0,-26672,17931,8741,0,0,0,0,1,0
377,195833,-509,254,254,0,-27194,13597,13597,0,0,0,0,1,0
378,196354,-499,164,335,0,-26672,8741,17931,0,0,0,0,1,0
379,196875,-470,66,404,0,-25124,3550,21575,0,0,0,0,1,0
380,197395,-423,-33,456,0,-22611,-1779,24390,0,0,0,0,1,0
381,197916,-360,-132,491,0,-19229,-7038,26268,0,0,0,0,1,0
382,198437,-283,-225,508,0,-15108,-12028,27136,0,0,0,0,1,0
383,198958,-195,-310,504,0,-10407,-16555,26962,0,0,0,0,1,0
384,199479,-99,-383,482,0,-5305,-20446,25751,0,0,0,0,1,0
385,200000,0,-441,441,0,0,-23551,23551,0,0,0,0,1,0
386,200520,99,-482,383,0,5305,-25751,20446,0,0,0,0,1,0
387,201041,195,-504,310,0,10407,-26962,16555,0,0,0,0,1,0
388,201562,283,-508,225,0,15108,-27136,12028,0,0,0,0,1,0
389,202083,360,-491,132,0,19229,-26268,7038,0,0,0,0,1,0
390,202604,423,-456,33,0,22611,-24390,1779,0,0,0,0,1,0
391,203125,470,-404,-66,0,25124,-21575,-3550,0,0,0,0,1,0
392,203645,499,-335,-164,0,26672,-17931,-8741,0,0,0,0,1,0
393,204166,509,-254,-254,0,27194,-13597,-13597,0,0,0,0,1,0
394,204687,499,-164,-335,0,26672,-8741,-17931,0,0,0,0,1,0
395,205208,470,-66,-404,0,25124,-3550,-21575,0,0,0,0,1,0
396,205729,423,33,-456,0,22611,1779,-24390,0,0,0,0,1,0
397,206250,360,132,-491,0,19229,7038,-26268,0,0,0,0,1,0
398,206770,283,225,-508,0,15108,12028,-27136,0,0,0,0,1,0
399,207291,195,310,-504,0,10407,16555,-26962,0,0,0,0,1,0
400,207812,99,383,-482,0,5305,20446,-25751,0,0,0,0,1,0
401,208333,0,441,-441,0,0,23551,-23551,0,0,0,0,1,0
402,208854,-99,482,-383,0,-5305,25751,-20446,0,0,0,0,1,0
403,209375,-195,504,-310,0,-10407,26962,-16555,0,0,0,0,1,0
404,209895,-283,508,-225,0,-15108,27136,-12028,0,0,0,0,1,0
405,210416,-360,491,-132,0,-19229,26268,-7038,0,0,0,0,1,0
406,210937,-423,456,-33,0,-22611,24390,-1779,0,0,0,0,1,0
407,211458,-470,404,66,0,-25124,21575,3550,0,0,0,0,1,0
408,211979,-499,335,164,0,-26672,17931,8741,0,0,0,0,1,0
409,212500,-509,254,254,0,-27194,13597,13597,0,0,0,0,1,0
410,213020,-499,164,335,0,-26672,8741,17931,0,0,0,0,1,0
411,213541,-470,66,404,0,-25124,3550,21575,0,0,0,0,1,0
412,214062,-423,-33,456,0,-22611,-1779,24390,0,0,0,0,1,0
413,214583,-360,-132,491,0,-19229,-7038,26268,0,0,0,0,1,0
414,215104,-283,-225,508,0,-15108,-12028,27136,0,0,0,0,1,0
415,215625,-195,-310,504,0,-10407,-16555,26962,0,0,0,0,1,0
416,216145,-99,-383,482,0,-5305,-20446,25751,0,0,0,0,1,0
417,216666,0,-441,441,0,0,-23551,23551,0,0,0,0,1,0
418,217187,99,-482,383,0,5305,-25751,20446,0,0,0,0,1,0
419,217708,195,-504,310,0,10407,-26962,16555,0,0,0,0,1,0
420,218229,283,-508,225,0,15108,-27136,12028,0,0,0,0,1,0
421,218750,360,-491,132,0,19229,-26268,7038,0,0,0,0,1,0
422,219270,423,-456,33,0,22611,-24390,1779,0,0,0,0,1,0
423,219791,470,-404,-66,0,25124,-21575,-3550,0,0,0,0,1,0
424,220312,499,-335,-164,0,26672,-17931,-8741,0,0,0,0,1,0
425,220833,509,-254,-254,0,27194,-13597,-13597,0,0,0,0,1,0
426,221354,499,-164,-335,0,26672,-8741,-17931,0,0,0,0,1,0
427,221875,470,-66,-404,0,25124,-3550,-21575,0,0,0,0,1,0
428,222395,423,33,-456,0,22611,1779,-24390,0,0,0,0,1,0
429,222916,360,132,-491,0,19229,7038,-26268,0,0,0,0,1,0
430,223437,283,225,-508,0,15108,12028,-27136,0,0,0,0,1,0
431,223958,195,310,-504,0,10407,16555,-26962,0,0,0,0,1,0
432,224479,99,383,-482,0,5305,20446,-25751,0,0,0,0,1,0
433,225000,0,441,-441,0,0,23551,-23551,0,0,0,0,1,0
434,225520,-99,482,-383,0,-5305,25751,-20446,0,0,0,0,1,0
435,226041,-195,504,-310,0,-10407,26962,-16555,0,0,0,0,1,0
436,226562,-283,508,-225,0,-15108,27136,-12028,0,0,0,0,1,0
437,227083,-360,491,-132,0,-19229,26268,-7038,0,0,0,0,1,0
438,227604,-423,456,-33,0,-22611,24390,-1779,0,0,0,0,1,0
439,228125,-470,404,66,0,-25124,21575,3550,0,0,0,0,1,0
440,228645,-499,335,164,0,-26672,17931,8741,0,0,0,0,1,0
441,229166,-509,254,254,0,-27194,13597,13597,0,0,0,0,1,0
442,229687,-499,164,335,0,-26672,8741,17931,0,0,0,0,1,0
443,230208,-470,66,404,0,-25124,3550,21575,0,0,0,0,1,0
444,230729,-423,-33,456,0,-22611,-1779,24390,0,0,0,0,1,0
445,231250,-360,-132,491,0,-19229,-7038,26268,0,0,0,0,1,0
446,231770,-283,-225,508,0,-15108,-12028,27136,0,0,0,0,1,0
447,232291,-195,-310,504,0,-10407,-16555,26962,0,0,0,0,1,0
448,232812,-99,-383,482,0,-5305,-20446,25751,0,0,0,0,1,0
449,233333,0,-441,441,0,0,-23551,23551,0,0,0,0,1,0
450,233854,99,-482,383,0,5305,-25751,20446,0,0,0,0,1,0
451,234375,195,-504,310,0,10407,-26962,16555,0,0,0,0,1,0
452,234895,283,-508,225,0,15108,-27136,12028,0,0,0,0,1,0
453,235416,360,-491,132,0,19229,-26268,7038,0,0,0,0,1,0
454,235937,423,-456,33,0,22611,-24390,1779,0,0,0,0,1,0
455,236458,470,-404,-66,0,25124,-21575,-3550,0,0,0,0,1,0
456,236979,499,-335,-164,0,26672,-17931,-8741,0,0,0,0,1,0
457,237500,509,-254,-254,0,27194,-13597,-13597,0,0,0,0,1,0
458,238020,499,-164,-335,0,26672,-8741,-17931,0,0,0,0,1,0
459,238541,470,-66,-404,0,25124,-3550,-21575,0,0,0,0,1,0
460,239062,423,33,-456,0,22611,1779,-24390,0,0,0,0,1,0
461,239583,360,132,-491,0,19229,7038,-26268,0,0,0,0,1,0
462,240104,283,225,-508,0,15108,12028,-27136,0,0,0,0,1,0
463,240625,195,310,-504,0,10407,16555,-26962,0,0,0,0,1,0
464,241145,99,383,-482,0,5305,20446,-25751,0,0,0,0,1,0
465,241666,0,441,-441,0,0,23551,-23551,0,0,0,0,1,0
466,242187,-99,482,-383,0,-5305,25751,-20446,0,0,0,0,1,0
467,242708,-195,504,-310,0,-10407,26962,-16555,0,0,0,0,1,0
468,243229,-283,508,-225,0,-15108,27136,-12028,0,0,0,0,1,0
469,243750,-360,491,-132,0,-19229,26268,-7038,0,0,0,0,1,0
470,244270,-423,456,-33,0,-22611,24390,-1779,0,0,0,0,1,0
471,244791,-470,404,66,0,-25124,21575,3550,0,0,0,0,1,0
472,245312,-499,335,164,0,-26672,17931,8741,0,0,0,0,1,0
473,245833,-509,254,254,0,-27194,13597,13597,0,0,0,0,1,0
474,246354,-499,164,335,0,-26672,8741,17931,0,0,0,0,1,0
475,246875,-470,66,404,0,-25124,3550,21575,0,0,0,0,1,0
476,247395,-423,-33,456,0,-22611,-1779,24390,0,0,0,0,1,0
477,247916,-360,-132,491,0,-19229,-7038,26268,0,0,0,0,1,0
478,248437,-283,-225,508,0,-15108,-12028,27136,0,0,0,0,1,0
479,248958,-195,-310,504,0,-10407,-16555,26962,0,0,0,0,1,0
480,249479,-99,-383,482,0,-5305,-20446,25751,0,0,0,0,1,0
481,250000,0,-441,441,0,0,-23551,23551,0,0,0,0,1,0
482,250520,99,-482,383,0,5305,-25751,20446,0,0,0,0,1,0
483,251041,195,-504,310,0,10407,-26962,16555,0,0,0,0,1,0
484,251562,283,-508,225,0,15108,-27136,12028,0,0,0,0,1,0
485,252083,360,-491,132,0,19229,-26268,7038,0,0,0,0,1,0
486,252604,423,-456,33,0,22611,-24390,1779,0,0,0,0,1,0
487,253125,470,-404,-66,0,25124,-21575,-3550,0,0,0,0,1,0
488,253645,499,-335,-164,0,26672,-17931,-8741,0,0,0,0,1,0
489,254166,509,-254,-254,0,27194,-13597,-13597,0,0,0,0,1,0
490,254687,499,-164,-335,0,26672,-8741,-17931,0,0,0,0,1,0
491,255208,470,-66,-404,0,25124,-3550,-21575,0,0,0,0,1,0
492,255729,423,33,-456,0,22611,1779,-24390,0,0,0,0,1,0
493,256249,360,132,-491,0,19229,7038,-26268,0,0,0,0,1,0
494,256770,283,225,-508,0,15108,12028,-27136,0,0,0,0,1,0
495,257291,195,310,-504,0,10407,16555,-26962,0,0,0,0,1,0
496,257812,99,383,-482,0,5305,20446,-25751,0,0,0,0,1,0
497,258333,0,441,-441,0,0,23551,-23551,0,0,0,0,1,0
498,258854,-99,482,-383,0,-5305,25751,-20446,0,0,0,0,1,0
499,259375,-195,504,-310,0,-10407,26962,-16555,0,0,0,0,1,0
500,259895,-283,508,-225,0,-15108,27136,-12028,0,0,0,0,1,0
501,260416,-360,491,-132,0,-19229,26268,-7038,0,0,0,0,1,0
502,260937,-423,456,-33,0,-22611,24390,-1779,0,0,0,0,1,0
503,261458,-470,404,66,0,-25124,21575,3550,0,0,0,0,1,0
504,261979,-499,335,164,0,-26672,17931,8741,0,0,0,0,1,0
505,262500,-509,254,254,0,-27194,13597,13597,0,0,0,0,1,0
506,263020,-499,164,335,0,-26672,8741,17931,0,0,0,0,1,0
507,263541,-470,66,404,0,-25124,3550,21575,0,0,0,0,1,0
508,264062,-423,-33,456,0,-22611,-1779,24390,0,0,0,0,1,0
509,264583,-360,-132,491,0,-19229,-7038,26268,0,0,0,0,1,0
510,265104,-283,-225,508,0,-15108,-12028,27136,0,0,0,0,1,0
511,265625,-195,-310,504,0,-10407,-16555,26962,0,0,0,0,1,0
512,266145,-99,-383,482,0,-5305,-20446,25751,0,0,0,0,1,0
513,266666,0,-441,441,0,0,-23551,23551,0,0,0,0,1,0
514,267187,99,-482,383,0,5305,-25751,20446,0,0,0,0,1,0
515,267708,195,-504,310,0,10407,-26962,16555,0,0,0,0,1,0
516,268229,283,-508,225,0,15108,-27136,12028,0,0,0,0,1,0
517,268750,360,-491,132,0,19229,-26268,7038,0,0,0,0,1,0
518,269270,423,-456,33,0,22611,-24390,1779,0,0,0,0,1,0
519,269791,470,-404,-66,0,25124,-21575,-3550,0,0,0,0,1,0
520,270312,499,-335,-164,0,26672,-17931,-8741,0,0,0,0,1,0
521,270833,509,-254,-254,0,27194,-13597,-13597,0,0,0,0,1,0
522,271354,499,-164,-335,0,26672,-8741,-17931,0,0,0,0,1,0
523,271875,470,-66,-404,0,25124,-3550,-21575,0,0,0,0,1,0
524,272395,423,33,-456,0,22611,1779,-24390,0,0,0,0,1,0
525,272916,360,132,-491,0,19229,7038,-26268,0,0,0,0,1,0
526,273437,283,225,-508,0,15108,12028,-27136,0,0,0,0,1,0
527,273958,195,310,-504,0,10407,16555,-26962,0,0,0,0,1,0
528,274479,99,383,-482,0,5305,20446,-25751,0,0,0,0,1,0
529,275000,0,441,-441,0,0,23551,-23551,0,0,0,0,1,0
530,275520,-99,482,-383,0,-5305,25751,-20446,0,0,0,0,1,0
531,276041,-195,504,-310,0,-10407,26962,-16555,0,0,0,0,1,0
532,276562,-283,508,-225,0,-15108,27136,-12028,0,0,0,0,1,0
533,277083,-360,491,-132,0,-19229,26268,-7038,0,0,0,0,1,0
534,277604,-423,456,-33,0,-22611,24390,-1779,0,0,0,0,1,0
535,278125,-470,404,66,0,-25124,21575,3550,0,0,0,0,1,0
536,278645,-499,335,164,0,-26672,17931,8741,0,0,0,0,1,0
537,279166,-509,254,254,0,-27194,13597,13597,0,0,0,0,1,0
538,279687,-499,164,335,0,-26672,8741,17931,0,0,0,0,1,0
539,280208,-470,66,404,0,-25124,3550,21575,0,0,0,0,1,0
540,280729,-423,-33,456,0,-22611,-1779,24390,0,0,0,0,1,0
541,281250,-360,-132,491,0,-19229,-7038,26268,0,0,0,0,1,0
542,281770,-283,-225,508,0,-15108,-12028,27136,0,0,0,0,1,0
543,282291,-195,-310,504,0,-10407,-16555,26962,0,0,0,0,1,0
544,282812,-99,-383,482,0,-5305,-20446,25751,0,0,0,0,1,0
545,283333,0,-441,441,0,0,-23551,23551,0,0,0,0,1,0
546,283854,99,-482,383,0,5305,-25751,20446,0,0,0,0,1,0
547,284375,195,-504,310,0,10407,-26962,16555,0,0,0,0,1,0
548,284895,283,-508,225,0,15108,-27136,12028,0,0,0,0,1,0
549,285416,360,-491,132,0,19229,-26268,7038,0,0,0,0,1,0
550,285937,423,-456,33,0,22611,-24390,1779,0,0,0,0,1,0
551,286458,470,-404,-66,0,25124,-21575,-3550,0,0,0,0,1,0
552,286979,499,-335,-164,0,26672,-17931,-8741,0,0,0,0,1,0
553,287500,509,-254,-254,0,27194,-13597,-13597,0,0,0,0,1,0
554,288020,499,-164,-335,0,26672,-8741,-17931,0,0,0,0,1,0
555,288541,470,-66,-404,0,25124,-3550,-21575,0,0,0,0,1,0
556,289062,423,33,-456,0,22611,1779,-24390,0,0,0,0,1,0
557,289583,360,132,-491,0,19229,7038,-26268,0,0,0,0,1,0
558,290104,283,225,-508,0,15108,12028,-27136,0,0,0,0,1,0
559,290625,195,310,-504,0,10407,16555,-26962,0,0,0,0,1,0
560,291145,99,383,-482,0,5305,20446,-25751,0,0,0,0,1,0
561,291666,0,441,-441,0,0,23551,-23551,0,0,0,0,1,0
562,292187,-99,482,-383,0,-5305,25751,-20446,0,0,0,0,1,0
563,292708,-195,504,-310,0,-10407,26962,-16555,0,0,0,0,1,0
564,293229,-283,508,-225,0,-15108,27136,-12028,0,0,0,0,1,0
565,293750,-360,491,-132,0,-19229,26268,-7038,0,0,0,0,1,0
566,294270,-423,456,-33,0,-22611,24390,-1779,0,0,0,0,1,0
567,294791,-470,404,66,0,-25124,21575,3550,0,0,0,0,1,0
568,295312,-499,335,164,0,-26672,17931,8741,0,0,0,0,1,0
569,295833,-509,254,254,0,-27194,13597,13597,0,0,0,0,1,0
570,296354,-499,164,335,0,-26672,8741,17931,0,0,0,0,1,0
571,296875,-470,66,404,0,-25124,3550,21575,0,0,0,0,1,0
572,297395,-423,-33,456,0,-22611,-1779,24390,0,0,0,0,1,0
573,297916,-360,-132,491,0,-19229,-7038,26268,0,0,0,0,1,0
574,298437,-283,-225,508,0,-15108,-12028,27136,0,0,0,0,1,0
575,298958,-195,-310,504,0,-10407,-16555,26962,0,0,0,0,1,0
576,299479,-99,-383,482,0,-5305,-20446,25751,0,0,0,0,1,0
577,300000,0,-441,441,0,0,-23551,23551,0,0,0,0,1,0
578,300520,99,-482,383,0,5305,-25751,20446,0,0,0,0,1,0
579,301041,195,-504,310,0,10407,-26962,16555,0,0,0,0,1,0
580,301562,283,-508,225,0,15108,-27136,12028,0,0,0,0,1,0
581,302083,360,-491,132,0,19229,-26268,7038,0,0,0,0,1,0
582,302604,423,-456,33,0,22611,-24390,1779,0,0,0,0,1,0
583,303125,470,-404,-66,0,25124,-21575,-3550,0,0,0,0,1,0
584,303645,499,-335,-164,0,26672,-17931,-8741,0,0,0,0,1,0
585,304166,509,-254,-254,0,27194,-13597,-13597,0,0,0,0,1,0
586,304687,499,-164,-335,0,26672,-8741,-17931,0,0,0,0,1,0
587,305208,470,-66,-404,0,25124,-3550,-21575,0,0,0,0,1,0
588,305729,423,33,-456,0,22611,1779,-24390,0,0,0,0,1,0
589,306250,360,132,-491,0,19229,7038,-26268,0,0,0,0,1,0
590,306770,283,225,-508,0,15108,12028,-27136,0,0,0,0,1,0
591,307291,195,310,-504,0,10407,16555,-26962,0,0,0,0,1,0
592,307812,99,383,-482,0,5305,20446,-25751,0,0,0,0,1,0
593,308333,0,441,-441,0,0,23551,-23551,0,0,0,0,1,0
594,308854,-99,482,-383,0,-5305,25751,-20446,0,0,0,0,1,0
595,309375,-195,504,-310,0,-10407,26962,-16555,0,0,0,0,1,0
596,309895,-283,508,-225,0,-15108,27136,-12028,0,0,0,0,1,0
597,310416,-360,491,-132,0,-19229,26268,-7038,0,0,0,0,1,0
598,310937,-423,456,-33,0,-22611,24390,-1779,0,0,0,0,1,0
599,311458,-470,404,66,0,-25124,21575,3550,0,0,0,0,1,0
600,311979,-499,335,164,0,-26672,17931,8741,0,0,0,0,1,0
601,312500,-509,254,254,0,-27194,13597,13597,0,0,0,0,1,0
602,313020,-499,164,335,0,-26672,8741,17931,0,0,0,0,1,0
603,313541,-470,66,404,0,-25124,3550,21575,0,0,0,0,1,0
604,314062,-423,-33,456,0,-22611,-1779,24390,0,0,0,0,1,0
605,314583,-360,-132,491,0,-19229,-7038,26268,0,0,0,0,1,0
606,315104,-283,-225,508,0,-15108,-12028,27136,0,0,0,0,1,0
607,315625,-195,-310,504,0,-10407,-16555,26962,0,0,0,0,1,0
608,316145,-99,-383,482,0,-5305,-20446,25751,0,0,0,0,1,0
609,316666,0,-441,441,0,0,-23551,23551,0,0,0,0,1,0
610,317187,99,-482,383,0,5305,-25751,20446,0,0,0,0,1,0
611,317708,195,-504,310,0,10407,-26962,16555,0,0,0,0,1,0
612,318229,283,-508,225,0,15108,-27136,12028,0,0,0,0,1,0
613,318750,360,-491,132,0,19229,-26268,7038,0,0,0,0,1,0
614,319270,423,-456,33,0,22611,-24390,1779,0,0,0,0,1,0
615,319791,470,-404,-66,0,25124,-21575,-3550,0,0,0,0,1,0
616,320312,499,-335,-164,0,26672,-17931,-8741,0,0,0,0,1,0
