1,0,0,-682,682,0,0,-25024,25024,0,0,0,0,1,0
2,520,154,-745,592,0,5637,-27362,21724,0,0,0,0,1,0
3,1041,301,-780,479,0,11058,-28648,17590,0,0,0,0,1,0
4,1562,437,-785,348,0,16053,-28833,12780,0,0,0,0,1,0
5,2083,557,-760,204,0,20432,-27910,7479,0,0,0,0,1,0
6,2604,654,-706,51,0,24025,-25915,1890,0,0,0,0,1,0
7,3125,727,-624,-103,0,26696,-22924,-3772,0,0,0,0,1,0
8,3645,772,-519,-253,0,28340,-19052,-9288,0,0,0,0,1,0
9,4166,787,-394,-394,0,28895,-14448,-14448,0,0,0,0,1,0
10,4687,772,-253,-519,0,28340,-9288,-19052,0,0,0,0,1,0
11,5208,727,-103,-624,0,26696,-3772,-22924,0,0,0,0,1,0
12,5729,654,51,-706,0,24025,1890,-25915,0,0,0,0,1,0
13,6250,557,204,-760,0,20432,7479,-27910,0,0,0,0,1,0
14,6770,437,348,-785,0,16053,12780,-28833,0,0,0,0,1,0
15,7291,301,479,-780,0,11058,17590,-28648,0,0,0,0,1,0
16,7812,154,592,-745,0,5637,21724,-27362,0,0,0,0,1,0
17,8333,0,682,-682,0,0,25024,-25024,0,0,0,0,1,0
18,8854,-154,745,-592,0,-5637,27362,-21724,0,0,0,0,1,0
19,9375,-301,780,-479,0,-11058,28648,-17590,0,0,0,0,1,0
20,9895,-437,785,-348,0,-16053,28833,-12780,0,0,0,0,1,0
21,10416,-557,760,-204,0,-20432,27910,-7479,0,0,0,0,1,0
22,10937,-654,706,-51,0,-24025,25915,-1890,0,0,0,0,1,0
23,11458,-727,624,103,0,-26696,22924,3772,0,0,0,0,1,0
24,11979,-772,519,253,0,-28340,19052,9288,0,0,0,0,1,0
25,12500,-787,394,394,0,-28895,14448,14448,0,0,0,0,1,0
26,13020,-772,253,519,0,-28340,9288,19052,0,0,0,0,1,0
27,13541,-727,103,624,0,-26696,3772,22924,0,0,0,0,1,0
28,14062,-654,-51,706,0,-24025,-1890,25915,0,0,0,0,1,0
29,14583,-557,-204,760,0,-20432,-7479,27910,0,0,0,0,1,0
30,15104,-437,-348,785,0,-16053,-12780,28833,0,0,0,0,1,0
31,15625,-301,-479,780,0,-11058,-17590,28648,0,0,0,0,1,0
32,16145,-154,-592,745,0,-5637,-21724,27362,0,0,0,0,1,0
33,16666,0,-682,682,0,0,-25024,25024,0,0,0,0,1,0
34,17187,154,-745,592,0,5637,-27362,21724,0,0,0,0,1,0
35,17708,301,-780,479,0,11058,-28648,17590,0,0,0,0,1,0
36,18229,437,-785,348,0,16053,-28833,12780,0,0,0,0,1,0
37,18750,557,-760,204,0,20432,-27910,7479,0,0,0,0,1,0
38,19270,654,-706,51,0,24025,-25915,1890,0,0,0,0,1,0
39,19791,727,-624,-103,0,26696,-22924,-3772,0,0,0,0,1,0
40,20312,772,-519,-253,0,28340,-19052,-9288,0,0,0,0,1,0
41,20833,787,-394,-394,0,28895,-14448,-14448,0,0,0,0,1,0
42,21354,772,-253,-519,0,28340,-9288,-19052,0,0,0,0,1,0
43,21875,727,-103,-624,0,26696,-3772,-22924,0,0,0,0,1,0
44,22395,654,51,-706,0,24025,1890,-25915,0,0,0,0,1,0
45,22916,557,204,-760,0,20432,7479,-27910,0,0,0,0,1,0
46,23437,437,348,-785,0,16053,12780,-28833,0,0,0,0,1,0
47,23958,301,479,-780,0,11058,17590,-28648,0,0,0,0,1,0
48,24479,154,592,-745,0,5637,21724,-27362,0,0,0,0,1,0
49,25000,0,682,-682,0,0,25024,-25024,0,0,0,0,1,0
50,25520,-154,745,-592,0,-5637,27362,-21724,0,0,0,0,1,0
51,26041,-301,780,-479,0,-11058,28648,-17590,0,0,0,0,1,0
52,26562,-437,785,-348,0,-16053,28833,-12780,0,0,0,0,1,0
53,27083,-557,760,-204,0,-20432,27910,-7479,0,0,0,0,1,0
54,27604,-654,706,-51,0,-24025,25915,-1890,0,0,0,0,1,0
55,28125,-727,624,103,0,-26696,22924,3772,0,0,0,0,1,0
56,28645,-772,519,253,0,-28340,19052,9288,0,0,0,0,1,0
57,29166,-787,394,394,0,-28895,14448,14448,0,0,0,0,1,0
58,29687,-772,253,519,0,-28340,9288,19052,0,0,0,0,1,0
59,30208,-727,103,624,0,-26696,3772,22924,0,0,0,0,1,0
60,30729,-654,-51,706,0,-24025,-1890,25915,0,0,0,0,1,0
61,31250,-557,-204,760,0,-20432,-7479,27910,0,0,0,0,1,0
62,31770,-437,-348,785,0,-16053,-12780,28833,0,0,0,0,1,0
63,32291,-301,-479,780,0,-11058,-17590,28648,0,0,0,0,1,0
64,32812,-154,-592,745,0,-5637,-21724,27362,0,0,0,0,1,0
65,33333,0,-682,682,0,0,-25024,25024,0,0,0,0,1,0
66,33854,154,-745,592,0,5637,-27362,21724,0,0,0,0,1,0
67,34375,301,-780,479,0,11058,-28648,17590,0,0,0,0,1,0
68,34895,437,-785,348,0,16053,-28833,12780,0,0,0,0,1,0
69,35416,557,-760,204,0,20432,-27910,7479,0,0,0,0,1,0
70,35937,654,-706,51,0,24025,-25915,1890,0,0,0,0,1,0
71,36458,727,-624,-103,0,26696,-22924,-3772,0,0,0,0,1,0
72,36979,772,-519,-253,0,28340,-19052,-9288,0,0,0,0,1,0
73,37500,787,-394,-394,0,28895,-14448,-14448,0,0,0,0,1,0
74,38020,772,-253,-519,0,28340,-9288,-19052,0,0,0,0,1,0
75,38541,727,-103,-624,0,26696,-3772,-22924,0,0,0,0,1,0
76,39062,654,51,-706,0,24025,1890,-25915,0,0,0,0,1,0
77,39583,557,204,-760,0,20432,7479,-27910,0,0,0,0,1,0
78,40104,437,348,-785,0,16053,12780,-28833,0,0,0,0,1,0
79,40625,301,479,-780,0,11058,17590,-28648,0,0,0,0,1,0
80,41145,154,592,-745,0,5637,21724,-27362,0,0,0,0,1,0
81,41666,0,682,-682,0,0,25024,-25024,0,0,0,0,1,0
82,42187,-154,745,-592,0,-5637,27362,-21724,0,0,0,0,1,0
83,42708,-301,780,-479,0,-11058,28648,-17590,0,0,0,0,1,0
84,43229,-437,785,-348,0,-16053,28833,-12780,0,0,0,0,1,0
85,43750,-557,760,-204,0,-20432,27910,-7479,0,0,0,0,1,0
86,44270,-654,706,-51,0,-24025,25915,-1890,0,0,0,0,1,0
87,44791,-727,624,103,0,-26696,22924,3772,0,0,0,0,1,0
88,45312,-772,519,253,0,-28340,19052,9288,0,0,0,0,1,0
89,45833,-787,394,394,0,-28895,14448,14448,0,0,0,0,1,0
90,46354,-772,253,519,0,-28340,9288,19052,0,0,0,0,1,0
91,46875,-727,103,624,0,-26696,3772,22924,0,0,0,0,1,0
92,47395,-654,-51,706,0,-24025,-1890,25915,0,0,0,0,1,0
93,47916,-557,-204,760,0,-20432,-7479,27910,0,0,0,0,1,0
94,48437,-437,-348,785,0,-16053,-12780,28833,0,0,0,0,1,0
95,48958,-301,-479,780,0,-11058,-17590,28648,0,0,0,0,1,0
96,49479,-154,-592,745,0,-5637,-21724,27362,0,0,0,0,1,0
97,50000,0,-682,31207,30525,0,-27026,2502,0,0,0,0,1,0
98,50520,154,-745,27781,27189,6088,-29551,2172,0,0,0,0,1,0
99,51041,301,-780,23863,23384,11942,-30940,1759,0,0,0,0,1,0
100,51562,437,-785,19594,19246,17337,-31140,1278,0,0,0,0,1,0
101,52083,557,-760,15125,14921,22066,-30143,748,0,0,0,0,1,0
102,52604,654,-706,10619,10567,25947,-27988,189,0,0,0,0,1,0
103,53125,727,-624,6236,6339,28831,-24758,-377,0,0,0,0,1,0
104,53645,772,-519,2137,2390,30607,-20576,-929,0,0,0,0,1,0
105,54166,787,-394,-1533,-1139,31207,-15603,-1445,0,0,0,0,1,0
106,54687,772,-253,-4641,-4122,30607,-10031,-1905,0,0,0,0,1,0
107,55208,727,-103,-7079,-6455,28831,-4073,-2292,0,0,0,0,1,0
108,55729,654,51,-8762,-8056,25947,2041,-2592,0,0,0,0,1,0
109,56250,557,204,-9635,-8875,22066,8077,-2791,0,0,0,0,1,0
110,56770,437,348,-9673,-8888,17337,13802,-2883,0,0,0,0,1,0
111,57291,301,479,-8885,-8105,11942,18997,-2865,0,0,0,0,1,0
112,57812,154,592,-7309,-6563,6088,23462,-2736,0,0,0,0,1,0
113,58333,0,682,-5014,-4332,0,27026,-2502,0,0,0,0,1,0
114,58854,-154,745,-2097,-1505,-6088,29551,-2172,0,0,0,0,1,0
115,59375,-301,780,1321,1800,-11942,30940,-1759,0,0,0,0,1,0
116,59895,-437,785,5101,5449,-17337,31140,-1278,0,0,0,0,1,0
117,60416,-557,760,9089,9293,-22066,30143,-748,0,0,0,0,1,0
118,60937,-654,706,13125,13177,-25947,27988,-189,0,0,0,0,1,0
119,61458,-727,624,17046,16943,-28831,24758,377,0,0,0,0,1,0
120,61979,-772,519,20692,20439,-30607,20576,929,0,0,0,0,1,0
121,62500,-787,394,23918,23525,-31207,15603,1445,0,0,0,0,1,0
122,63020,-772,253,26592,26073,-30607,10031,1905,0,0,0,0,1,0
123,63541,-727,103,28603,27978,-28831,4073,2292,0,0,0,0,1,0
124,64062,-654,-51,29867,29161,-25947,-2041,2592,0,0,0,0,1,0
125,64583,-557,-204,30330,29569,-22066,-8077,2791,0,0,0,0,1,0
126,65104,-437,-348,29966,29180,-17337,-13802,2883,0,0,0,0,1,0
127,65625,-301,-479,28783,28002,-11942,-18997,2865,0,0,0,0,1,0
128,66145,-154,-592,26819,26074,-6088,-23462,2736,0,0,0,0,1,0
129,66666,0,-682,24145,23463,0,-27026,2502,0,0,0,0,1,0
130,67187,154,-745,20857,20265,6088,-29551,2172,0,0,0,0,1,0
131,67708,301,-780,17074,16595,11942,-30940,1759,0,0,0,0,1,0
132,68229,437,-785,12936,12588,17337,-31140,1278,0,0,0,0,1,0
133,68750,557,-760,8597,8393,22066,-30143,748,0,0,0,0,1,0
134,69270,654,-706,4217,4166,25947,-27988,189,0,0,0,0,1,0
135,69791,727,-624,-40,62,28831,-24758,-377,0,0,0,0,1,0
136,70312,772,-519,-4018,-3765,30607,-20576,-929,0,0,0,0,1,0
137,70833,787,-394,-7568,-7174,31207,-15603,-1445,0,0,0,0,1,0
138,71354,772,-253,-10559,-10040,30607,-10031,-1905,0,0,0,0,1,0
139,71875,727,-103,-12882,-12257,28831,-4073,-2292,0,0,0,0,1,0
140,72395,654,51,-14452,-13746,25947,2041,-2592,0,0,0,0,1,0
141,72916,557,204,-15214,-14454,22066,8077,-2791,0,0,0,0,1,0
142,73437,437,348,-15144,-14359,17337,13802,-2883,0,0,0,0,1,0
143,73958,301,479,-14249,-13469,11942,18997,-2865,0,0,0,0,1,0
144,74479,154,592,-12569,-11823,6088,23462,-2736,0,0,0,0,1,0
145,75000,0,682,-10172,-9490,0,27026,-2502,0,0,0,0,1,0
146,75520,-154,745,-7155,-6563,-6088,29551,-2172,0,0,0,0,1,0
147,76041,-301,780,-3638,-3159,-11942,30940,-1759,0,0,0,0,1,0
148,76562,-437,785,238,586,-17337,31140,-1278,0,0,0,0,1,0
149,77083,-557,760,4321,4525,-22066,30143,-748,0,0,0,0,1,0
150,77604,-654,706,8450,8501,-25947,27988,-189,0,0,0,0,1,0
151,78125,-727,624,12461,12358,-28831,24758,377,0,0,0,0,1,0
152,78645,-772,519,16197,15944,-30607,20576,929,0,0,0,0,1,0
153,79166,-787,394,19510,19117,-31207,15603,1445,0,0,0,0,1,0
154,79687,-772,253,22269,21750,-30607,10031,1905,0,0,0,0,1,0
155,80208,-364,51,312,0,-26696,3772,22924,0,0,0,0,1,0
156,80729,-327,-26,353,0,-24025,-1890,25915,0,0,0,0,1,0
157,81250,-278,-102,380,0,-20432,-7479,27910,0,0,0,0,1,0
158,81770,-219,-174,393,0,-16053,-12780,28833,0,0,0,0,1,0
159,82291,-151,-240,390,0,-11058,-17590,28648,0,0,0,0,1,0
160,82812,-77,-296,373,0,-5637,-21724,27362,0,0,0,0,1,0
161,83333,0,-341,341,0,0,-25024,25024,0,0,0,0,1,0
162,83854,77,-373,296,0,5637,-27362,21724,0,0,0,0,1,0
163,84375,151,-390,240,0,11058,-28648,17590,0,0,0,0,1,0
164,84895,219,-393,174,0,16053,-28833,12780,0,0,0,0,1,0
165,85416,278,-380,102,0,20432,-27910,7479,0,0,0,0,1,0
166,85937,327,-353,26,0,24025,-25915,1890,0,0,0,0,1,0
167,86458,364,-312,-51,0,26696,-22924,-3772,0,0,0,0,1,0
168,86979,386,-259,-127,0,28340,-19052,-9288,0,0,0,0,1,0
169,87500,394,-197,-197,0,28895,-14448,-14448,0,0,0,0,1,0
170,88020,386,-127,-259,0,28340,-9288,-19052,0,0,0,0,1,0
171,88541,364,-51,-312,0,26696,-3772,-22924,0,0,0,0,1,0
172,89062,327,26,-353,0,24025,1890,-25915,0,0,0,0,1,0
173,89583,278,102,-380,0,20432,7479,-27910,0,0,0,0,1,0
174,90104,219,174,-393,0,16053,12780,-28833,0,0,0,0,1,0
175,90625,151,240,-390,0,11058,17590,-28648,0,0,0,0,1,0
176,91145,77,296,-373,0,5637,21724,-27362,0,0,0,0,1,0
177,91666,0,341,-341,0,0,25024,-25024,0,0,0,0,1,0
178,92187,-77,373,-296,0,-5637,27362,-21724,0,0,0,0,1,0
179,92708,-151,390,-240,0,-11058,28648,-17590,0,0,0,0,1,0
180,93229,-219,393,-174,0,-16053,28833,-12780,0,0,0,0,1,0
181,93750,-278,380,-102,0,-20432,27910,-7479,0,0,0,0,1,0
182,94270,-327,353,-26,0,-24025,25915,-1890,0,0,0,0,1,0
183,94791,-364,312,51,0,-26696,22924,3772,0,0,0,0,1,0
184,95312,-386,259,127,0,-28340,19052,9288,0,0,0,0,1,0
185,95833,-394,197,197,0,-28895,14448,14448,0,0,0,0,1,0
186,96354,-386,127,259,0,-28340,9288,19052,0,0,0,0,1,0
187,96875,-364,51,312,0,-26696,3772,22924,0,0,0,0,1,0
188,97395,-327,-26,353,0,-24025,-1890,25915,0,0,0,0,1,0
189,97916,-278,-102,380,0,-20432,-7479,27910,0,0,0,0,1,0
190,98437,-219,-174,393,0,-16053,-12780,28833,0,0,0,0,1,0
191,98958,-151,-240,390,0,-11058,-17590,28648,0,0,0,0,1,0
192,99479,-77,-296,373,0,-5637,-21724,27362,0,0,0,0,1,0
193,100000,0,-341,341,0,0,-25024,25024,0,0,0,0,1,0
194,100520,77,-373,296,0,5637,-27362,21724,0,0,0,0,1,0
195,101041,151,-390,240,0,11058,-28648,17590,0,0,0,0,1,0
196,101562,219,-393,174,0,16053,-28833,12780,0,0,0,0,1,0
197,102083,278,-380,102,0,20432,-27910,7479,0,0,0,0,1,0
198,102604,327,-353,26,0,24025,-25915,1890,0,0,0,0,1,0
199,103125,364,-312,-51,0,26696,-22924,-3772,0,0,0,0,1,0
200,103645,386,-259,-127,0,28340,-19052,-9288,0,0,0,0,1,0
201,104166,394,-197,-197,0,28895,-14448,-14448,0,0,0,0,1,0
202,104687,386,-127,-259,0,28340,-9288,-19052,0,0,0,0,1,0
203,105208,364,-51,-312,0,26696,-3772,-22924,0,0,0,0,1,0
204,105729,327,26,-353,0,24025,1890,-25915,0,0,0,0,1,0
205,106250,278,102,-380,0,20432,7479,-27910,0,0,0,0,1,0
206,106770,219,174,-393,0,16053,12780,-28833,0,0,0,0,1,0
207,107291,151,240,-390,0,11058,17590,-28648,0,0,0,0,1,0
208,107812,77,296,-373,0,5637,21724,-27362,0,0,0,0,1,0
209,108333,0,341,-341,0,0,25024,-25024,0,0,0,0,1,0
210,108854,-77,373,-296,0,-5637,27362,-21724,0,0,0,0,1,0
211,109375,-151,390,-240,0,-11058,28648,-17590,0,0,0,0,1,0
212,109895,-219,393,-174,0,-16053,28833,-12780,0,0,0,0,1,0
213,110416,-278,380,-102,0,-20432,27910,-7479,0,0,0,0,1,0
214,110937,-327,353,-26,0,-24025,25915,-1890,0,0,0,0,1,0
215,111458,-364,312,51,0,-26696,22924,3772,0,0,0,0,1,0
216,111979,-386,259,127,0,-28340,19052,9288,0,0,0,0,1,0
217,112500,-394,197,197,0,-28895,14448,14448,0,0,0,0,1,0
218,113020,-386,127,259,0,-28340,9288,19052,0,0,0,0,1,0
219,113541,-364,51,312,0,-26696,3772,22924,0,0,0,0,1,0
220,114062,-327,-26,353,0,-24025,-1890,25915,0,0,0,0,1,0
221,114583,-278,-102,380,0,-20432,-7479,27910,0,0,0,0,1,0
222,115104,-219,-174,393,0,-16053,-12780,28833,0,0,0,0,1,0
223,115625,-151,-240,390,0,-11058,-17590,28648,0,0,0,0,1,0
224,116145,-77,-296,373,0,-5637,-21724,27362,0,0,0,0,1,0
225,116666,0,-341,341,0,0,-25024,25024,0,0,0,0,1,0
226,117187,77,-373,296,0,5637,-27362,21724,0,0,0,0,1,0
227,117708,151,-390,240,0,11058,-28648,17590,0,0,0,0,1,0
228,118229,219,-393,174,0,16053,-28833,12780,0,0,0,0,1,0
229,118750,278,-380,102,0,20432,-27910,7479,0,0,0,0,1,0
230,119270,327,-353,26,0,24025,-25915,1890,0,0,0,0,1,0
231,119791,364,-312,-51,0,26696,-22924,-3772,0,0,0,0,1,0
232,120312,386,-259,-127,0,28340,-19052,-9288,0,0,0,0,1,0
233,120833,394,-197,-197,0,28895,-14448,-14448,0,0,0,0,1,0
234,121354,386,-127,-259,0,28340,-9288,-19052,0,0,0,0,1,0
235,121875,364,-51,-312,0,26696,-3772,-22924,0,0,0,0,1,0
236,122395,327,26,-353,0,24025,1890,-25915,0,0,0,0,1,0
237,122916,278,102,-380,0,20432,7479,-27910,0,0,0,0,1,0
238,123437,219,174,-393,0,16053,12780,-28833,0,0,0,0,1,0
239,123958,151,240,-390,0,11058,17590,-28648,0,0,0,0,1,0
240,124479,77,296,-373,0,5637,21724,-27362,0,0,0,0,1,0
241,125000,0,341,-341,0,0,25024,-25024,0,0,0,0,1,0
242,125520,-77,373,-296,0,-5637,27362,-21724,0,0,0,0,1,0
243,126041,-151,390,-240,0,-11058,28648,-17590,0,0,0,0,1,0
244,126562,-219,393,-174,0,-16053,28833,-12780,0,0,0,0,1,0
245,127083,-278,380,-102,0,-20432,27910,-7479,0,0,0,0,1,0
246,127604,-327,353,-26,0,-24025,25915,-1890,0,0,0,0,1,0
247,128124,-364,312,51,0,-26696,22924,3772,0,0,0,0,1,0
248,128645,-386,259,127,0,-28340,19052,9288,0,0,0,0,1,0
249,129166,-394,197,197,0,-28895,14448,14448,0,0,0,0,1,0
250,129687,-386,127,259,0,-28340,9288,19052,0,0,0,0,1,0
251,130208,-364,51,312,0,-26696,3772,22924,0,0,0,0,1,0
252,130729,-327,-26,353,0,-24025,-1890,25915,0,0,0,0,1,0
253,131250,-278,-102,380,0,-20432,-7479,27910,0,0,0,0,1,0
254,131770,-219,-174,393,0,-16053,-12780,28833,0,0,0,0,1,0
255,132291,-151,-240,390,0,-11058,-17590,28648,0,0,0,0,1,0
256,132812,-77,-296,373,0,-5637,-21724,27362,0,0,0,0,1,0
257,133333,0,-341,341,0,0,-25024,25024,0,0,0,0,1,0
258,133854,77,-373,296,0,5637,-27362,21724,0,0,0,0,1,0
259,134375,151,-390,240,0,11058,-28648,17590,0,0,0,0,1,0
260,134895,219,-393,174,0,16053,-28833,12780,0,0,0,0,1,0
261,135416,278,-380,102,0,20432,-27910,7479,0,0,0,0,1,0
262,135937,327,-353,26,0,24025,-25915,1890,0,0,0,0,1,0
263,136458,364,-312,-51,0,26696,-22924,-3772,0,0,0,0,1,0
264,136979,386,-259,-127,0,28340,-19052,-9288,0,0,0,0,1,0
265,137500,394,-197,-197,0,28895,-14448,-14448,0,0,0,0,1,0
266,138020,386,-127,-259,0,28340,-9288,-19052,0,0,0,0,1,0
267,138541,364,-51,-312,0,26696,-3772,-22924,0,0,0,0,1,0
268,139062,327,26,-353,0,24025,1890,-25915,0,0,0,0,1,0
269,139583,278,102,-380,0,20432,7479,-27910,0,0,0,0,1,0
270,140104,219,174,-393,0,16053,12780,-28833,0,0,0,0,1,0
271,140625,151,240,-390,0,11058,17590,-28648,0,0,0,0,1,0
272,141145,77,296,-373,0,5637,21724,-27362,0,0,0,0,1,0
273,141666,0,341,-341,0,0,25024,-25024,0,0,0,0,1,0
274,142187,-77,373,-296,0,-5637,27362,-21724,0,0,0,0,1,0
275,142708,-151,390,-240,0,-11058,28648,-17590,0,0,0,0,1,0
276,143229,-219,393,-174,0,-16053,28833,-12780,0,0,0,0,1,0
277,143750,-278,380,-102,0,-20432,27910,-7479,0,0,0,0,1,0
278,144270,-327,353,-26,0,-24025,25915,-1890,0,0,0,0,1,0
279,144791,-364,312,51,0,-26696,22924,3772,0,0,0,0,1,0
280,145312,-386,259,127,0,-28340,19052,9288,0,0,0,0,1,0
281,145833,-394,197,197,0,-28895,14448,14448,0,0,0,0,1,0
282,146354,-386,127,259,0,-28340,9288,19052,0,0,0,0,1,0
283,146875,-364,51,312,0,-26696,3772,22924,0,0,0,0,1,0
284,147395,-327,-26,353,0,-24025,-1890,25915,0,0,0,0,1,0
285,147916,-278,-102,380,0,-20432,-7479,27910,0,0,0,0,1,0
286,148437,-219,-174,393,0,-16053,-12780,28833,0,0,0,0,1,0
287,148958,-151,-240,390,0,-11058,-17590,28648,0,0,0,0,1,0
288,149479,-77,-296,373,0,-5637,-21724,27362,0,0,0,0,1,0
289,150000,0,-341,341,0,0,-25024,25024,0,0,0,0,1,0
290,150520,77,-373,296,0,5637,-27362,21724,0,0,0,0,1,0
291,151041,151,-390,240,0,11058,-28648,17590,0,0,0,0,1,0
292,151562,219,-393,174,0,16053,-28833,12780,0,0,0,0,1,0
293,152083,278,-380,102,0,20432,-27910,7479,0,0,0,0,1,0
294,152604,327,-353,26,0,24025,-25915,1890,0,0,0,0,1,0
295,153125,364,-312,-51,0,26696,-22924,-3772,0,0,0,0,1,0
296,153645,386,-259,-127,0,28340,-19052,-9288,0,0,0,0,1,0
297,154166,394,-197,-197,0,28895,-14448,-14448,0,0,0,0,1,0
298,154687,386,-127,-259,0,28340,-9288,-19052,0,0,0,0,1,0
299,155208,364,-51,-312,0,26696,-3772,-22924,0,0,0,0,1,0
300,155729,327,26,-353,0,24025,1890,-25915,0,0,0,0,1,0
301,156250,278,102,-380,0,20432,7479,-27910,0,0,0,0,1,0
302,156770,219,174,-393,0,16053,12780,-28833,0,0,0,0,1,0
303,157291,151,240,-390,0,11058,17590,-28648,0,0,0,0,1,0
304,157812,77,296,-373,0,5637,21724,-27362,0,0,0,0,1,0
305,158333,0,341,-341,0,0,25024,-25024,0,0,0,0,1,0
306,158854,-77,373,-296,0,-5637,27362,-21724,0,0,0,0,1,0
307,159375,-151,390,-240,0,-11058,28648,-17590,0,0,0,0,1,0
308,159895,-219,393,-174,0,-16053,28833,-12780,0,0,0,0,1,0
309,160416,-278,380,-102,0,-20432,27910,-7479,0,0,0,0,1,0
310,160937,-327,353,-26,0,-24025,25915,-1890,0,0,0,0,1,0
311,161458,-364,312,51,0,-26696,22924,3772,0,0,0,0,1,0
312,161979,-386,259,127,0,-28340,19052,9288,0,0,0,0,1,0
313,162500,-394,197,197,0,-28895,14448,14448,0,0,0,0,1,0
314,163020,-386,127,259,0,-28340,9288,19052,0,0,0,0,1,0
315,163541,-364,51,312,0,-26696,3772,22924,0,0,0,0,1,0
316,164062,-327,-26,353,0,-24025,-1890,25915,0,0,0,0,1,0
317,164583,-278,-102,380,0,-20432,-7479,27910,0,0,0,0,1,0
318,165104,-219,-174,393,0,-16053,-12780,28833,0,0,0,0,1,0
319,165625,-151,-240,390,0,-11058,-17590,28648,0,0,0,0,1,0
320,166145,-77,-296,373,0,-5637,-21724,27362,0,0,0,0,1,0
321,166666,0,-341,341,0,0,-25024,25024,0,0,0,0,1,0
322,167187,77,-373,296,0,5637,-27362,21724,0,0,0,0,1,0
323,167708,151,-390,240,0,11058,-28648,17590,0,0,0,0,1,0
324,168229,219,-393,174,0,16053,-28833,12780,0,0,0,0,1,0
325,168750,278,-380,102,0,20432,-27910,7479,0,0,0,0,1,0
326,169270,327,-353,26,0,24025,-25915,1890,0,0,0,0,1,0
327,169791,364,-312,-51,0,26696,-22924,-3772,0,0,0,0,1,0
328,170312,386,-259,-127,0,28340,-19052,-9288,0,0,0,0,1,0
329,170833,394,-197,-197,0,28895,-14448,-14448,0,0,0,0,1,0
330,171354,386,-127,-259,0,28340,-9288,-19052,0,0,0,0,1,0
331,171875,364,-51,-312,0,26696,-3772,-22924,0,0,0,0,1,0
332,172395,327,26,-353,0,24025,1890,-25915,0,0,0,0,1,0
333,172916,278,102,-380,0,20432,7479,-27910,0,0,0,0,1,0
334,173437,219,174,-393,0,16053,12780,-28833,0,0,0,0,1,0
335,173958,151,240,-390,0,11058,17590,-28648,0,0,0,0,1,0
336,174479,77,296,-373,0,5637,21724,-27362,0,0,0,0,1,0
337,175000,0,341,-341,0,0,25024,-25024,0,0,0,0,1,0
338,175520,-77,373,-296,0,-5637,27362,-21724,0,0,0,0,1,0
339,176041,-151,390,-240,0,-11058,28648,-17590,0,0,0,0,1,0
340,176562,-219,393,-174,0,-16053,28833,-12780,0,0,0,0,1,0
341,177083,-278,380,-102,0,-20432,27910,-7479,0,0,0,0,1,0
342,177604,-327,353,-26,0,-24025,25915,-1890,0,0,0,0,1,0
343,178125,-364,312,51,0,-26696,22924,3772,0,0,0,0,1,0
344,178645,-386,259,127,0,-28340,19052,9288,0,0,0,0,1,0
345,179166,-394,197,197,0,-28895,14448,14448,0,0,0,0,1,0
346,179687,-386,127,259,0,-28340,9288,19052,0,0,0,0,1,0
347,180208,-364,51,312,0,-26696,3772,22924,0,0,0,0,1,0
348,180729,-327,-26,353,0,-24025,-1890,25915,0,0,0,0,1,0
349,181250,-278,-102,380,0,-20432,-7479,27910,0,0,0,0,1,0
350,181770,-219,-174,393,0,-16053,-12780,28833,0,0,0,0,1,0
351,182291,-151,-240,390,0,-11058,-17590,28648,0,0,0,0,1,0
352,182812,-77,-296,373,0,-5637,-21724,27362,0,0,0,0,1,0
353,183333,0,-341,341,0,0,-25024,25024,0,0,0,0,1,0
354,183854,77,-373,296,0,5637,-27362,21724,0,0,0,0,1,0
355,184375,151,-390,240,0,11058,-28648,17590,0,0,0,0,1,0
356,184895,219,-393,174,0,16053,-28833,12780,0,0,0,0,1,0
357,185416,278,-380,102,0,20432,-27910,7479,0,0,0,0,1,0
358,185937,327,-353,26,0,24025,-25915,1890,0,0,0,0,1,0
359,186458,364,-312,-51,0,26696,-22924,-3772,0,0,0,0,1,0
360,186979,386,-259,-127,0,28340,-19052,-9288,0,0,0,0,1,0
361,187500,394,-197,-197,0,28895,-14448,-14448,0,0,0,0,1,0
362,188020,386,-127,-259,0,28340,-9288,-19052,0,0,0,0,1,0
363,188541,364,-51,-312,0,26696,-3772,-22924,0,0,0,0,1,0
364,189062,327,26,-353,0,24025,1890,-25915,0,0,0,0,1,0
365,189583,278,102,-380,0,20432,7479,-27910,0,0,0,0,1,0
366,190104,219,174,-393,0,16053,12780,-28833,0,0,0,0,1,0
367,190625,151,240,-390,0,11058,17590,-28648,0,0,0,0,1,0
368,191145,77,296,-373,0,5637,21724,-27362,0,0,0,0,1,0
369,191666,0,341,-341,0,0,25024,-25024,0,0,0,0,1,0
370,192187,-77,373,-296,0,-5637,27362,-21724,0,0,0,0,1,0
371,192708,-151,390,-240,0,-11058,28648,-17590,0,0,0,0,1,0
372,193229,-219,393,-174,0,-16053,28833,-12780,0,0,0,0,1,0
373,193750,-278,380,-102,0,-20432,27910,-7479,0,0,0,0,1,0
374,194270,-327,353,-26,0,-24025,25915,-1890,0,0,0,0,1,0
375,194791,-364,312,51,0,-26696,22924,3772,0,0,0,0,1,0
376,195312,-386,259,127,0,-28340,19052,9288,0,0,0,0,1,0
377,195833,-394,197,197,0,-28895,14448,14448,0,0,0,0,1,0
378,196354,-386,127,259,0,-28340,9288,19052,0,0,0,0,1,0
379,196875,-364,51,312,0,-26696,3772,22924,0,0,0,0,1,0
380,197395,-327,-26,353,0,-24025,-1890,25915,0,0,0,0,1,0
381,197916,-278,-102,380,0,-20432,-7479,27910,0,0,0,0,1,0
382,198437,-219,-174,393,0,-16053,-12780,28833,0,0,0,0,1,0
383,198958,-151,-240,390,0,-11058,-17590,28648,0,0,0,0,1,0
384,199479,-77,-296,373,0,-5637,-21724,27362,0,0,0,0,1,0
385,200000,0,-341,341,0,0,-25024,25024,0,0,0,0,1,0
386,200520,77,-373,296,0,5637,-27362,21724,0,0,0,0,1,0
387,201041,151,-390,240,0,11058,-28648,17590,0,0,0,0,1,0
388,201562,219,-393,174,0,16053,-28833,12780,0,0,0,0,1,0
389,202083,278,-380,102,0,20432,-27910,7479,0,0,0,0,1,0
390,202604,327,-353,26,0,24025,-25915,1890,0,0,0,0,1,0
391,203125,364,-312,-51,0,26696,-22924,-3772,0,0,0,0,1,0
392,203645,386,-259,-127,0,28340,-19052,-9288,0,0,0,0,1,0
393,204166,394,-197,-197,0,28895,-14448,-14448,0,0,0,0,1,0
394,204687,386,-127,-259,0,28340,-9288,-19052,0,0,0,0,1,0
395,205208,364,-51,-312,0,26696,-3772,-22924,0,0,0,0,1,0
396,205729,327,26,-353,0,24025,1890,-25915,0,0,0,0,1,0
397,206250,278,102,-380,0,20432,7479,-27910,0,0,0,0,1,0
398,206770,219,174,-393,0,16053,12780,-28833,0,0,0,0,1,0
399,207291,151,240,-390,0,11058,17590,-28648,0,0,0,0,1,0
400,207812,77,296,-373,0,5637,21724,-27362,0,0,0,0,1,0
401,208333,0,341,-341,0,0,25024,-25024,0,0,0,0,1,0
402,208854,-77,373,-296,0,-5637,27362,-21724,0,0,0,0,1,0
403,209375,-151,390,-240,0,-11058,28648,-17590,0,0,0,0,1,0
404,209895,-219,393,-174,0,-16053,28833,-12780,0,0,0,0,1,0
405,210416,-278,380,-102,0,-20432,27910,-7479,0,0,0,0,1,0
406,210937,-327,353,-26,0,-24025,25915,-1890,0,0,0,0,1,0
407,211458,-364,312,51,0,-26696,22924,3772,0,0,0,0,1,0
408,211979,-386,259,127,0,-28340,19052,9288,0,0,0,0,1,0
409,212500,-394,197,197,0,-28895,14448,14448,0,0,0,0,1,0
410,213020,-386,127,259,0,-28340,9288,19052,0,0,0,0,1,0
411,213541,-364,51,312,0,-26696,3772,22924,0,0,0,0,1,0
412,214062,-327,-26,353,0,-24025,-1890,25915,0,0,0,0,1,0
413,214583,-278,-102,380,0,-20432,-7479,27910,0,0,0,0,1,0
414,215104,-219,-174,393,0,-16053,-12780,28833,0,0,0,0,1,0
415,215625,-151,-240,390,0,-11058,-17590,28648,0,0,0,0,1,0
416,216145,-77,-296,373,0,-5637,-21724,27362,0,0,0,0,1,0
417,216666,0,-341,341,0,0,-25024,25024,0,0,0,0,1,0
418,217187,77,-373,296,0,5637,-27362,21724,0,0,0,0,1,0
419,217708,151,-390,240,0,11058,-28648,17590,0,0,0,0,1,0
420,218229,219,-393,174,0,16053,-28833,12780,0,0,0,0,1,0
421,218750,278,-380,102,0,20432,-27910,7479,0,0,0,0,1,0
422,219270,327,-353,26,0,24025,-25915,1890,0,0,0,0,1,0
423,219791,364,-312,-51,0,26696,-22924,-3772,0,0,0,0,1,0
424,220312,386,-259,-127,0,28340,-19052,-9288,0,0,0,0,1,0
425,220833,394,-197,-197,0,28895,-14448,-14448,0,0,0,0,1,0
426,221354,386,-127,-259,0,28340,-9288,-19052,0,0,0,0,1,0
427,221875,364,-51,-312,0,26696,-3772,-22924,0,0,0,0,1,0
428,222395,327,26,-353,0,24025,1890,-25915,0,0,0,0,1,0
429,222916,278,102,-380,0,20432,7479,-27910,0,0,0,0,1,0
430,223437,219,174,-393,0,16053,12780,-28833,0,0,0,0,1,0
431,223958,151,240,-390,0,11058,17590,-28648,0,0,0,0,1,0
432,224479,77,296,-373,0,5637,21724,-27362,0,0,0,0,1,0
433,225000,0,341,-341,0,0,25024,-25024,0,0,0,0,1,0
434,225520,-77,373,-296,0,-5637,27362,-21724,0,0,0,0,1,0
435,226041,-151,390,-240,0,-11058,28648,-17590,0,0,0,0,1,0
436,226562,-219,393,-174,0,-16053,28833,-12780,0,0,0,0,1,0
437,227083,-278,380,-102,0,-20432,27910,-7479,0,0,0,0,1,0
438,227604,-327,353,-26,0,-24025,25915,-1890,0,0,0,0,1,0
439,228125,-364,312,51,0,-26696,22924,3772,0,0,0,0,1,0
440,228645,-386,259,127,0,-28340,19052,9288,0,0,0,0,1,0
441,229166,-394,197,197,0,-28895,14448,14448,0,0,0,0,1,0
442,229687,-386,127,259,0,-28340,9288,19052,0,0,0,0,1,0
443,230208,-364,51,312,0,-26696,3772,22924,0,0,0,0,1,0
444,230729,-327,-26,353,0,-24025,-1890,25915,0,0,0,0,1,0
445,231250,-278,-102,380,0,-20432,-7479,27910,0,0,0,0,1,0
446,231770,-219,-174,393,0,-16053,-12780,28833,0,0,0,0,1,0
447,232291,-151,-240,390,0,-11058,-17590,28648,0,0,0,0,1,0
448,232812,-77,-296,373,0,-5637,-21724,27362,0,0,0,0,1,0
449,233333,0,-341,341,0,0,-25024,25024,0,0,0,0,1,0
450,233854,77,-373,296,0,5637,-27362,21724,0,0,0,0,1,0
451,234375,151,-390,240,0,11058,-28648,17590,0,0,0,0,1,0
452,234895,219,-393,174,0,16053,-28833,12780,0,0,0,0,1,0
453,235416,278,-380,102,0,20432,-27910,7479,0,0,0,0,1,0
454,235937,327,-353,26,0,24025,-25915,1890,0,0,0,0,1,0
455,236458,364,-312,-51,0,26696,-22924,-3772,0,0,0,0,1,0
456,236979,386,-259,-127,0,28340,-19052,-9288,0,0,0,0,1,0
457,237500,394,-197,-197,0,28895,-14448,-14448,0,0,0,0,1,0
458,238020,386,-127,-259,0,28340,-9288,-19052,0,0,0,0,1,0
459,238541,364,-51,-312,0,26696,-3772,-22924,0,0,0,0,1,0
460,239062,327,26,-353,0,24025,1890,-25915,0,0,0,0,1,0
461,239583,278,102,-380,0,20432,7479,-27910,0,0,0,0,1,0
462,240104,219,174,-393,0,16053,12780,-28833,0,0,0,0,1,0
463,240625,151,240,-390,0,11058,17590,-28648,0,0,0,0,1,0
464,241145,77,296,-373,0,5637,21724,-27362,0,0,0,0,1,0
465,241666,0,341,-341,0,0,25024,-25024,0,0,0,0,1,0
466,242187,-77,373,-296,0,-5637,27362,-21724,0,0,0,0,1,0
467,242708,-151,390,-240,0,-11058,28648,-17590,0,0,0,0,1,0
468,243229,-219,393,-174,0,-16053,28833,-12780,0,0,0,0,1,0
469,243750,-278,380,-102,0,-20432,27910,-7479,0,0,0,0,1,0
470,244270,-327,353,-26,0,-24025,25915,-1890,0,0,0,0,1,0
471,244791,-364,312,51,0,-26696,22924,3772,0,0,0,0,1,0
472,245312,-386,259,127,0,-28340,19052,9288,0,0,0,0,1,0
473,245833,-394,197,197,0,-28895,14448,14448,0,0,0,0,1,0
474,246354,-386,127,259,0,-28340,9288,19052,0,0,0,0,1,0
475,246875,-364,51,312,0,-26696,3772,22924,0,0,0,0,1,0
476,247395,-327,-26,353,0,-24025,-1890,25915,0,0,0,0,1,0
477,247916,-278,-102,380,0,-20432,-7479,27910,0,0,0,0,1,0
478,248437,-219,-174,393,0,-16053,-12780,28833,0,0,0,0,1,0
479,248958,-151,-240,390,0,-11058,-17590,28648,0,0,0,0,1,0
480,249479,-77,-296,373,0,-5637,-21724,27362,0,0,0,0,1,0
481,250000,0,-341,341,0,0,-25024,25024,0,0,0,0,1,0
482,250520,77,-373,296,0,5637,-27362,21724,0,0,0,0,1,0
483,251041,151,-390,240,0,11058,-28648,17590,0,0,0,0,1,0
484,251562,219,-393,174,0,16053,-28833,12780,0,0,0,0,1,0
485,252083,278,-380,102,0,20432,-27910,7479,0,0,0,0,1,0
486,252604,327,-353,26,0,24025,-25915,1890,0,0,0,0,1,0
487,253125,364,-312,-51,0,26696,-22924,-3772,0,0,0,0,1,0
488,253645,386,-259,-127,0,28340,-19052,-9288,0,0,0,0,1,0
489,254166,394,-197,-197,0,28895,-14448,-14448,0,0,0,0,1,0
490,254687,386,-127,-259,0,28340,-9288,-19052,0,0,0,0,1,0
491,255208,364,-51,-312,0,26696,-3772,-22924,0,0,0,0,1,0
492,255729,327,26,-353,0,24025,1890,-25915,0,0,0,0,1,0
493,256249,278,102,-380,0,20432,7479,-27910,0,0,0,0,1,0
494,256770,219,174,-393,0,16053,12780,-28833,0,0,0,0,1,0
495,257291,151,240,-390,0,11058,17590,-28648,0,0,0,0,1,0
496,257812,77,296,-373,0,5637,21724,-27362,0,0,0,0,1,0
497,258333,0,341,-341,0,0,25024,-25024,0,0,0,0,1,0
498,258854,-77,373,-296,0,-5637,27362,-21724,0,0,0,0,1,0
499,259375,-151,390,-240,0,-11058,28648,-17590,0,0,0,0,1,0
500,259895,-219,393,-174,0,-16053,28833,-12780,0,0,0,0,1,0
501,260416,-278,380,-102,0,-20432,27910,-7479,0,0,0,0,1,0
502,260937,-327,353,-26,0,-24025,25915,-1890,0,0,0,0,1,0
503,261458,-364,312,51,0,-26696,22924,3772,0,0,0,0,1,0
504,261979,-386,259,127,0,-28340,19052,9288,0,0,0,0,1,0
505,262500,-394,197,197,0,-28895,14448,14448,0,0,0,0,1,0
506,263020,-386,127,259,0,-28340,9288,19052,0,0,0,0,1,0
507,263541,-364,51,312,0,-26696,3772,22924,0,0,0,0,1,0
508,264062,-327,-26,353,0,-24025,-1890,25915,0,0,0,0,1,0
509,264583,-278,-102,380,0,-20432,-7479,27910,0,0,0,0,1,0
510,265104,-219,-174,393,0,-16053,-12780,28833,0,0,0,0,1,0
511,265625,-151,-240,390,0,-11058,-17590,28648,0,0,0,0,1,0
512,266145,-77,-296,373,0,-5637,-21724,27362,0,0,0,0,1,0
513,266666,0,-341,341,0,0,-25024,25024,0,0,0,0,1,0
514,267187,77,-373,296,0,5637,-27362,21724,0,0,0,0,1,0
515,267708,151,-390,240,0,11058,-28648,17590,0,0,0,0,1,0
516,268229,219,-393,174,0,16053,-28833,12780,0,0,0,0,1,0
517,268750,278,-380,102,0,20432,-27910,7479,0,0,0,0,1,0
518,269270,327,-353,26,0,24025,-25915,1890,0,0,0,0,1,0
519,269791,364,-312,-51,0,26696,-22924,-3772,0,0,0,0,1,0
520,270312,386,-259,-127,0,28340,-19052,-9288,0,0,0,0,1,0
521,270833,394,-197,-197,0,28895,-14448,-14448,0,0,0,0,1,0
522,271354,386,-127,-259,0,28340,-9288,-19052,0,0,0,0,1,0
523,271875,364,-51,-312,0,26696,-3772,-22924,0,0,0,0,1,0
524,272395,327,26,-353,0,24025,1890,-25915,0,0,0,0,1,0
525,272916,278,102,-380,0,20432,7479,-27910,0,0,0,0,1,0
526,273437,219,174,-393,0,16053,12780,-28833,0,0,0,0,1,0
527,273958,151,240,-390,0,11058,17590,-28648,0,0,0,0,1,0
528,274479,77,296,-373,0,5637,21724,-27362,0,0,0,0,1,0
529,275000,0,341,-341,0,0,25024,-25024,0,0,0,0,1,0
530,275520,-77,373,-296,0,-5637,27362,-21724,0,0,0,0,1,0
531,276041,-151,390,-240,0,-11058,28648,-17590,0,0,0,0,1,0
532,276562,-219,393,-174,0,-16053,28833,-12780,0,0,0,0,1,0
533,277083,-278,380,-102,0,-20432,27910,-7479,0,0,0,0,1,0
534,277604,-327,353,-26,0,-24025,25915,-1890,0,0,0,0,1,0
535,278125,-364,312,51,0,-26696,22924,3772,0,0,0,0,1,0
536,278645,-386,259,127,0,-28340,19052,9288,0,0,0,0,1,0
537,279166,-394,197,197,0,-28895,14448,14448,0,0,0,0,1,0
538,279687,-386,127,259,0,-28340,9288,19052,0,0,0,0,1,0
539,280208,-364,51,312,0,-26696,3772,22924,0,0,0,0,1,0
540,280729,-327,-26,353,0,-24025,-1890,25915,0,0,0,0,1,0
541,281250,-278,-102,380,0,-20432,-7479,27910,0,0,0,0,1,0
542,281770,-219,-174,393,0,-16053,-12780,28833,0,0,0,0,1,0
543,282291,-151,-240,390,0,-11058,-17590,28648,0,0,0,0,1,0
544,282812,-77,-296,373,0,-5637,-21724,27362,0,0,0,0,1,0
545,283333,0,-341,341,0,0,-25024,25024,0,0,0,0,1,0
546,283854,77,-373,296,0,5637,-27362,21724,0,0,0,0,1,0
547,284375,151,-390,240,0,11058,-28648,17590,0,0,0,0,1,0
548,284895,219,-393,174,0,16053,-28833,12780,0,0,0,0,1,0
549,285416,278,-380,102,0,20432,-27910,7479,0,0,0,0,1,0
550,285937,327,-353,26,0,24025,-25915,1890,0,0,0,0,1,0
551,286458,364,-312,-51,0,26696,-22924,-3772,0,0,0,0,1,0
552,286979,386,-259,-127,0,28340,-19052,-9288,0,0,0,0,1,0
553,287500,394,-197,-197,0,28895,-14448,-14448,0,0,0,0,1,0
554,288020,386,-127,-259,0,28340,-9288,-19052,0,0,0,0,1,0
555,288541,364,-51,-312,0,26696,-3772,-22924,0,0,0,0,1,0
556,289062,327,26,-353,0,24025,1890,-25915,0,0,0,0,1,0
557,289583,278,102,-380,0,20432,7479,-27910,0,0,0,0,1,0
558,290104,219,174,-393,0,16053,12780,-28833,0,0,0,0,1,0
559,290625,151,240,-390,0,11058,17590,-28648,0,0,0,0,1,0
560,291145,77,296,-373,0,5637,21724,-27362,0,0,0,0,1,0
561,291666,0,341,-341,0,0,25024,-25024,0,0,0,0,1,0
562,292187,-77,373,-296,0,-5637,27362,-21724,0,0,0,0,1,0
563,292708,-151,390,-240,0,-11058,28648,-17590,0,0,0,0,1,0
564,293229,-219,393,-174,0,-16053,28833,-12780,0,0,0,0,1,0
565,293750,-278,380,-102,0,-20432,27910,-7479,0,0,0,0,1,0
566,294270,-327,353,-26,0,-24025,25915,-1890,0,0,0,0,1,0
567,294791,-364,312,51,0,-26696,22924,3772,0,0,0,0,1,0
568,295312,-386,259,127,0,-28340,19052,9288,0,0,0,0,1,0
569,295833,-394,197,197,0,-28895,14448,14448,0,0,0,0,1,0
570,296354,-386,127,259,0,-28340,9288,19052,0,0,0,0,1,0
571,296875,-364,51,312,0,-26696,3772,22924,0,0,0,0,1,0
572,297395,-327,-26,353,0,-24025,-1890,25915,0,0,0,0,1,0
573,297916,-278,-102,380,0,-20432,-7479,27910,0,0,0,0,1,0
574,298437,-219,-174,393,0,-16053,-12780,28833,0,0,0,0,1,0
575,298958,-151,-240,390,0,-11058,-17590,28648,0,0,0,0,1,0
576,299479,-77,-296,373,0,-5637,-21724,27362,0,0,0,0,1,0
577,300000,0,-341,341,0,0,-25024,25024,0,0,0,0,1,0
578,300520,77,-373,296,0,5637,-27362,21724,0,0,0,0,1,0
579,301041,151,-390,240,0,11058,-28648,17590,0,0,0,0,1,0
580,301562,219,-393,174,0,16053,-28833,12780,0,0,0,0,1,0
581,302083,278,-380,102,0,20432,-27910,7479,0,0,0,0,1,0
582,302604,327,-353,26,0,24025,-25915,1890,0,0,0,0,1,0
583,303125,364,-312,-51,0,26696,-22924,-3772,0,0,0,0,1,0
584,303645,386,-259,-127,0,28340,-19052,-9288,0,0,0,0,1,0
585,304166,394,-197,-197,0,28895,-14448,-14448,0,0,0,0,1,0
586,304687,386,-127,-259,0,28340,-9288,-19052,0,0,0,0,1,0
587,305208,364,-51,-312,0,26696,-3772,-22924,0,0,0,0,1,0
588,305729,327,26,-353,0,24025,1890,-25915,0,0,0,0,1,0
589,306250,278,102,-380,0,20432,7479,-27910,0,0,0,0,1,0
590,306770,219,174,-393,0,16053,12780,-28833,0,0,0,0,1,0
591,307291,151,240,-390,0,11058,17590,-28648,0,0,0,0,1,0
592,307812,77,296,-373,0,5637,21724,-27362,0,0,0,0,1,0
593,308333,0,341,-341,0,0,25024,-25024,0,0,0,0,1,0
594,308854,-77,373,-296,0,-5637,27362,-21724,0,0,0,0,1,0
595,309375,-151,390,-240,0,-11058,28648,-17590,0,0,0,0,1,0
596,309895,-219,393,-174,0,-16053,28833,-12780,0,0,0,0,1,0
597,310416,-278,380,-102,0,-20432,27910,-7479,0,0,0,0,1,0
598,310937,-327,353,-26,0,-24025,25915,-1890,0,0,0,0,1,0
599,311458,-364,312,51,0,-26696,22924,3772,0,0,0,0,1,0
600,311979,-386,259,127,0,-28340,19052,9288,0,0,0,0,1,0
601,312500,-394,197,197,0,-28895,14448,14448,0,0,0,0,1,0
602,313020,-386,127,259,0,-28340,9288,19052,0,0,0,0,1,0
603,313541,-364,51,312,0,-26696,3772,22924,0,0,0,0,1,0
604,314062,-327,-26,353,0,-24025,-1890,25915,0,0,0,0,1,0
605,314583,-278,-102,380,0,-20432,-7479,27910,0,0,0,0,1,0
606,315104,-219,-174,393,0,-16053,-12780,28833,0,0,0,0,1,0
607,315625,-151,-240,390,0,-11058,-17590,28648,0,0,0,0,1,0
608,316145,-77,-296,373,0,-5637,-21724,27362,0,0,0,0,1,0
609,316666,0,-341,341,0,0,-25024,25024,0,0,0,0,1,0
610,317187,77,-373,296,0,5637,-27362,21724,0,0,0,0,1,0
611,317708,151,-390,240,0,11058,-28648,17590,0,0,0,0,1,0
612,318229,219,-393,174,0,16053,-28833,12780,0,0,0,0,1,0
613,318750,278,-380,102,0,20432,-27910,7479,0,0,0,0,1,0
614,319270,327,-353,26,0,24025,-25915,1890,0,0,0,0,1,0
615,319791,364,-312,-51,0,26696,-22924,-3772,0,0,0,0,1,0
616,320312,386,-259,-127,0,28340,-19052,-9288,0,0,0,0,1,0
617,320833,394,-197,-197,0,28895,-14448,-14448,0,0,0,0,1,0
618,321354,386,-127,-259,0,28340,-9288,-19052,0,0,0,0,1,0
619,321875,364,-51,-312,0,26696,-3772,-22924,0,0,0,0,1,0
620,322395,327,26,-353,0,24025,1890,-25915,0,0,0,0,1,0
621,322916,278,102,-380,0,20432,7479,-27910,0,0,0,0,1,0
622,323437,219,174,-393,0,16053,12780,-28833,0,0,0,0,1,0
623,323958,151,240,-390,0,11058,17590,-28648,0,0,0,0,1,0
624,324479,77,296,-373,0,5637,21724,-27362,0,0,0,0,1,0
625,325000,0,341,-341,0,0,25024,-25024,0,0,0,0,1,0
626,325520,-77,373,-296,0,-5637,27362,-21724,0,0,0,0,1,0
627,326041,-151,390,-240,0,-11058,28648,-17590,0,0,0,0,1,0
628,326562,-219,393,-174,0,-16053,28833,-12780,0,0,0,0,1,0
629,327083,-278,380,-102,0,-20432,27910,-7479,0,0,0,0,1,0
630,327604,-327,353,-26,0,-24025,25915,-1890,0,0,0,0,1,0
631,328125,-364,312,51,0,-26696,22924,3772,0,0,0,0,1,0
632,328645,-386,259,127,0,-28340,19052,9288,0,0,0,0,1,0
633,329166,-394,197,197,0,-28895,14448,14448,0,0,0,0,1,0
634,329687,-386,127,259,0,-28340,9288,19052,0,0,0,0,1,0
635,330208,-364,51,312,0,-26696,3772,22924,0,0,0,0,1,0
636,330729,-327,-26,353,0,-24025,-1890,25915,0,0,0,0,1,0
637,331250,-278,-102,380,0,-20432,-7479,27910,0,0,0,0,1,0
638,331770,-219,-174,393,0,-16053,-12780,28833,0,0,0,0,1,0
639,332291,-151,-240,390,0,-11058,-17590,28648,0,0,0,0,1,0
640,332812,-77,-296,373,0,-5637,-21724,27362,0,0,0,0,1,0
641,333333,0,-341,341,0,0,-25024,25024,0,0,0,0,1,0
642,333854,77,-373,296,0,5637,-27362,21724,0,0,0,0,1,0
643,334375,151,-390,240,0,11058,-28648,17590,0,0,0,0,1,0
644,334895,219,-393,174,0,16053,-28833,12780,0,0,0,0,1,0
645,335416,278,-380,102,0,20432,-27910,7479,0,0,0,0,1,0
646,335937,327,-353,26,0,24025,-25915,1890,0,0,0,0,1,0
647,336458,364,-312,-51,0,26696,-22924,-3772,0,0,0,0,1,0
648,336979,386,-259,-127,0,28340,-19052,-9288,0,0,0,0,1,0
649,337500,394,-197,-197,0,28895,-14448,-14448,0,0,0,0,1,0
650,338020,386,-127,-259,0,28340,-9288,-19052,0,0,0,0,1,0
651,338541,364,-51,-312,0,26696,-3772,-22924,0,0,0,0,1,0
652,339062,327,26,-353,0,24025,1890,-25915,0,0,0,0,1,0
653,339583,278,102,-380,0,20432,7479,-27910,0,0,0,0,1,0
654,340104,219,174,-393,0,16053,12780,-28833,0,0,0,0,1,0
655,340625,151,240,-390,0,11058,17590,-28648,0,0,0,0,1,0
656,341145,77,296,-373,0,5637,21724,-27362,0,0,0,0,1,0
657,341666,0,341,-341,0,0,25024,-25024,0,0,0,0,1,0
658,342187,-77,373,-296,0,-5637,27362,-21724,0,0,0,0,1,0
659,342708,-151,390,-240,0,-11058,28648,-17590,0,0,0,0,1,0
660,343229,-219,393,-174,0,-16053,28833,-12780,0,0,0,0,1,0
661,343750,-278,380,-102,0,-20432,27910,-7479,0,0,0,0,1,0
662,344270,-327,353,-26,0,-24025,25915,-1890,0,0,0,0,1,0
663,344791,-364,312,51,0,-26696,22924,3772,0,0,0,0,1,0
664,345312,-386,259,127,0,-28340,19052,9288,0,0,0,0,1,0
665,345833,-394,197,197,0,-28895,14448,14448,0,0,0,0,1,0
666,346354,-386,127,259,0,-28340,9288,19052,0,0,0,0,1,0
667,346875,-364,51,312,0,-26696,3772,22924,0,0,0,0,1,0
668,347395,-327,-26,353,0,-24025,-1890,25915,0,0,0,0,1,0
669,347916,-278,-102,380,0,-20432,-7479,27910,0,0,0,0,1,0
670,348437,-219,-174,393,0,-16053,-12780,28833,0,0,0,0,1,0
671,348958,-151,-240,390,0,-11058,-17590,28648,0,0,0,0,1,0
672,349479,-77,-296,373,0,-5637,-21724,27362,0,0,0,0,1,0
673,350000,0,-341,341,0,0,-25024,25024,0,0,0,0,1,0
674,350520,77,-373,296,0,5637,-27362,21724,0,0,0,0,1,0
675,351041,151,-390,240,0,11058,-28648,17590,0,0,0,0,1,0
676,351562,219,-393,174,0,16053,-28833,12780,0,0,0,0,1,0
677,352083,278,-380,102,0,20432,-27910,7479,0,0,0,0,1,0
678,352604,327,-353,26,0,24025,-25915,1890,0,0,0,0,1,0
679,353125,364,-312,-51,0,26696,-22924,-3772,0,0,0,0,1,0
680,353645,386,-259,-127,0,28340,-19052,-9288,0,0,0,0,1,0
681,354166,394,-197,-197,0,28895,-14448,-14448,0,0,0,0,1,0
682,354687,386,-127,-259,0,28340,-9288,-19052,0,0,0,0,1,0
683,355208,364,-51,-312,0,26696,-3772,-22924,0,0,0,0,1,0
684,355729,327,26,-353,0,24025,1890,-25915,0,0,0,0,1,0
685,356250,278,102,-380,0,20432,7479,-27910,0,0,0,0,1,0
686,356770,219,174,-393,0,16053,12780,-28833,0,0,0,0,1,0
687,357291,151,240,-390,0,11058,17590,-28648,0,0,0,0,1,0
688,357812,77,296,-373,0,5637,21724,-27362,0,0,0,0,1,0
689,358333,0,341,-341,0,0,25024,-25024,0,0,0,0,1,0
690,358854,-77,373,-296,0,-5637,27362,-21724,0,0,0,0,1,0
691,359375,-151,390,-240,0,-11058,28648,-17590,0,0,0,0,1,0
692,359895,-219,393,-174,0,-16053,28833,-12780,0,0,0,0,1,0
693,360416,-278,380,-102,0,-20432,27910,-7479,0,0,0,0,1,0
694,360937,-327,353,-26,0,-24025,25915,-1890,0,0,0,0,1,0
695,361458,-364,312,51,0,-26696,22924,3772,0,0,0,0,1,0
696,361979,-386,259,127,0,-28340,19052,9288,0,0,0,0,1,0
697,362500,-394,197,197,0,-28895,14448,14448,0,0,0,0,1,0
698,363020,-386,127,259,0,-28340,9288,19052,0,0,0,0,1,0
699,363541,-364,51,312,0,-26696,3772,22924,0,0,0,0,1,0
700,364062,-327,-26,353,0,-24025,-1890,25915,0,0,0,0,1,0
701,364583,-278,-102,380,0,-20432,-7479,27910,0,0,0,0,1,0
702,365104,-219,-174,393,0,-16053,-12780,28833,0,0,0,0,1,0
703,365625,-151,-240,390,0,-11058,-17590,28648,0,0,0,0,1,0
704,366145,-77,-296,373,0,-5637,-21724,27362,0,0,0,0,1,0
705,366666,0,-341,341,0,0,-25024,25024,0,0,0,0,1,0
706,367187,77,-373,296,0,5637,-27362,21724,0,0,0,0,1,0
707,367708,151,-390,240,0,11058,-28648,17590,0,0,0,0,1,0
708,368229,219,-393,174,0,16053,-28833,12780,0,0,0,0,1,0
709,368750,278,-380,102,0,20432,-27910,7479,0,0,0,0,1,0
710,369270,327,-353,26,0,24025,-25915,1890,0,0,0,0,1,0
711,369791,364,-312,-51,0,26696,-22924,-3772,0,0,0,0,1,0
712,370312,386,-259,-127,0,28340,-19052,-9288,0,0,0,0,1,0
713,370833,394,-197,-197,0,28895,-14448,-14448,0,0,0,0,1,0
714,371354,386,-127,-259,0,28340,-9288,-19052,0,0,0,0,1,0
715,371875,364,-51,-312,0,26696,-3772,-22924,0,0,0,0,1,0
716,372395,327,26,-353,0,24025,1890,-25915,0,0,0,0,1,0
717,372916,278,102,-380,0,20432,7479,-27910,0,0,0,0,1,0
718,373437,219,174,-393,0,16053,12780,-28833,0,0,0,0,1,0
719,373958,151,240,-390,0,11058,17590,-28648,0,0,0,0,1,0
720,374479,77,296,-373,0,5637,21724,-27362,0,0,0,0,1,0
721,375000,0,341,-341,0,0,25024,-25024,0,0,0,0,1,0
722,375520,-77,373,-296,0,-5637,27362,-21724,0,0,0,0,1,0
723,376041,-151,390,-240,0,-11058,28648,-17590,0,0,0,0,1,0
724,376562,-219,393,-174,0,-16053,28833,-12780,0,0,0,0,1,0
725,377083,-278,380,-102,0,-20432,27910,-7479,0,0,0,0,1,0
726,377604,-327,353,-26,0,-24025,25915,-1890,0,0,0,0,1,0
727,378125,-364,312,51,0,-26696,22924,3772,0,0,0,0,1,0
728,378645,-386,259,127,0,-28340,19052,9288,0,0,0,0,1,0
729,379166,-394,197,197,0,-28895,14448,14448,0,0,0,0,1,0
730,379687,-386,127,259,0,-28340,9288,19052,0,0,0,0,1,0
731,380208,-364,51,312,0,-26696,3772,22924,0,0,0,0,1,0
732,380729,-327,-26,353,0,-24025,-1890,25915,0,0,0,0,1,0
733,381250,-278,-102,380,0,-20432,-7479,27910,0,0,0,0,1,0
734,381770,-219,-174,393,0,-16053,-12780,28833,0,0,0,0,1,0
735,382291,-151,-240,390,0,-11058,-17590,28648,0,0,0,0,1,0
736,382812,-77,-296,373,0,-5637,-21724,27362,0,0,0,0,1,0
737,383333,0,-341,341,0,0,-25024,25024,0,0,0,0,1,0
738,383854,77,-373,296,0,5637,-27362,21724,0,0,0,0,1,0
739,384375,151,-390,240,0,11058,-28648,17590,0,0,0,0,1,0
740,384895,219,-393,174,0,16053,-28833,12780,0,0,0,0,1,0
741,385416,278,-380,102,0,20432,-27910,7479,0,0,0,0,1,0
742,385937,327,-353,26,0,24025,-25915,1890,0,0,0,0,1,0
743,386458,364,-312,-51,0,26696,-22924,-3772,0,0,0,0,1,0
744,386979,386,-259,-127,0,28340,-19052,-9288,0,0,0,0,1,0
745,387500,394,-197,-197,0,28895,-14448,-14448,0,0,0,0,1,0
746,388020,386,-127,-259,0,28340,-9288,-19052,0,0,0,0,1,0
747,388541,364,-51,-312,0,26696,-3772,-22924,0,0,0,0,1,0
748,389062,327,26,-353,0,24025,1890,-25915,0,0,0,0,1,0
749,389583,278,102,-380,0,20432,7479,-27910,0,0,0,0,1,0
750,390104,219,174,-393,0,16053,12780,-28833,0,0,0,0,1,0
751,390625,151,240,-390,0,11058,17590,-28648,0,0,0,0,1,0
752,391145,77,296,-373,0,5637,21724,-27362,0,0,0,0,1,0
753,391666,0,341,-341,0,0,25024,-25024,0,0,0,0,1,0
754,392187,-77,373,-296,0,-5637,27362,-21724,0,0,0,0,1,0
755,392708,-151,390,-240,0,-11058,28648,-17590,0,0,0,0,1,0
756,393229,-219,393,-174,0,-16053,28833,-12780,0,0,0,0,1,0
757,393750,-278,380,-102,0,-20432,27910,-7479,0,0,0,0,1,0
758,394270,-327,353,-26,0,-24025,25915,-1890,0,0,0,0,1,0
759,394791,-364,312,51,0,-26696,22924,3772,0,0,0,0,1,0
760,395312,-386,259,127,0,-28340,19052,9288,0,0,0,0,1,0
761,395833,-394,197,197,0,-28895,14448,14448,0,0,0,0,1,0
762,396354,-386,127,259,0,-28340,9288,19052,0,0,0,0,1,0
763,396875,-364,51,312,0,-26696,3772,22924,0,0,0,0,1,0
764,397395,-327,-26,353,0,-24025,-1890,25915,0,0,0,0,1,0
765,397916,-278,-102,380,0,-20432,-7479,27910,0,0,0,0,1,0
766,398437,-219,-174,393,0,-16053,-12780,28833,0,0,0,0,1,0
767,398958,-151,-240,390,0,-11058,-17590,28648,0,0,0,0,1,0
768,399479,-77,-296,373,0,-5637,-21724,27362,0,0,0,0,1,0
769,400000,0,-341,341,0,0,-25024,25024,0,0,0,0,1,0
770,400520,77,-373,296,0,5637,-27362,21724,0,0,0,0,1,0
