1,0,0,-1040,1040,0,0,-25024,25024,0,0,0,0,1,0
2,260,118,-1094,976,0,2832,-26319,23487,0,0,0,0,1,0
3,520,234,-1137,903,0,5637,-27362,21724,0,0,0,0,1,0
4,781,349,-1169,821,0,8388,-28140,19752,0,0,0,0,1,0
5,1041,459,-1190,731,0,11058,-28648,17590,0,0,0,0,1,0
6,1302,566,-1200,634,0,13621,-28880,15259,0,0,0,0,1,0
7,1562,667,-1198,531,0,16053,-28833,12780,0,0,0,0,1,0
8,1822,762,-1185,423,0,18331,-28509,10178,0,0,0,0,1,0
9,2083,849,-1160,311,0,20432,-27910,7479,0,0,0,0,1,0
10,2343,928,-1124,196,0,22336,-27043,4707,0,0,0,0,1,0
11,2604,998,-1077,79,0,24025,-25915,1890,0,0,0,0,1,0
12,2864,1059,-1020,-39,0,25483,-24538,-945,0,0,0,0,1,0
13,3125,1109,-953,-157,0,26696,-22924,-3772,0,0,0,0,1,0
14,3385,1149,-876,-273,0,27651,-21089,-6561,0,0,0,0,1,0
15,3645,1178,-792,-386,0,28340,-19052,-9288,0,0,0,0,1,0
16,3906,1195,-699,-496,0,28756,-16831,-11925,0,0,0,0,1,0
17,4166,1201,-600,-600,0,28895,-14448,-14448,0,0,0,0,1,0
18,4427,1195,-496,-699,0,28756,-11925,-16831,0,0,0,0,1,0
19,4687,1178,-386,-792,0,28340,-9288,-19052,0,0,0,0,1,0
20,4947,1149,-273,-876,0,27651,-6561,-21089,0,0,0,0,1,0
21,5208,1109,-157,-953,0,26696,-3772,-22924,0,0,0,0,1,0
22,5468,1059,-39,-1020,0,25483,-945,-24538,0,0,0,0,1,0
23,5729,998,79,-1077,0,24025,1890,-25915,0,0,0,0,1,0
24,5989,928,196,-1124,0,22336,4707,-27043,0,0,0,0,1,0
25,6250,849,311,-1160,0,20432,7479,-27910,0,0,0,0,1,0
26,6510,762,423,-1185,0,18331,10178,-28509,0,0,0,0,1,0
27,6770,667,531,-1198,0,16053,12780,-28833,0,0,0,0,1,0
28,7031,566,634,-1200,0,13621,15259,-28880,0,0,0,0,1,0
29,7291,459,731,-1190,0,11058,17590,-28648,0,0,0,0,1,0
30,7552,349,821,-1169,0,8388,19752,-28140,0,0,0,0,1,0
31,7812,234,903,-1137,0,5637,21724,-27362,0,0,0,0,1,0
32,8072,118,976,-1094,0,2832,23487,-26319,0,0,0,0,1,0
33,8333,0,1040,-1040,0,0,25024,-25024,0,0,0,0,1,0
34,8593,-118,1094,-976,0,-2832,26319,-23487,0,0,0,0,1,0
35,8854,-234,1137,-903,0,-5637,27362,-21724,0,0,0,0,1,0
36,9114,-349,1169,-821,0,-8388,28140,-19752,0,0,0,0,1,0
37,9375,-459,1190,-731,0,-11058,28648,-17590,0,0,0,0,1,0
38,9635,-566,1200,-634,0,-13621,28880,-15259,0,0,0,0,1,0
39,9895,-667,1198,-531,0,-16053,28833,-12780,0,0,0,0,1,0
40,10156,-762,1185,-423,0,-18331,28509,-10178,0,0,0,0,1,0
41,10416,-849,1160,-311,0,-20432,27910,-7479,0,0,0,0,1,0
42,10677,-928,1124,-196,0,-22336,27043,-4707,0,0,0,0,1,0
43,10937,-998,1077,-79,0,-24025,25915,-1890,0,0,0,0,1,0
44,11197,-1059,1020,39,0,-25483,24538,945,0,0,0,0,1,0
45,11458,-1109,953,157,0,-26696,22924,3772,0,0,0,0,1,0
46,11718,-1149,876,273,0,-27651,21089,6561,0,0,0,0,1,0
47,11979,-1178,792,386,0,-28340,19052,9288,0,0,0,0,1,0
48,12239,-1195,699,496,0,-28756,16831,11925,0,0,0,0,1,0
49,12500,-1201,600,600,0,-28895,14448,14448,0,0,0,0,1,0
50,12760,-1195,496,699,0,-28756,11925,16831,0,0,0,0,1,0
51,13020,-1178,386,792,0,-28340,9288,19052,0,0,0,0,1,0
52,13281,-1149,273,876,0,-27651,6561,21089,0,0,0,0,1,0
53,13541,-1109,157,953,0,-26696,3772,22924,0,0,0,0,1,0
54,13802,-1059,39,1020,0,-25483,945,24538,0,0,0,0,1,0
55,14062,-998,-79,1077,0,-24025,-1890,25915,0,0,0,0,1,0
56,14322,-928,-196,1124,0,-22336,-4707,27043,0,0,0,0,1,0
57,14583,-849,-311,1160,0,-20432,-7479,27910,0,0,0,0,1,0
58,14843,-762,-423,1185,0,-18331,-10178,28509,0,0,0,0,1,0
59,15104,-667,-531,1198,0,-16053,-12780,28833,0,0,0,0,1,0
60,15364,-566,-634,1200,0,-13621,-15259,28880,0,0,0,0,1,0
61,15625,-459,-731,1190,0,-11058,-17590,28648,0,0,0,0,1,0
62,15885,-349,-821,1169,0,-8388,-19752,28140,0,0,0,0,1,0
63,16145,-234,-903,1137,0,-5637,-21724,27362,0,0,0,0,1,0
64,16406,-118,-976,1094,0,-2832,-23487,26319,0,0,0,0,1,0
65,16666,0,-1040,1040,0,0,-25024,25024,0,0,0,0,1,0
66,16927,118,-1094,976,0,2832,-26319,23487,0,0,0,0,1,0
67,17187,234,-1137,903,0,5637,-27362,21724,0,0,0,0,1,0
68,17447,349,-1169,821,0,8388,-28140,19752,0,0,0,0,1,0
69,17708,459,-1190,731,0,11058,-28648,17590,0,0,0,0,1,0
70,17968,566,-1200,634,0,13621,-28880,15259,0,0,0,0,1,0
71,18229,667,-1198,531,0,16053,-28833,12780,0,0,0,0,1,0
72,18489,762,-1185,423,0,18331,-28509,10178,0,0,0,0,1,0
73,18750,849,-1160,311,0,20432,-27910,7479,0,0,0,0,1,0
74,19010,928,-1124,196,0,22336,-27043,4707,0,0,0,0,1,0
75,19270,998,-1077,79,0,24025,-25915,1890,0,0,0,0,1,0
76,19531,1059,-1020,-39,0,25483,-24538,-945,0,0,0,0,1,0
77,19791,1109,-953,-157,0,26696,-22924,-3772,0,0,0,0,1,0
78,20052,1149,-876,-273,0,27651,-21089,-6561,0,0,0,0,1,0
79,20312,1178,-792,-386,0,28340,-19052,-9288,0,0,0,0,1,0
80,20572,1195,-699,-496,0,28756,-16831,-11925,0,0,0,0,1,0
81,20833,1201,-600,-600,0,28895,-14448,-14448,0,0,0,0,1,0
82,21093,1195,-496,-699,0,28756,-11925,-16831,0,0,0,0,1,0
83,21354,1178,-386,-792,0,28340,-9288,-19052,0,0,0,0,1,0
84,21614,1149,-273,-876,0,27651,-6561,-21089,0,0,0,0,1,0
85,21875,1109,-157,-953,0,26696,-3772,-22924,0,0,0,0,1,0
86,22135,1059,-39,-1020,0,25483,-945,-24538,0,0,0,0,1,0
87,22395,998,79,-1077,0,24025,1890,-25915,0,0,0,0,1,0
88,22656,928,196,-1124,0,22336,4707,-27043,0,0,0,0,1,0
89,22916,849,311,-1160,0,20432,7479,-27910,0,0,0,0,1,0
90,23177,762,423,-1185,0,18331,10178,-28509,0,0,0,0,1,0
91,23437,667,531,-1198,0,16053,12780,-28833,0,0,0,0,1,0
92,23697,566,634,-1200,0,13621,15259,-28880,0,0,0,0,1,0
93,23958,459,731,-1190,0,11058,17590,-28648,0,0,0,0,1,0
94,24218,349,821,-1169,0,8388,19752,-28140,0,0,0,0,1,0
95,24479,234,903,-1137,0,5637,21724,-27362,0,0,0,0,1,0
96,24739,118,976,-1094,0,2832,23487,-26319,0,0,0,0,1,0
97,25000,0,1040,-1040,0,0,25024,-25024,0,0,0,0,1,0
98,25260,-118,1094,-976,0,-2832,26319,-23487,0,0,0,0,1,0
99,25520,-234,1137,-903,0,-5637,27362,-21724,0,0,0,0,1,0
100,25781,-349,1169,-821,0,-8388,28140,-19752,0,0,0,0,1,0
101,26041,-459,1190,-731,0,-11058,28648,-17590,0,0,0,0,1,0
102,26302,-566,1200,-634,0,-13621,28880,-15259,0,0,0,0,1,0
103,26562,-667,1198,-531,0,-16053,28833,-12780,0,0,0,0,1,0
104,26822,-762,1185,-423,0,-18331,28509,-10178,0,0,0,0,1,0
105,27083,-849,1160,-311,0,-20432,27910,-7479,0,0,0,0,1,0
106,27343,-928,1124,-196,0,-22336,27043,-4707,0,0,0,0,1,0
107,27604,-998,1077,-79,0,-24025,25915,-1890,0,0,0,0,1,0
108,27864,-1059,1020,39,0,-25483,24538,945,0,0,0,0,1,0
109,28125,-1109,953,157,0,-26696,22924,3772,0,0,0,0,1,0
110,28385,-1149,876,273,0,-27651,21089,6561,0,0,0,0,1,0
111,28645,-1178,792,386,0,-28340,19052,9288,0,0,0,0,1,0
112,28906,-1195,699,496,0,-28756,16831,11925,0,0,0,0,1,0
113,29166,-1201,600,600,0,-28895,14448,14448,0,0,0,0,1,0
114,29427,-1195,496,699,0,-28756,11925,16831,0,0,0,0,1,0
115,29687,-1178,386,792,0,-28340,9288,19052,0,0,0,0,1,0
116,29947,-1149,273,876,0,-27651,6561,21089,0,0,0,0,1,0
117,30208,-1109,157,953,0,-26696,3772,22924,0,0,0,0,1,0
118,30468,-1059,39,1020,0,-25483,945,24538,0,0,0,0,1,0
119,30729,-998,-79,1077,0,-24025,-1890,25915,0,0,0,0,1,0
120,30989,-928,-196,1124,0,-22336,-4707,27043,0,0,0,0,1,0
121,31250,-849,-311,1160,0,-20432,-7479,27910,0,0,0,0,1,0
122,31510,-762,-423,1185,0,-18331,-10178,28509,0,0,0,0,1,0
123,31770,-667,-531,1198,0,-16053,-12780,28833,0,0,0,0,1,0
124,32031,-566,-634,1200,0,-13621,-15259,28880,0,0,0,0,1,0
125,32291,-459,-731,1190,0,-11058,-17590,28648,0,0,0,0,1,0
126,32552,-349,-821,1169,0,-8388,-19752,28140,0,0,0,0,1,0
127,32812,-234,-903,1137,0,-5637,-21724,27362,0,0,0,0,1,0
128,33072,-118,-976,1094,0,-2832,-23487,26319,0,0,0,0,1,0
129,33333,0,-1040,1040,0,0,-25024,25024,0,0,0,0,1,0
130,33593,118,-1094,976,0,2832,-26319,23487,0,0,0,0,1,0
131,33854,234,-1137,903,0,5637,-27362,21724,0,0,0,0,1,0
132,34114,349,-1169,821,0,8388,-28140,19752,0,0,0,0,1,0
133,34375,459,-1190,731,0,11058,-28648,17590,0,0,0,0,1,0
134,34635,566,-1200,634,0,13621,-28880,15259,0,0,0,0,1,0
135,34895,667,-1198,531,0,16053,-28833,12780,0,0,0,0,1,0
136,35156,762,-1185,423,0,18331,-28509,10178,0,0,0,0,1,0
137,35416,849,-1160,311,0,20432,-27910,7479,0,0,0,0,1,0
138,35677,928,-1124,196,0,22336,-27043,4707,0,0,0,0,1,0
139,35937,998,-1077,79,0,24025,-25915,1890,0,0,0,0,1,0
140,36197,1059,-1020,-39,0,25483,-24538,-945,0,0,0,0,1,0
141,36458,1109,-953,-157,0,26696,-22924,-3772,0,0,0,0,1,0
142,36718,1149,-876,-273,0,27651,-21089,-6561,0,0,0,0,1,0
143,36979,1178,-792,-386,0,28340,-19052,-9288,0,0,0,0,1,0
144,37239,1195,-699,-496,0,28756,-16831,-11925,0,0,0,0,1,0
145,37500,1201,-600,-600,0,28895,-14448,-14448,0,0,0,0,1,0
146,37760,1195,-496,-699,0,28756,-11925,-16831,0,0,0,0,1,0
147,38020,1178,-386,-792,0,28340,-9288,-19052,0,0,0,0,1,0
148,38281,1149,-273,-876,0,27651,-6561,-21089,0,0,0,0,1,0
149,38541,1109,-157,-953,0,26696,-3772,-22924,0,0,0,0,1,0
150,38802,1059,-39,-1020,0,25483,-945,-24538,0,0,0,0,1,0
151,39062,998,79,-1077,0,24025,1890,-25915,0,0,0,0,1,0
152,39322,928,196,-1124,0,22336,4707,-27043,0,0,0,0,1,0
153,39583,849,311,-1160,0,20432,7479,-27910,0,0,0,0,1,0
154,39843,762,423,-1185,0,18331,10178,-28509,0,0,0,0,1,0
155,40104,667,531,-1198,0,16053,12780,-28833,0,0,0,0,1,0
156,40364,566,634,-1200,0,13621,15259,-28880,0,0,0,0,1,0
157,40625,459,731,-1190,0,11058,17590,-28648,0,0,0,0,1,0
158,40885,349,821,-1169,0,8388,19752,-28140,0,0,0,0,1,0
159,41145,234,903,-1137,0,5637,21724,-27362,0,0,0,0,1,0
160,41406,118,976,-1094,0,2832,23487,-26319,0,0,0,0,1,0
161,41666,0,1040,-1040,0,0,25024,-25024,0,0,0,0,1,0
162,41927,-118,1094,-976,0,-2832,26319,-23487,0,0,0,0,1,0
163,42187,-234,1137,-903,0,-5637,27362,-21724,0,0,0,0,1,0
164,42447,-349,1169,-821,0,-8388,28140,-19752,0,0,0,0,1,0
165,42708,-459,1190,-731,0,-11058,28648,-17590,0,0,0,0,1,0
166,42968,-566,1200,-634,0,-13621,28880,-15259,0,0,0,0,1,0
167,43229,-667,1198,-531,0,-16053,28833,-12780,0,0,0,0,1,0
168,43489,-762,1185,-423,0,-18331,28509,-10178,0,0,0,0,1,0
169,43750,-849,1160,-311,0,-20432,27910,-7479,0,0,0,0,1,0
170,44010,-928,1124,-196,0,-22336,27043,-4707,0,0,0,0,1,0
171,44270,-998,1077,-79,0,-24025,25915,-1890,0,0,0,0,1,0
172,44531,-1059,1020,39,0,-25483,24538,945,0,0,0,0,1,0
173,44791,-1109,953,157,0,-26696,22924,3772,0,0,0,0,1,0
174,45052,-1149,876,273,0,-27651,21089,6561,0,0,0,0,1,0
175,45312,-1178,792,386,0,-28340,19052,9288,0,0,0,0,1,0
176,45572,-1195,699,496,0,-28756,16831,11925,0,0,0,0,1,0
177,45833,-1201,600,600,0,-28895,14448,14448,0,0,0,0,1,0
178,46093,-1195,496,699,0,-28756,11925,16831,0,0,0,0,1,0
179,46354,-1178,386,792,0,-28340,9288,19052,0,0,0,0,1,0
180,46614,-1149,273,876,0,-27651,6561,21089,0,0,0,0,1,0
181,46875,-1109,157,953,0,-26696,3772,22924,0,0,0,0,1,0
182,47135,-1059,39,1020,0,-25483,945,24538,0,0,0,0,1,0
183,47395,-998,-79,1077,0,-24025,-1890,25915,0,0,0,0,1,0
184,47656,-928,-196,1124,0,-22336,-4707,27043,0,0,0,0,1,0
185,47916,-849,-311,1160,0,-20432,-7479,27910,0,0,0,0,1,0
186,48177,-762,-423,1185,0,-18331,-10178,28509,0,0,0,0,1,0
187,48437,-667,-531,1198,0,-16053,-12780,28833,0,0,0,0,1,0
188,48697,-566,-634,1200,0,-13621,-15259,28880,0,0,0,0,1,0
189,48958,-459,-731,1190,0,-11058,-17590,28648,0,0,0,0,1,0
190,49218,-349,-821,1169,0,-8388,-19752,28140,0,0,0,0,1,0
191,49479,-234,-903,1137,0,-5637,-21724,27362,0,0,0,0,1,0
192,49739,-118,-976,1094,0,-2832,-23487,26319,0,0,0,0,1,0
193,50000,0,-1040,31207,30167,0,-27026,2502,0,0,0,0,1,0
194,50260,118,-1094,29563,28587,3059,-28425,2349,0,0,0,0,1,0
195,50520,234,-1137,27781,26878,6088,-29551,2172,0,0,0,0,1,0
196,50781,349,-1169,25875,25054,9059,-30391,1975,0,0,0,0,1,0
197,51041,459,-1190,23863,23132,11942,-30940,1759,0,0,0,0,1,0
198,51302,566,-1200,21763,21129,14711,-31190,1526,0,0,0,0,1,0
199,51562,667,-1198,19594,19063,17337,-31140,1278,0,0,0,0,1,0
200,51822,762,-1185,17374,16951,19797,-30790,1018,0,0,0,0,1,0
201,52083,849,-1160,15125,14814,22066,-30143,748,0,0,0,0,1,0
202,52343,928,-1124,12866,12671,24123,-29207,471,0,0,0,0,1,0
203,52604,998,-1077,10619,10540,25947,-27988,189,0,0,0,0,1,0
204,52864,1059,-1020,8402,8441,27522,-26501,-95,0,0,0,0,1,0
205,53125,1109,-953,6236,6393,28831,-24758,-377,0,0,0,0,1,0
206,53385,1149,-876,4142,4414,29863,-22777,-656,0,0,0,0,1,0
207,53645,1178,-792,2137,2523,30607,-20576,-929,0,0,0,0,1,0
208,53906,1195,-699,240,735,31056,-18177,-1193,0,0,0,0,1,0
209,54166,1201,-600,-1533,-932,31207,-15603,-1445,0,0,0,0,1,0
210,54427,1195,-496,-3165,-2465,31056,-12879,-1683,0,0,0,0,1,0
211,54687,1178,-386,-4641,-3850,30607,-10031,-1905,0,0,0,0,1,0
212,54947,1149,-273,-5950,-5074,29863,-7086,-2109,0,0,0,0,1,0
213,55208,1109,-157,-7079,-6127,28831,-4073,-2292,0,0,0,0,1,0
214,55468,1059,-39,-8019,-7000,27522,-1021,-2454,0,0,0,0,1,0
215,55729,998,79,-8762,-7685,25947,2041,-2592,0,0,0,0,1,0
216,55989,928,196,-9302,-8178,24123,5083,-2704,0,0,0,0,1,0
217,56250,849,311,-9635,-8475,22066,8077,-2791,0,0,0,0,1,0
218,56510,762,423,-9759,-8574,19797,10993,-2851,0,0,0,0,1,0
219,56770,667,531,-9673,-8475,17337,13802,-2883,0,0,0,0,1,0
220,57031,566,634,-9381,-8181,14711,16479,-2888,0,0,0,0,1,0
221,57291,459,731,-8885,-7694,11942,18997,-2865,0,0,0,0,1,0
222,57552,349,821,-8192,-7022,9059,21333,-2814,0,0,0,0,1,0
223,57812,234,903,-7309,-6172,6088,23462,-2736,0,0,0,0,1,0
224,58072,118,976,-6246,-5152,3059,25366,-2632,0,0,0,0,1,0
225,58333,0,1040,-5014,-3974,0,27026,-2502,0,0,0,0,1,0
226,58593,-118,1094,-3626,-2650,-3059,28425,-2349,0,0,0,0,1,0
227,58854,-234,1137,-2097,-1194,-6088,29551,-2172,0,0,0,0,1,0
228,59114,-349,1169,-443,378,-9059,30391,-1975,0,0,0,0,1,0
229,59375,-459,1190,1321,2052,-11942,30940,-1759,0,0,0,0,1,0
230,59635,-566,1200,3175,3809,-14711,31190,-1526,0,0,0,0,1,0
231,59895,-667,1198,5101,5632,-17337,31140,-1278,0,0,0,0,1,0
232,60156,-762,1185,7079,7502,-19797,30790,-1018,0,0,0,0,1,0
233,60416,-849,1160,9089,9400,-22066,30143,-748,0,0,0,0,1,0
234,60677,-928,1124,11111,11307,-24123,29207,-471,0,0,0,0,1,0
235,60937,-998,1077,13125,13204,-25947,27988,-189,0,0,0,0,1,0
236,61197,-1059,1020,15110,15071,-27522,26501,95,0,0,0,0,1,0
237,61458,-1109,953,17046,16889,-28831,24758,377,0,0,0,0,1,0
238,61718,-1149,876,18913,18640,-29863,22777,656,0,0,0,0,1,0
239,61979,-1178,792,20692,20306,-30607,20576,929,0,0,0,0,1,0
240,62239,-1195,699,22367,21871,-31056,18177,1193,0,0,0,0,1,0
241,62500,-1201,600,23918,23318,-31207,15603,1445,0,0,0,0,1,0
242,62760,-1195,496,25331,24632,-31056,12879,1683,0,0,0,0,1,0
243,63020,-1178,386,26592,25800,-30607,10031,1905,0,0,0,0,1,0
244,63281,-1149,273,27686,26809,-29863,7086,2109,0,0,0,0,1,0
245,63541,-1109,157,28603,27650,-28831,4073,2292,0,0,0,0,1,0
246,63802,-1059,39,29332,28313,-27522,1021,2454,0,0,0,0,1,0
247,64062,-998,-79,29867,28790,-25947,-2041,2592,0,0,0,0,1,0
248,64322,-928,-196,30201,29077,-24123,-5083,2704,0,0,0,0,1,0
249,64583,-849,-311,30330,29170,-22066,-8077,2791,0,0,0,0,1,0
250,64843,-762,-423,30251,29066,-19797,-10993,2851,0,0,0,0,1,0
251,65104,-667,-531,29966,28767,-17337,-13802,2883,0,0,0,0,1,0
252,65364,-566,-634,29475,28275,-14711,-16479,2888,0,0,0,0,1,0
253,65625,-459,-731,28783,27592,-11942,-18997,2865,0,0,0,0,1,0
254,65885,-349,-821,27895,26725,-9059,-21333,2814,0,0,0,0,1,0
255,66145,-234,-903,26819,25682,-6088,-23462,2736,0,0,0,0,1,0
256,66406,-118,-976,25566,24472,-3059,-25366,2632,0,0,0,0,1,0
257,66666,0,-1040,24145,23105,0,-27026,2502,0,0,0,0,1,0
258,66927,118,-1094,22571,21595,3059,-28425,2349,0,0,0,0,1,0
259,67187,234,-1137,20857,19954,6088,-29551,2172,0,0,0,0,1,0
260,67447,349,-1169,19019,18198,9059,-30391,1975,0,0,0,0,1,0
261,67708,459,-1190,17074,16343,11942,-30940,1759,0,0,0,0,1,0
262,67968,566,-1200,15040,14406,14711,-31190,1526,0,0,0,0,1,0
263,68229,667,-1198,12936,12405,17337,-31140,1278,0,0,0,0,1,0
264,68489,762,-1185,10782,10359,19797,-30790,1018,0,0,0,0,1,0
265,68750,849,-1160,8597,8286,22066,-30143,748,0,0,0,0,1,0
266,69010,928,-1124,6402,6206,24123,-29207,471,0,0,0,0,1,0
267,69270,998,-1077,4217,4139,25947,-27988,189,0,0,0,0,1,0
268,69531,1059,-1020,2063,2102,27522,-26501,-95,0,0,0,0,1,0
269,69791,1109,-953,-40,116,28831,-24758,-377,0,0,0,0,1,0
270,70052,1149,-876,-2074,-1801,29863,-22777,-656,0,0,0,0,1,0
271,70312,1178,-792,-4018,-3632,30607,-20576,-929,0,0,0,0,1,0
272,70572,1195,-699,-5855,-5359,31056,-18177,-1193,0,0,0,0,1,0
273,70833,1201,-600,-7568,-6967,31207,-15603,-1445,0,0,0,0,1,0
274,71093,1195,-496,-9141,-8441,31056,-12879,-1683,0,0,0,0,1,0
275,71354,1178,-386,-10559,-9767,30607,-10031,-1905,0,0,0,0,1,0
276,71614,1149,-273,-11810,-10934,29863,-7086,-2109,0,0,0,0,1,0
277,71875,1109,-157,-12882,-11929,28831,-4073,-2292,0,0,0,0,1,0
278,72135,1059,-39,-13765,-12746,27522,-1021,-2454,0,0,0,0,1,0
279,72395,998,79,-14452,-13375,25947,2041,-2592,0,0,0,0,1,0
280,72656,928,196,-14936,-13813,24123,5083,-2704,0,0,0,0,1,0
281,72916,849,311,-15214,-14054,22066,8077,-2791,0,0,0,0,1,0
282,73177,762,423,-15284,-14099,19797,10993,-2851,0,0,0,0,1,0
283,73437,667,531,-15144,-13946,17337,13802,-2883,0,0,0,0,1,0
284,73697,566,634,-14798,-13598,14711,16479,-2888,0,0,0,0,1,0
285,73958,459,731,-14249,-13059,11942,18997,-2865,0,0,0,0,1,0
286,74218,349,821,-13504,-12334,9059,21333,-2814,0,0,0,0,1,0
287,74479,234,903,-12569,-11432,6088,23462,-2736,0,0,0,0,1,0
288,74739,118,976,-11454,-10361,3059,25366,-2632,0,0,0,0,1,0
289,75000,0,1040,-10172,-9132,0,27026,-2502,0,0,0,0,1,0
290,75260,-118,1094,-8734,-7758,-3059,28425,-2349,0,0,0,0,1,0
291,75520,-234,1137,-7155,-6252,-6088,29551,-2172,0,0,0,0,1,0
292,75781,-349,1169,-5451,-4630,-9059,30391,-1975,0,0,0,0,1,0
293,76041,-459,1190,-3638,-2907,-11942,30940,-1759,0,0,0,0,1,0
294,76302,-566,1200,-1736,-1102,-14711,31190,-1526,0,0,0,0,1,0
295,76562,-667,1198,238,769,-17337,31140,-1278,0,0,0,0,1,0
296,76822,-762,1185,2264,2687,-19797,30790,-1018,0,0,0,0,1,0
297,77083,-849,1160,4321,4632,-22066,30143,-748,0,0,0,0,1,0
298,77343,-928,1124,6390,6585,-24123,29207,-471,0,0,0,0,1,0
299,77604,-998,1077,8450,8528,-25947,27988,-189,0,0,0,0,1,0
300,77864,-1059,1020,10480,10441,-27522,26501,95,0,0,0,0,1,0
301,78125,-1109,953,12461,12304,-28831,24758,377,0,0,0,0,1,0
302,78385,-1149,876,14373,14100,-29863,22777,656,0,0,0,0,1,0
303,78645,-1178,792,16197,15811,-30607,20576,929,0,0,0,0,1,0
304,78906,-1195,699,17915,17420,-31056,18177,1193,0,0,0,0,1,0
305,79166,-1201,600,19510,18910,-31207,15603,1445,0,0,0,0,1,0
306,79427,-1195,496,20966,20267,-31056,12879,1683,0,0,0,0,1,0
307,79687,-1178,386,22269,21478,-30607,10031,1905,0,0,0,0,1,0
308,79947,-1149,273,23406,22529,-29863,7086,2109,0,0,0,0,1,0
309,80208,-1109,157,24364,23412,-28831,4073,2292,0,0,0,0,1,0
310,80468,-1059,39,25135,24116,-27522,1021,2454,0,0,0,0,1,0
311,80729,-499,-39,538,0,-24025,-1890,25915,0,0,0,0,1,0
312,80989,-464,-98,562,0,-22336,-4707,27043,0,0,0,0,1,0
313,81250,-425,-155,580,0,-20432,-7479,27910,0,0,0,0,1,0
314,81510,-381,-211,592,0,-18331,-10178,28509,0,0,0,0,1,0
315,81770,-334,-266,599,0,-16053,-12780,28833,0,0,0,0,1,0
316,82031,-283,-317,600,0,-13621,-15259,28880,0,0,0,0,1,0
317,82291,-230,-365,595,0,-11058,-17590,28648,0,0,0,0,1,0
318,82552,-174,-410,585,0,-8388,-19752,28140,0,0,0,0,1,0
319,82812,-117,-451,569,0,-5637,-21724,27362,0,0,0,0,1,0
320,83072,-59,-488,547,0,-2832,-23487,26319,0,0,0,0,1,0
321,83333,0,-520,520,0,0,-25024,25024,0,0,0,0,1,0
322,83593,59,-547,488,0,2832,-26319,23487,0,0,0,0,1,0
323,83854,117,-569,451,0,5637,-27362,21724,0,0,0,0,1,0
324,84114,174,-585,410,0,8388,-28140,19752,0,0,0,0,1,0
325,84375,230,-595,365,0,11058,-28648,17590,0,0,0,0,1,0
326,84635,283,-600,317,0,13621,-28880,15259,0,0,0,0,1,0
327,84895,334,-599,266,0,16053,-28833,12780,0,0,0,0,1,0
328,85156,381,-592,211,0,18331,-28509,10178,0,0,0,0,1,0
329,85416,425,-580,155,0,20432,-27910,7479,0,0,0,0,1,0
330,85677,464,-562,98,0,22336,-27043,4707,0,0,0,0,1,0
331,85937,499,-538,39,0,24025,-25915,1890,0,0,0,0,1,0
332,86197,529,-510,-20,0,25483,-24538,-945,0,0,0,0,1,0
333,86458,555,-476,-78,0,26696,-22924,-3772,0,0,0,0,1,0
334,86718,575,-438,-136,0,27651,-21089,-6561,0,0,0,0,1,0
335,86979,589,-396,-193,0,28340,-19052,-9288,0,0,0,0,1,0
336,87239,597,-350,-248,0,28756,-16831,-11925,0,0,0,0,1,0
337,87500,600,-300,-300,0,28895,-14448,-14448,0,0,0,0,1,0
338,87760,597,-248,-350,0,28756,-11925,-16831,0,0,0,0,1,0
339,88020,589,-193,-396,0,28340,-9288,-19052,0,0,0,0,1,0
340,88281,575,-136,-438,0,27651,-6561,-21089,0,0,0,0,1,0
341,88541,555,-78,-476,0,26696,-3772,-22924,0,0,0,0,1,0
342,88802,529,-20,-510,0,25483,-945,-24538,0,0,0,0,1,0
343,89062,499,39,-538,0,24025,1890,-25915,0,0,0,0,1,0
344,89322,464,98,-562,0,22336,4707,-27043,0,0,0,0,1,0
345,89583,425,155,-580,0,20432,7479,-27910,0,0,0,0,1,0
346,89843,381,211,-592,0,18331,10178,-28509,0,0,0,0,1,0
347,90104,334,266,-599,0,16053,12780,-28833,0,0,0,0,1,0
348,90364,283,317,-600,0,13621,15259,-28880,0,0,0,0,1,0
349,90625,230,365,-595,0,11058,17590,-28648,0,0,0,0,1,0
350,90885,174,410,-585,0,8388,19752,-28140,0,0,0,0,1,0
351,91145,117,451,-569,0,5637,21724,-27362,0,0,0,0,1,0
352,91406,59,488,-547,0,2832,23487,-26319,0,0,0,0,1,0
353,91666,0,520,-520,0,0,25024,-25024,0,0,0,0,1,0
354,91927,-59,547,-488,0,-2832,26319,-23487,0,0,0,0,1,0
355,92187,-117,569,-451,0,-5637,27362,-21724,0,0,0,0,1,0
356,92447,-174,585,-410,0,-8388,28140,-19752,0,0,0,0,1,0
357,92708,-230,595,-365,0,-11058,28648,-17590,0,0,0,0,1,0
358,92968,-283,600,-317,0,-13621,28880,-15259,0,0,0,0,1,0
359,93229,-334,599,-266,0,-16053,28833,-12780,0,0,0,0,1,0
360,93489,-381,592,-211,0,-18331,28509,-10178,0,0,0,0,1,0
361,93750,-425,580,-155,0,-20432,27910,-7479,0,0,0,0,1,0
362,94010,-464,562,-98,0,-22336,27043,-4707,0,0,0,0,1,0
363,94270,-499,538,-39,0,-24025,25915,-1890,0,0,0,0,1,0
364,94531,-529,510,20,0,-25483,24538,945,0,0,0,0,1,0
365,94791,-555,476,78,0,-26696,22924,3772,0,0,0,0,1,0
366,95052,-575,438,136,0,-27651,21089,6561,0,0,0,0,1,0
367,95312,-589,396,193,0,-28340,19052,9288,0,0,0,0,1,0
368,95572,-597,350,248,0,-28756,16831,11925,0,0,0,0,1,0
369,95833,-600,300,300,0,-28895,14448,14448,0,0,0,0,1,0
370,96093,-597,248,350,0,-28756,11925,16831,0,0,0,0,1,0
371,96354,-589,193,396,0,-28340,9288,19052,0,0,0,0,1,0
372,96614,-575,136,438,0,-27651,6561,21089,0,0,0,0,1,0
373,96875,-555,78,476,0,-26696,3772,22924,0,0,0,0,1,0
374,97135,-529,20,510,0,-25483,945,24538,0,0,0,0,1,0
375,97395,-499,-39,538,0,-24025,-1890,25915,0,0,0,0,1,0
376,97656,-464,-98,562,0,-22336,-4707,27043,0,0,0,0,1,0
377,97916,-425,-155,580,0,-20432,-7479,27910,0,0,0,0,1,0
378,98177,-381,-211,592,0,-18331,-10178,28509,0,0,0,0,1,0
379,98437,-334,-266,599,0,-16053,-12780,28833,0,0,0,0,1,0
380,98697,-283,-317,600,0,-13621,-15259,28880,0,0,0,0,1,0
381,98958,-230,-365,595,0,-11058,-17590,28648,0,0,0,0,1,0
382,99218,-174,-410,585,0,-8388,-19752,28140,0,0,0,0,1,0
383,99479,-117,-451,569,0,-5637,-21724,27362,0,0,0,0,1,0
384,99739,-59,-488,547,0,-2832,-23487,26319,0,0,0,0,1,0
385,100000,0,-520,520,0,0,-25024,25024,0,0,0,0,1,0
386,100260,59,-547,488,0,2832,-26319,23487,0,0,0,0,1,0
387,100520,117,-569,451,0,5637,-27362,21724,0,0,0,0,1,0
388,100781,174,-585,410,0,8388,-28140,19752,0,0,0,0,1,0
389,101041,230,-595,365,0,11058,-28648,17590,0,0,0,0,1,0
390,101302,283,-600,317,0,13621,-28880,15259,0,0,0,0,1,0
391,101562,334,-599,266,0,16053,-28833,12780,0,0,0,0,1,0
392,101822,381,-592,211,0,18331,-28509,10178,0,0,0,0,1,0
393,102083,425,-580,155,0,20432,-27910,7479,0,0,0,0,1,0
394,102343,464,-562,98,0,22336,-27043,4707,0,0,0,0,1,0
395,102604,499,-538,39,0,24025,-25915,1890,0,0,0,0,1,0
396,102864,529,-510,-20,0,25483,-24538,-945,0,0,0,0,1,0
397,103125,555,-476,-78,0,26696,-22924,-3772,0,0,0,0,1,0
398,103385,575,-438,-136,0,27651,-21089,-6561,0,0,0,0,1,0
399,103645,589,-396,-193,0,28340,-19052,-9288,0,0,0,0,1,0
400,103906,597,-350,-248,0,28756,-16831,-11925,0,0,0,0,1,0
401,104166,600,-300,-300,0,28895,-14448,-14448,0,0,0,0,1,0
402,104427,597,-248,-350,0,28756,-11925,-16831,0,0,0,0,1,0
403,104687,589,-193,-396,0,28340,-9288,-19052,0,0,0,0,1,0
404,104947,575,-136,-438,0,27651,-6561,-21089,0,0,0,0,1,0
405,105208,555,-78,-476,0,26696,-3772,-22924,0,0,0,0,1,0
406,105468,529,-20,-510,0,25483,-945,-24538,0,0,0,0,1,0
407,105729,499,39,-538,0,24025,1890,-25915,0,0,0,0,1,0
408,105989,464,98,-562,0,22336,4707,-27043,0,0,0,0,1,0
409,106250,425,155,-580,0,20432,7479,-27910,0,0,0,0,1,0
410,106510,381,211,-592,0,18331,10178,-28509,0,0,0,0,1,0
411,106770,334,266,-599,0,16053,12780,-28833,0,0,0,0,1,0
412,107031,283,317,-600,0,13621,15259,-28880,0,0,0,0,1,0
413,107291,230,365,-595,0,11058,17590,-28648,0,0,0,0,1,0
414,107552,174,410,-585,0,8388,19752,-28140,0,0,0,0,1,0
415,107812,117,451,-569,0,5637,21724,-27362,0,0,0,0,1,0
416,108072,59,488,-547,0,2832,23487,-26319,0,0,0,0,1,0
417,108333,0,520,-520,0,0,25024,-25024,0,0,0,0,1,0
418,108593,-59,547,-488,0,-2832,26319,-23487,0,0,0,0,1,0
419,108854,-117,569,-451,0,-5637,27362,-21724,0,0,0,0,1,0
420,109114,-174,585,-410,0,-8388,28140,-19752,0,0,0,0,1,0
421,109375,-230,595,-365,0,-11058,28648,-17590,0,0,0,0,1,0
422,109635,-283,600,-317,0,-13621,28880,-15259,0,0,0,0,1,0
423,109895,-334,599,-266,0,-16053,28833,-12780,0,0,0,0,1,0
424,110156,-381,592,-211,0,-18331,28509,-10178,0,0,0,0,1,0
425,110416,-425,580,-155,0,-20432,27910,-7479,0,0,0,0,1,0
426,110677,-464,562,-98,0,-22336,27043,-4707,0,0,0,0,1,0
427,110937,-499,538,-39,0,-24025,25915,-1890,0,0,0,0,1,0
428,111197,-529,510,20,0,-25483,24538,945,0,0,0,0,1,0
429,111458,-555,476,78,0,-26696,22924,3772,0,0,0,0,1,0
430,111718,-575,438,136,0,-27651,21089,6561,0,0,0,0,1,0
431,111979,-589,396,193,0,-28340,19052,9288,0,0,0,0,1,0
432,112239,-597,350,248,0,-28756,16831,11925,0,0,0,0,1,0
433,112500,-600,300,300,0,-28895,14448,14448,0,0,0,0,1,0
434,112760,-597,248,350,0,-28756,11925,16831,0,0,0,0,1,0
435,113020,-589,193,396,0,-28340,9288,19052,0,0,0,0,1,0
436,113281,-575,136,438,0,-27651,6561,21089,0,0,0,0,1,0
437,113541,-555,78,476,0,-26696,3772,22924,0,0,0,0,1,0
438,113802,-529,20,510,0,-25483,945,24538,0,0,0,0,1,0
439,114062,-499,-39,538,0,-24025,-1890,25915,0,0,0,0,1,0
440,114322,-464,-98,562,0,-22336,-4707,27043,0,0,0,0,1,0
441,114583,-425,-155,580,0,-20432,-7479,27910,0,0,0,0,1,0
442,114843,-381,-211,592,0,-18331,-10178,28509,0,0,0,0,1,0
443,115104,-334,-266,599,0,-16053,-12780,28833,0,0,0,0,1,0
444,115364,-283,-317,600,0,-13621,-15259,28880,0,0,0,0,1,0
445,115625,-230,-365,595,0,-11058,-17590,28648,0,0,0,0,1,0
446,115885,-174,-410,585,0,-8388,-19752,28140,0,0,0,0,1,0
447,116145,-117,-451,569,0,-5637,-21724,27362,0,0,0,0,1,0
448,116406,-59,-488,547,0,-2832,-23487,26319,0,0,0,0,1,0
449,116666,0,-520,520,0,0,-25024,25024,0,0,0,0,1,0
450,116927,59,-547,488,0,2832,-26319,23487,0,0,0,0,1,0
451,117187,117,-569,451,0,5637,-27362,21724,0,0,0,0,1,0
452,117447,174,-585,410,0,8388,-28140,19752,0,0,0,0,1,0
453,117708,230,-595,365,0,11058,-28648,17590,0,0,0,0,1,0
454,117968,283,-600,317,0,13621,-28880,15259,0,0,0,0,1,0
455,118229,334,-599,266,0,16053,-28833,12780,0,0,0,0,1,0
456,118489,381,-592,211,0,18331,-28509,10178,0,0,0,0,1,0
457,118750,425,-580,155,0,20432,-27910,7479,0,0,0,0,1,0
458,119010,464,-562,98,0,22336,-27043,4707,0,0,0,0,1,0
459,119270,499,-538,39,0,24025,-25915,1890,0,0,0,0,1,0
460,119531,529,-510,-20,0,25483,-24538,-945,0,0,0,0,1,0
461,119791,555,-476,-78,0,26696,-22924,-3772,0,0,0,0,1,0
462,120052,575,-438,-136,0,27651,-21089,-6561,0,0,0,0,1,0
463,120312,589,-396,-193,0,28340,-19052,-9288,0,0,0,0,1,0
464,120572,597,-350,-248,0,28756,-16831,-11925,0,0,0,0,1,0
465,120833,600,-300,-300,0,28895,-14448,-14448,0,0,0,0,1,0
466,121093,597,-248,-350,0,28756,-11925,-16831,0,0,0,0,1,0
467,121354,589,-193,-396,0,28340,-9288,-19052,0,0,0,0,1,0
468,121614,575,-136,-438,0,27651,-6561,-21089,0,0,0,0,1,0
469,121875,555,-78,-476,0,26696,-3772,-22924,0,0,0,0,1,0
470,122135,529,-20,-510,0,25483,-945,-24538,0,0,0,0,1,0
471,122395,499,39,-538,0,24025,1890,-25915,0,0,0,0,1,0
472,122656,464,98,-562,0,22336,4707,-27043,0,0,0,0,1,0
473,122916,425,155,-580,0,20432,7479,-27910,0,0,0,0,1,0
474,123177,381,211,-592,0,18331,10178,-28509,0,0,0,0,1,0
475,123437,334,266,-599,0,16053,12780,-28833,0,0,0,0,1,0
476,123697,283,317,-600,0,13621,15259,-28880,0,0,0,0,1,0
477,123958,230,365,-595,0,11058,17590,-28648,0,0,0,0,1,0
478,124218,174,410,-585,0,8388,19752,-28140,0,0,0,0,1,0
479,124479,117,451,-569,0,5637,21724,-27362,0,0,0,0,1,0
480,124739,59,488,-547,0,2832,23487,-26319,0,0,0,0,1,0
481,125000,0,520,-520,0,0,25024,-25024,0,0,0,0,1,0
482,125260,-59,547,-488,0,-2832,26319,-23487,0,0,0,0,1,0
483,125520,-117,569,-451,0,-5637,27362,-21724,0,0,0,0,1,0
484,125781,-174,585,-410,0,-8388,28140,-19752,0,0,0,0,1,0
485,126041,-230,595,-365,0,-11058,28648,-17590,0,0,0,0,1,0
486,126302,-283,600,-317,0,-13621,28880,-15259,0,0,0,0,1,0
487,126562,-334,599,-266,0,-16053,28833,-12780,0,0,0,0,1,0
488,126822,-381,592,-211,0,-18331,28509,-10178,0,0,0,0,1,0
489,127083,-425,580,-155,0,-20432,27910,-7479,0,0,0,0,1,0
490,127343,-464,562,-98,0,-22336,27043,-4707,0,0,0,0,1,0
491,127604,-499,538,-39,0,-24025,25915,-1890,0,0,0,0,1,0
492,127864,-529,510,20,0,-25483,24538,945,0,0,0,0,1,0
493,128124,-555,476,78,0,-26696,22924,3772,0,0,0,0,1,0
494,128385,-575,438,136,0,-27651,21089,6561,0,0,0,0,1,0
495,128645,-589,396,193,0,-28340,19052,9288,0,0,0,0,1,0
496,128906,-597,350,248,0,-28756,16831,11925,0,0,0,0,1,0
497,129166,-600,300,300,0,-28895,14448,14448,0,0,0,0,1,0
498,129427,-597,248,350,0,-28756,11925,16831,0,0,0,0,1,0
499,129687,-589,193,396,0,-28340,9288,19052,0,0,0,0,1,0
500,129947,-575,136,438,0,-27651,6561,21089,0,0,0,0,1,0
501,130208,-555,78,476,0,-26696,3772,22924,0,0,0,0,1,0
502,130468,-529,20,510,0,-25483,945,24538,0,0,0,0,1,0
503,130729,-499,-39,538,0,-24025,-1890,25915,0,0,0,0,1,0
504,130989,-464,-98,562,0,-22336,-4707,27043,0,0,0,0,1,0
505,131250,-425,-155,580,0,-20432,-7479,27910,0,0,0,0,1,0
506,131510,-381,-211,592,0,-18331,-10178,28509,0,0,0,0,1,0
507,131770,-334,-266,599,0,-16053,-12780,28833,0,0,0,0,1,0
508,132031,-283,-317,600,0,-13621,-15259,28880,0,0,0,0,1,0
509,132291,-230,-365,595,0,-11058,-17590,28648,0,0,0,0,1,0
510,132552,-174,-410,585,0,-8388,-19752,28140,0,0,0,0,1,0
511,132812,-117,-451,569,0,-5637,-21724,27362,0,0,0,0,1,0
512,133072,-59,-488,547,0,-2832,-23487,26319,0,0,0,0,1,0
513,133333,0,-520,520,0,0,-25024,25024,0,0,0,0,1,0
514,133593,59,-547,488,0,2832,-26319,23487,0,0,0,0,1,0
515,133854,117,-569,451,0,5637,-27362,21724,0,0,0,0,1,0
516,134114,174,-585,410,0,8388,-28140,19752,0,0,0,0,1,0
517,134375,230,-595,365,0,11058,-28648,17590,0,0,0,0,1,0
518,134635,283,-600,317,0,13621,-28880,15259,0,0,0,0,1,0
519,134895,334,-599,266,0,16053,-28833,12780,0,0,0,0,1,0
520,135156,381,-592,211,0,18331,-28509,10178,0,0,0,0,1,0
521,135416,425,-580,155,0,20432,-27910,7479,0,0,0,0,1,0
522,135677,464,-562,98,0,22336,-27043,4707,0,0,0,0,1,0
523,135937,499,-538,39,0,24025,-25915,1890,0,0,0,0,1,0
524,136197,529,-510,-20,0,25483,-24538,-945,0,0,0,0,1,0
525,136458,555,-476,-78,0,26696,-22924,-3772,0,0,0,0,1,0
526,136718,575,-438,-136,0,27651,-21089,-6561,0,0,0,0,1,0
527,136979,589,-396,-193,0,28340,-19052,-9288,0,0,0,0,1,0
528,137239,597,-350,-248,0,28756,-16831,-11925,0,0,0,0,1,0
529,137500,600,-300,-300,0,28895,-14448,-14448,0,0,0,0,1,0
530,137760,597,-248,-350,0,28756,-11925,-16831,0,0,0,0,1,0
531,138020,589,-193,-396,0,28340,-9288,-19052,0,0,0,0,1,0
532,138281,575,-136,-438,0,27651,-6561,-21089,0,0,0,0,1,0
533,138541,555,-78,-476,0,26696,-3772,-22924,0,0,0,0,1,0
534,138802,529,-20,-510,0,25483,-945,-24538,0,0,0,0,1,0
535,139062,499,39,-538,0,24025,1890,-25915,0,0,0,0,1,0
536,139322,464,98,-562,0,22336,4707,-27043,0,0,0,0,1,0
537,139583,425,155,-580,0,20432,7479,-27910,0,0,0,0,1,0
538,139843,381,211,-592,0,18331,10178,-28509,0,0,0,0,1,0
539,140104,334,266,-599,0,16053,12780,-28833,0,0,0,0,1,0
540,140364,283,317,-600,0,13621,15259,-28880,0,0,0,0,1,0
541,140625,230,365,-595,0,11058,17590,-28648,0,0,0,0,1,0
542,140885,174,410,-585,0,8388,19752,-28140,0,0,0,0,1,0
543,141145,117,451,-569,0,5637,21724,-27362,0,0,0,0,1,0
544,141406,59,488,-547,0,2832,23487,-26319,0,0,0,0,1,0
545,141666,0,520,-520,0,0,25024,-25024,0,0,0,0,1,0
546,141927,-59,547,-488,0,-2832,26319,-23487,0,0,0,0,1,0
547,142187,-117,569,-451,0,-5637,27362,-21724,0,0,0,0,1,0
548,142447,-174,585,-410,0,-8388,28140,-19752,0,0,0,0,1,0
549,142708,-230,595,-365,0,-11058,28648,-17590,0,0,0,0,1,0
550,142968,-283,600,-317,0,-13621,28880,-15259,0,0,0,0,1,0
551,143229,-334,599,-266,0,-16053,28833,-12780,0,0,0,0,1,0
552,143489,-381,592,-211,0,-18331,28509,-10178,0,0,0,0,1,0
553,143750,-425,580,-155,0,-20432,27910,-7479,0,0,0,0,1,0
554,144010,-464,562,-98,0,-22336,27043,-4707,0,0,0,0,1,0
555,144270,-499,538,-39,0,-24025,25915,-1890,0,0,0,0,1,0
556,144531,-529,510,20,0,-25483,24538,945,0,0,0,0,1,0
557,144791,-555,476,78,0,-26696,22924,3772,0,0,0,0,1,0
558,145052,-575,438,136,0,-27651,21089,6561,0,0,0,0,1,0
559,145312,-589,396,193,0,-28340,19052,9288,0,0,0,0,1,0
560,145572,-597,350,248,0,-28756,16831,11925,0,0,0,0,1,0
561,145833,-600,300,300,0,-28895,14448,14448,0,0,0,0,1,0
562,146093,-597,248,350,0,-28756,11925,16831,0,0,0,0,1,0
563,146354,-589,193,396,0,-28340,9288,19052,0,0,0,0,1,0
564,146614,-575,136,438,0,-27651,6561,21089,0,0,0,0,1,0
565,146875,-555,78,476,0,-26696,3772,22924,0,0,0,0,1,0
566,147135,-529,20,510,0,-25483,945,24538,0,0,0,0,1,0
567,147395,-499,-39,538,0,-24025,-1890,25915,0,0,0,0,1,0
568,147656,-464,-98,562,0,-22336,-4707,27043,0,0,0,0,1,0
569,147916,-425,-155,580,0,-20432,-7479,27910,0,0,0,0,1,0
570,148177,-381,-211,592,0,-18331,-10178,28509,0,0,0,0,1,0
571,148437,-334,-266,599,0,-16053,-12780,28833,0,0,0,0,1,0
572,148697,-283,-317,600,0,-13621,-15259,28880,0,0,0,0,1,0
573,148958,-230,-365,595,0,-11058,-17590,28648,0,0,0,0,1,0
574,149218,-174,-410,585,0,-8388,-19752,28140,0,0,0,0,1,0
575,149479,-117,-451,569,0,-5637,-21724,27362,0,0,0,0,1,0
576,149739,-59,-488,547,0,-2832,-23487,26319,0,0,0,0,1,0
577,150000,0,-520,520,0,0,-25024,25024,0,0,0,0,1,0
578,150260,59,-547,488,0,2832,-26319,23487,0,0,0,0,1,0
579,150520,117,-569,451,0,5637,-27362,21724,0,0,0,0,1,0
580,150781,174,-585,410,0,8388,-28140,19752,0,0,0,0,1,0
581,151041,230,-595,365,0,11058,-28648,17590,0,0,0,0,1,0
582,151302,283,-600,317,0,13621,-28880,15259,0,0,0,0,1,0
583,151562,334,-599,266,0,16053,-28833,12780,0,0,0,0,1,0
584,151822,381,-592,211,0,18331,-28509,10178,0,0,0,0,1,0
585,152083,425,-580,155,0,20432,-27910,7479,0,0,0,0,1,0
586,152343,464,-562,98,0,22336,-27043,4707,0,0,0,0,1,0
587,152604,499,-538,39,0,24025,-25915,1890,0,0,0,0,1,0
588,152864,529,-510,-20,0,25483,-24538,-945,0,0,0,0,1,0
589,153125,555,-476,-78,0,26696,-22924,-3772,0,0,0,0,1,0
590,153385,575,-438,-136,0,27651,-21089,-6561,0,0,0,0,1,0
591,153645,589,-396,-193,0,28340,-19052,-9288,0,0,0,0,1,0
592,153906,597,-350,-248,0,28756,-16831,-11925,0,0,0,0,1,0
593,154166,600,-300,-300,0,28895,-14448,-14448,0,0,0,0,1,0
594,154427,597,-248,-350,0,28756,-11925,-16831,0,0,0,0,1,0
595,154687,589,-193,-396,0,28340,-9288,-19052,0,0,0,0,1,0
596,154947,575,-136,-438,0,27651,-6561,-21089,0,0,0,0,1,0
597,155208,555,-78,-476,0,26696,-3772,-22924,0,0,0,0,1,0
598,155468,529,-20,-510,0,25483,-945,-24538,0,0,0,0,1,0
599,155729,499,39,-538,0,24025,1890,-25915,0,0,0,0,1,0
600,155989,464,98,-562,0,22336,4707,-27043,0,0,0,0,1,0
601,156250,425,155,-580,0,20432,7479,-27910,0,0,0,0,1,0
602,156510,381,211,-592,0,18331,10178,-28509,0,0,0,0,1,0
603,156770,334,266,-599,0,16053,12780,-28833,0,0,0,0,1,0
604,157031,283,317,-600,0,13621,15259,-28880,0,0,0,0,1,0
605,157291,230,365,-595,0,11058,17590,-28648,0,0,0,0,1,0
606,157552,174,410,-585,0,8388,19752,-28140,0,0,0,0,1,0
607,157812,117,451,-569,0,5637,21724,-27362,0,0,0,0,1,0
608,158072,59,488,-547,0,2832,23487,-26319,0,0,0,0,1,0
609,158333,0,520,-520,0,0,25024,-25024,0,0,0,0,1,0
610,158593,-59,547,-488,0,-2832,26319,-23487,0,0,0,0,1,0
611,158854,-117,569,-451,0,-5637,27362,-21724,0,0,0,0,1,0
612,159114,-174,585,-410,0,-8388,28140,-19752,0,0,0,0,1,0
613,159375,-230,595,-365,0,-11058,28648,-17590,0,0,0,0,1,0
614,159635,-283,600,-317,0,-13621,28880,-15259,0,0,0,0,1,0
615,159895,-334,599,-266,0,-16053,28833,-12780,0,0,0,0,1,0
616,160156,-381,592,-211,0,-18331,28509,-10178,0,0,0,0,1,0
617,160416,-425,580,-155,0,-20432,27910,-7479,0,0,0,0,1,0
618,160677,-464,562,-98,0,-22336,27043,-4707,0,0,0,0,1,0
619,160937,-499,538,-39,0,-24025,25915,-1890,0,0,0,0,1,0
620,161197,-529,510,20,0,-25483,24538,945,0,0,0,0,1,0
621,161458,-555,476,78,0,-26696,22924,3772,0,0,0,0,1,0
622,161718,-575,438,136,0,-27651,21089,6561,0,0,0,0,1,0
623,161979,-589,396,193,0,-28340,19052,9288,0,0,0,0,1,0
624,162239,-597,350,248,0,-28756,16831,11925,0,0,0,0,1,0
625,162500,-600,300,300,0,-28895,14448,14448,0,0,0,0,1,0
626,162760,-597,248,350,0,-28756,11925,16831,0,0,0,0,1,0
627,163020,-589,193,396,0,-28340,9288,19052,0,0,0,0,1,0
628,163281,-575,136,438,0,-27651,6561,21089,0,0,0,0,1,0
629,163541,-555,78,476,0,-26696,3772,22924,0,0,0,0,1,0
630,163802,-529,20,510,0,-25483,945,24538,0,0,0,0,1,0
631,164062,-499,-39,538,0,-24025,-1890,25915,0,0,0,0,1,0
632,164322,-464,-98,562,0,-22336,-4707,27043,0,0,0,0,1,0
633,164583,-425,-155,580,0,-20432,-7479,27910,0,0,0,0,1,0
634,164843,-381,-211,592,0,-18331,-10178,28509,0,0,0,0,1,0
635,165104,-334,-266,599,0,-16053,-12780,28833,0,0,0,0,1,0
636,165364,-283,-317,600,0,-13621,-15259,28880,0,0,0,0,1,0
637,165625,-230,-365,595,0,-11058,-17590,28648,0,0,0,0,1,0
638,165885,-174,-410,585,0,-8388,-19752,28140,0,0,0,0,1,0
639,166145,-117,-451,569,0,-5637,-21724,27362,0,0,0,0,1,0
640,166406,-59,-488,547,0,-2832,-23487,26319,0,0,0,0,1,0
641,166666,0,-520,520,0,0,-25024,25024,0,0,0,0,1,0
642,166927,59,-547,488,0,2832,-26319,23487,0,0,0,0,1,0
643,167187,117,-569,451,0,5637,-27362,21724,0,0,0,0,1,0
644,167447,174,-585,410,0,8388,-28140,19752,0,0,0,0,1,0
645,167708,230,-595,365,0,11058,-28648,17590,0,0,0,0,1,0
646,167968,283,-600,317,0,13621,-28880,15259,0,0,0,0,1,0
647,168229,334,-599,266,0,16053,-28833,12780,0,0,0,0,1,0
648,168489,381,-592,211,0,18331,-28509,10178,0,0,0,0,1,0
649,168750,425,-580,155,0,20432,-27910,7479,0,0,0,0,1,0
650,169010,464,-562,98,0,22336,-27043,4707,0,0,0,0,1,0
651,169270,499,-538,39,0,24025,-25915,1890,0,0,0,0,1,0
652,169531,529,-510,-20,0,25483,-24538,-945,0,0,0,0,1,0
653,169791,555,-476,-78,0,26696,-22924,-3772,0,0,0,0,1,0
654,170052,575,-438,-136,0,27651,-21089,-6561,0,0,0,0,1,0
655,170312,589,-396,-193,0,28340,-19052,-9288,0,0,0,0,1,0
656,170572,597,-350,-248,0,28756,-16831,-11925,0,0,0,0,1,0
657,170833,600,-300,-300,0,28895,-14448,-14448,0,0,0,0,1,0
658,171093,597,-248,-350,0,28756,-11925,-16831,0,0,0,0,1,0
659,171354,589,-193,-396,0,28340,-9288,-19052,0,0,0,0,1,0
660,171614,575,-136,-438,0,27651,-6561,-21089,0,0,0,0,1,0
661,171875,555,-78,-476,0,26696,-3772,-22924,0,0,0,0,1,0
662,172135,529,-20,-510,0,25483,-945,-24538,0,0,0,0,1,0
663,172395,499,39,-538,0,24025,1890,-25915,0,0,0,0,1,0
664,172656,464,98,-562,0,22336,4707,-27043,0,0,0,0,1,0
665,172916,425,155,-580,0,20432,7479,-27910,0,0,0,0,1,0
666,173177,381,211,-592,0,18331,10178,-28509,0,0,0,0,1,0
667,173437,334,266,-599,0,16053,12780,-28833,0,0,0,0,1,0
668,173697,283,317,-600,0,13621,15259,-28880,0,0,0,0,1,0
669,173958,230,365,-595,0,11058,17590,-28648,0,0,0,0,1,0
670,174218,174,410,-585,0,8388,19752,-28140,0,0,0,0,1,0
671,174479,117,451,-569,0,5637,21724,-27362,0,0,0,0,1,0
672,174739,59,488,-547,0,2832,23487,-26319,0,0,0,0,1,0
673,175000,0,520,-520,0,0,25024,-25024,0,0,0,0,1,0
674,175260,-59,547,-488,0,-2832,26319,-23487,0,0,0,0,1,0
675,175520,-117,569,-451,0,-5637,27362,-21724,0,0,0,0,1,0
676,175781,-174,585,-410,0,-8388,28140,-19752,0,0,0,0,1,0
677,176041,-230,595,-365,0,-11058,28648,-17590,0,0,0,0,1,0
678,176302,-283,600,-317,0,-13621,28880,-15259,0,0,0,0,1,0
679,176562,-334,599,-266,0,-16053,28833,-12780,0,0,0,0,1,0
680,176822,-381,592,-211,0,-18331,28509,-10178,0,0,0,0,1,0
681,177083,-425,580,-155,0,-20432,27910,-7479,0,0,0,0,1,0
682,177343,-464,562,-98,0,-22336,27043,-4707,0,0,0,0,1,0
683,177604,-499,538,-39,0,-24025,25915,-1890,0,0,0,0,1,0
684,177864,-529,510,20,0,-25483,24538,945,0,0,0,0,1,0
685,178125,-555,476,78,0,-26696,22924,3772,0,0,0,0,1,0
686,178385,-575,438,136,0,-27651,21089,6561,0,0,0,0,1,0
687,178645,-589,396,193,0,-28340,19052,9288,0,0,0,0,1,0
688,178906,-597,350,248,0,-28756,16831,11925,0,0,0,0,1,0
689,179166,-600,300,300,0,-28895,14448,14448,0,0,0,0,1,0
690,179427,-597,248,350,0,-28756,11925,16831,0,0,0,0,1,0
691,179687,-589,193,396,0,-28340,9288,19052,0,0,0,0,1,0
692,179947,-575,136,438,0,-27651,6561,21089,0,0,0,0,1,0
693,180208,-555,78,476,0,-26696,3772,22924,0,0,0,0,1,0
694,180468,-529,20,510,0,-25483,945,24538,0,0,0,0,1,0
695,180729,-499,-39,538,0,-24025,-1890,25915,0,0,0,0,1,0
696,180989,-464,-98,562,0,-22336,-4707,27043,0,0,0,0,1,0
697,181250,-425,-155,580,0,-20432,-7479,27910,0,0,0,0,1,0
698,181510,-381,-211,592,0,-18331,-10178,28509,0,0,0,0,1,0
699,181770,-334,-266,599,0,-16053,-12780,28833,0,0,0,0,1,0
700,182031,-283,-317,600,0,-13621,-15259,28880,0,0,0,0,1,0
701,182291,-230,-365,595,0,-11058,-17590,28648,0,0,0,0,1,0
702,182552,-174,-410,585,0,-8388,-19752,28140,0,0,0,0,1,0
703,182812,-117,-451,569,0,-5637,-21724,27362,0,0,0,0,1,0
704,183072,-59,-488,547,0,-2832,-23487,26319,0,0,0,0,1,0
705,183333,0,-520,520,0,0,-25024,25024,0,0,0,0,1,0
706,183593,59,-547,488,0,2832,-26319,23487,0,0,0,0,1,0
707,183854,117,-569,451,0,5637,-27362,21724,0,0,0,0,1,0
708,184114,174,-585,410,0,8388,-28140,19752,0,0,0,0,1,0
709,184375,230,-595,365,0,11058,-28648,17590,0,0,0,0,1,0
710,184635,283,-600,317,0,13621,-28880,15259,0,0,0,0,1,0
711,184895,334,-599,266,0,16053,-28833,12780,0,0,0,0,1,0
712,185156,381,-592,211,0,18331,-28509,10178,0,0,0,0,1,0
713,185416,425,-580,155,0,20432,-27910,7479,0,0,0,0,1,0
714,185677,464,-562,98,0,22336,-27043,4707,0,0,0,0,1,0
715,185937,499,-538,39,0,24025,-25915,1890,0,0,0,0,1,0
716,186197,529,-510,-20,0,25483,-24538,-945,0,0,0,0,1,0
717,186458,555,-476,-78,0,26696,-22924,-3772,0,0,0,0,1,0
718,186718,575,-438,-136,0,27651,-21089,-6561,0,0,0,0,1,0
719,186979,589,-396,-193,0,28340,-19052,-9288,0,0,0,0,1,0
720,187239,597,-350,-248,0,28756,-16831,-11925,0,0,0,0,1,0
721,187500,600,-300,-300,0,28895,-14448,-14448,0,0,0,0,1,0
722,187760,597,-248,-350,0,28756,-11925,-16831,0,0,0,0,1,0
723,188020,589,-193,-396,0,28340,-9288,-19052,0,0,0,0,1,0
724,188281,575,-136,-438,0,27651,-6561,-21089,0,0,0,0,1,0
725,188541,555,-78,-476,0,26696,-3772,-22924,0,0,0,0,1,0
726,188802,529,-20,-510,0,25483,-945,-24538,0,0,0,0,1,0
727,189062,499,39,-538,0,24025,1890,-25915,0,0,0,0,1,0
728,189322,464,98,-562,0,22336,4707,-27043,0,0,0,0,1,0
729,189583,425,155,-580,0,20432,7479,-27910,0,0,0,0,1,0
730,189843,381,211,-592,0,18331,10178,-28509,0,0,0,0,1,0
731,190104,334,266,-599,0,16053,12780,-28833,0,0,0,0,1,0
732,190364,283,317,-600,0,13621,15259,-28880,0,0,0,0,1,0
733,190625,230,365,-595,0,11058,17590,-28648,0,0,0,0,1,0
734,190885,174,410,-585,0,8388,19752,-28140,0,0,0,0,1,0
735,191145,117,451,-569,0,5637,21724,-27362,0,0,0,0,1,0
736,191406,59,488,-547,0,2832,23487,-26319,0,0,0,0,1,0
737,191666,0,520,-520,0,0,25024,-25024,0,0,0,0,1,0
738,191927,-59,547,-488,0,-2832,26319,-23487,0,0,0,0,1,0
739,192187,-117,569,-451,0,-5637,27362,-21724,0,0,0,0,1,0
740,192447,-174,585,-410,0,-8388,28140,-19752,0,0,0,0,1,0
741,192708,-230,595,-365,0,-11058,28648,-17590,0,0,0,0,1,0
742,192968,-283,600,-317,0,-13621,28880,-15259,0,0,0,0,1,0
743,193229,-334,599,-266,0,-16053,28833,-12780,0,0,0,0,1,0
744,193489,-381,592,-211,0,-18331,28509,-10178,0,0,0,0,1,0
745,193750,-425,580,-155,0,-20432,27910,-7479,0,0,0,0,1,0
746,194010,-464,562,-98,0,-22336,27043,-4707,0,0,0,0,1,0
747,194270,-499,538,-39,0,-24025,25915,-1890,0,0,0,0,1,0
748,194531,-529,510,20,0,-25483,24538,945,0,0,0,0,1,0
749,194791,-555,476,78,0,-26696,22924,3772,0,0,0,0,1,0
750,195052,-575,438,136,0,-27651,21089,6561,0,0,0,0,1,0
751,195312,-589,396,193,0,-28340,19052,9288,0,0,0,0,1,0
752,195572,-597,350,248,0,-28756,16831,11925,0,0,0,0,1,0
753,195833,-600,300,300,0,-28895,14448,14448,0,0,0,0,1,0
754,196093,-597,248,350,0,-28756,11925,16831,0,0,0,0,1,0
755,196354,-589,193,396,0,-28340,9288,19052,0,0,0,0,1,0
756,196614,-575,136,438,0,-27651,6561,21089,0,0,0,0,1,0
757,196875,-555,78,476,0,-26696,3772,22924,0,0,0,0,1,0
758,197135,-529,20,510,0,-25483,945,24538,0,0,0,0,1,0
759,197395,-499,-39,538,0,-24025,-1890,25915,0,0,0,0,1,0
760,197656,-464,-98,562,0,-22336,-4707,27043,0,0,0,0,1,0
761,197916,-425,-155,580,0,-20432,-7479,27910,0,0,0,0,1,0
762,198177,-381,-211,592,0,-18331,-10178,28509,0,0,0,0,1,0
763,198437,-334,-266,599,0,-16053,-12780,28833,0,0,0,0,1,0
764,198697,-283,-317,600,0,-13621,-15259,28880,0,0,0,0,1,0
765,198958,-230,-365,595,0,-11058,-17590,28648,0,0,0,0,1,0
766,199218,-174,-410,585,0,-8388,-19752,28140,0,0,0,0,1,0
767,199479,-117,-451,569,0,-5637,-21724,27362,0,0,0,0,1,0
768,199739,-59,-488,547,0,-2832,-23487,26319,0,0,0,0,1,0
769,200000,0,-520,520,0,0,-25024,25024,0,0,0,0,1,0
770,200260,59,-547,488,0,2832,-26319,23487,0,0,0,0,1,0
771,200520,117,-569,451,0,5637,-27362,21724,0,0,0,0,1,0
772,200781,174,-585,410,0,8388,-28140,19752,0,0,0,0,1,0
773,201041,230,-595,365,0,11058,-28648,17590,0,0,0,0,1,0
774,201302,283,-600,317,0,13621,-28880,15259,0,0,0,0,1,0
775,201562,334,-599,266,0,16053,-28833,12780,0,0,0,0,1,0
776,201822,381,-592,211,0,18331,-28509,10178,0,0,0,0,1,0
777,202083,425,-580,155,0,20432,-27910,7479,0,0,0,0,1,0
778,202343,464,-562,98,0,22336,-27043,4707,0,0,0,0,1,0
779,202604,499,-538,39,0,24025,-25915,1890,0,0,0,0,1,0
780,202864,529,-510,-20,0,25483,-24538,-945,0,0,0,0,1,0
781,203125,555,-476,-78,0,26696,-22924,-3772,0,0,0,0,1,0
782,203385,575,-438,-136,0,27651,-21089,-6561,0,0,0,0,1,0
783,203645,589,-396,-193,0,28340,-19052,-9288,0,0,0,0,1,0
784,203906,597,-350,-248,0,28756,-16831,-11925,0,0,0,0,1,0
785,204166,600,-300,-300,0,28895,-14448,-14448,0,0,0,0,1,0
786,204427,597,-248,-350,0,28756,-11925,-16831,0,0,0,0,1,0
787,204687,589,-193,-396,0,28340,-9288,-19052,0,0,0,0,1,0
788,204947,575,-136,-438,0,27651,-6561,-21089,0,0,0,0,1,0
789,205208,555,-78,-476,0,26696,-3772,-22924,0,0,0,0,1,0
790,205468,529,-20,-510,0,25483,-945,-24538,0,0,0,0,1,0
791,205729,499,39,-538,0,24025,1890,-25915,0,0,0,0,1,0
792,205989,464,98,-562,0,22336,4707,-27043,0,0,0,0,1,0
793,206250,425,155,-580,0,20432,7479,-27910,0,0,0,0,1,0
794,206510,381,211,-592,0,18331,10178,-28509,0,0,0,0,1,0
795,206770,334,266,-599,0,16053,12780,-28833,0,0,0,0,1,0
796,207031,283,317,-600,0,13621,15259,-28880,0,0,0,0,1,0
797,207291,230,365,-595,0,11058,17590,-28648,0,0,0,0,1,0
798,207552,174,410,-585,0,8388,19752,-28140,0,0,0,0,1,0
799,207812,117,451,-569,0,5637,21724,-27362,0,0,0,0,1,0
800,208072,59,488,-547,0,2832,23487,-26319,0,0,0,0,1,0
801,208333,0,520,-520,0,0,25024,-25024,0,0,0,0,1,0
802,208593,-59,547,-488,0,-2832,26319,-23487,0,0,0,0,1,0
803,208854,-117,569,-451,0,-5637,27362,-21724,0,0,0,0,1,0
804,209114,-174,585,-410,0,-8388,28140,-19752,0,0,0,0,1,0
805,209375,-230,595,-365,0,-11058,28648,-17590,0,0,0,0,1,0
806,209635,-283,600,-317,0,-13621,28880,-15259,0,0,0,0,1,0
807,209895,-334,599,-266,0,-16053,28833,-12780,0,0,0,0,1,0
808,210156,-381,592,-211,0,-18331,28509,-10178,0,0,0,0,1,0
809,210416,-425,580,-155,0,-20432,27910,-7479,0,0,0,0,1,0
810,210677,-464,562,-98,0,-22336,27043,-4707,0,0,0,0,1,0
811,210937,-499,538,-39,0,-24025,25915,-1890,0,0,0,0,1,0
812,211197,-529,510,20,0,-25483,24538,945,0,0,0,0,1,0
813,211458,-555,476,78,0,-26696,22924,3772,0,0,0,0,1,0
814,211718,-575,438,136,0,-27651,21089,6561,0,0,0,0,1,0
815,211979,-589,396,193,0,-28340,19052,9288,0,0,0,0,1,0
816,212239,-597,350,248,0,-28756,16831,11925,0,0,0,0,1,0
817,212500,-600,300,300,0,-28895,14448,14448,0,0,0,0,1,0
818,212760,-597,248,350,0,-28756,11925,16831,0,0,0,0,1,0
819,213020,-589,193,396,0,-28340,9288,19052,0,0,0,0,1,0
820,213281,-575,136,438,0,-27651,6561,21089,0,0,0,0,1,0
821,213541,-555,78,476,0,-26696,3772,22924,0,0,0,0,1,0
822,213802,-529,20,510,0,-25483,945,24538,0,0,0,0,1,0
823,214062,-499,-39,538,0,-24025,-1890,25915,0,0,0,0,1,0
824,214322,-464,-98,562,0,-22336,-4707,27043,0,0,0,0,1,0
825,214583,-425,-155,580,0,-20432,-7479,27910,0,0,0,0,1,0
826,214843,-381,-211,592,0,-18331,-10178,28509,0,0,0,0,1,0
827,215104,-334,-266,599,0,-16053,-12780,28833,0,0,0,0,1,0
828,215364,-283,-317,600,0,-13621,-15259,28880,0,0,0,0,1,0
829,215625,-230,-365,595,0,-11058,-17590,28648,0,0,0,0,1,0
830,215885,-174,-410,585,0,-8388,-19752,28140,0,0,0,0,1,0
831,216145,-117,-451,569,0,-5637,-21724,27362,0,0,0,0,1,0
832,216406,-59,-488,547,0,-2832,-23487,26319,0,0,0,0,1,0
833,216666,0,-520,520,0,0,-25024,25024,0,0,0,0,1,0
834,216927,59,-547,488,0,2832,-26319,23487,0,0,0,0,1,0
835,217187,117,-569,451,0,5637,-27362,21724,0,0,0,0,1,0
836,217447,174,-585,410,0,8388,-28140,19752,0,0,0,0,1,0
837,217708,230,-595,365,0,11058,-28648,17590,0,0,0,0,1,0
838,217968,283,-600,317,0,13621,-28880,15259,0,0,0,0,1,0
839,218229,334,-599,266,0,16053,-28833,12780,0,0,0,0,1,0
840,218489,381,-592,211,0,18331,-28509,10178,0,0,0,0,1,0
841,218750,425,-580,155,0,20432,-27910,7479,0,0,0,0,1,0
842,219010,464,-562,98,0,22336,-27043,4707,0,0,0,0,1,0
843,219270,499,-538,39,0,24025,-25915,1890,0,0,0,0,1,0
844,219531,529,-510,-20,0,25483,-24538,-945,0,0,0,0,1,0
845,219791,555,-476,-78,0,26696,-22924,-3772,0,0,0,0,1,0
846,220052,575,-438,-136,0,27651,-21089,-6561,0,0,0,0,1,0
847,220312,589,-396,-193,0,28340,-19052,-9288,0,0,0,0,1,0
848,220572,597,-350,-248,0,28756,-16831,-11925,0,0,0,0,1,0
849,220833,600,-300,-300,0,28895,-14448,-14448,0,0,0,0,1,0
850,221093,597,-248,-350,0,28756,-11925,-16831,0,0,0,0,1,0
851,221354,589,-193,-396,0,28340,-9288,-19052,0,0,0,0,1,0
852,221614,575,-136,-438,0,27651,-6561,-21089,0,0,0,0,1,0
853,221875,555,-78,-476,0,26696,-3772,-22924,0,0,0,0,1,0
854,222135,529,-20,-510,0,25483,-945,-24538,0,0,0,0,1,0
855,222395,499,39,-538,0,24025,1890,-25915,0,0,0,0,1,0
856,222656,464,98,-562,0,22336,4707,-27043,0,0,0,0,1,0
857,222916,425,155,-580,0,20432,7479,-27910,0,0,0,0,1,0
858,223177,381,211,-592,0,18331,10178,-28509,0,0,0,0,1,0
859,223437,334,266,-599,0,16053,12780,-28833,0,0,0,0,1,0
860,223697,283,317,-600,0,13621,15259,-28880,0,0,0,0,1,0
861,223958,230,365,-595,0,11058,17590,-28648,0,0,0,0,1,0
862,224218,174,410,-585,0,8388,19752,-28140,0,0,0,0,1,0
863,224479,117,451,-569,0,5637,21724,-27362,0,0,0,0,1,0
864,224739,59,488,-547,0,2832,23487,-26319,0,0,0,0,1,0
865,225000,0,520,-520,0,0,25024,-25024,0,0,0,0,1,0
866,225260,-59,547,-488,0,-2832,26319,-23487,0,0,0,0,1,0
867,225520,-117,569,-451,0,-5637,27362,-21724,0,0,0,0,1,0
868,225781,-174,585,-410,0,-8388,28140,-19752,0,0,0,0,1,0
869,226041,-230,595,-365,0,-11058,28648,-17590,0,0,0,0,1,0
870,226302,-283,600,-317,0,-13621,28880,-15259,0,0,0,0,1,0
871,226562,-334,599,-266,0,-16053,28833,-12780,0,0,0,0,1,0
872,226822,-381,592,-211,0,-18331,28509,-10178,0,0,0,0,1,0
873,227083,-425,580,-155,0,-20432,27910,-7479,0,0,0,0,1,0
874,227343,-464,562,-98,0,-22336,27043,-4707,0,0,0,0,1,0
875,227604,-499,538,-39,0,-24025,25915,-1890,0,0,0,0,1,0
876,227864,-529,510,20,0,-25483,24538,945,0,0,0,0,1,0
877,228125,-555,476,78,0,-26696,22924,3772,0,0,0,0,1,0
878,228385,-575,438,136,0,-27651,21089,6561,0,0,0,0,1,0
879,228645,-589,396,193,0,-28340,19052,9288,0,0,0,0,1,0
880,228906,-597,350,248,0,-28756,16831,11925,0,0,0,0,1,0
881,229166,-600,300,300,0,-28895,14448,14448,0,0,0,0,1,0
882,229427,-597,248,350,0,-28756,11925,16831,0,0,0,0,1,0
883,229687,-589,193,396,0,-28340,9288,19052,0,0,0,0,1,0
884,229947,-575,136,438,0,-27651,6561,21089,0,0,0,0,1,0
885,230208,-555,78,476,0,-26696,3772,22924,0,0,0,0,1,0
886,230468,-529,20,510,0,-25483,945,24538,0,0,0,0,1,0
887,230729,-499,-39,538,0,-24025,-1890,25915,0,0,0,0,1,0
888,230989,-464,-98,562,0,-22336,-4707,27043,0,0,0,0,1,0
889,231250,-425,-155,580,0,-20432,-7479,27910,0,0,0,0,1,0
890,231510,-381,-211,592,0,-18331,-10178,28509,0,0,0,0,1,0
891,231770,-334,-266,599,0,-16053,-12780,28833,0,0,0,0,1,0
892,232031,-283,-317,600,0,-13621,-15259,28880,0,0,0,0,1,0
893,232291,-230,-365,595,0,-11058,-17590,28648,0,0,0,0,1,0
894,232552,-174,-410,585,0,-8388,-19752,28140,0,0,0,0,1,0
895,232812,-117,-451,569,0,-5637,-21724,27362,0,0,0,0,1,0
896,233072,-59,-488,547,0,-2832,-23487,26319,0,0,0,0,1,0
897,233333,0,-520,520,0,0,-25024,25024,0,0,0,0,1,0
898,233593,59,-547,488,0,2832,-26319,23487,0,0,0,0,1,0
899,233854,117,-569,451,0,5637,-27362,21724,0,0,0,0,1,0
900,234114,174,-585,410,0,8388,-28140,19752,0,0,0,0,1,0
901,234375,230,-595,365,0,11058,-28648,17590,0,0,0,0,1,0
902,234635,283,-600,317,0,13621,-28880,15259,0,0,0,0,1,0
903,234895,334,-599,266,0,16053,-28833,12780,0,0,0,0,1,0
904,235156,381,-592,211,0,18331,-28509,10178,0,0,0,0,1,0
905,235416,425,-580,155,0,20432,-27910,7479,0,0,0,0,1,0
906,235677,464,-562,98,0,22336,-27043,4707,0,0,0,0,1,0
907,235937,499,-538,39,0,24025,-25915,1890,0,0,0,0,1,0
908,236197,529,-510,-20,0,25483,-24538,-945,0,0,0,0,1,0
909,236458,555,-476,-78,0,26696,-22924,-3772,0,0,0,0,1,0
910,236718,575,-438,-136,0,27651,-21089,-6561,0,0,0,0,1,0
911,236979,589,-396,-193,0,28340,-19052,-9288,0,0,0,0,1,0
912,237239,597,-350,-248,0,28756,-16831,-11925,0,0,0,0,1,0
913,237500,600,-300,-300,0,28895,-14448,-14448,0,0,0,0,1,0
914,237760,597,-248,-350,0,28756,-11925,-16831,0,0,0,0,1,0
915,238020,589,-193,-396,0,28340,-9288,-19052,0,0,0,0,1,0
916,238281,575,-136,-438,0,27651,-6561,-21089,0,0,0,0,1,0
917,238541,555,-78,-476,0,26696,-3772,-22924,0,0,0,0,1,0
918,238802,529,-20,-510,0,25483,-945,-24538,0,0,0,0,1,0
919,239062,499,39,-538,0,24025,1890,-25915,0,0,0,0,1,0
920,239322,464,98,-562,0,22336,4707,-27043,0,0,0,0,1,0
921,239583,425,155,-580,0,20432,7479,-27910,0,0,0,0,1,0
922,239843,381,211,-592,0,18331,10178,-28509,0,0,0,0,1,0
923,240104,334,266,-599,0,16053,12780,-28833,0,0,0,0,1,0
924,240364,283,317,-600,0,13621,15259,-28880,0,0,0,0,1,0
925,240625,230,365,-595,0,11058,17590,-28648,0,0,0,0,1,0
926,240885,174,410,-585,0,8388,19752,-28140,0,0,0,0,1,0
927,241145,117,451,-569,0,5637,21724,-27362,0,0,0,0,1,0
928,241406,59,488,-547,0,2832,23487,-26319,0,0,0,0,1,0
929,241666,0,520,-520,0,0,25024,-25024,0,0,0,0,1,0
930,241927,-59,547,-488,0,-2832,26319,-23487,0,0,0,0,1,0
931,242187,-117,569,-451,0,-5637,27362,-21724,0,0,0,0,1,0
932,242447,-174,585,-410,0,-8388,28140,-19752,0,0,0,0,1,0
933,242708,-230,595,-365,0,-11058,28648,-17590,0,0,0,0,1,0
934,242968,-283,600,-317,0,-13621,28880,-15259,0,0,0,0,1,0
935,243229,-334,599,-266,0,-16053,28833,-12780,0,0,0,0,1,0
936,243489,-381,592,-211,0,-18331,28509,-10178,0,0,0,0,1,0
937,243750,-425,580,-155,0,-20432,27910,-7479,0,0,0,0,1,0
938,244010,-464,562,-98,0,-22336,27043,-4707,0,0,0,0,1,0
939,244270,-499,538,-39,0,-24025,25915,-1890,0,0,0,0,1,0
940,244531,-529,510,20,0,-25483,24538,945,0,0,0,0,1,0
941,244791,-555,476,78,0,-26696,22924,3772,0,0,0,0,1,0
942,245052,-575,438,136,0,-27651,21089,6561,0,0,0,0,1,0
943,245312,-589,396,193,0,-28340,19052,9288,0,0,0,0,1,0
944,245572,-597,350,248,0,-28756,16831,11925,0,0,0,0,1,0
945,245833,-600,300,300,0,-28895,14448,14448,0,0,0,0,1,0
946,246093,-597,248,350,0,-28756,11925,16831,0,0,0,0,1,0
947,246354,-589,193,396,0,-28340,9288,19052,0,0,0,0,1,0
948,246614,-575,136,438,0,-27651,6561,21089,0,0,0,0,1,0
949,246875,-555,78,476,0,-26696,3772,22924,0,0,0,0,1,0
950,247135,-529,20,510,0,-25483,945,24538,0,0,0,0,1,0
951,247395,-499,-39,538,0,-24025,-1890,25915,0,0,0,0,1,0
952,247656,-464,-98,562,0,-22336,-4707,27043,0,0,0,0,1,0
953,247916,-425,-155,580,0,-20432,-7479,27910,0,0,0,0,1,0
954,248177,-381,-211,592,0,-18331,-10178,28509,0,0,0,0,1,0
955,248437,-334,-266,599,0,-16053,-12780,28833,0,0,0,0,1,0
956,248697,-283,-317,600,0,-13621,-15259,28880,0,0,0,0,1,0
957,248958,-230,-365,595,0,-11058,-17590,28648,0,0,0,0,1,0
958,249218,-174,-410,585,0,-8388,-19752,28140,0,0,0,0,1,0
959,249479,-117,-451,569,0,-5637,-21724,27362,0,0,0,0,1,0
960,249739,-59,-488,547,0,-2832,-23487,26319,0,0,0,0,1,0
961,250000,0,-520,520,0,0,-25024,25024,0,0,0,0,1,0
962,250260,59,-547,488,0,2832,-26319,23487,0,0,0,0,1,0
963,250520,117,-569,451,0,5637,-27362,21724,0,0,0,0,1,0
964,250781,174,-585,410,0,8388,-28140,19752,0,0,0,0,1,0
965,251041,230,-595,365,0,11058,-28648,17590,0,0,0,0,1,0
966,251302,283,-600,317,0,13621,-28880,15259,0,0,0,0,1,0
967,251562,334,-599,266,0,16053,-28833,12780,0,0,0,0,1,0
968,251822,381,-592,211,0,18331,-28509,10178,0,0,0,0,1,0
969,252083,425,-580,155,0,20432,-27910,7479,0,0,0,0,1,0
970,252343,464,-562,98,0,22336,-27043,4707,0,0,0,0,1,0
971,252604,499,-538,39,0,24025,-25915,1890,0,0,0,0,1,0
972,252864,529,-510,-20,0,25483,-24538,-945,0,0,0,0,1,0
973,253125,555,-476,-78,0,26696,-22924,-3772,0,0,0,0,1,0
974,253385,575,-438,-136,0,27651,-21089,-6561,0,0,0,0,1,0
