1,0,0,-825,825,0,0,-25078,25078,0,0,0,0,1,0
2,520,186,-902,716,0,5649,-27420,21771,0,0,0,0,1,0
3,1041,365,-945,580,0,11081,-28709,17628,0,0,0,0,1,0
4,1562,529,-951,421,0,16088,-28895,12807,0,0,0,0,1,0
5,2083,674,-920,247,0,20476,-27970,7495,0,0,0,0,1,0
6,2604,792,-855,62,0,24077,-25971,1894,0,0,0,0,1,0
7,3125,880,-756,-124,0,26753,-22973,-3780,0,0,0,0,1,0
8,3645,935,-628,-306,0,28401,-19093,-9308,0,0,0,0,1,0
9,4166,953,-476,-476,0,28957,-14479,-14479,0,0,0,0,1,0
10,4687,935,-306,-628,0,28401,-9308,-19093,0,0,0,0,1,0
11,5208,880,-124,-756,0,26753,-3780,-22973,0,0,0,0,1,0
12,5729,792,62,-855,0,24077,1894,-25971,0,0,0,0,1,0
13,6250,674,247,-920,0,20476,7495,-27970,0,0,0,0,1,0
14,6770,529,421,-951,0,16088,12807,-28895,0,0,0,0,1,0
15,7291,365,580,-945,0,11081,17628,-28709,0,0,0,0,1,0
16,7812,186,716,-902,0,5649,21771,-27420,0,0,0,0,1,0
17,8333,0,825,-825,0,0,25078,-25078,0,0,0,0,1,0
18,8854,-186,902,-716,0,-5649,27420,-21771,0,0,0,0,1,0
19,9375,-365,945,-580,0,-11081,28709,-17628,0,0,0,0,1,0
20,9895,-529,951,-421,0,-16088,28895,-12807,0,0,0,0,1,0
21,10416,-674,920,-247,0,-20476,27970,-7495,0,0,0,0,1,0
22,10937,-792,855,-62,0,-24077,25971,-1894,0,0,0,0,1,0
23,11458,-880,756,124,0,-26753,22973,3780,0,0,0,0,1,0
24,11979,-935,628,306,0,-28401,19093,9308,0,0,0,0,1,0
25,12500,-953,476,476,0,-28957,14479,14479,0,0,0,0,1,0
26,13020,-935,306,628,0,-28401,9308,19093,0,0,0,0,1,0
27,13541,-880,124,756,0,-26753,3780,22973,0,0,0,0,1,0
28,14062,-792,-62,855,0,-24077,-1894,25971,0,0,0,0,1,0
29,14583,-674,-247,920,0,-20476,-7495,27970,0,0,0,0,1,0
30,15104,-529,-421,951,0,-16088,-12807,28895,0,0,0,0,1,0
31,15625,-365,-580,945,0,-11081,-17628,28709,0,0,0,0,1,0
32,16145,-186,-716,902,0,-5649,-21771,27420,0,0,0,0,1,0
33,16666,0,-825,825,0,0,-25078,25078,0,0,0,0,1,0
34,17187,186,-902,716,0,5649,-27420,21771,0,0,0,0,1,0
35,17708,365,-945,580,0,11081,-28709,17628,0,0,0,0,1,0
36,18229,529,-951,421,0,16088,-28895,12807,0,0,0,0,1,0
37,18750,674,-920,247,0,20476,-27970,7495,0,0,0,0,1,0
38,19270,792,-855,62,0,24077,-25971,1894,0,0,0,0,1,0
39,19791,880,-756,-124,0,26753,-22973,-3780,0,0,0,0,1,0
40,20312,935,-628,-306,0,28401,-19093,-9308,0,0,0,0,1,0
41,20833,953,-476,-476,0,28957,-14479,-14479,0,0,0,0,1,0
42,21354,935,-306,-628,0,28401,-9308,-19093,0,0,0,0,1,0
43,21875,880,-124,-756,0,26753,-3780,-22973,0,0,0,0,1,0
44,22395,792,62,-855,0,24077,1894,-25971,0,0,0,0,1,0
45,22916,674,247,-920,0,20476,7495,-27970,0,0,0,0,1,0
46,23437,529,421,-951,0,16088,12807,-28895,0,0,0,0,1,0
47,23958,365,580,-945,0,11081,17628,-28709,0,0,0,0,1,0
48,24479,186,716,-902,0,5649,21771,-27420,0,0,0,0,1,0
49,25000,0,825,-825,0,0,25078,-25078,0,0,0,0,1,0
50,25520,-186,902,-716,0,-5649,27420,-21771,0,0,0,0,1,0
51,26041,-365,945,-580,0,-11081,28709,-17628,0,0,0,0,1,0
52,26562,-529,951,-421,0,-16088,28895,-12807,0,0,0,0,1,0
53,27083,-674,920,-247,0,-20476,27970,-7495,0,0,0,0,1,0
54,27604,-792,855,-62,0,-24077,25971,-1894,0,0,0,0,1,0
55,28125,-880,756,124,0,-26753,22973,3780,0,0,0,0,1,0
56,28645,-935,628,306,0,-28401,19093,9308,0,0,0,0,1,0
57,29166,-953,476,476,0,-28957,14479,14479,0,0,0,0,1,0
58,29687,-935,306,628,0,-28401,9308,19093,0,0,0,0,1,0
59,30208,-880,124,756,0,-26753,3780,22973,0,0,0,0,1,0
60,30729,-792,-62,855,0,-24077,-1894,25971,0,0,0,0,1,0
61,31250,-674,-247,920,0,-20476,-7495,27970,0,0,0,0,1,0
62,31770,-529,-421,951,0,-16088,-12807,28895,0,0,0,0,1,0
63,32291,-365,-580,945,0,-11081,-17628,28709,0,0,0,0,1,0
64,32812,-186,-716,902,0,-5649,-21771,27420,0,0,0,0,1,0
65,33333,0,-825,825,0,0,-25078,25078,0,0,0,0,1,0
66,33854,186,-902,716,0,5649,-27420,21771,0,0,0,0,1,0
67,34375,365,-945,580,0,11081,-28709,17628,0,0,0,0,1,0
68,34895,529,-951,421,0,16088,-28895,12807,0,0,0,0,1,0
69,35416,674,-920,247,0,20476,-27970,7495,0,0,0,0,1,0
70,35937,792,-855,62,0,24077,-25971,1894,0,0,0,0,1,0
71,36458,880,-756,-124,0,26753,-22973,-3780,0,0,0,0,1,0
72,36979,935,-628,-306,0,28401,-19093,-9308,0,0,0,0,1,0
73,37500,953,-476,-476,0,28957,-14479,-14479,0,0,0,0,1,0
74,38020,935,-306,-628,0,28401,-9308,-19093,0,0,0,0,1,0
75,38541,880,-124,-756,0,26753,-3780,-22973,0,0,0,0,1,0
76,39062,792,62,-855,0,24077,1894,-25971,0,0,0,0,1,0
77,39583,674,247,-920,0,20476,7495,-27970,0,0,0,0,1,0
78,40104,529,421,-951,0,16088,12807,-28895,0,0,0,0,1,0
79,40625,365,580,-945,0,11081,17628,-28709,0,0,0,0,1,0
80,41145,186,716,-902,0,5649,21771,-27420,0,0,0,0,1,0
81,41666,0,825,-825,0,0,25078,-25078,0,0,0,0,1,0
82,42187,-186,902,-716,0,-5649,27420,-21771,0,0,0,0,1,0
83,42708,-365,945,-580,0,-11081,28709,-17628,0,0,0,0,1,0
84,43229,-529,951,-421,0,-16088,28895,-12807,0,0,0,0,1,0
85,43750,-674,920,-247,0,-20476,27970,-7495,0,0,0,0,1,0
86,44270,-792,855,-62,0,-24077,25971,-1894,0,0,0,0,1,0
87,44791,-880,756,124,0,-26753,22973,3780,0,0,0,0,1,0
88,45312,-935,628,306,0,-28401,19093,9308,0,0,0,0,1,0
89,45833,-953,476,476,0,-28957,14479,14479,0,0,0,0,1,0
90,46354,-935,306,628,0,-28401,9308,19093,0,0,0,0,1,0
91,46875,-880,124,756,0,-26753,3780,22973,0,0,0,0,1,0
92,47395,-792,-62,855,0,-24077,-1894,25971,0,0,0,0,1,0
93,47916,-674,-247,920,0,-20476,-7495,27970,0,0,0,0,1,0
94,48437,-529,-421,951,0,-16088,-12807,28895,0,0,0,0,1,0
95,48958,-365,-580,945,0,-11081,-17628,28709,0,0,0,0,1,0
96,49479,-186,-716,902,0,-5649,-21771,27420,0,0,0,0,1,0
97,50000,17598,-825,825,17598,0,-27084,27084,0,0,0,0,1,0
98,50520,20955,-902,716,20769,565,-29614,23513,0,0,0,0,1,0
99,51041,24024,-945,580,23659,1108,-31006,19038,0,0,0,0,1,0
100,51562,26676,-951,421,26146,1609,-31207,13832,0,0,0,0,1,0
101,52083,28799,-920,247,28125,2048,-30208,8094,0,0,0,0,1,0
102,52604,30302,-855,62,29510,2408,-28048,2045,0,0,0,0,1,0
103,53125,31118,-756,-124,30238,2675,-24811,-4082,0,0,0,0,1,0
104,53645,31207,-628,-306,30272,2840,-20620,-10053,0,0,0,0,1,0
105,54166,30555,-476,-476,29602,2896,-15637,-15637,0,0,0,0,1,0
106,54687,29179,-306,-628,28244,2840,-10053,-20620,0,0,0,0,1,0
107,55208,27123,-124,-756,26243,2675,-4082,-24811,0,0,0,0,1,0
108,55729,24457,62,-855,23665,2408,2045,-28048,0,0,0,0,1,0
109,56250,21276,247,-920,20603,2048,8094,-30208,0,0,0,0,1,0
110,56770,17694,421,-951,17164,1609,13832,-31207,0,0,0,0,1,0
111,57291,13839,580,-945,13475,1108,19038,-31006,0,0,0,0,1,0
112,57812,9853,716,-902,9667,565,23513,-29614,0,0,0,0,1,0
113,58333,5880,825,-825,5880,0,27084,-27084,0,0,0,0,1,0
114,58854,2066,902,-716,2252,-565,29614,-23513,0,0,0,0,1,0
115,59375,-1450,945,-580,-1085,-1108,31006,-19038,0,0,0,0,1,0
116,59895,-4541,951,-421,-4011,-1609,31207,-13832,0,0,0,0,1,0
117,60416,-7094,920,-247,-6420,-2048,30208,-8094,0,0,0,0,1,0
118,60937,-9020,855,-62,-8227,-2408,28048,-2045,0,0,0,0,1,0
119,61458,-10249,756,124,-9369,-2675,24811,4082,0,0,0,0,1,0
120,61979,-10744,628,306,-9809,-2840,20620,10053,0,0,0,0,1,0
121,62500,-10490,476,476,-9537,-2896,15637,15637,0,0,0,0,1,0
122,63020,-9504,306,628,-8569,-2840,10053,20620,0,0,0,0,1,0
123,63541,-7830,124,756,-6950,-2675,4082,24811,0,0,0,0,1,0
124,64062,-5540,-62,855,-4748,-2408,-2045,28048,0,0,0,0,1,0
125,64583,-2727,-247,920,-2053,-2048,-8094,30208,0,0,0,0,1,0
126,65104,495,-421,951,1024,-1609,-13832,31207,0,0,0,0,1,0
127,65625,3996,-580,945,4361,-1108,-19038,31006,0,0,0,0,1,0
128,66145,7636,-716,902,7821,-565,-23513,29614,0,0,0,0,1,0
129,66666,11268,-825,825,11268,0,-27084,27084,0,0,0,0,1,0
130,67187,14749,-902,716,14563,565,-29614,23513,0,0,0,0,1,0
131,67708,17938,-945,580,17573,1108,-31006,19038,0,0,0,0,1,0
132,68229,20708,-951,421,20179,1609,-31207,13832,0,0,0,0,1,0
133,68750,22947,-920,247,22274,2048,-30208,8094,0,0,0,0,1,0
134,69270,24564,-855,62,23772,2408,-28048,2045,0,0,0,0,1,0
135,69791,25492,-756,-124,24612,2675,-24811,-4082,0,0,0,0,1,0
136,70312,25690,-628,-306,24755,2840,-20620,-10053,0,0,0,0,1,0
137,70833,25145,-476,-476,24192,2896,-15637,-15637,0,0,0,0,1,0
138,71354,23875,-306,-628,22940,2840,-10053,-20620,0,0,0,0,1,0
139,71875,440,-62,-378,0,26753,-3780,-22973,0,0,0,0,1,0
140,72395,396,31,-427,0,24077,1894,-25971,0,0,0,0,1,0
141,72916,336,123,-460,0,20476,7495,-27970,0,0,0,0,1,0
142,73437,264,210,-475,0,16088,12807,-28895,0,0,0,0,1,0
143,73958,182,290,-472,0,11081,17628,-28709,0,0,0,0,1,0
144,74479,93,358,-451,0,5649,21771,-27420,0,0,0,0,1,0
145,75000,0,412,-412,0,0,25078,-25078,0,0,0,0,1,0
146,75520,-93,451,-358,0,-5649,27420,-21771,0,0,0,0,1,0
147,76041,-182,472,-290,0,-11081,28709,-17628,0,0,0,0,1,0
148,76562,-264,475,-210,0,-16088,28895,-12807,0,0,0,0,1,0
149,77083,-336,460,-123,0,-20476,27970,-7495,0,0,0,0,1,0
150,77604,-396,427,-31,0,-24077,25971,-1894,0,0,0,0,1,0
151,78125,-440,378,62,0,-26753,22973,3780,0,0,0,0,1,0
152,78645,-467,314,153,0,-28401,19093,9308,0,0,0,0,1,0
153,79166,-476,238,238,0,-28957,14479,14479,0,0,0,0,1,0
154,79687,-467,153,314,0,-28401,9308,19093,0,0,0,0,1,0
155,80208,-440,62,378,0,-26753,3780,22973,0,0,0,0,1,0
156,80729,-396,-31,427,0,-24077,-1894,25971,0,0,0,0,1,0
157,81250,-336,-123,460,0,-20476,-7495,27970,0,0,0,0,1,0
158,81770,-264,-210,475,0,-16088,-12807,28895,0,0,0,0,1,0
159,82291,-182,-290,472,0,-11081,-17628,28709,0,0,0,0,1,0
160,82812,-93,-358,451,0,-5649,-21771,27420,0,0,0,0,1,0
161,83333,0,-412,412,0,0,-25078,25078,0,0,0,0,1,0
162,83854,93,-451,358,0,5649,-27420,21771,0,0,0,0,1,0
163,84375,182,-472,290,0,11081,-28709,17628,0,0,0,0,1,0
164,84895,264,-475,210,0,16088,-28895,12807,0,0,0,0,1,0
165,85416,336,-460,123,0,20476,-27970,7495,0,0,0,0,1,0
166,85937,396,-427,31,0,24077,-25971,1894,0,0,0,0,1,0
167,86458,440,-378,-62,0,26753,-22973,-3780,0,0,0,0,1,0
168,86979,467,-314,-153,0,28401,-19093,-9308,0,0,0,0,1,0
169,87500,476,-238,-238,0,28957,-14479,-14479,0,0,0,0,1,0
170,88020,467,-153,-314,0,28401,-9308,-19093,0,0,0,0,1,0
171,88541,440,-62,-378,0,26753,-3780,-22973,0,0,0,0,1,0
172,89062,396,31,-427,0,24077,1894,-25971,0,0,0,0,1,0
173,89583,336,123,-460,0,20476,7495,-27970,0,0,0,0,1,0
174,90104,264,210,-475,0,16088,12807,-28895,0,0,0,0,1,0
175,90625,182,290,-472,0,11081,17628,-28709,0,0,0,0,1,0
176,91145,93,358,-451,0,5649,21771,-27420,0,0,0,0,1,0
177,91666,0,412,-412,0,0,25078,-25078,0,0,0,0,1,0
178,92187,-93,451,-358,0,-5649,27420,-21771,0,0,0,0,1,0
179,92708,-182,472,-290,0,-11081,28709,-17628,0,0,0,0,1,0
180,93229,-264,475,-210,0,-16088,28895,-12807,0,0,0,0,1,0
181,93750,-336,460,-123,0,-20476,27970,-7495,0,0,0,0,1,0
182,94270,-396,427,-31,0,-24077,25971,-1894,0,0,0,0,1,0
183,94791,-440,378,62,0,-26753,22973,3780,0,0,0,0,1,0
184,95312,-467,314,153,0,-28401,19093,9308,0,0,0,0,1,0
185,95833,-476,238,238,0,-28957,14479,14479,0,0,0,0,1,0
186,96354,-467,153,314,0,-28401,9308,19093,0,0,0,0,1,0
187,96875,-440,62,378,0,-26753,3780,22973,0,0,0,0,1,0
188,97395,-396,-31,427,0,-24077,-1894,25971,0,0,0,0,1,0
189,97916,-336,-123,460,0,-20476,-7495,27970,0,0,0,0,1,0
190,98437,-264,-210,475,0,-16088,-12807,28895,0,0,0,0,1,0
191,98958,-182,-290,472,0,-11081,-17628,28709,0,0,0,0,1,0
192,99479,-93,-358,451,0,-5649,-21771,27420,0,0,0,0,1,0
193,100000,0,-412,412,0,0,-25078,25078,0,0,0,0,1,0
194,100520,93,-451,358,0,5649,-27420,21771,0,0,0,0,1,0
195,101041,182,-472,290,0,11081,-28709,17628,0,0,0,0,1,0
196,101562,264,-475,210,0,16088,-28895,12807,0,0,0,0,1,0
197,102083,336,-460,123,0,20476,-27970,7495,0,0,0,0,1,0
198,102604,396,-427,31,0,24077,-25971,1894,0,0,0,0,1,0
199,103125,440,-378,-62,0,26753,-22973,-3780,0,0,0,0,1,0
200,103645,467,-314,-153,0,28401,-19093,-9308,0,0,0,0,1,0
201,104166,476,-238,-238,0,28957,-14479,-14479,0,0,0,0,1,0
202,104687,467,-153,-314,0,28401,-9308,-19093,0,0,0,0,1,0
203,105208,440,-62,-378,0,26753,-3780,-22973,0,0,0,0,1,0
204,105729,396,31,-427,0,24077,1894,-25971,0,0,0,0,1,0
205,106250,336,123,-460,0,20476,7495,-27970,0,0,0,0,1,0
206,106770,264,210,-475,0,16088,12807,-28895,0,0,0,0,1,0
207,107291,182,290,-472,0,11081,17628,-28709,0,0,0,0,1,0
208,107812,93,358,-451,0,5649,21771,-27420,0,0,0,0,1,0
209,108333,0,412,-412,0,0,25078,-25078,0,0,0,0,1,0
210,108854,-93,451,-358,0,-5649,27420,-21771,0,0,0,0,1,0
211,109375,-182,472,-290,0,-11081,28709,-17628,0,0,0,0,1,0
212,109895,-264,475,-210,0,-16088,28895,-12807,0,0,0,0,1,0
213,110416,-336,460,-123,0,-20476,27970,-7495,0,0,0,0,1,0
214,110937,-396,427,-31,0,-24077,25971,-1894,0,0,0,0,1,0
215,111458,-440,378,62,0,-26753,22973,3780,0,0,0,0,1,0
216,111979,-467,314,153,0,-28401,19093,9308,0,0,0,0,1,0
217,112500,-476,238,238,0,-28957,14479,14479,0,0,0,0,1,0
218,113020,-467,153,314,0,-28401,9308,19093,0,0,0,0,1,0
219,113541,-440,62,378,0,-26753,3780,22973,0,0,0,0,1,0
220,114062,-396,-31,427,0,-24077,-1894,25971,0,0,0,0,1,0
221,114583,-336,-123,460,0,-20476,-7495,27970,0,0,0,0,1,0
222,115104,-264,-210,475,0,-16088,-12807,28895,0,0,0,0,1,0
223,115625,-182,-290,472,0,-11081,-17628,28709,0,0,0,0,1,0
224,116145,-93,-358,451,0,-5649,-21771,27420,0,0,0,0,1,0
225,116666,0,-412,412,0,0,-25078,25078,0,0,0,0,1,0
226,117187,93,-451,358,0,5649,-27420,21771,0,0,0,0,1,0
227,117708,182,-472,290,0,11081,-28709,17628,0,0,0,0,1,0
228,118229,264,-475,210,0,16088,-28895,12807,0,0,0,0,1,0
229,118750,336,-460,123,0,20476,-27970,7495,0,0,0,0,1,0
230,119270,396,-427,31,0,24077,-25971,1894,0,0,0,0,1,0
231,119791,440,-378,-62,0,26753,-22973,-3780,0,0,0,0,1,0
232,120312,467,-314,-153,0,28401,-19093,-9308,0,0,0,0,1,0
233,120833,476,-238,-238,0,28957,-14479,-14479,0,0,0,0,1,0
234,121354,467,-153,-314,0,28401,-9308,-19093,0,0,0,0,1,0
235,121875,440,-62,-378,0,26753,-3780,-22973,0,0,0,0,1,0
236,122395,396,31,-427,0,24077,1894,-25971,0,0,0,0,1,0
237,122916,336,123,-460,0,20476,7495,-27970,0,0,0,0,1,0
238,123437,264,210,-475,0,16088,12807,-28895,0,0,0,0,1,0
239,123958,182,290,-472,0,11081,17628,-28709,0,0,0,0,1,0
240,124479,93,358,-451,0,5649,21771,-27420,0,0,0,0,1,0
241,125000,0,412,-412,0,0,25078,-25078,0,0,0,0,1,0
242,125520,-93,451,-358,0,-5649,27420,-21771,0,0,0,0,1,0
243,126041,-182,472,-290,0,-11081,28709,-17628,0,0,0,0,1,0
244,126562,-264,475,-210,0,-16088,28895,-12807,0,0,0,0,1,0
245,127083,-336,460,-123,0,-20476,27970,-7495,0,0,0,0,1,0
246,127604,-396,427,-31,0,-24077,25971,-1894,0,0,0,0,1,0
247,128124,-440,378,62,0,-26753,22973,3780,0,0,0,0,1,0
248,128645,-467,314,153,0,-28401,19093,9308,0,0,0,0,1,0
249,129166,-476,238,238,0,-28957,14479,14479,0,0,0,0,1,0
250,129687,-467,153,314,0,-28401,9308,19093,0,0,0,0,1,0
251,130208,-440,62,378,0,-26753,3780,22973,0,0,0,0,1,0
252,130729,-396,-31,427,0,-24077,-1894,25971,0,0,0,0,1,0
253,131250,-336,-123,460,0,-20476,-7495,27970,0,0,0,0,1,0
254,131770,-264,-210,475,0,-16088,-12807,28895,0,0,0,0,1,0
255,132291,-182,-290,472,0,-11081,-17628,28709,0,0,0,0,1,0
256,132812,-93,-358,451,0,-5649,-21771,27420,0,0,0,0,1,0
257,133333,0,-412,412,0,0,-25078,25078,0,0,0,0,1,0
258,133854,93,-451,358,0,5649,-27420,21771,0,0,0,0,1,0
259,134375,182,-472,290,0,11081,-28709,17628,0,0,0,0,1,0
260,134895,264,-475,210,0,16088,-28895,12807,0,0,0,0,1,0
261,135416,336,-460,123,0,20476,-27970,7495,0,0,0,0,1,0
262,135937,396,-427,31,0,24077,-25971,1894,0,0,0,0,1,0
263,136458,440,-378,-62,0,26753,-22973,-3780,0,0,0,0,1,0
264,136979,467,-314,-153,0,28401,-19093,-9308,0,0,0,0,1,0
265,137500,476,-238,-238,0,28957,-14479,-14479,0,0,0,0,1,0
266,138020,467,-153,-314,0,28401,-9308,-19093,0,0,0,0,1,0
267,138541,440,-62,-378,0,26753,-3780,-22973,0,0,0,0,1,0
268,139062,396,31,-427,0,24077,1894,-25971,0,0,0,0,1,0
269,139583,336,123,-460,0,20476,7495,-27970,0,0,0,0,1,0
270,140104,264,210,-475,0,16088,12807,-28895,0,0,0,0,1,0
271,140625,182,290,-472,0,11081,17628,-28709,0,0,0,0,1,0
272,141145,93,358,-451,0,5649,21771,-27420,0,0,0,0,1,0
273,141666,0,412,-412,0,0,25078,-25078,0,0,0,0,1,0
274,142187,-93,451,-358,0,-5649,27420,-21771,0,0,0,0,1,0
275,142708,-182,472,-290,0,-11081,28709,-17628,0,0,0,0,1,0
276,143229,-264,475,-210,0,-16088,28895,-12807,0,0,0,0,1,0
277,143750,-336,460,-123,0,-20476,27970,-7495,0,0,0,0,1,0
278,144270,-396,427,-31,0,-24077,25971,-1894,0,0,0,0,1,0
279,144791,-440,378,62,0,-26753,22973,3780,0,0,0,0,1,0
280,145312,-467,314,153,0,-28401,19093,9308,0,0,0,0,1,0
281,145833,-476,238,238,0,-28957,14479,14479,0,0,0,0,1,0
282,146354,-467,153,314,0,-28401,9308,19093,0,0,0,0,1,0
283,146875,-440,62,378,0,-26753,3780,22973,0,0,0,0,1,0
284,147395,-396,-31,427,0,-24077,-1894,25971,0,0,0,0,1,0
285,147916,-336,-123,460,0,-20476,-7495,27970,0,0,0,0,1,0
286,148437,-264,-210,475,0,-16088,-12807,28895,0,0,0,0,1,0
287,148958,-182,-290,472,0,-11081,-17628,28709,0,0,0,0,1,0
288,149479,-93,-358,451,0,-5649,-21771,27420,0,0,0,0,1,0
289,150000,0,-412,412,0,0,-25078,25078,0,0,0,0,1,0
290,150520,93,-451,358,0,5649,-27420,21771,0,0,0,0,1,0
291,151041,182,-472,290,0,11081,-28709,17628,0,0,0,0,1,0
292,151562,264,-475,210,0,16088,-28895,12807,0,0,0,0,1,0
293,152083,336,-460,123,0,20476,-27970,7495,0,0,0,0,1,0
294,152604,396,-427,31,0,24077,-25971,1894,0,0,0,0,1,0
295,153125,440,-378,-62,0,26753,-22973,-3780,0,0,0,0,1,0
296,153645,467,-314,-153,0,28401,-19093,-9308,0,0,0,0,1,0
297,154166,476,-238,-238,0,28957,-14479,-14479,0,0,0,0,1,0
298,154687,467,-153,-314,0,28401,-9308,-19093,0,0,0,0,1,0
299,155208,440,-62,-378,0,26753,-3780,-22973,0,0,0,0,1,0
300,155729,396,31,-427,0,24077,1894,-25971,0,0,0,0,1,0
301,156250,336,123,-460,0,20476,7495,-27970,0,0,0,0,1,0
302,156770,264,210,-475,0,16088,12807,-28895,0,0,0,0,1,0
303,157291,182,290,-472,0,11081,17628,-28709,0,0,0,0,1,0
304,157812,93,358,-451,0,5649,21771,-27420,0,0,0,0,1,0
305,158333,0,412,-412,0,0,25078,-25078,0,0,0,0,1,0
306,158854,-93,451,-358,0,-5649,27420,-21771,0,0,0,0,1,0
307,159375,-182,472,-290,0,-11081,28709,-17628,0,0,0,0,1,0
308,159895,-264,475,-210,0,-16088,28895,-12807,0,0,0,0,1,0
309,160416,-336,460,-123,0,-20476,27970,-7495,0,0,0,0,1,0
310,160937,-396,427,-31,0,-24077,25971,-1894,0,0,0,0,1,0
311,161458,-440,378,62,0,-26753,22973,3780,0,0,0,0,1,0
312,161979,-467,314,153,0,-28401,19093,9308,0,0,0,0,1,0
313,162500,-476,238,238,0,-28957,14479,14479,0,0,0,0,1,0
314,163020,-467,153,314,0,-28401,9308,19093,0,0,0,0,1,0
315,163541,-440,62,378,0,-26753,3780,22973,0,0,0,0,1,0
316,164062,-396,-31,427,0,-24077,-1894,25971,0,0,0,0,1,0
317,164583,-336,-123,460,0,-20476,-7495,27970,0,0,0,0,1,0
318,165104,-264,-210,475,0,-16088,-12807,28895,0,0,0,0,1,0
319,165625,-182,-290,472,0,-11081,-17628,28709,0,0,0,0,1,0
320,166145,-93,-358,451,0,-5649,-21771,27420,0,0,0,0,1,0
321,166666,0,-412,412,0,0,-25078,25078,0,0,0,0,1,0
322,167187,93,-451,358,0,5649,-27420,21771,0,0,0,0,1,0
323,167708,182,-472,290,0,11081,-28709,17628,0,0,0,0,1,0
324,168229,264,-475,210,0,16088,-28895,12807,0,0,0,0,1,0
325,168750,336,-460,123,0,20476,-27970,7495,0,0,0,0,1,0
326,169270,396,-427,31,0,24077,-25971,1894,0,0,0,0,1,0
327,169791,440,-378,-62,0,26753,-22973,-3780,0,0,0,0,1,0
328,170312,467,-314,-153,0,28401,-19093,-9308,0,0,0,0,1,0
329,170833,476,-238,-238,0,28957,-14479,-14479,0,0,0,0,1,0
330,171354,467,-153,-314,0,28401,-9308,-19093,0,0,0,0,1,0
331,171875,440,-62,-378,0,26753,-3780,-22973,0,0,0,0,1,0
332,172395,396,31,-427,0,24077,1894,-25971,0,0,0,0,1,0
333,172916,336,123,-460,0,20476,7495,-27970,0,0,0,0,1,0
334,173437,264,210,-475,0,16088,12807,-28895,0,0,0,0,1,0
335,173958,182,290,-472,0,11081,17628,-28709,0,0,0,0,1,0
336,174479,93,358,-451,0,5649,21771,-27420,0,0,0,0,1,0
337,175000,0,412,-412,0,0,25078,-25078,0,0,0,0,1,0
338,175520,-93,451,-358,0,-5649,27420,-21771,0,0,0,0,1,0
339,176041,-182,472,-290,0,-11081,28709,-17628,0,0,0,0,1,0
340,176562,-264,475,-210,0,-16088,28895,-12807,0,0,0,0,1,0
341,177083,-336,460,-123,0,-20476,27970,-7495,0,0,0,0,1,0
342,177604,-396,427,-31,0,-24077,25971,-1894,0,0,0,0,1,0
343,178125,-440,378,62,0,-26753,22973,3780,0,0,0,0,1,0
344,178645,-467,314,153,0,-28401,19093,9308,0,0,0,0,1,0
345,179166,-476,238,238,0,-28957,14479,14479,0,0,0,0,1,0
346,179687,-467,153,314,0,-28401,9308,19093,0,0,0,0,1,0
347,180208,-440,62,378,0,-26753,3780,22973,0,0,0,0,1,0
348,180729,-396,-31,427,0,-24077,-1894,25971,0,0,0,0,1,0
349,181250,-336,-123,460,0,-20476,-7495,27970,0,0,0,0,1,0
350,181770,-264,-210,475,0,-16088,-12807,28895,0,0,0,0,1,0
351,182291,-182,-290,472,0,-11081,-17628,28709,0,0,0,0,1,0
352,182812,-93,-358,451,0,-5649,-21771,27420,0,0,0,0,1,0
353,183333,0,-412,412,0,0,-25078,25078,0,0,0,0,1,0
354,183854,93,-451,358,0,5649,-27420,21771,0,0,0,0,1,0
355,184375,182,-472,290,0,11081,-28709,17628,0,0,0,0,1,0
356,184895,264,-475,210,0,16088,-28895,12807,0,0,0,0,1,0
357,185416,336,-460,123,0,20476,-27970,7495,0,0,0,0,1,0
358,185937,396,-427,31,0,24077,-25971,1894,0,0,0,0,1,0
359,186458,440,-378,-62,0,26753,-22973,-3780,0,0,0,0,1,0
360,186979,467,-314,-153,0,28401,-19093,-9308,0,0,0,0,1,0
361,187500,476,-238,-238,0,28957,-14479,-14479,0,0,0,0,1,0
362,188020,467,-153,-314,0,28401,-9308,-19093,0,0,0,0,1,0
363,188541,440,-62,-378,0,26753,-3780,-22973,0,0,0,0,1,0
364,189062,396,31,-427,0,24077,1894,-25971,0,0,0,0,1,0
365,189583,336,123,-460,0,20476,7495,-27970,0,0,0,0,1,0
366,190104,264,210,-475,0,16088,12807,-28895,0,0,0,0,1,0
367,190625,182,290,-472,0,11081,17628,-28709,0,0,0,0,1,0
368,191145,93,358,-451,0,5649,21771,-27420,0,0,0,0,1,0
369,191666,0,412,-412,0,0,25078,-25078,0,0,0,0,1,0
370,192187,-93,451,-358,0,-5649,27420,-21771,0,0,0,0,1,0
371,192708,-182,472,-290,0,-11081,28709,-17628,0,0,0,0,1,0
372,193229,-264,475,-210,0,-16088,28895,-12807,0,0,0,0,1,0
373,193750,-336,460,-123,0,-20476,27970,-7495,0,0,0,0,1,0
374,194270,-396,427,-31,0,-24077,25971,-1894,0,0,0,0,1,0
375,194791,-440,378,62,0,-26753,22973,3780,0,0,0,0,1,0
376,195312,-467,314,153,0,-28401,19093,9308,0,0,0,0,1,0
377,195833,-476,238,238,0,-28957,14479,14479,0,0,0,0,1,0
378,196354,-467,153,314,0,-28401,9308,19093,0,0,0,0,1,0
379,196875,-440,62,378,0,-26753,3780,22973,0,0,0,0,1,0
380,197395,-396,-31,427,0,-24077,-1894,25971,0,0,0,0,1,0
381,197916,-336,-123,460,0,-20476,-7495,27970,0,0,0,0,1,0
382,198437,-264,-210,475,0,-16088,-12807,28895,0,0,0,0,1,0
383,198958,-182,-290,472,0,-11081,-17628,28709,0,0,0,0,1,0
384,199479,-93,-358,451,0,-5649,-21771,27420,0,0,0,0,1,0
385,200000,0,-412,412,0,0,-25078,25078,0,0,0,0,1,0
386,200520,93,-451,358,0,5649,-27420,21771,0,0,0,0,1,0
387,201041,182,-472,290,0,11081,-28709,17628,0,0,0,0,1,0
388,201562,264,-475,210,0,16088,-28895,12807,0,0,0,0,1,0
389,202083,336,-460,123,0,20476,-27970,7495,0,0,0,0,1,0
390,202604,396,-427,31,0,24077,-25971,1894,0,0,0,0,1,0
391,203125,440,-378,-62,0,26753,-22973,-3780,0,0,0,0,1,0
392,203645,467,-314,-153,0,28401,-19093,-9308,0,0,0,0,1,0
393,204166,476,-238,-238,0,28957,-14479,-14479,0,0,0,0,1,0
394,204687,467,-153,-314,0,28401,-9308,-19093,0,0,0,0,1,0
395,205208,440,-62,-378,0,26753,-3780,-22973,0,0,0,0,1,0
396,205729,396,31,-427,0,24077,1894,-25971,0,0,0,0,1,0
397,206250,336,123,-460,0,20476,7495,-27970,0,0,0,0,1,0
398,206770,264,210,-475,0,16088,12807,-28895,0,0,0,0,1,0
399,207291,182,290,-472,0,11081,17628,-28709,0,0,0,0,1,0
400,207812,93,358,-451,0,5649,21771,-27420,0,0,0,0,1,0
401,208333,0,412,-412,0,0,25078,-25078,0,0,0,0,1,0
402,208854,-93,451,-358,0,-5649,27420,-21771,0,0,0,0,1,0
403,209375,-182,472,-290,0,-11081,28709,-17628,0,0,0,0,1,0
404,209895,-264,475,-210,0,-16088,28895,-12807,0,0,0,0,1,0
405,210416,-336,460,-123,0,-20476,27970,-7495,0,0,0,0,1,0
406,210937,-396,427,-31,0,-24077,25971,-1894,0,0,0,0,1,0
407,211458,-440,378,62,0,-26753,22973,3780,0,0,0,0,1,0
408,211979,-467,314,153,0,-28401,19093,9308,0,0,0,0,1,0
409,212500,-476,238,238,0,-28957,14479,14479,0,0,0,0,1,0
410,213020,-467,153,314,0,-28401,9308,19093,0,0,0,0,1,0
411,213541,-440,62,378,0,-26753,3780,22973,0,0,0,0,1,0
412,214062,-396,-31,427,0,-24077,-1894,25971,0,0,0,0,1,0
413,214583,-336,-123,460,0,-20476,-7495,27970,0,0,0,0,1,0
414,215104,-264,-210,475,0,-16088,-12807,28895,0,0,0,0,1,0
415,215625,-182,-290,472,0,-11081,-17628,28709,0,0,0,0,1,0
416,216145,-93,-358,451,0,-5649,-21771,27420,0,0,0,0,1,0
417,216666,0,-412,412,0,0,-25078,25078,0,0,0,0,1,0
418,217187,93,-451,358,0,5649,-27420,21771,0,0,0,0,1,0
419,217708,182,-472,290,0,11081,-28709,17628,0,0,0,0,1,0
420,218229,264,-475,210,0,16088,-28895,12807,0,0,0,0,1,0
421,218750,336,-460,123,0,20476,-27970,7495,0,0,0,0,1,0
422,219270,396,-427,31,0,24077,-25971,1894,0,0,0,0,1,0
423,219791,440,-378,-62,0,26753,-22973,-3780,0,0,0,0,1,0
424,220312,467,-314,-153,0,28401,-19093,-9308,0,0,0,0,1,0
425,220833,476,-238,-238,0,28957,-14479,-14479,0,0,0,0,1,0
426,221354,467,-153,-314,0,28401,-9308,-19093,0,0,0,0,1,0
427,221875,440,-62,-378,0,26753,-3780,-22973,0,0,0,0,1,0
428,222395,396,31,-427,0,24077,1894,-25971,0,0,0,0,1,0
429,222916,336,123,-460,0,20476,7495,-27970,0,0,0,0,1,0
430,223437,264,210,-475,0,16088,12807,-28895,0,0,0,0,1,0
431,223958,182,290,-472,0,11081,17628,-28709,0,0,0,0,1,0
432,224479,93,358,-451,0,5649,21771,-27420,0,0,0,0,1,0
433,225000,0,412,-412,0,0,25078,-25078,0,0,0,0,1,0
434,225520,-93,451,-358,0,-5649,27420,-21771,0,0,0,0,1,0
435,226041,-182,472,-290,0,-11081,28709,-17628,0,0,0,0,1,0
436,226562,-264,475,-210,0,-16088,28895,-12807,0,0,0,0,1,0
437,227083,-336,460,-123,0,-20476,27970,-7495,0,0,0,0,1,0
438,227604,-396,427,-31,0,-24077,25971,-1894,0,0,0,0,1,0
439,228125,-440,378,62,0,-26753,22973,3780,0,0,0,0,1,0
440,228645,-467,314,153,0,-28401,19093,9308,0,0,0,0,1,0
441,229166,-476,238,238,0,-28957,14479,14479,0,0,0,0,1,0
442,229687,-467,153,314,0,-28401,9308,19093,0,0,0,0,1,0
443,230208,-440,62,378,0,-26753,3780,22973,0,0,0,0,1,0
444,230729,-396,-31,427,0,-24077,-1894,25971,0,0,0,0,1,0
445,231250,-336,-123,460,0,-20476,-7495,27970,0,0,0,0,1,0
446,231770,-264,-210,475,0,-16088,-12807,28895,0,0,0,0,1,0
447,232291,-182,-290,472,0,-11081,-17628,28709,0,0,0,0,1,0
448,232812,-93,-358,451,0,-5649,-21771,27420,0,0,0,0,1,0
449,233333,0,-412,412,0,0,-25078,25078,0,0,0,0,1,0
450,233854,93,-451,358,0,5649,-27420,21771,0,0,0,0,1,0
451,234375,182,-472,290,0,11081,-28709,17628,0,0,0,0,1,0
452,234895,264,-475,210,0,16088,-28895,12807,0,0,0,0,1,0
453,235416,336,-460,123,0,20476,-27970,7495,0,0,0,0,1,0
454,235937,396,-427,31,0,24077,-25971,1894,0,0,0,0,1,0
455,236458,440,-378,-62,0,26753,-22973,-3780,0,0,0,0,1,0
456,236979,467,-314,-153,0,28401,-19093,-9308,0,0,0,0,1,0
457,237500,476,-238,-238,0,28957,-14479,-14479,0,0,0,0,1,0
458,238020,467,-153,-314,0,28401,-9308,-19093,0,0,0,0,1,0
459,238541,440,-62,-378,0,26753,-3780,-22973,0,0,0,0,1,0
460,239062,396,31,-427,0,24077,1894,-25971,0,0,0,0,1,0
461,239583,336,123,-460,0,20476,7495,-27970,0,0,0,0,1,0
462,240104,264,210,-475,0,16088,12807,-28895,0,0,0,0,1,0
463,240625,182,290,-472,0,11081,17628,-28709,0,0,0,0,1,0
464,241145,93,358,-451,0,5649,21771,-27420,0,0,0,0,1,0
465,241666,0,412,-412,0,0,25078,-25078,0,0,0,0,1,0
466,242187,-93,451,-358,0,-5649,27420,-21771,0,0,0,0,1,0
467,242708,-182,472,-290,0,-11081,28709,-17628,0,0,0,0,1,0
468,243229,-264,475,-210,0,-16088,28895,-12807,0,0,0,0,1,0
469,243750,-336,460,-123,0,-20476,27970,-7495,0,0,0,0,1,0
470,244270,-396,427,-31,0,-24077,25971,-1894,0,0,0,0,1,0
471,244791,-440,378,62,0,-26753,22973,3780,0,0,0,0,1,0
472,245312,-467,314,153,0,-28401,19093,9308,0,0,0,0,1,0
473,245833,-476,238,238,0,-28957,14479,14479,0,0,0,0,1,0
474,246354,-467,153,314,0,-28401,9308,19093,0,0,0,0,1,0
475,246875,-440,62,378,0,-26753,3780,22973,0,0,0,0,1,0
476,247395,-396,-31,427,0,-24077,-1894,25971,0,0,0,0,1,0
477,247916,-336,-123,460,0,-20476,-7495,27970,0,0,0,0,1,0
478,248437,-264,-210,475,0,-16088,-12807,28895,0,0,0,0,1,0
479,248958,-182,-290,472,0,-11081,-17628,28709,0,0,0,0,1,0
480,249479,-93,-358,451,0,-5649,-21771,27420,0,0,0,0,1,0
481,250000,0,-412,412,0,0,-25078,25078,0,0,0,0,1,0
482,250520,93,-451,358,0,5649,-27420,21771,0,0,0,0,1,0
483,251041,182,-472,290,0,11081,-28709,17628,0,0,0,0,1,0
484,251562,264,-475,210,0,16088,-28895,12807,0,0,0,0,1,0
485,252083,336,-460,123,0,20476,-27970,7495,0,0,0,0,1,0
486,252604,396,-427,31,0,24077,-25971,1894,0,0,0,0,1,0
487,253125,440,-378,-62,0,26753,-22973,-3780,0,0,0,0,1,0
488,253645,467,-314,-153,0,28401,-19093,-9308,0,0,0,0,1,0
489,254166,476,-238,-238,0,28957,-14479,-14479,0,0,0,0,1,0
490,254687,467,-153,-314,0,28401,-9308,-19093,0,0,0,0,1,0
491,255208,440,-62,-378,0,26753,-3780,-22973,0,0,0,0,1,0
492,255729,396,31,-427,0,24077,1894,-25971,0,0,0,0,1,0
493,256249,336,123,-460,0,20476,7495,-27970,0,0,0,0,1,0
494,256770,264,210,-475,0,16088,12807,-28895,0,0,0,0,1,0
495,257291,182,290,-472,0,11081,17628,-28709,0,0,0,0,1,0
496,257812,93,358,-451,0,5649,21771,-27420,0,0,0,0,1,0
497,258333,0,412,-412,0,0,25078,-25078,0,0,0,0,1,0
498,258854,-93,451,-358,0,-5649,27420,-21771,0,0,0,0,1,0
499,259375,-182,472,-290,0,-11081,28709,-17628,0,0,0,0,1,0
500,259895,-264,475,-210,0,-16088,28895,-12807,0,0,0,0,1,0
501,260416,-336,460,-123,0,-20476,27970,-7495,0,0,0,0,1,0
502,260937,-396,427,-31,0,-24077,25971,-1894,0,0,0,0,1,0
503,261458,-440,378,62,0,-26753,22973,3780,0,0,0,0,1,0
504,261979,-467,314,153,0,-28401,19093,9308,0,0,0,0,1,0
505,262500,-476,238,238,0,-28957,14479,14479,0,0,0,0,1,0
506,263020,-467,153,314,0,-28401,9308,19093,0,0,0,0,1,0
507,263541,-440,62,378,0,-26753,3780,22973,0,0,0,0,1,0
508,264062,-396,-31,427,0,-24077,-1894,25971,0,0,0,0,1,0
509,264583,-336,-123,460,0,-20476,-7495,27970,0,0,0,0,1,0
510,265104,-264,-210,475,0,-16088,-12807,28895,0,0,0,0,1,0
511,265625,-182,-290,472,0,-11081,-17628,28709,0,0,0,0,1,0
512,266145,-93,-358,451,0,-5649,-21771,27420,0,0,0,0,1,0
513,266666,0,-412,412,0,0,-25078,25078,0,0,0,0,1,0
514,267187,93,-451,358,0,5649,-27420,21771,0,0,0,0,1,0
515,267708,182,-472,290,0,11081,-28709,17628,0,0,0,0,1,0
516,268229,264,-475,210,0,16088,-28895,12807,0,0,0,0,1,0
517,268750,336,-460,123,0,20476,-27970,7495,0,0,0,0,1,0
518,269270,396,-427,31,0,24077,-25971,1894,0,0,0,0,1,0
519,269791,440,-378,-62,0,26753,-22973,-3780,0,0,0,0,1,0
520,270312,467,-314,-153,0,28401,-19093,-9308,0,0,0,0,1,0
521,270833,476,-238,-238,0,28957,-14479,-14479,0,0,0,0,1,0
522,271354,467,-153,-314,0,28401,-9308,-19093,0,0,0,0,1,0
523,271875,440,-62,-378,0,26753,-3780,-22973,0,0,0,0,1,0
524,272395,396,31,-427,0,24077,1894,-25971,0,0,0,0,1,0
525,272916,336,123,-460,0,20476,7495,-27970,0,0,0,0,1,0
526,273437,264,210,-475,0,16088,12807,-28895,0,0,0,0,1,0
527,273958,182,290,-472,0,11081,17628,-28709,0,0,0,0,1,0
528,274479,93,358,-451,0,5649,21771,-27420,0,0,0,0,1,0
529,275000,0,412,-412,0,0,25078,-25078,0,0,0,0,1,0
530,275520,-93,451,-358,0,-5649,27420,-21771,0,0,0,0,1,0
531,276041,-182,472,-290,0,-11081,28709,-17628,0,0,0,0,1,0
532,276562,-264,475,-210,0,-16088,28895,-12807,0,0,0,0,1,0
533,277083,-336,460,-123,0,-20476,27970,-7495,0,0,0,0,1,0
534,277604,-396,427,-31,0,-24077,25971,-1894,0,0,0,0,1,0
535,278125,-440,378,62,0,-26753,22973,3780,0,0,0,0,1,0
536,278645,-467,314,153,0,-28401,19093,9308,0,0,0,0,1,0
537,279166,-476,238,238,0,-28957,14479,14479,0,0,0,0,1,0
538,279687,-467,153,314,0,-28401,9308,19093,0,0,0,0,1,0
539,280208,-440,62,378,0,-26753,3780,22973,0,0,0,0,1,0
540,280729,-396,-31,427,0,-24077,-1894,25971,0,0,0,0,1,0
541,281250,-336,-123,460,0,-20476,-7495,27970,0,0,0,0,1,0
542,281770,-264,-210,475,0,-16088,-12807,28895,0,0,0,0,1,0
543,282291,-182,-290,472,0,-11081,-17628,28709,0,0,0,0,1,0
544,282812,-93,-358,451,0,-5649,-21771,27420,0,0,0,0,1,0
545,283333,0,-412,412,0,0,-25078,25078,0,0,0,0,1,0
546,283854,93,-451,358,0,5649,-27420,21771,0,0,0,0,1,0
547,284375,182,-472,290,0,11081,-28709,17628,0,0,0,0,1,0
548,284895,264,-475,210,0,16088,-28895,12807,0,0,0,0,1,0
549,285416,336,-460,123,0,20476,-27970,7495,0,0,0,0,1,0
550,285937,396,-427,31,0,24077,-25971,1894,0,0,0,0,1,0
551,286458,440,-378,-62,0,26753,-22973,-3780,0,0,0,0,1,0
552,286979,467,-314,-153,0,28401,-19093,-9308,0,0,0,0,1,0
553,287500,476,-238,-238,0,28957,-14479,-14479,0,0,0,0,1,0
554,288020,467,-153,-314,0,28401,-9308,-19093,0,0,0,0,1,0
555,288541,440,-62,-378,0,26753,-3780,-22973,0,0,0,0,1,0
556,289062,396,31,-427,0,24077,1894,-25971,0,0,0,0,1,0
557,289583,336,123,-460,0,20476,7495,-27970,0,0,0,0,1,0
558,290104,264,210,-475,0,16088,12807,-28895,0,0,0,0,1,0
559,290625,182,290,-472,0,11081,17628,-28709,0,0,0,0,1,0
560,291145,93,358,-451,0,5649,21771,-27420,0,0,0,0,1,0
561,291666,0,412,-412,0,0,25078,-25078,0,0,0,0,1,0
562,292187,-93,451,-358,0,-5649,27420,-21771,0,0,0,0,1,0
563,292708,-182,472,-290,0,-11081,28709,-17628,0,0,0,0,1,0
564,293229,-264,475,-210,0,-16088,28895,-12807,0,0,0,0,1,0
565,293750,-336,460,-123,0,-20476,27970,-7495,0,0,0,0,1,0
566,294270,-396,427,-31,0,-24077,25971,-1894,0,0,0,0,1,0
567,294791,-440,378,62,0,-26753,22973,3780,0,0,0,0,1,0
568,295312,-467,314,153,0,-28401,19093,9308,0,0,0,0,1,0
569,295833,-476,238,238,0,-28957,14479,14479,0,0,0,0,1,0
570,296354,-467,153,314,0,-28401,9308,19093,0,0,0,0,1,0
571,296875,-440,62,378,0,-26753,3780,22973,0,0,0,0,1,0
572,297395,-396,-31,427,0,-24077,-1894,25971,0,0,0,0,1,0
573,297916,-336,-123,460,0,-20476,-7495,27970,0,0,0,0,1,0
574,298437,-264,-210,475,0,-16088,-12807,28895,0,0,0,0,1,0
575,298958,-182,-290,472,0,-11081,-17628,28709,0,0,0,0,1,0
576,299479,-93,-358,451,0,-5649,-21771,27420,0,0,0,0,1,0
577,300000,0,-412,412,0,0,-25078,25078,0,0,0,0,1,0
578,300520,93,-451,358,0,5649,-27420,21771,0,0,0,0,1,0
579,301041,182,-472,290,0,11081,-28709,17628,0,0,0,0,1,0
580,301562,264,-475,210,0,16088,-28895,12807,0,0,0,0,1,0
581,302083,336,-460,123,0,20476,-27970,7495,0,0,0,0,1,0
582,302604,396,-427,31,0,24077,-25971,1894,0,0,0,0,1,0
583,303125,440,-378,-62,0,26753,-22973,-3780,0,0,0,0,1,0
584,303645,467,-314,-153,0,28401,-19093,-9308,0,0,0,0,1,0
585,304166,476,-238,-238,0,28957,-14479,-14479,0,0,0,0,1,0
586,304687,467,-153,-314,0,28401,-9308,-19093,0,0,0,0,1,0
587,305208,440,-62,-378,0,26753,-3780,-22973,0,0,0,0,1,0
588,305729,396,31,-427,0,24077,1894,-25971,0,0,0,0,1,0
589,306250,336,123,-460,0,20476,7495,-27970,0,0,0,0,1,0
590,306770,264,210,-475,0,16088,12807,-28895,0,0,0,0,1,0
591,307291,182,290,-472,0,11081,17628,-28709,0,0,0,0,1,0
592,307812,93,358,-451,0,5649,21771,-27420,0,0,0,0,1,0
593,308333,0,412,-412,0,0,25078,-25078,0,0,0,0,1,0
594,308854,-93,451,-358,0,-5649,27420,-21771,0,0,0,0,1,0
595,309375,-182,472,-290,0,-11081,28709,-17628,0,0,0,0,1,0
596,309895,-264,475,-210,0,-16088,28895,-12807,0,0,0,0,1,0
597,310416,-336,460,-123,0,-20476,27970,-7495,0,0,0,0,1,0
598,310937,-396,427,-31,0,-24077,25971,-1894,0,0,0,0,1,0
599,311458,-440,378,62,0,-26753,22973,3780,0,0,0,0,1,0
600,311979,-467,314,153,0,-28401,19093,9308,0,0,0,0,1,0
601,312500,-476,238,238,0,-28957,14479,14479,0,0,0,0,1,0
602,313020,-467,153,314,0,-28401,9308,19093,0,0,0,0,1,0
603,313541,-440,62,378,0,-26753,3780,22973,0,0,0,0,1,0
604,314062,-396,-31,427,0,-24077,-1894,25971,0,0,0,0,1,0
605,314583,-336,-123,460,0,-20476,-7495,27970,0,0,0,0,1,0
606,315104,-264,-210,475,0,-16088,-12807,28895,0,0,0,0,1,0
607,315625,-182,-290,472,0,-11081,-17628,28709,0,0,0,0,1,0
