1,0,0,-311,311,0,0,-25794,25794,0,0,0,0,1,0
2,520,70,-340,270,0,5811,-28204,22393,0,0,0,0,1,0
3,1041,137,-356,218,0,11398,-29530,18132,0,0,0,0,1,0
4,1562,199,-358,159,0,16547,-29721,13173,0,0,0,0,1,0
5,2083,254,-346,93,0,21061,-28770,7709,0,0,0,0,1,0
6,2604,298,-322,23,0,24765,-26713,1948,0,0,0,0,1,0
7,3125,331,-285,-47,0,27517,-23630,-3888,0,0,0,0,1,0
8,3645,352,-237,-115,0,29212,-19638,-9574,0,0,0,0,1,0
9,4166,359,-179,-179,0,29784,-14892,-14892,0,0,0,0,1,0
10,4687,352,-115,-237,0,29212,-9574,-19638,0,0,0,0,1,0
11,5208,331,-47,-285,0,27517,-3888,-23630,0,0,0,0,1,0
12,5729,298,23,-322,0,24765,1948,-26713,0,0,0,0,1,0
13,6250,254,93,-346,0,21061,7709,-28770,0,0,0,0,1,0
14,6770,199,159,-358,0,16547,13173,-29721,0,0,0,0,1,0
15,7291,137,218,-356,0,11398,18132,-29530,0,0,0,0,1,0
16,7812,70,270,-340,0,5811,22393,-28204,0,0,0,0,1,0
17,8333,0,311,-311,0,0,25794,-25794,0,0,0,0,1,0
18,8854,-70,340,-270,0,-5811,28204,-22393,0,0,0,0,1,0
19,9375,-137,356,-218,0,-11398,29530,-18132,0,0,0,0,1,0
20,9895,-199,358,-159,0,-16547,29721,-13173,0,0,0,0,1,0
21,10416,-254,346,-93,0,-21061,28770,-7709,0,0,0,0,1,0
22,10937,-298,322,-23,0,-24765,26713,-1948,0,0,0,0,1,0
23,11458,-331,285,47,0,-27517,23630,3888,0,0,0,0,1,0
24,11979,-352,237,115,0,-29212,19638,9574,0,0,0,0,1,0
25,12500,-359,179,179,0,-29784,14892,14892,0,0,0,0,1,0
26,13020,-352,115,237,0,-29212,9574,19638,0,0,0,0,1,0
27,13541,-331,47,285,0,-27517,3888,23630,0,0,0,0,1,0
28,14062,-298,-23,322,0,-24765,-1948,26713,0,0,0,0,1,0
29,14583,-254,-93,346,0,-21061,-7709,28770,0,0,0,0,1,0
30,15104,-199,-159,358,0,-16547,-13173,29721,0,0,0,0,1,0
31,15625,-137,-218,356,0,-11398,-18132,29530,0,0,0,0,1,0
32,16145,-70,-270,340,0,-5811,-22393,28204,0,0,0,0,1,0
33,16666,0,-311,311,0,0,-25794,25794,0,0,0,0,1,0
34,17187,70,-340,270,0,5811,-28204,22393,0,0,0,0,1,0
35,17708,137,-356,218,0,11398,-29530,18132,0,0,0,0,1,0
36,18229,199,-358,159,0,16547,-29721,13173,0,0,0,0,1,0
37,18750,254,-346,93,0,21061,-28770,7709,0,0,0,0,1,0
38,19270,298,-322,23,0,24765,-26713,1948,0,0,0,0,1,0
39,19791,331,-285,-47,0,27517,-23630,-3888,0,0,0,0,1,0
40,20312,352,-237,-115,0,29212,-19638,-9574,0,0,0,0,1,0
41,20833,359,-179,-179,0,29784,-14892,-14892,0,0,0,0,1,0
42,21354,352,-115,-237,0,29212,-9574,-19638,0,0,0,0,1,0
43,21875,331,-47,-285,0,27517,-3888,-23630,0,0,0,0,1,0
44,22395,298,23,-322,0,24765,1948,-26713,0,0,0,0,1,0
45,22916,254,93,-346,0,21061,7709,-28770,0,0,0,0,1,0
46,23437,199,159,-358,0,16547,13173,-29721,0,0,0,0,1,0
47,23958,137,218,-356,0,11398,18132,-29530,0,0,0,0,1,0
48,24479,70,270,-340,0,5811,22393,-28204,0,0,0,0,1,0
49,25000,0,311,-311,0,0,25794,-25794,0,0,0,0,1,0
50,25520,-70,340,-270,0,-5811,28204,-22393,0,0,0,0,1,0
51,26041,-137,356,-218,0,-11398,29530,-18132,0,0,0,0,1,0
52,26562,-199,358,-159,0,-16547,29721,-13173,0,0,0,0,1,0
53,27083,-254,346,-93,0,-21061,28770,-7709,0,0,0,0,1,0
54,27604,-298,322,-23,0,-24765,26713,-1948,0,0,0,0,1,0
55,28125,-331,285,47,0,-27517,23630,3888,0,0,0,0,1,0
56,28645,-352,237,115,0,-29212,19638,9574,0,0,0,0,1,0
57,29166,-359,179,179,0,-29784,14892,14892,0,0,0,0,1,0
58,29687,-352,115,237,0,-29212,9574,19638,0,0,0,0,1,0
59,30208,-331,47,285,0,-27517,3888,23630,0,0,0,0,1,0
60,30729,-298,-23,322,0,-24765,-1948,26713,0,0,0,0,1,0
61,31250,-254,-93,346,0,-21061,-7709,28770,0,0,0,0,1,0
62,31770,-199,-159,358,0,-16547,-13173,29721,0,0,0,0,1,0
63,32291,-137,-218,356,0,-11398,-18132,29530,0,0,0,0,1,0
64,32812,-70,-270,340,0,-5811,-22393,28204,0,0,0,0,1,0
65,33333,0,-311,311,0,0,-25794,25794,0,0,0,0,1,0
66,33854,70,-340,270,0,5811,-28204,22393,0,0,0,0,1,0
67,34375,137,-356,218,0,11398,-29530,18132,0,0,0,0,1,0
68,34895,199,-358,159,0,16547,-29721,13173,0,0,0,0,1,0
69,35416,254,-346,93,0,21061,-28770,7709,0,0,0,0,1,0
70,35937,298,-322,23,0,24765,-26713,1948,0,0,0,0,1,0
71,36458,331,-285,-47,0,27517,-23630,-3888,0,0,0,0,1,0
72,36979,352,-237,-115,0,29212,-19638,-9574,0,0,0,0,1,0
73,37500,359,-179,-179,0,29784,-14892,-14892,0,0,0,0,1,0
74,38020,352,-115,-237,0,29212,-9574,-19638,0,0,0,0,1,0
75,38541,331,-47,-285,0,27517,-3888,-23630,0,0,0,0,1,0
76,39062,298,23,-322,0,24765,1948,-26713,0,0,0,0,1,0
77,39583,254,93,-346,0,21061,7709,-28770,0,0,0,0,1,0
78,40104,199,159,-358,0,16547,13173,-29721,0,0,0,0,1,0
79,40625,137,218,-356,0,11398,18132,-29530,0,0,0,0,1,0
80,41145,70,270,-340,0,5811,22393,-28204,0,0,0,0,1,0
81,41666,0,311,-311,0,0,25794,-25794,0,0,0,0,1,0
82,42187,-70,340,-270,0,-5811,28204,-22393,0,0,0,0,1,0
83,42708,-137,356,-218,0,-11398,29530,-18132,0,0,0,0,1,0
84,43229,-199,358,-159,0,-16547,29721,-13173,0,0,0,0,1,0
85,43750,-254,346,-93,0,-21061,28770,-7709,0,0,0,0,1,0
86,44270,-298,322,-23,0,-24765,26713,-1948,0,0,0,0,1,0
87,44791,-331,285,47,0,-27517,23630,3888,0,0,0,0,1,0
88,45312,-352,237,115,0,-29212,19638,9574,0,0,0,0,1,0
89,45833,-359,179,179,0,-29784,14892,14892,0,0,0,0,1,0
90,46354,-352,115,237,0,-29212,9574,19638,0,0,0,0,1,0
91,46875,-331,47,285,0,-27517,3888,23630,0,0,0,0,1,0
92,47395,-298,-23,322,0,-24765,-1948,26713,0,0,0,0,1,0
93,47916,-254,-93,346,0,-21061,-7709,28770,0,0,0,0,1,0
94,48437,-199,-159,358,0,-16547,-13173,29721,0,0,0,0,1,0
95,48958,-137,-218,356,0,-11398,-18132,29530,0,0,0,0,1,0
96,49479,-70,-270,340,0,-5811,-22393,28204,0,0,0,0,1,0
97,50000,22265,-22265,311,311,-12897,-12897,27084,0,0,0,0,1,0
98,50520,25254,-25254,270,270,-11197,-11197,23513,0,0,0,0,1,0
99,51041,27735,-27735,218,218,-9066,-9066,19038,0,0,0,0,1,0
100,51562,29604,-29604,159,159,-6587,-6587,13832,0,0,0,0,1,0
101,52083,30779,-30779,93,93,-3854,-3854,8094,0,0,0,0,1,0
102,52604,31207,-31207,23,23,-974,-974,2045,0,0,0,0,1,0
103,53125,30863,-30863,-47,-47,1944,1944,-4082,0,0,0,0,1,0
104,53645,29752,-29752,-115,-115,4787,4787,-10053,0,0,0,0,1,0
105,54166,27908,-27908,-179,-179,7446,7446,-15637,0,0,0,0,1,0
106,54687,25395,-25395,-237,-237,9819,9819,-20620,0,0,0,0,1,0
107,55208,22301,-22301,-285,-285,11815,11815,-24811,0,0,0,0,1,0
108,55729,18738,-18738,-322,-322,13356,13356,-28048,0,0,0,0,1,0
109,56250,14834,-14834,-346,-346,14385,14385,-30208,0,0,0,0,1,0
110,56770,10732,-10732,-358,-358,14860,14860,-31207,0,0,0,0,1,0
111,57291,6584,-6584,-356,-356,14765,14765,-31006,0,0,0,0,1,0
112,57812,2540,-2540,-340,-340,14102,14102,-29614,0,0,0,0,1,0
113,58333,-1250,1250,-311,-311,12897,12897,-27084,0,0,0,0,1,0
114,58854,-4648,4648,-270,-270,11197,11197,-23513,0,0,0,0,1,0
115,59375,-7529,7529,-218,-218,9066,9066,-19038,0,0,0,0,1,0
116,59895,-9791,9791,-159,-159,6587,6587,-13832,0,0,0,0,1,0
117,60416,-11351,11351,-93,-93,3854,3854,-8094,0,0,0,0,1,0
118,60937,-12157,12157,-23,-23,974,974,-2045,0,0,0,0,1,0
119,61458,-12183,12183,47,47,-1944,-1944,4082,0,0,0,0,1,0
120,61979,-11435,11435,115,115,-4787,-4787,10053,0,0,0,0,1,0
121,62500,-9948,9948,179,179,-7446,-7446,15637,0,0,0,0,1,0
122,63020,-7784,7784,237,237,-9819,-9819,20620,0,0,0,0,1,0
123,63541,-5033,5033,285,285,-11815,-11815,24811,0,0,0,0,1,0
124,64062,-1805,1805,322,322,-13356,-13356,28048,0,0,0,0,1,0
125,64583,1770,-1770,346,346,-14385,-14385,30208,0,0,0,0,1,0
126,65104,5548,-5548,358,358,-14860,-14860,31207,0,0,0,0,1,0
127,65625,9380,-9380,356,356,-14765,-14765,31006,0,0,0,0,1,0
128,66145,13114,-13114,340,340,-14102,-14102,29614,0,0,0,0,1,0
129,66666,16600,-16600,311,311,-12897,-12897,27084,0,0,0,0,1,0
130,67187,19699,-19699,270,270,-11197,-11197,23513,0,0,0,0,1,0
131,67708,22288,-22288,218,218,-9066,-9066,19038,0,0,0,0,1,0
132,68229,24262,-24262,159,159,-6587,-6587,13832,0,0,0,0,1,0
133,68750,25541,-25541,93,93,-3854,-3854,8094,0,0,0,0,1,0
134,69270,26071,-26071,23,23,-974,-974,2045,0,0,0,0,1,0
135,69791,25827,-25827,-47,-47,1944,1944,-4082,0,0,0,0,1,0
136,70312,24814,-24814,-115,-115,4787,4787,-10053,0,0,0,0,1,0
137,70833,23066,-23066,-179,-179,7446,7446,-15637,0,0,0,0,1,0
138,71354,20648,-20648,-237,-237,9819,9819,-20620,0,0,0,0,1,0
139,71875,17646,-17646,-285,-285,11815,11815,-24811,0,0,0,0,1,0
140,72395,14173,-14173,-322,-322,13356,13356,-28048,0,0,0,0,1,0
141,72916,10358,-10358,-346,-346,14385,14385,-30208,0,0,0,0,1,0
142,73437,6343,-6343,-358,-358,14860,14860,-31207,0,0,0,0,1,0
143,73958,2280,-2280,-356,-356,14765,14765,-31006,0,0,0,0,1,0
144,74479,-1680,1680,-340,-340,14102,14102,-29614,0,0,0,0,1,0
145,75000,-5388,5388,-311,-311,12897,12897,-27084,0,0,0,0,1,0
146,75520,-8706,8706,-270,-270,11197,11197,-23513,0,0,0,0,1,0
147,76041,-11508,11508,-218,-218,9066,9066,-19038,0,0,0,0,1,0
148,76562,-13692,13692,-159,-159,6587,6587,-13832,0,0,0,0,1,0
149,77083,-15176,15176,-93,-93,3854,3854,-8094,0,0,0,0,1,0
150,77604,-15908,15908,-23,-23,974,974,-2045,0,0,0,0,1,0
151,78125,-15861,15861,47,47,-1944,-1944,4082,0,0,0,0,1,0
152,78645,-15042,15042,115,115,-4787,-4787,10053,0,0,0,0,1,0
153,79166,-13485,13485,179,179,-7446,-7446,15637,0,0,0,0,1,0
154,79687,-11252,11252,237,237,-9819,-9819,20620,0,0,0,0,1,0
155,80208,-8433,8433,285,285,-11815,-11815,24811,0,0,0,0,1,0
156,80729,-5139,5139,322,322,-13356,-13356,28048,0,0,0,0,1,0
157,81250,-1500,1500,346,346,-14385,-14385,30208,0,0,0,0,1,0
158,81770,2342,-2342,358,358,-14860,-14860,31207,0,0,0,0,1,0
159,82291,6237,-6237,356,356,-14765,-14765,31006,0,0,0,0,1,0
160,82812,10031,-10031,340,340,-14102,-14102,29614,0,0,0,0,1,0
161,83333,13577,-13577,311,311,-12897,-12897,27084,0,0,0,0,1,0
162,83854,16735,-16735,270,270,-11197,-11197,23513,0,0,0,0,1,0
163,84375,19382,-19382,218,218,-9066,-9066,19038,0,0,0,0,1,0
164,84895,21412,-21412,159,159,-6587,-6587,13832,0,0,0,0,1,0
165,85416,22747,-22747,93,93,-3854,-3854,8094,0,0,0,0,1,0
166,85937,23331,-23331,23,23,-974,-974,2045,0,0,0,0,1,0
167,86458,23140,-23140,-47,-47,1944,1944,-4082,0,0,0,0,1,0
168,86979,22179,-22179,-115,-115,4787,4787,-10053,0,0,0,0,1,0
169,87500,180,-90,-90,0,29784,-14892,-14892,0,0,0,0,1,0
170,88020,176,-58,-119,0,29212,-9574,-19638,0,0,0,0,1,0
171,88541,166,-23,-143,0,27517,-3888,-23630,0,0,0,0,1,0
172,89062,149,12,-161,0,24765,1948,-26713,0,0,0,0,1,0
173,89583,127,47,-174,0,21061,7709,-28770,0,0,0,0,1,0
174,90104,100,80,-179,0,16547,13173,-29721,0,0,0,0,1,0
175,90625,69,109,-178,0,11398,18132,-29530,0,0,0,0,1,0
176,91145,35,135,-170,0,5811,22393,-28204,0,0,0,0,1,0
177,91666,0,156,-156,0,0,25794,-25794,0,0,0,0,1,0
178,92187,-35,170,-135,0,-5811,28204,-22393,0,0,0,0,1,0
179,92708,-69,178,-109,0,-11398,29530,-18132,0,0,0,0,1,0
180,93229,-100,179,-80,0,-16547,29721,-13173,0,0,0,0,1,0
181,93750,-127,174,-47,0,-21061,28770,-7709,0,0,0,0,1,0
182,94270,-149,161,-12,0,-24765,26713,-1948,0,0,0,0,1,0
183,94791,-166,143,23,0,-27517,23630,3888,0,0,0,0,1,0
184,95312,-176,119,58,0,-29212,19638,9574,0,0,0,0,1,0
185,95833,-180,90,90,0,-29784,14892,14892,0,0,0,0,1,0
186,96354,-176,58,119,0,-29212,9574,19638,0,0,0,0,1,0
187,96875,-166,23,143,0,-27517,3888,23630,0,0,0,0,1,0
188,97395,-149,-12,161,0,-24765,-1948,26713,0,0,0,0,1,0
189,97916,-127,-47,174,0,-21061,-7709,28770,0,0,0,0,1,0
190,98437,-100,-80,179,0,-16547,-13173,29721,0,0,0,0,1,0
191,98958,-69,-109,178,0,-11398,-18132,29530,0,0,0,0,1,0
192,99479,-35,-135,170,0,-5811,-22393,28204,0,0,0,0,1,0
193,100000,0,-156,156,0,0,-25794,25794,0,0,0,0,1,0
194,100520,35,-170,135,0,5811,-28204,22393,0,0,0,0,1,0
195,101041,69,-178,109,0,11398,-29530,18132,0,0,0,0,1,0
196,101562,100,-179,80,0,16547,-29721,13173,0,0,0,0,1,0
197,102083,127,-174,47,0,21061,-28770,7709,0,0,0,0,1,0
198,102604,149,-161,12,0,24765,-26713,1948,0,0,0,0,1,0
199,103125,166,-143,-23,0,27517,-23630,-3888,0,0,0,0,1,0
200,103645,176,-119,-58,0,29212,-19638,-9574,0,0,0,0,1,0
201,104166,180,-90,-90,0,29784,-14892,-14892,0,0,0,0,1,0
202,104687,176,-58,-119,0,29212,-9574,-19638,0,0,0,0,1,0
203,105208,166,-23,-143,0,27517,-3888,-23630,0,0,0,0,1,0
204,105729,149,12,-161,0,24765,1948,-26713,0,0,0,0,1,0
205,106250,127,47,-174,0,21061,7709,-28770,0,0,0,0,1,0
206,106770,100,80,-179,0,16547,13173,-29721,0,0,0,0,1,0
207,107291,69,109,-178,0,11398,18132,-29530,0,0,0,0,1,0
208,107812,35,135,-170,0,5811,22393,-28204,0,0,0,0,1,0
209,108333,0,156,-156,0,0,25794,-25794,0,0,0,0,1,0
210,108854,-35,170,-135,0,-5811,28204,-22393,0,0,0,0,1,0
211,109375,-69,178,-109,0,-11398,29530,-18132,0,0,0,0,1,0
212,109895,-100,179,-80,0,-16547,29721,-13173,0,0,0,0,1,0
213,110416,-127,174,-47,0,-21061,28770,-7709,0,0,0,0,1,0
214,110937,-149,161,-12,0,-24765,26713,-1948,0,0,0,0,1,0
215,111458,-166,143,23,0,-27517,23630,3888,0,0,0,0,1,0
216,111979,-176,119,58,0,-29212,19638,9574,0,0,0,0,1,0
217,112500,-180,90,90,0,-29784,14892,14892,0,0,0,0,1,0
218,113020,-176,58,119,0,-29212,9574,19638,0,0,0,0,1,0
219,113541,-166,23,143,0,-27517,3888,23630,0,0,0,0,1,0
220,114062,-149,-12,161,0,-24765,-1948,26713,0,0,0,0,1,0
221,114583,-127,-47,174,0,-21061,-7709,28770,0,0,0,0,1,0
222,115104,-100,-80,179,0,-16547,-13173,29721,0,0,0,0,1,0
223,115625,-69,-109,178,0,-11398,-18132,29530,0,0,0,0,1,0
224,116145,-35,-135,170,0,-5811,-22393,28204,0,0,0,0,1,0
225,116666,0,-156,156,0,0,-25794,25794,0,0,0,0,1,0
226,117187,35,-170,135,0,5811,-28204,22393,0,0,0,0,1,0
227,117708,69,-178,109,0,11398,-29530,18132,0,0,0,0,1,0
228,118229,100,-179,80,0,16547,-29721,13173,0,0,0,0,1,0
229,118750,127,-174,47,0,21061,-28770,7709,0,0,0,0,1,0
230,119270,149,-161,12,0,24765,-26713,1948,0,0,0,0,1,0
231,119791,166,-143,-23,0,27517,-23630,-3888,0,0,0,0,1,0
232,120312,176,-119,-58,0,29212,-19638,-9574,0,0,0,0,1,0
233,120833,180,-90,-90,0,29784,-14892,-14892,0,0,0,0,1,0
234,121354,176,-58,-119,0,29212,-9574,-19638,0,0,0,0,1,0
235,121875,166,-23,-143,0,27517,-3888,-23630,0,0,0,0,1,0
236,122395,149,12,-161,0,24765,1948,-26713,0,0,0,0,1,0
237,122916,127,47,-174,0,21061,7709,-28770,0,0,0,0,1,0
238,123437,100,80,-179,0,16547,13173,-29721,0,0,0,0,1,0
239,123958,69,109,-178,0,11398,18132,-29530,0,0,0,0,1,0
240,124479,35,135,-170,0,5811,22393,-28204,0,0,0,0,1,0
241,125000,0,156,-156,0,0,25794,-25794,0,0,0,0,1,0
242,125520,-35,170,-135,0,-5811,28204,-22393,0,0,0,0,1,0
243,126041,-69,178,-109,0,-11398,29530,-18132,0,0,0,0,1,0
244,126562,-100,179,-80,0,-16547,29721,-13173,0,0,0,0,1,0
245,127083,-127,174,-47,0,-21061,28770,-7709,0,0,0,0,1,0
246,127604,-149,161,-12,0,-24765,26713,-1948,0,0,0,0,1,0
247,128124,-166,143,23,0,-27517,23630,3888,0,0,0,0,1,0
248,128645,-176,119,58,0,-29212,19638,9574,0,0,0,0,1,0
249,129166,-180,90,90,0,-29784,14892,14892,0,0,0,0,1,0
250,129687,-176,58,119,0,-29212,9574,19638,0,0,0,0,1,0
251,130208,-166,23,143,0,-27517,3888,23630,0,0,0,0,1,0
252,130729,-149,-12,161,0,-24765,-1948,26713,0,0,0,0,1,0
253,131250,-127,-47,174,0,-21061,-7709,28770,0,0,0,0,1,0
254,131770,-100,-80,179,0,-16547,-13173,29721,0,0,0,0,1,0
255,132291,-69,-109,178,0,-11398,-18132,29530,0,0,0,0,1,0
256,132812,-35,-135,170,0,-5811,-22393,28204,0,0,0,0,1,0
257,133333,0,-156,156,0,0,-25794,25794,0,0,0,0,1,0
258,133854,35,-170,135,0,5811,-28204,22393,0,0,0,0,1,0
259,134375,69,-178,109,0,11398,-29530,18132,0,0,0,0,1,0
260,134895,100,-179,80,0,16547,-29721,13173,0,0,0,0,1,0
261,135416,127,-174,47,0,21061,-28770,7709,0,0,0,0,1,0
262,135937,149,-161,12,0,24765,-26713,1948,0,0,0,0,1,0
263,136458,166,-143,-23,0,27517,-23630,-3888,0,0,0,0,1,0
264,136979,176,-119,-58,0,29212,-19638,-9574,0,0,0,0,1,0
265,137500,180,-90,-90,0,29784,-14892,-14892,0,0,0,0,1,0
266,138020,176,-58,-119,0,29212,-9574,-19638,0,0,0,0,1,0
267,138541,166,-23,-143,0,27517,-3888,-23630,0,0,0,0,1,0
268,139062,149,12,-161,0,24765,1948,-26713,0,0,0,0,1,0
269,139583,127,47,-174,0,21061,7709,-28770,0,0,0,0,1,0
270,140104,100,80,-179,0,16547,13173,-29721,0,0,0,0,1,0
271,140625,69,109,-178,0,11398,18132,-29530,0,0,0,0,1,0
272,141145,35,135,-170,0,5811,22393,-28204,0,0,0,0,1,0
273,141666,0,156,-156,0,0,25794,-25794,0,0,0,0,1,0
274,142187,-35,170,-135,0,-5811,28204,-22393,0,0,0,0,1,0
275,142708,-69,178,-109,0,-11398,29530,-18132,0,0,0,0,1,0
276,143229,-100,179,-80,0,-16547,29721,-13173,0,0,0,0,1,0
277,143750,-127,174,-47,0,-21061,28770,-7709,0,0,0,0,1,0
278,144270,-149,161,-12,0,-24765,26713,-1948,0,0,0,0,1,0
279,144791,-166,143,23,0,-27517,23630,3888,0,0,0,0,1,0
280,145312,-176,119,58,0,-29212,19638,9574,0,0,0,0,1,0
281,145833,-180,90,90,0,-29784,14892,14892,0,0,0,0,1,0
282,146354,-176,58,119,0,-29212,9574,19638,0,0,0,0,1,0
283,146875,-166,23,143,0,-27517,3888,23630,0,0,0,0,1,0
284,147395,-149,-12,161,0,-24765,-1948,26713,0,0,0,0,1,0
285,147916,-127,-47,174,0,-21061,-7709,28770,0,0,0,0,1,0
286,148437,-100,-80,179,0,-16547,-13173,29721,0,0,0,0,1,0
287,148958,-69,-109,178,0,-11398,-18132,29530,0,0,0,0,1,0
288,149479,-35,-135,170,0,-5811,-22393,28204,0,0,0,0,1,0
289,150000,0,-156,156,0,0,-25794,25794,0,0,0,0,1,0
290,150520,35,-170,135,0,5811,-28204,22393,0,0,0,0,1,0
291,151041,69,-178,109,0,11398,-29530,18132,0,0,0,0,1,0
292,151562,100,-179,80,0,16547,-29721,13173,0,0,0,0,1,0
293,152083,127,-174,47,0,21061,-28770,7709,0,0,0,0,1,0
294,152604,149,-161,12,0,24765,-26713,1948,0,0,0,0,1,0
295,153125,166,-143,-23,0,27517,-23630,-3888,0,0,0,0,1,0
296,153645,176,-119,-58,0,29212,-19638,-9574,0,0,0,0,1,0
297,154166,180,-90,-90,0,29784,-14892,-14892,0,0,0,0,1,0
298,154687,176,-58,-119,0,29212,-9574,-19638,0,0,0,0,1,0
299,155208,166,-23,-143,0,27517,-3888,-23630,0,0,0,0,1,0
300,155729,149,12,-161,0,24765,1948,-26713,0,0,0,0,1,0
301,156250,127,47,-174,0,21061,7709,-28770,0,0,0,0,1,0
302,156770,100,80,-179,0,16547,13173,-29721,0,0,0,0,1,0
303,157291,69,109,-178,0,11398,18132,-29530,0,0,0,0,1,0
304,157812,35,135,-170,0,5811,22393,-28204,0,0,0,0,1,0
305,158333,0,156,-156,0,0,25794,-25794,0,0,0,0,1,0
306,158854,-35,170,-135,0,-5811,28204,-22393,0,0,0,0,1,0
307,159375,-69,178,-109,0,-11398,29530,-18132,0,0,0,0,1,0
308,159895,-100,179,-80,0,-16547,29721,-13173,0,0,0,0,1,0
309,160416,-127,174,-47,0,-21061,28770,-7709,0,0,0,0,1,0
310,160937,-149,161,-12,0,-24765,26713,-1948,0,0,0,0,1,0
311,161458,-166,143,23,0,-27517,23630,3888,0,0,0,0,1,0
312,161979,-176,119,58,0,-29212,19638,9574,0,0,0,0,1,0
313,162500,-180,90,90,0,-29784,14892,14892,0,0,0,0,1,0
314,163020,-176,58,119,0,-29212,9574,19638,0,0,0,0,1,0
315,163541,-166,23,143,0,-27517,3888,23630,0,0,0,0,1,0
316,164062,-149,-12,161,0,-24765,-1948,26713,0,0,0,0,1,0
317,164583,-127,-47,174,0,-21061,-7709,28770,0,0,0,0,1,0
318,165104,-100,-80,179,0,-16547,-13173,29721,0,0,0,0,1,0
319,165625,-69,-109,178,0,-11398,-18132,29530,0,0,0,0,1,0
320,166145,-35,-135,170,0,-5811,-22393,28204,0,0,0,0,1,0
321,166666,0,-156,156,0,0,-25794,25794,0,0,0,0,1,0
322,167187,35,-170,135,0,5811,-28204,22393,0,0,0,0,1,0
323,167708,69,-178,109,0,11398,-29530,18132,0,0,0,0,1,0
324,168229,100,-179,80,0,16547,-29721,13173,0,0,0,0,1,0
325,168750,127,-174,47,0,21061,-28770,7709,0,0,0,0,1,0
326,169270,149,-161,12,0,24765,-26713,1948,0,0,0,0,1,0
327,169791,166,-143,-23,0,27517,-23630,-3888,0,0,0,0,1,0
328,170312,176,-119,-58,0,29212,-19638,-9574,0,0,0,0,1,0
329,170833,180,-90,-90,0,29784,-14892,-14892,0,0,0,0,1,0
330,171354,176,-58,-119,0,29212,-9574,-19638,0,0,0,0,1,0
331,171875,166,-23,-143,0,27517,-3888,-23630,0,0,0,0,1,0
332,172395,149,12,-161,0,24765,1948,-26713,0,0,0,0,1,0
333,172916,127,47,-174,0,21061,7709,-28770,0,0,0,0,1,0
334,173437,100,80,-179,0,16547,13173,-29721,0,0,0,0,1,0
335,173958,69,109,-178,0,11398,18132,-29530,0,0,0,0,1,0
336,174479,35,135,-170,0,5811,22393,-28204,0,0,0,0,1,0
337,175000,0,156,-156,0,0,25794,-25794,0,0,0,0,1,0
338,175520,-35,170,-135,0,-5811,28204,-22393,0,0,0,0,1,0
339,176041,-69,178,-109,0,-11398,29530,-18132,0,0,0,0,1,0
340,176562,-100,179,-80,0,-16547,29721,-13173,0,0,0,0,1,0
341,177083,-127,174,-47,0,-21061,28770,-7709,0,0,0,0,1,0
342,177604,-149,161,-12,0,-24765,26713,-1948,0,0,0,0,1,0
343,178125,-166,143,23,0,-27517,23630,3888,0,0,0,0,1,0
344,178645,-176,119,58,0,-29212,19638,9574,0,0,0,0,1,0
345,179166,-180,90,90,0,-29784,14892,14892,0,0,0,0,1,0
346,179687,-176,58,119,0,-29212,9574,19638,0,0,0,0,1,0
347,180208,-166,23,143,0,-27517,3888,23630,0,0,0,0,1,0
348,180729,-149,-12,161,0,-24765,-1948,26713,0,0,0,0,1,0
349,181250,-127,-47,174,0,-21061,-7709,28770,0,0,0,0,1,0
350,181770,-100,-80,179,0,-16547,-13173,29721,0,0,0,0,1,0
351,182291,-69,-109,178,0,-11398,-18132,29530,0,0,0,0,1,0
352,182812,-35,-135,170,0,-5811,-22393,28204,0,0,0,0,1,0
353,183333,0,-156,156,0,0,-25794,25794,0,0,0,0,1,0
354,183854,35,-170,135,0,5811,-28204,22393,0,0,0,0,1,0
355,184375,69,-178,109,0,11398,-29530,18132,0,0,0,0,1,0
356,184895,100,-179,80,0,16547,-29721,13173,0,0,0,0,1,0
357,185416,127,-174,47,0,21061,-28770,7709,0,0,0,0,1,0
358,185937,149,-161,12,0,24765,-26713,1948,0,0,0,0,1,0
359,186458,166,-143,-23,0,27517,-23630,-3888,0,0,0,0,1,0
360,186979,176,-119,-58,0,29212,-19638,-9574,0,0,0,0,1,0
361,187500,180,-90,-90,0,29784,-14892,-14892,0,0,0,0,1,0
362,188020,176,-58,-119,0,29212,-9574,-19638,0,0,0,0,1,0
363,188541,166,-23,-143,0,27517,-3888,-23630,0,0,0,0,1,0
364,189062,149,12,-161,0,24765,1948,-26713,0,0,0,0,1,0
365,189583,127,47,-174,0,21061,7709,-28770,0,0,0,0,1,0
366,190104,100,80,-179,0,16547,13173,-29721,0,0,0,0,1,0
367,190625,69,109,-178,0,11398,18132,-29530,0,0,0,0,1,0
368,191145,35,135,-170,0,5811,22393,-28204,0,0,0,0,1,0
369,191666,0,156,-156,0,0,25794,-25794,0,0,0,0,1,0
370,192187,-35,170,-135,0,-5811,28204,-22393,0,0,0,0,1,0
371,192708,-69,178,-109,0,-11398,29530,-18132,0,0,0,0,1,0
372,193229,-100,179,-80,0,-16547,29721,-13173,0,0,0,0,1,0
373,193750,-127,174,-47,0,-21061,28770,-7709,0,0,0,0,1,0
374,194270,-149,161,-12,0,-24765,26713,-1948,0,0,0,0,1,0
375,194791,-166,143,23,0,-27517,23630,3888,0,0,0,0,1,0
376,195312,-176,119,58,0,-29212,19638,9574,0,0,0,0,1,0
377,195833,-180,90,90,0,-29784,14892,14892,0,0,0,0,1,0
378,196354,-176,58,119,0,-29212,9574,19638,0,0,0,0,1,0
379,196875,-166,23,143,0,-27517,3888,23630,0,0,0,0,1,0
380,197395,-149,-12,161,0,-24765,-1948,26713,0,0,0,0,1,0
381,197916,-127,-47,174,0,-21061,-7709,28770,0,0,0,0,1,0
382,198437,-100,-80,179,0,-16547,-13173,29721,0,0,0,0,1,0
383,198958,-69,-109,178,0,-11398,-18132,29530,0,0,0,0,1,0
384,199479,-35,-135,170,0,-5811,-22393,28204,0,0,0,0,1,0
385,200000,0,-156,156,0,0,-25794,25794,0,0,0,0,1,0
386,200520,35,-170,135,0,5811,-28204,22393,0,0,0,0,1,0
387,201041,69,-178,109,0,11398,-29530,18132,0,0,0,0,1,0
388,201562,100,-179,80,0,16547,-29721,13173,0,0,0,0,1,0
389,202083,127,-174,47,0,21061,-28770,7709,0,0,0,0,1,0
390,202604,149,-161,12,0,24765,-26713,1948,0,0,0,0,1,0
391,203125,166,-143,-23,0,27517,-23630,-3888,0,0,0,0,1,0
392,203645,176,-119,-58,0,29212,-19638,-9574,0,0,0,0,1,0
393,204166,180,-90,-90,0,29784,-14892,-14892,0,0,0,0,1,0
394,204687,176,-58,-119,0,29212,-9574,-19638,0,0,0,0,1,0
395,205208,166,-23,-143,0,27517,-3888,-23630,0,0,0,0,1,0
396,205729,149,12,-161,0,24765,1948,-26713,0,0,0,0,1,0
397,206250,127,47,-174,0,21061,7709,-28770,0,0,0,0,1,0
398,206770,100,80,-179,0,16547,13173,-29721,0,0,0,0,1,0
399,207291,69,109,-178,0,11398,18132,-29530,0,0,0,0,1,0
400,207812,35,135,-170,0,5811,22393,-28204,0,0,0,0,1,0
401,208333,0,156,-156,0,0,25794,-25794,0,0,0,0,1,0
402,208854,-35,170,-135,0,-5811,28204,-22393,0,0,0,0,1,0
403,209375,-69,178,-109,0,-11398,29530,-18132,0,0,0,0,1,0
404,209895,-100,179,-80,0,-16547,29721,-13173,0,0,0,0,1,0
405,210416,-127,174,-47,0,-21061,28770,-7709,0,0,0,0,1,0
406,210937,-149,161,-12,0,-24765,26713,-1948,0,0,0,0,1,0
407,211458,-166,143,23,0,-27517,23630,3888,0,0,0,0,1,0
408,211979,-176,119,58,0,-29212,19638,9574,0,0,0,0,1,0
409,212500,-180,90,90,0,-29784,14892,14892,0,0,0,0,1,0
410,213020,-176,58,119,0,-29212,9574,19638,0,0,0,0,1,0
411,213541,-166,23,143,0,-27517,3888,23630,0,0,0,0,1,0
412,214062,-149,-12,161,0,-24765,-1948,26713,0,0,0,0,1,0
413,214583,-127,-47,174,0,-21061,-7709,28770,0,0,0,0,1,0
414,215104,-100,-80,179,0,-16547,-13173,29721,0,0,0,0,1,0
415,215625,-69,-109,178,0,-11398,-18132,29530,0,0,0,0,1,0
416,216145,-35,-135,170,0,-5811,-22393,28204,0,0,0,0,1,0
417,216666,0,-156,156,0,0,-25794,25794,0,0,0,0,1,0
418,217187,35,-170,135,0,5811,-28204,22393,0,0,0,0,1,0
419,217708,69,-178,109,0,11398,-29530,18132,0,0,0,0,1,0
420,218229,100,-179,80,0,16547,-29721,13173,0,0,0,0,1,0
421,218750,127,-174,47,0,21061,-28770,7709,0,0,0,0,1,0
422,219270,149,-161,12,0,24765,-26713,1948,0,0,0,0,1,0
423,219791,166,-143,-23,0,27517,-23630,-3888,0,0,0,0,1,0
424,220312,176,-119,-58,0,29212,-19638,-9574,0,0,0,0,1,0
425,220833,180,-90,-90,0,29784,-14892,-14892,0,0,0,0,1,0
426,221354,176,-58,-119,0,29212,-9574,-19638,0,0,0,0,1,0
427,221875,166,-23,-143,0,27517,-3888,-23630,0,0,0,0,1,0
428,222395,149,12,-161,0,24765,1948,-26713,0,0,0,0,1,0
429,222916,127,47,-174,0,21061,7709,-28770,0,0,0,0,1,0
430,223437,100,80,-179,0,16547,13173,-29721,0,0,0,0,1,0
431,223958,69,109,-178,0,11398,18132,-29530,0,0,0,0,1,0
432,224479,35,135,-170,0,5811,22393,-28204,0,0,0,0,1,0
433,225000,0,156,-156,0,0,25794,-25794,0,0,0,0,1,0
434,225520,-35,170,-135,0,-5811,28204,-22393,0,0,0,0,1,0
435,226041,-69,178,-109,0,-11398,29530,-18132,0,0,0,0,1,0
436,226562,-100,179,-80,0,-16547,29721,-13173,0,0,0,0,1,0
437,227083,-127,174,-47,0,-21061,28770,-7709,0,0,0,0,1,0
438,227604,-149,161,-12,0,-24765,26713,-1948,0,0,0,0,1,0
439,228125,-166,143,23,0,-27517,23630,3888,0,0,0,0,1,0
440,228645,-176,119,58,0,-29212,19638,9574,0,0,0,0,1,0
441,229166,-180,90,90,0,-29784,14892,14892,0,0,0,0,1,0
442,229687,-176,58,119,0,-29212,9574,19638,0,0,0,0,1,0
443,230208,-166,23,143,0,-27517,3888,23630,0,0,0,0,1,0
444,230729,-149,-12,161,0,-24765,-1948,26713,0,0,0,0,1,0
445,231250,-127,-47,174,0,-21061,-7709,28770,0,0,0,0,1,0
446,231770,-100,-80,179,0,-16547,-13173,29721,0,0,0,0,1,0
447,232291,-69,-109,178,0,-11398,-18132,29530,0,0,0,0,1,0
448,232812,-35,-135,170,0,-5811,-22393,28204,0,0,0,0,1,0
449,233333,0,-156,156,0,0,-25794,25794,0,0,0,0,1,0
450,233854,35,-170,135,0,5811,-28204,22393,0,0,0,0,1,0
451,234375,69,-178,109,0,11398,-29530,18132,0,0,0,0,1,0
452,234895,100,-179,80,0,16547,-29721,13173,0,0,0,0,1,0
453,235416,127,-174,47,0,21061,-28770,7709,0,0,0,0,1,0
454,235937,149,-161,12,0,24765,-26713,1948,0,0,0,0,1,0
455,236458,166,-143,-23,0,27517,-23630,-3888,0,0,0,0,1,0
456,236979,176,-119,-58,0,29212,-19638,-9574,0,0,0,0,1,0
457,237500,180,-90,-90,0,29784,-14892,-14892,0,0,0,0,1,0
458,238020,176,-58,-119,0,29212,-9574,-19638,0,0,0,0,1,0
459,238541,166,-23,-143,0,27517,-3888,-23630,0,0,0,0,1,0
460,239062,149,12,-161,0,24765,1948,-26713,0,0,0,0,1,0
461,239583,127,47,-174,0,21061,7709,-28770,0,0,0,0,1,0
462,240104,100,80,-179,0,16547,13173,-29721,0,0,0,0,1,0
463,240625,69,109,-178,0,11398,18132,-29530,0,0,0,0,1,0
464,241145,35,135,-170,0,5811,22393,-28204,0,0,0,0,1,0
465,241666,0,156,-156,0,0,25794,-25794,0,0,0,0,1,0
466,242187,-35,170,-135,0,-5811,28204,-22393,0,0,0,0,1,0
467,242708,-69,178,-109,0,-11398,29530,-18132,0,0,0,0,1,0
468,243229,-100,179,-80,0,-16547,29721,-13173,0,0,0,0,1,0
469,243750,-127,174,-47,0,-21061,28770,-7709,0,0,0,0,1,0
470,244270,-149,161,-12,0,-24765,26713,-1948,0,0,0,0,1,0
471,244791,-166,143,23,0,-27517,23630,3888,0,0,0,0,1,0
472,245312,-176,119,58,0,-29212,19638,9574,0,0,0,0,1,0
473,245833,-180,90,90,0,-29784,14892,14892,0,0,0,0,1,0
474,246354,-176,58,119,0,-29212,9574,19638,0,0,0,0,1,0
475,246875,-166,23,143,0,-27517,3888,23630,0,0,0,0,1,0
476,247395,-149,-12,161,0,-24765,-1948,26713,0,0,0,0,1,0
477,247916,-127,-47,174,0,-21061,-7709,28770,0,0,0,0,1,0
478,248437,-100,-80,179,0,-16547,-13173,29721,0,0,0,0,1,0
479,248958,-69,-109,178,0,-11398,-18132,29530,0,0,0,0,1,0
480,249479,-35,-135,170,0,-5811,-22393,28204,0,0,0,0,1,0
481,250000,0,-156,156,0,0,-25794,25794,0,0,0,0,1,0
482,250520,35,-170,135,0,5811,-28204,22393,0,0,0,0,1,0
483,251041,69,-178,109,0,11398,-29530,18132,0,0,0,0,1,0
484,251562,100,-179,80,0,16547,-29721,13173,0,0,0,0,1,0
485,252083,127,-174,47,0,21061,-28770,7709,0,0,0,0,1,0
486,252604,149,-161,12,0,24765,-26713,1948,0,0,0,0,1,0
487,253125,166,-143,-23,0,27517,-23630,-3888,0,0,0,0,1,0
488,253645,176,-119,-58,0,29212,-19638,-9574,0,0,0,0,1,0
489,254166,180,-90,-90,0,29784,-14892,-14892,0,0,0,0,1,0
490,254687,176,-58,-119,0,29212,-9574,-19638,0,0,0,0,1,0
491,255208,166,-23,-143,0,27517,-3888,-23630,0,0,0,0,1,0
492,255729,149,12,-161,0,24765,1948,-26713,0,0,0,0,1,0
493,256249,127,47,-174,0,21061,7709,-28770,0,0,0,0,1,0
494,256770,100,80,-179,0,16547,13173,-29721,0,0,0,0,1,0
495,257291,69,109,-178,0,11398,18132,-29530,0,0,0,0,1,0
496,257812,35,135,-170,0,5811,22393,-28204,0,0,0,0,1,0
497,258333,0,156,-156,0,0,25794,-25794,0,0,0,0,1,0
498,258854,-35,170,-135,0,-5811,28204,-22393,0,0,0,0,1,0
499,259375,-69,178,-109,0,-11398,29530,-18132,0,0,0,0,1,0
500,259895,-100,179,-80,0,-16547,29721,-13173,0,0,0,0,1,0
501,260416,-127,174,-47,0,-21061,28770,-7709,0,0,0,0,1,0
502,260937,-149,161,-12,0,-24765,26713,-1948,0,0,0,0,1,0
503,261458,-166,143,23,0,-27517,23630,3888,0,0,0,0,1,0
504,261979,-176,119,58,0,-29212,19638,9574,0,0,0,0,1,0
505,262500,-180,90,90,0,-29784,14892,14892,0,0,0,0,1,0
506,263020,-176,58,119,0,-29212,9574,19638,0,0,0,0,1,0
507,263541,-166,23,143,0,-27517,3888,23630,0,0,0,0,1,0
508,264062,-149,-12,161,0,-24765,-1948,26713,0,0,0,0,1,0
509,264583,-127,-47,174,0,-21061,-7709,28770,0,0,0,0,1,0
510,265104,-100,-80,179,0,-16547,-13173,29721,0,0,0,0,1,0
511,265625,-69,-109,178,0,-11398,-18132,29530,0,0,0,0,1,0
512,266145,-35,-135,170,0,-5811,-22393,28204,0,0,0,0,1,0
513,266666,0,-156,156,0,0,-25794,25794,0,0,0,0,1,0
514,267187,35,-170,135,0,5811,-28204,22393,0,0,0,0,1,0
515,267708,69,-178,109,0,11398,-29530,18132,0,0,0,0,1,0
516,268229,100,-179,80,0,16547,-29721,13173,0,0,0,0,1,0
517,268750,127,-174,47,0,21061,-28770,7709,0,0,0,0,1,0
518,269270,149,-161,12,0,24765,-26713,1948,0,0,0,0,1,0
519,269791,166,-143,-23,0,27517,-23630,-3888,0,0,0,0,1,0
520,270312,176,-119,-58,0,29212,-19638,-9574,0,0,0,0,1,0
521,270833,180,-90,-90,0,29784,-14892,-14892,0,0,0,0,1,0
522,271354,176,-58,-119,0,29212,-9574,-19638,0,0,0,0,1,0
523,271875,166,-23,-143,0,27517,-3888,-23630,0,0,0,0,1,0
524,272395,149,12,-161,0,24765,1948,-26713,0,0,0,0,1,0
525,272916,127,47,-174,0,21061,7709,-28770,0,0,0,0,1,0
526,273437,100,80,-179,0,16547,13173,-29721,0,0,0,0,1,0
527,273958,69,109,-178,0,11398,18132,-29530,0,0,0,0,1,0
528,274479,35,135,-170,0,5811,22393,-28204,0,0,0,0,1,0
529,275000,0,156,-156,0,0,25794,-25794,0,0,0,0,1,0
530,275520,-35,170,-135,0,-5811,28204,-22393,0,0,0,0,1,0
531,276041,-69,178,-109,0,-11398,29530,-18132,0,0,0,0,1,0
532,276562,-100,179,-80,0,-16547,29721,-13173,0,0,0,0,1,0
533,277083,-127,174,-47,0,-21061,28770,-7709,0,0,0,0,1,0
534,277604,-149,161,-12,0,-24765,26713,-1948,0,0,0,0,1,0
535,278125,-166,143,23,0,-27517,23630,3888,0,0,0,0,1,0
536,278645,-176,119,58,0,-29212,19638,9574,0,0,0,0,1,0
537,279166,-180,90,90,0,-29784,14892,14892,0,0,0,0,1,0
538,279687,-176,58,119,0,-29212,9574,19638,0,0,0,0,1,0
539,280208,-166,23,143,0,-27517,3888,23630,0,0,0,0,1,0
540,280729,-149,-12,161,0,-24765,-1948,26713,0,0,0,0,1,0
541,281250,-127,-47,174,0,-21061,-7709,28770,0,0,0,0,1,0
542,281770,-100,-80,179,0,-16547,-13173,29721,0,0,0,0,1,0
543,282291,-69,-109,178,0,-11398,-18132,29530,0,0,0,0,1,0
544,282812,-35,-135,170,0,-5811,-22393,28204,0,0,0,0,1,0
545,283333,0,-156,156,0,0,-25794,25794,0,0,0,0,1,0
546,283854,35,-170,135,0,5811,-28204,22393,0,0,0,0,1,0
547,284375,69,-178,109,0,11398,-29530,18132,0,0,0,0,1,0
548,284895,100,-179,80,0,16547,-29721,13173,0,0,0,0,1,0
549,285416,127,-174,47,0,21061,-28770,7709,0,0,0,0,1,0
550,285937,149,-161,12,0,24765,-26713,1948,0,0,0,0,1,0
551,286458,166,-143,-23,0,27517,-23630,-3888,0,0,0,0,1,0
552,286979,176,-119,-58,0,29212,-19638,-9574,0,0,0,0,1,0
553,287500,180,-90,-90,0,29784,-14892,-14892,0,0,0,0,1,0
554,288020,176,-58,-119,0,29212,-9574,-19638,0,0,0,0,1,0
555,288541,166,-23,-143,0,27517,-3888,-23630,0,0,0,0,1,0
556,289062,149,12,-161,0,24765,1948,-26713,0,0,0,0,1,0
557,289583,127,47,-174,0,21061,7709,-28770,0,0,0,0,1,0
558,290104,100,80,-179,0,16547,13173,-29721,0,0,0,0,1,0
559,290625,69,109,-178,0,11398,18132,-29530,0,0,0,0,1,0
560,291145,35,135,-170,0,5811,22393,-28204,0,0,0,0,1,0
561,291666,0,156,-156,0,0,25794,-25794,0,0,0,0,1,0
562,292187,-35,170,-135,0,-5811,28204,-22393,0,0,0,0,1,0
563,292708,-69,178,-109,0,-11398,29530,-18132,0,0,0,0,1,0
564,293229,-100,179,-80,0,-16547,29721,-13173,0,0,0,0,1,0
565,293750,-127,174,-47,0,-21061,28770,-7709,0,0,0,0,1,0
566,294270,-149,161,-12,0,-24765,26713,-1948,0,0,0,0,1,0
567,294791,-166,143,23,0,-27517,23630,3888,0,0,0,0,1,0
568,295312,-176,119,58,0,-29212,19638,9574,0,0,0,0,1,0
569,295833,-180,90,90,0,-29784,14892,14892,0,0,0,0,1,0
570,296354,-176,58,119,0,-29212,9574,19638,0,0,0,0,1,0
571,296875,-166,23,143,0,-27517,3888,23630,0,0,0,0,1,0
572,297395,-149,-12,161,0,-24765,-1948,26713,0,0,0,0,1,0
573,297916,-127,-47,174,0,-21061,-7709,28770,0,0,0,0,1,0
574,298437,-100,-80,179,0,-16547,-13173,29721,0,0,0,0,1,0
575,298958,-69,-109,178,0,-11398,-18132,29530,0,0,0,0,1,0
576,299479,-35,-135,170,0,-5811,-22393,28204,0,0,0,0,1,0
577,300000,0,-156,156,0,0,-25794,25794,0,0,0,0,1,0
578,300520,35,-170,135,0,5811,-28204,22393,0,0,0,0,1,0
579,301041,69,-178,109,0,11398,-29530,18132,0,0,0,0,1,0
580,301562,100,-179,80,0,16547,-29721,13173,0,0,0,0,1,0
581,302083,127,-174,47,0,21061,-28770,7709,0,0,0,0,1,0
582,302604,149,-161,12,0,24765,-26713,1948,0,0,0,0,1,0
583,303125,166,-143,-23,0,27517,-23630,-3888,0,0,0,0,1,0
584,303645,176,-119,-58,0,29212,-19638,-9574,0,0,0,0,1,0
585,304166,180,-90,-90,0,29784,-14892,-14892,0,0,0,0,1,0
586,304687,176,-58,-119,0,29212,-9574,-19638,0,0,0,0,1,0
587,305208,166,-23,-143,0,27517,-3888,-23630,0,0,0,0,1,0
588,305729,149,12,-161,0,24765,1948,-26713,0,0,0,0,1,0
589,306250,127,47,-174,0,21061,7709,-28770,0,0,0,0,1,0
590,306770,100,80,-179,0,16547,13173,-29721,0,0,0,0,1,0
591,307291,69,109,-178,0,11398,18132,-29530,0,0,0,0,1,0
592,307812,35,135,-170,0,5811,22393,-28204,0,0,0,0,1,0
593,308333,0,156,-156,0,0,25794,-25794,0,0,0,0,1,0
594,308854,-35,170,-135,0,-5811,28204,-22393,0,0,0,0,1,0
595,309375,-69,178,-109,0,-11398,29530,-18132,0,0,0,0,1,0
596,309895,-100,179,-80,0,-16547,29721,-13173,0,0,0,0,1,0
597,310416,-127,174,-47,0,-21061,28770,-7709,0,0,0,0,1,0
598,310937,-149,161,-12,0,-24765,26713,-1948,0,0,0,0,1,0
599,311458,-166,143,23,0,-27517,23630,3888,0,0,0,0,1,0
600,311979,-176,119,58,0,-29212,19638,9574,0,0,0,0,1,0
601,312500,-180,90,90,0,-29784,14892,14892,0,0,0,0,1,0
602,313020,-176,58,119,0,-29212,9574,19638,0,0,0,0,1,0
603,313541,-166,23,143,0,-27517,3888,23630,0,0,0,0,1,0
604,314062,-149,-12,161,0,-24765,-1948,26713,0,0,0,0,1,0
605,314583,-127,-47,174,0,-21061,-7709,28770,0,0,0,0,1,0
606,315104,-100,-80,179,0,-16547,-13173,29721,0,0,0,0,1,0
607,315625,-69,-109,178,0,-11398,-18132,29530,0,0,0,0,1,0
608,316145,-35,-135,170,0,-5811,-22393,28204,0,0,0,0,1,0
609,316666,0,-156,156,0,0,-25794,25794,0,0,0,0,1,0
610,317187,35,-170,135,0,5811,-28204,22393,0,0,0,0,1,0
611,317708,69,-178,109,0,11398,-29530,18132,0,0,0,0,1,0
612,318229,100,-179,80,0,16547,-29721,13173,0,0,0,0,1,0
613,318750,127,-174,47,0,21061,-28770,7709,0,0,0,0,1,0
614,319270,149,-161,12,0,24765,-26713,1948,0,0,0,0,1,0
615,319791,166,-143,-23,0,27517,-23630,-3888,0,0,0,0,1,0
616,320312,176,-119,-58,0,29212,-19638,-9574,0,0,0,0,1,0
617,320833,180,-90,-90,0,29784,-14892,-14892,0,0,0,0,1,0
618,321354,176,-58,-119,0,29212,-9574,-19638,0,0,0,0,1,0
619,321875,166,-23,-143,0,27517,-3888,-23630,0,0,0,0,1,0
620,322395,149,12,-161,0,24765,1948,-26713,0,0,0,0,1,0
621,322916,127,47,-174,0,21061,7709,-28770,0,0,0,0,1,0
622,323437,100,80,-179,0,16547,13173,-29721,0,0,0,0,1,0
623,323958,69,109,-178,0,11398,18132,-29530,0,0,0,0,1,0
624,324479,35,135,-170,0,5811,22393,-28204,0,0,0,0,1,0
625,325000,0,156,-156,0,0,25794,-25794,0,0,0,0,1,0
626,325520,-35,170,-135,0,-5811,28204,-22393,0,0,0,0,1,0
627,326041,-69,178,-109,0,-11398,29530,-18132,0,0,0,0,1,0
628,326562,-100,179,-80,0,-16547,29721,-13173,0,0,0,0,1,0
629,327083,-127,174,-47,0,-21061,28770,-7709,0,0,0,0,1,0
630,327604,-149,161,-12,0,-24765,26713,-1948,0,0,0,0,1,0
631,328125,-166,143,23,0,-27517,23630,3888,0,0,0,0,1,0
632,328645,-176,119,58,0,-29212,19638,9574,0,0,0,0,1,0
633,329166,-180,90,90,0,-29784,14892,14892,0,0,0,0,1,0
634,329687,-176,58,119,0,-29212,9574,19638,0,0,0,0,1,0
635,330208,-166,23,143,0,-27517,3888,23630,0,0,0,0,1,0
636,330729,-149,-12,161,0,-24765,-1948,26713,0,0,0,0,1,0
637,331250,-127,-47,174,0,-21061,-7709,28770,0,0,0,0,1,0
638,331770,-100,-80,179,0,-16547,-13173,29721,0,0,0,0,1,0
639,332291,-69,-109,178,0,-11398,-18132,29530,0,0,0,0,1,0
640,332812,-35,-135,170,0,-5811,-22393,28204,0,0,0,0,1,0
641,333333,0,-156,156,0,0,-25794,25794,0,0,0,0,1,0
642,333854,35,-170,135,0,5811,-28204,22393,0,0,0,0,1,0
643,334375,69,-178,109,0,11398,-29530,18132,0,0,0,0,1,0
644,334895,100,-179,80,0,16547,-29721,13173,0,0,0,0,1,0
645,335416,127,-174,47,0,21061,-28770,7709,0,0,0,0,1,0
646,335937,149,-161,12,0,24765,-26713,1948,0,0,0,0,1,0
647,336458,166,-143,-23,0,27517,-23630,-3888,0,0,0,0,1,0
648,336979,176,-119,-58,0,29212,-19638,-9574,0,0,0,0,1,0
649,337500,180,-90,-90,0,29784,-14892,-14892,0,0,0,0,1,0
650,338020,176,-58,-119,0,29212,-9574,-19638,0,0,0,0,1,0
651,338541,166,-23,-143,0,27517,-3888,-23630,0,0,0,0,1,0
652,339062,149,12,-161,0,24765,1948,-26713,0,0,0,0,1,0
653,339583,127,47,-174,0,21061,7709,-28770,0,0,0,0,1,0
654,340104,100,80,-179,0,16547,13173,-29721,0,0,0,0,1,0
655,340625,69,109,-178,0,11398,18132,-29530,0,0,0,0,1,0
656,341145,35,135,-170,0,5811,22393,-28204,0,0,0,0,1,0
657,341666,0,156,-156,0,0,25794,-25794,0,0,0,0,1,0
658,342187,-35,170,-135,0,-5811,28204,-22393,0,0,0,0,1,0
659,342708,-69,178,-109,0,-11398,29530,-18132,0,0,0,0,1,0
660,343229,-100,179,-80,0,-16547,29721,-13173,0,0,0,0,1,0
661,343750,-127,174,-47,0,-21061,28770,-7709,0,0,0,0,1,0
662,344270,-149,161,-12,0,-24765,26713,-1948,0,0,0,0,1,0
663,344791,-166,143,23,0,-27517,23630,3888,0,0,0,0,1,0
664,345312,-176,119,58,0,-29212,19638,9574,0,0,0,0,1,0
665,345833,-180,90,90,0,-29784,14892,14892,0,0,0,0,1,0
666,346354,-176,58,119,0,-29212,9574,19638,0,0,0,0,1,0
